0.9999999962582232227 8.137513278152659075e-10 -7.656115742981431352e-10 -2.139041617443826482e-10 8.137513278152659075e-10 1.000000061056633971 6.754229727670312846e-11 4.50643937444095144e-09 -7.656115742981431352e-10 6.754229727670312846e-11 1.000000080766252131 2.697696344089450804e-08
0.9999901731096894064 -0.0007575777115975685771 0.004367181040362878332 0.001728304698179573568 0.0007613162737792397846 0.9999994065237037821 -0.0008540867312586104083 -0.002816588934334337407 -0.004366532675326298581 0.0008574032795573788366 0.9999901798466285241 0.009319584123892138416
0.9999788520803587488 -0.005225681619059276313 0.003870419707509235602 -0.003229478118418565788 0.005229221307931814638 0.9999859794573091598 -0.0009045735072107032211 -0.03648957687367340025 -0.003865639723047083285 0.0009247937979666820234 0.9999921815310519602 0.8221125231260273392
0.9999958325140796411 -0.001519993422398096183 -0.002452976326000349486 0.003837681244469746868 0.001510318283665574614 0.9999911509946532995 -0.003941952109712585674 -0.03743698365481752666 0.002458944682837959153 0.003938231059672054994 0.9999893026706057064 1.620385809898970519
0.9999614017883200479 -0.005706544890096421074 -0.006680030106889219693 -0.03498892020812881254 0.005680096592507484846 0.9999760412268845489 -0.003971850342328668744 -0.05913329493011185156 0.00670253366701874416 0.003933753979383779707 0.9999698811168230561 2.24033699420897392
0.9999466781788983738 -0.007977696295617505567 -0.006556651742148745382 -0.03334639995703335413 0.007934688812295155255 0.9999470654549165172 -0.006559658809701358374 -0.07191984977107511445 0.00660863370573897338 0.00650728421643581665 0.9999570704442692914 2.761200548341057548
0.999915772692593019 -0.008893053411945048975 -0.00945270599993005764 -0.02183956857537308616 0.008818356512952917406 0.9999298543452478372 -0.007914865782678895748 -0.07541452169794683746 0.009522428152292213011 0.007830841982259554787 0.9999240785110498075 3.331056432915041388
0.9999116682317176208 -0.008882143361602246739 -0.009887152971522370978 -0.01707595062913852546 0.008810016603439243393 0.9999344963376786133 -0.007314968496488246166 -0.09600109100376522098 0.009951475793439119519 0.007227216547562127433 0.9999244456355070865 3.904253504009152387
0.9998825052113354817 -0.009545497138638473975 -0.01199382316160878259 -0.0300346143031267436 0.009459939315861806003 0.9999296072988226314 -0.007170224430163917723 -0.1177128116990698581 0.01206141997967299061 0.007055921305483881835 0.9999024440536511404 4.475774306174726824
0.9998778747909286002 -0.008574810761738440104 -0.01306524648360440043 -0.03459183303497311707 0.008452183056910082815 0.9999200414834815698 -0.009412404806336900978 -0.1310634896028079754 0.01314490907042992207 0.009300825646602665919 0.9998704253578837298 5.062744582664191917
0.9998803047894290197 -0.007118912283418104767 -0.01373643793837630786 -0.058396054114598063 0.006933136958785892159 0.9998845581443618347 -0.0135249443520610961 -0.1491222067150421993 0.01383113270689495522 0.01342808907746085786 0.9998142565924451608 5.665564437136189291
0.9998643729385371381 -0.005339249738824435564 -0.01557949596210809855 -0.08759106074788812479 0.005077301924575498837 0.9998459537149223531 -0.01680511732640624714 -0.170347304990816073 0.0156668202433979005 0.01672373650736303993 0.9997374799744437324 6.300621416735513236
0.9998739643383285358 -0.00417966315198788161 -0.01531595274051001168 -0.1011074142030776585 0.003913307142067659269 0.9998413634774497849 -0.01737975917909204485 -0.1803055764151262341 0.01538616215406696762 0.01731763289797219607 0.9997317275603456732 6.894375874622086009
0.9998438028901932562 -0.001234111273238413424 -0.0176306369494159676 -0.1073471008118374592 0.001037164410124222702 0.9999370743112828697 -0.01117559052748258452 -0.1943524215603172345 0.01764331685266799093 0.01115555925547941779 0.9997821904528519932 7.514729766083930507
0.9998415768376559543 -0.0006888498643496971264 -0.01778592932559402637 -0.1242439461883807911 0.0006840886320183417555 0.9999997895659274993 -0.0002738707061740804256 -0.2071604461820948373 0.01778611162194549192 0.0002616603177030422988 0.9998418611189663352 8.196499508447130822
0.9998253750306145271 0.0002311758611773369017 -0.01868578544110911441 -0.1545861255505527054 -0.0001104934335222452298 0.9999791940829700909 0.006459203291544161375 -0.2267426279871664896 0.01868688720093164557 -0.006456010570833152322 0.9998046217370430977 8.874865597281008434
0.9997950231602901194 0.002803700216513182499 -0.02005102279667590748 -0.1843261662331873441 -0.002686384263239322695 0.9999791927295645921 0.00587533466693165949 -0.2332502017972945541 0.02006707550565488968 -0.005820265479823167991 0.9997817754172712013 9.555202248861485614
0.9997813886133927186 0.004925413776275690443 -0.02032013468039871665 -0.1903493595510069858 -0.004952052776457914647 0.9999870045746637182 -0.001260935591119314442 -0.2472971090364057822 0.0203136572116667212 0.001361286468526054939 0.9997928103845169501 10.24319838733205579
0.9997480149966115892 0.004838691773328802036 -0.02191999480475052137 -0.1725898109048357165 -0.004990809566412794836 0.9999638676781889002 -0.006890374549820702313 -0.2619315012721288305 0.02188585952404723325 0.006998036973888189724 0.9997360642140323828 10.93799939893516715
0.9997215043256904021 0.002803838438291226566 -0.0234317067787878329 -0.2275321700538230074 -0.002952582542467558756 0.9999757567792442181 -0.006315870321135272358 -0.2658970486827628155 0.0234134270834354466 0.006383295602800588726 0.9997055698654990774 11.66948564151913992
0.9997101283591103282 0.001737438336202328567 -0.02401318740173955663 -0.263972270715560231 -0.001679263227614534709 0.9999956681385536728 0.002442517133884586529 -0.2649141243569193005 0.02401732410358123695 -0.002401484510560798237 0.9997087388142188447 12.44997318129574282
0.9997153509399840932 0.001034102232742855438 -0.0238356944562366467 -0.3043250493002679913 -0.0007895174945975946476 0.9999470285753688792 0.01026834070529939261 -0.2751151687199860918 0.02384504736455688584 -0.01024659901867062788 0.9996632344789133651 13.23769849908387641
0.9997017702668314909 0.0004413164935530490985 -0.02441655934091718771 -0.3303473414323578328 -0.000117922361941323294 0.9999123397710952821 0.0132446587776946078 -0.2795650032450255895 0.02442026103360768127 -0.01323782946323971699 0.9996142116642405817 14.00522578861194134
0.9996937125629132836 -0.002485472837750674242 -0.02462308040623722646 -0.3485705678398692275 0.002802795497062915853 0.9999134265558989876 0.01286102067909598856 -0.2891561620276377198 0.02458897994145549729 -0.01292609486032194818 0.9996141553496147303 14.81220788311804704
0.999700526500477693 -0.002024987003875530333 -0.02438748333302365179 -0.3594346644493374709 0.002260927978117434518 0.9999509337798070385 0.009650925204106352781 -0.2857276555329703038 0.02436674070705777476 -0.009703173231015599712 0.9996560767674301795 15.62080802611830421
0.9997321216811073663 -2.755817099144145766e-05 -0.02314469089530947835 -0.3565075154256283629 0.0001799806245160484619 0.9999783733461885538 0.006583506830669588056 -0.2888597632449736441 0.02314400597444624466 -0.006585908718573801716 0.9997105292251498021 16.45662024512897403
0.9997196519579005791 -0.00241713480448552424 -0.02355350386564901422 -0.4139122616828314616 0.002444525857826126015 0.9999964300655340699 0.001134136920747088597 -0.2952020910320133362 0.02355067544983451 -0.00119139596530125195 0.999722015217662574 17.3070532916062092
0.9997517711959131859 -0.005486417406647349851 -0.02159369807656840237 -0.4312952268140154422 0.005370518716802999241 0.9999709422087836863 -0.005421659047199781957 -0.30737242702097195 0.0216228132495871056 0.00530434405228276569 0.9997522089706005755 18.15526657614692141
0.9997633888645007794 -0.004791213783258974936 -0.02121799088819040224 -0.4570408618831982017 0.004566648171878831888 0.9999332432156340378 -0.01061964956825449044 -0.3273942756075824412 0.02126745263425647986 0.01052024193701114364 0.9997185511079462739 19.01386276560523569
0.9997958862625109244 -0.002764403487213764471 -0.02001340707771203167 -0.4587196076466356076 0.002529022211304575961 0.9999275111925642889 -0.01177703379719825805 -0.3370347323906285886 0.02004451005799865945 0.01172401578914780869 0.9997304269339010174 19.91555829782542375
0.9997699750531906515 -0.003392316404735393892 -0.02117738778874233077 -0.4802439151070884149 0.003151341522085120573 0.999930090619876033 -0.01140197519604582363 -0.3625900699359868584 0.02121458358151137591 0.0113326154731649073 0.9997107955460885487 20.84860587248320485
0.9997877722159892455 -0.002173121314782778483 -0.02048610873717522651 -0.51407925192476156 0.001923466678622298091 0.9999238071936313865 -0.0121984507546271919 -0.3884826811483730324 0.02051105378324440467 0.012156457755826253 0.9997157989509951603 21.80590798650389317
0.9998136928141750923 0.000737148000075733118 -0.01928804948032030245 -0.5281231446282397268 -0.001020567045770940859 0.9998916599443150588 -0.01468839441518081899 -0.4169985690534897538 0.01927512959556553634 0.01470534281463218261 0.9997061486964912147 22.7502691071223957
0.9997789046373344313 0.003864641739028053854 -0.0206687923651989458 -0.5649585540051154098 -0.00418022693589592282 0.9998750742544418868 -0.01524741601716602182 -0.4370814773898318295 0.02060728172373083381 0.01533044533299681572 0.9996701850354858809 23.68162028525882334
0.9997692433257023836 0.006171073999783703752 -0.02057597001010852758 -0.5893717813591065058 -0.006491540191776429443 0.9998581633856434836 -0.0155446170590478154 -0.4702986589732875977 0.02047712183327618507 0.01567459997685948306 0.999667522659668184 24.69396000496644206
0.999739297346394995 0.007193446525020109894 -0.02166989323386868393 -0.6252555798514531915 -0.007527044506385941088 0.9998538711806872481 -0.0153525888937075649 -0.5051354444731063209 0.02155628577593467904 0.01551169688898952452 0.9996473754586229221 25.6692579140191306
0.9997551319341629883 0.007095891935321070598 -0.02095989239938282622 -0.6627479088555086051 -0.007413915026081799135 0.999858041640104056 -0.01513448154203144921 -0.5292942336350195953 0.020849521530071774 0.01528617065579712664 0.9996658401188303067 26.66828832257185411
0.9997340169503416973 0.007730775073961770362 -0.02172839329367767108 -0.6868652421977676781 -0.008046944682739178012 0.9998625282628561539 -0.01450149492536416743 -0.5668789915714650407 0.0216132956192048864 0.0146724851540208541 0.9996588143412166172 27.63122513557753024
0.9997346793796917375 0.007920977404838732902 -0.02162918326148082632 -0.7076055835702775854 -0.008177294840908290799 0.9998971432579163432 -0.01178799602872480402 -0.596063255134117842 0.02153358326759042402 0.01196173683027731451 0.9996966455396544271 28.66693376810064819
0.9997041775408416209 0.009031389302922489953 -0.02258282596828523753 -0.7438013248950282597 -0.009283516140585468951 0.9998955272449485676 -0.0110848101905450247 -0.6242969107619158464 0.02248035254729174523 0.0112911792727958607 0.9996836021836089659 29.69737365510887273
0.9997110226001559852 0.008433051564965619862 -0.02251105384220464245 -0.7888435749566730104 -0.008703052575399395849 0.9998911007320397948 -0.01192332369655990654 -0.6586575820252286162 0.02240804951171913861 0.01211579320276498159 0.9996755715366412165 30.72349292063247717
0.9996838678414708967 0.01071679767709866199 -0.02274438930568946013 -0.812022006029744281 -0.01100144824601155709 0.9998623171897190742 -0.01242726394579330047 -0.6894823133092081724 0.02260807441933788964 0.01267355670251783806 0.9996641522957998571 31.72627174155593721
0.999680604468142997 0.01066096532393341449 -0.0229134346865910131 -0.832461322013851146 -0.01093485619431936763 0.9998699195813932628 -0.0118614891564760086 -0.7103952914670166319 0.02278399626010446655 0.01210825595379211479 0.9996671651630545385 32.77641477799182468
0.9997079014799209462 0.008246484254723086479 -0.02271783063333086133 -0.8756802817249292881 -0.008465107876786221244 0.9999186827446276959 -0.009544209873942312294 -0.7441209964912520736 0.02263727419967270435 0.009733731094988033739 0.9996964388003680702 33.82834251933053338
0.9996866013623170177 0.008782869730238443071 -0.02344254410243152772 -0.914582970086507463 -0.008918699272820219959 0.9999440658763799616 -0.005695964825191939494 -0.7644152133000196025 0.02339120299247685747 0.005903256888074998911 0.9997090399868748811 34.86170287392896228
0.9996640207066911366 0.01040253327269420082 -0.02374080096297204873 -0.9518844266686271594 -0.01048648703847149082 0.9999392463211428383 -0.003414578318154616078 -0.794025047606931822 0.02370383538165753839 0.003662388852215076648 0.9997123969148371536 35.94081787308009979
0.9996823591551455834 0.008949741755846903069 -0.02356004107907912204 -0.9980946402271142492 -0.009019093045195020197 0.9999553579194344621 -0.002839052996407429984 -0.8150893936785525984 0.02353357755290594322 0.003050641558631749569 0.9997184732531805285 36.9982563868684764
0.9996169315617948747 0.009638656073162070806 -0.02594376762904295614 -1.023662106718345788 -0.009751716732182407268 0.9999435439066485243 -0.004234986557858921863 -0.8446271721568930912 0.02590148025723967157 0.004486360706598675405 0.9996545139820360859 38.05515516089879924
0.9996172179360361953 0.009231516626710402698 -0.02608043981503486292 -1.067777294892098272 -0.009345389250206124002 0.9999473697752438994 -0.004247760758140321086 -0.8690424234201724607 0.02603985080401453531 0.004489866819377937371 0.9996509034166864982 39.12757907193825702
0.9995958814164899175 0.009477033002747064019 -0.0268002302233334988 -1.083127733068429688 -0.009580586178395026492 0.9999471788070457556 -0.003738188833665821633 -0.8891444807967131547 0.02676338450214141643 0.00399344024186677922 0.9996339005438130698 40.20778216129539118
0.999582122961964803 0.009219706538170120702 -0.02739651635669122093 -1.098909139378723587 -0.00927083114896617641 0.999955572584300012 -0.001739724066222450051 -0.9162969974131277562 0.02737925625361797149 0.001992985710430047325 0.999623211896607633 41.28171975037763985
0.9995654802706154252 0.008902728865309473757 -0.02809955010120711652 -1.149700969277177798 -0.008880231796080764392 0.9999602029497389744 0.0009252533861005955186 -0.9420046480058330562 0.02810666585419192148 -0.0006753206784012306778 0.9996047822510361058 42.36867477382252645
0.9995497331268780039 0.009790765844125233139 -0.0283630844605191404 -1.209158266896288136 -0.009767612974426352276 0.9999519010486478399 0.0009546817959657893492 -0.973445859953594228 0.02837106402779679057 -0.0006772121544961175665 0.999597311686341361 43.47562360159767536
0.9995052648900230041 0.01214444658797382906 -0.02901259270461276768 -1.256210059842825855 -0.01220851585188045645 0.99992346914369723 -0.002032259787128879239 -0.9997370990022609316 0.02898568837643926074 0.002385455213063923142 0.9995770610064227402 44.56796052771090899
0.9994863744312492138 0.01334663931294110401 -0.02913498260335705553 -1.307751343430704649 -0.01355180809396030854 0.999884726320318773 -0.006855993575123600983 -1.016237812265363027 0.02904011633472933576 0.007247304030163222166 0.9995520544947329444 45.64558325811434969
0.9995048496410657846 0.01456737818071860736 -0.02788977768264290155 -1.349582814046410117 -0.01477353512847731122 0.9998650020717557707 -0.007200164361315280863 -1.041616011794072927 0.02778112188166736302 0.007608629982638580314 0.9995851536721523933 46.70026065495087408
0.9995239621319311762 0.0132588052973520408 -0.02785759974848645362 -1.370498294057578059 -0.01339550809566219212 0.9998991668285612811 -0.004726374716228329449 -1.066295682983966264 0.02779212147202703154 0.005097291652429804081 0.9996008088367068778 47.73988977165765846
0.999485228412186899 0.01491111344660901381 -0.02840650538765678371 -1.397271446710268483 -0.01500223740765921528 0.9998830281801351916 -0.002997482954865049974 -1.08412947146091776 0.02835848355841249016 0.003422101233067055548 0.9995920403119218367 48.81966881663889524
0.9995226660909800609 0.01290368150100132047 -0.02807004866088410461 -1.448372166569730224 -0.01294989415958678995 0.9999151341260046344 -0.00146521949740576374 -1.107819729196953151 0.02804875650344277119 0.00182802441250614657 0.9996049654782213079 49.93414150673354612
0.9994836604880622533 0.01448357727576901274 -0.02868154587252993298 -1.471139337524888235 -0.0145523013604433437 0.9998917748651697801 -0.002188871333175673468 -1.138357283353386151 0.02864673584281261787 0.002605123788459893282 0.9995862840571856367 51.00382323255082895
0.9995497342879057223 0.01162794553486382748 -0.02766066193512575419 -1.510019695517647476 -0.01172174555510450099 0.9999261375989212386 -0.003231425791880380722 -1.174949533458500728 0.02762104079418303132 0.003554202194661027544 0.999612228405773573 52.09869042570906572
0.99952132624872847 0.01389065535165565426 -0.02764345720534551812 -1.555111686309227581 -0.0140530004584769469 0.9998851383990391417 -0.005687289706123243097 -1.198374031585463406 0.02756127864304411257 0.006073041036172751803 0.9996017484571693146 53.17600855720971964
0.9995630419672670852 0.01185626616388186019 -0.02707668247760683378 -1.582927989305740191 -0.01208109941749113854 0.9998938253370394103 -0.008155193065726543816 -1.227815060602154063 0.02697711430873487443 0.00847874586116712653 0.9996001738705396766 54.24816385059195056
0.9995901818628523117 0.01007237710671219331 -0.02679567472318601304 -1.608151023798527923 -0.01038911867355821542 0.9998775498425054309 -0.01170784456850139897 -1.263406818254835917 0.02667446461280835457 0.01198143011996170501 0.9995724484502176432 55.30985203389278126
0.999571512726200373 0.009891905678171596453 -0.02754875302900440873 -1.641002646137959875 -0.01026124470844987091 0.9998589880203010427 -0.01329785784568277701 -1.300424231095720806 0.02741332397532163581 0.01357484457964211466 0.9995320878736794201 56.37622364814968989
0.9995973668837437875 0.007979969999674013659 -0.0272289705231126937 -1.678117324428515689 -0.008272081514650284767 0.9999093203243613059 -0.01063230416805260523 -1.342462208796308509 0.0271416527611165817 0.01085326370565673285 0.9995727581225229974 57.45597554782324323
0.999614969719405555 0.006632837544282554725 -0.02694272465122331955 -1.696732936365257238 -0.006777300946787931032 0.9999631860962731045 -0.005274158047853343828 -1.382340862147188654 0.02690674698134334908 0.00545472646287229173 0.9996231461689104592 58.50845359208628338
0.9996838524857432073 0.004283735694983614381 -0.0247757401937551032 -1.730757832586538925 -0.004270022610014962208 0.999990760662796907 0.0006063012323613953779 -1.387608024964532394 0.0247781054722586748 -0.0005003164308520231113 0.9996929311620041947 59.61068493405812063
0.999646512804837295 0.003163130256883037953 -0.02639766401844235305 -1.76423378226715788 -0.003126564093715358036 0.9999941561659735356 0.001426302443187191541 -1.401593472505001658 0.02640201819128101465 -0.001343264125961720051 0.9996505842092178185 60.69749404244861779
0.9996609952824031531 0.0008935664998561408971 -0.02602092744127827706 -1.79091445566081453 -0.0009295845302614909756 0.9999986875332106395 -0.001372193867388018032 -1.435816046351799491 0.02601966402490027766 0.00139591749958017583 0.9996605373495762725 61.77738987906389667
0.9996409760099022046 -0.0008020742730566166566 -0.02678186654484241563 -1.815764624696027285 0.0006684266763604147918 0.9999873432393834305 -0.004998867968907858179 -1.478317654461651198 0.02678553387455920309 0.004979171717442849171 0.999628883363893106 62.83904693589213508
0.9996558346851370791 0.0004458558480007752782 -0.02622986862337526454 -1.874093720800778184 -0.0006698405145759651685 0.9999634454059234123 -0.008531194407911130845 -1.49086426434894137 0.02622510299328182498 0.008545828283429883834 0.9996196147666722709 63.93607271192205133
0.9996768813504010032 0.002491791502871452957 -0.02529657056473618229 -1.891499395861832022 -0.002817020784871311113 0.999913794885116336 -0.01282923621935127753 -1.521984492001714928 0.02526241902636282982 0.01289635202089197373 0.9995977469604436783 65.02468102720779086
0.9996718974181574291 0.00443244289678569256 -0.02522783343184037755 -1.928015689385637277 -0.004774851361172929333 0.9998971433569049383 -0.01352869568304991381 -1.565804225554567886 0.02516527035411382854 0.01364471624105900206 0.9995902622204320132 66.12594024395170322
0.9996486584538524234 0.00961956503891666162 -0.0246985069850993999 -1.977596128288084953 -0.009879287539770780641 0.9998970154668644916 -0.01041538427555961134 -1.584136269634831118 0.02459576893003416476 0.01065572875822805993 0.9996407679955527925 67.2409251724070316
0.9996597560909173952 0.01068769095308920794 -0.0237936533513713501 -1.998100302059939715 -0.01088961767378735998 0.999905708531378723 -0.008373312442382674706 -1.614946647144094749 0.02370191546562363041 0.008629567440335840153 0.9996819050167098375 68.33131932815624054
0.9996883506060502134 0.009458306884784467572 -0.02310269922539949505 -2.048908262498054356 -0.009619866678761121448 0.9999300372668104009 -0.006892084459840231575 -1.654480997006905207 0.02303589251540223704 0.00711218160553966916 0.9997094207725875092 69.40896437266184194
0.9996871271204738063 0.009038936417526214143 -0.02332248091733948175 -2.090240200711883212 -0.009193923546444557685 0.9999363644969434528 -0.006546817483192789514 -1.678139725782213709 0.02326181756639805059 0.00675919444038341078 0.9997066382621788705 70.49317047213159526
0.999706144807233632 0.007092871138941226304 -0.02317990133238137171 -2.132091500597463885 -0.007208778811695953394 0.9999619704712371382 -0.004920692761738077077 -1.711401221414106111 0.02314411503175068177 0.005086345739698322488 0.9997192808376745843 71.57939206760538298
0.9996816198601573555 0.004949693206088340638 -0.02474170702705858274 -2.155895684998274664 -0.005025520677530637831 0.9999829222019600561 -0.003003589444887896573 -1.744080476488038434 0.02472641460866541185 0.003126973285016777446 0.9996894457290342872 72.68172857607603987
0.9996504423778892479 0.004032410188559917841 -0.02612901344289479677 -2.161588853904200302 -0.004064986594847760058 0.9999910863539893668 -0.001193818242594746944 -1.767158962063211991 0.02612396344832168538 0.001299615181805517097 0.9996579469844557586 73.76640143862769605
0.9996559950594264832 0.003731442050770614454 -0.02596074925862485935 -2.20583831779950712 -0.003788679611873936592 0.9999905597971183724 -0.002155998471174188323 -1.793608130968427083 0.02595245608683648814 0.00225361392022891717 0.9996607187858915777 74.86541893746525034
0.9996437935998220281 0.004094446039237295554 -0.02637260040861202914 -2.249044592086463012 -0.00425413070914558173 0.9999730013679617446 -0.0060017507525174877 -1.823613574399030046 0.02634731140521813855 0.006111805555997932259 0.9996342463363445674 75.91564472811711539
0.9995958176880775925 0.005027670466764470533 -0.02798064376342097523 -2.284041500207507625 -0.00525212618645027815 0.9999546331488081696 -0.00795417612322380993 -1.852048294026362951 0.02793938016309757341 0.008097919241992506192 0.9995768985745925317 76.98188887588698037
0.9995867119374195475 0.006329394913684398445 -0.0280416960409300281 -2.310548944579871478 -0.006513503584639273106 0.9999578578008160301 -0.00647911979095094296 -1.879293852276865406 0.02799950215917389879 0.006659091913676648891 0.9995858371332876358 78.04802588101354388
0.9995700998768750623 0.007593848558735650026 -0.02831857234788708391 -2.347829491158381021 -0.00767471487305838862 0.9999668339765986902 -0.002748052973408150485 -1.908298511256711683 0.02829676157894703628 0.002964208716837658537 0.9995952521759615683 79.12362663112547523
0.9995453994362680783 0.008346709331796750564 -0.02897101238994042108 -2.37984483654955481 -0.008309015428341172751 0.9999645306761956176 0.001421178269117505995 -1.933921417656796926 0.02898184366803385412 -0.00117981146391963514 0.9995793226149880528 80.22207866801723242
0.9995119594084550529 0.009107440125096935915 -0.02988126823993433878 -2.422480753776683926 -0.009041190343398092244 0.9999564239665327259 0.002351412120070181001 -1.964951322073949846 0.02990137811939599238 -0.002080102157021198033 0.9995507701824343227 81.31689521101984042
0.999483487809831761 0.009684364320861334891 -0.03064250883458671457 -2.479083503130040445 -0.009676135805706174292 0.9999531593034173271 0.0004167571322313495894 -1.986392394988213406 0.03064510614372323999 -0.0001200406430576212135 0.9995304019717992094 82.35850301925097483
0.9994918128994845219 0.009468999061312668997 -0.03043758640520462244 -2.528947173835980777 -0.009488698519314615887 0.999954915883885076 -0.0005028836712609541324 -2.006101992982940896 0.03043144895999572164 0.0007914413488464066638 0.9995366236124592074 83.41281180361593783
0.9994799695201194156 0.0087721110886781542 -0.03102955461539159271 -2.571934570323696878 -0.008789358430235386099 0.9999613458856748682 -0.0004195316407093868639 -2.031804651209565549 0.03102467159253361959 0.0006920435050834742186 0.9995184601757827192 84.45959250750730973
0.9994988954924528546 0.007584552719568009825 -0.03073150059362154962 -2.623743777636313723 -0.007600021639612124756 0.9999711057244869972 -0.0003866320352715857086 -2.056811704244663641 0.03072767679150665426 0.0006199985183137312044 0.9995276819011226221 85.48852969821062686
0.9994538831504111709 0.006142824969778834347 -0.03246835112210623431 -2.651870527530583388 -0.00608510402308703232 0.9999797864902724154 0.00187622525478768642 -2.091659643886321529 0.03247921663087108279 -0.001677627172029095724 0.9994710838475531212 86.48979134976519845
0.9993924324382881252 0.006283241847279767353 -0.03428235023956435756 -2.681393187396875266 -0.006143746609112341571 0.9999724817715253122 0.004172790322125562341 -2.111511741942794007 0.03430762187214331932 -0.003959632853713542823 0.9994035570121909684 87.48382808552520373
0.9993922317593394444 0.005789898653018559285 -0.03437494513661268347 -2.710317674045057856 -0.005607917016591246195 0.999969820796025588 0.00538803000666931986 -2.136639960976866259 0.03440510024025213859 -0.005191983354196753365 0.9993945636056926762 88.4533091122910804
0.9993248235693886761 0.004528866221235917054 -0.03646065087205498795 -2.729522491422048169 -0.004340212731476653964 0.9999768523509307006 0.005251611376108192113 -2.154096326485393398 0.03648358697688537655 -0.00508981848855804761 0.9993213712273710803 89.40984074270456006
0.9992000898142893162 0.003726861183516516803 -0.03981562179733873913 -2.770377103597397639 -0.003535500768785283278 0.99998192597449298 0.00487545551907429299 -2.177399799334386987 0.03983306834854462991 -0.004730787284182103383 0.9991952299994759645 90.33762157403091919
0.9990702473425546737 0.003701139208211994512 -0.042952708743446949 -2.835974313629378685 -0.003536333926215245137 0.9999861554270055297 0.003912212192131968302 -2.197506565753081453 0.04296658956698042736 -0.00375667952820292082 0.9990695275353087546 91.27143030085764508
0.9989752582481198351 0.002180092211288399331 -0.04520700574242339509 -2.885961762867149893 -0.002009370344916317636 0.999990740259051436 0.003821509849082972178 -2.212074777417542659 0.04521491408762930847 -0.003726756015469784647 0.9989704120359017558 92.16957775656419471
0.9988424368918802365 0.004430314592977196292 -0.04789730022162215495 -2.957855300098142237 -0.004184223079440668389 0.9999775943259724409 0.005236910336389417192 -2.233277187417107346 0.04791942375098938445 -0.005030435141368818329 0.9988386180025575767 93.02296867203747865
0.9986824427333946819 0.003951761113352241471 -0.05116400085488085475 -3.000787500693988807 -0.003598639480954251083 0.9999691413661666584 0.006992010999695911014 -2.272653735385796736 0.05119004810042521864 -0.006798677683131412047 0.9986658691412397815 93.88061958829872822
0.9985092174958075661 0.006331726332826504398 -0.05421480128271469884 -3.047514638199253945 -0.005910276164073658203 0.9999511478615398241 0.007930487363679933344 -2.276877102378217277 0.05426236160081739091 -0.007598240138249886394 0.9984978838526359368 94.68809590868062287
0.9983221545297353838 0.00780186994325498661 -0.05737594878876039334 -3.102617941320598316 -0.007320871039851916534 0.9999363787251575042 0.008588681495502606747 -2.29429568136538542 0.05743930119093557801 -0.008154228948064844856 0.9983157798971620256 95.48857704281597591
0.9981741160706041338 0.009476010680496979935 -0.05965427191529816542 -3.152401830947854311 -0.008925580184397178748 0.9999152257439122282 0.009486698089522552571 -2.310146844708076852 0.05973910563742172719 -0.008936927349742666143 0.9981740989041708589 96.2523525193541758
0.997963670423130278 0.01121184060380190153 -0.06279172013670442087 -3.21293398002083519 -0.01069207125089606698 0.9999058512984785319 0.008607568916862871553 -2.332977153538732917 0.06288230969379621227 -0.007918667376125352111 0.9979896146422081449 96.95836454118258985
0.9978350997805129907 0.01257441377364153408 -0.06455223281994143525 -3.277201619558212098 -0.01225584146038480836 0.999910756637642506 0.005328714235918912898 -2.358386291567055704 0.06461347194177081976 -0.004526036008991447986 0.9979001830449546473 97.67258089694600187
0.9976066808788583984 0.01529144839026773742 -0.06743200216182286544 -3.324088770119560721 -0.01524314324130034495 0.9998831200334286073 0.001230824916850870553 -2.369965865973201247 0.06744293616067918717 -0.0002000033146932584879 0.9977231937795862926 98.34114044615851924
0.9974120825726564554 0.01778227352840178882 -0.06966291243104860698 -3.36086225100335767 -0.01793754853954942358 0.9998378836499987043 -0.001604005519500941975 -2.379766410544736033 0.06962309029184070297 0.002849436547414792645 0.9975693795554485543 98.96306988104328184
0.9973271117745198255 0.01968798019711870753 -0.07036340422719046528 -3.423766854056878639 -0.01991023960554919384 0.9997988092599316978 -0.00245874280298803401 -2.398785479577866475 0.07030083426438672733 0.00385312328738089075 0.9975184745912261119 99.56189690598529296
0.9973557691591855567 0.02207065639849691355 -0.06924123731969568374 -3.471317331275398654 -0.02226020128627333172 0.9997503370441725989 -0.001966993503959383553 -2.414422474611005232 0.06918053176001430493 0.003503116386531130583 0.9975980870190120919 100.1440432957248277
0.9973484716912712766 0.02525701529002216672 -0.06825029150228921482 -3.50443892274935731 -0.02532681288550541615 0.9996792734601991359 -0.0001574599138044807992 -2.430585149024781177 0.06822441916186719468 0.001885604944786845039 0.9976682986641153272 100.6785249193873142
0.9976888677198626487 0.02876660038673291286 -0.06155809419452989983 -3.53903322250757002 -0.02878602336931711941 0.9995854942455330017 0.0005714589666416596773 -2.443926902945337432 0.06154901165503964128 0.001201874656164501334 0.9981034193810562893 101.2155344673443835
0.9981070120967600046 0.02850501424616123589 -0.05449632570696717748 -3.587795103778416816 -0.02838271861837948426 0.9995926379183792676 0.003016872357384093543 -2.464527626381089132 0.05456011709681406197 -0.001464407424177991161 0.9985094943616888985 101.7371539026952973
0.9985398658662214544 0.02917030708813334039 -0.04546671665380656868 -3.602554381716674747 -0.02896622812605842076 0.9995672310479983835 0.005141036511283436465 -2.46774778636994041 0.04559700136590973812 -0.003816530486177824397 0.9989527060113834178 102.2338003217934528
0.9990806088559284204 0.02784193876906920079 -0.03259994179679933518 -3.627668552480987962 -0.02764956820480629976 0.9995976519829475881 0.006336998416656808818 -2.47860910301659354 0.03276325605996044388 -0.005429797802201083434 0.9994484717774250182 102.7187946749840251
0.9994689644655055938 0.0266516836628553147 -0.01874751963158849052 -3.607576336648560478 -0.02653240896653371456 0.9996263432816417938 0.006582333803883629042 -2.494337601426060758 0.01891594208087992932 -0.006081421385481656193 0.9998026629894029016 103.166778071043538
0.9996360163107894659 0.02674337408629467311 -0.003552386460699625409 -3.603673892999526007 -0.02672228863291719117 0.9996258065729592968 0.005855608321232963834 -2.498821629231002373 0.003707654141078867236 -0.005758548982922545058 0.9999766266961379602 103.5913277525468601
0.9995945269039527847 0.02484885418865575429 0.01390355426349868147 -3.568051903512479583 -0.02489246332676118764 0.9996857766343193452 0.002972422896022318579 -2.51875596668143098 -0.01382532482984119571 -0.003317311280754703644 0.99989900358793804 104.0046211727627252
0.9990826748556691506 0.02503119790860636185 0.0347453677665644986 -3.562304501325520345 -0.02499478653206805082 0.9996865441493714144 -0.001481932796293073621 -2.53182052168286198 -0.03477157058907993925 0.0006121204216267258974 0.9993951794315123482 104.394710722929986
0.9980018781667963079 0.02308691565605252433 0.05881528961212315054 -3.528956193474724667 -0.02276146874662655223 0.9997217763308052785 -0.006197379514460246361 -2.554847705919987 -0.05894200211172822418 0.004846274106255122997 0.9982497259419035318 104.8278781030447533
0.9960370537163565352 0.02007466423108658637 0.08664403359526912096 -3.474484667275322902 -0.01938707355429361567 0.9997736490799101761 -0.008770065101414958528 -2.564115127949514239 -0.08680047397184385838 0.007055535627371376135 0.9962008121671311889 105.2015388972937586
0.9931030388097094042 0.01714572948737578054 0.1159843601146423459 -3.420081879561589933 -0.01604121021982604645 0.999816785103716299 -0.01044977849200804526 -2.56852316064176156 -0.1161422735509903686 0.008517177331334689627 0.993196149082358315 105.5863634396652486
0.9887705193840836682 0.01534769234389594776 0.1486516146420845674 -3.337168853163049675 -0.01365291238769339964 0.9998297819089528859 -0.01241480049408113552 -2.577626778425425869 -0.1488168424068921081 0.01024586130138969986 0.9888117766417089394 105.9677332933484166
0.9828053581924280913 0.01231487658725147899 0.1842334574942579573 -3.238347212672694209 -0.009901005729901091873 0.9998528047330191848 -0.01401645624348964864 -2.589770085720275006 -0.1843789403683873118 0.01195135179984521852 0.9827826466065866517 106.3514913144632175
0.9750837915667039946 0.008788083761882267697 0.2216627288577055765 -3.116285042834121111 -0.005671294256059326855 0.9998760218484650242 -0.01469351755198763584 -2.600392275243164963 -0.2217643633278991999 0.0130702962401962209 0.9750127651549705954 106.7009974088648505
0.9653545368428155804 0.006216869319546126406 0.2608677186374800394 -2.978600819682514445 -0.002322702628716390855 0.9998813285344322344 -0.01523338479530027267 -2.621892831302488069 -0.260931450580740576 0.01409969895618364694 0.965254439380380691 107.0349897817039846
0.9527503430229381509 0.006818147863734642933 0.3036779488372836067 -2.826959134269526608 -0.002006067715499183605 0.9998675457689778501 -0.01615514540016091752 -2.643700918442759562 -0.3037478564792621682 0.01478262172731195645 0.952637847215851763 107.3889898839022834
0.9379335809940325674 0.009361941086681327406 0.3466885546120824224 -2.67330831090995602 -0.003731524963293734662 0.9998502057705124235 -0.0169045512114839834 -2.649916879894858468 -0.3467948623300913247 0.01456166915285033413 0.9378280402661244297 107.70031946939298
0.9200121874798338206 0.008778356200843780155 0.3917914244928317191 -2.514522918928632667 -0.002871159742669936697 0.9998733019908246922 -0.01566073173296955723 -2.662111151652242214 -0.3918792382520859818 0.01328316814741392973 0.9199208494035261419 108.0256702753303841
0.900126231372795238 0.008241808539960305408 0.4355512003786357056 -2.328200894948686539 -0.00201984255789907979 0.9998892879383738386 -0.01474632883471611346 -2.667385341015165334 -0.4356244907967375957 0.01239381236380884821 0.9000432448048047984 108.3218529427769425
0.8770592882478449592 0.0067344881481031715 0.4803349487074159985 -2.124011216972120142 0.0005179330471461731852 0.9998879519684671369 -0.01496453708486254058 -2.690546847245515849 -0.4803818786210541925 0.01337356736898281766 0.8769575480328967165 108.6001367902247807
0.8520312816718443871 0.006671747796711578228 0.5234483716997828662 -1.91154492817088828 0.002483671010718859623 0.9998560703553128759 -0.01678666352215358107 -2.706271859008039016 -0.5234849976764472945 0.01560283573453232105 0.8518920986636224768 108.8914100591226486
0.824668013683995782 0.007450138409260192822 0.5655680166805390208 -1.681466635609651039 0.004172702130794240377 0.9998059667127051631 -0.01925459961576828083 -2.72460278022648561 -0.5656016938049713838 0.01823859901322619562 0.8244769327650488533 109.1550664377120086
0.7944614825156791627 0.01285180708365036596 0.607178562545715228 -1.437623023754512674 0.002221957977890225058 0.9997079259066390389 -0.02406756961152714189 -2.738059243625043937 -0.607310497298327312 0.02046988197889476266 0.7942009033481592928 109.3887918719148189
0.7607591429354491064 0.01858196051209069777 0.6487682672270645989 -1.174547393146524454 -0.000537307740000719878 0.9996078226044827764 -0.02800061449942042174 -2.751486908167058765 -0.6490341028104910093 0.02095313493169980931 0.760470792461191647 109.6413210643987526
0.7238533325234040028 0.02385846187801678175 0.6895412669244335158 -0.9180766913642453009 -0.003343106126531691577 0.9995115531020060118 -0.03107412072494219676 -2.762969127583594808 -0.6899458023224755987 0.02018789582024198628 0.7235795469471274499 109.8797556974798511
0.6844324655178481986 0.02321282832100525842 0.7287066635054172403 -0.6371057066092187249 -0.0005964786866571179964 0.9995105754268948095 -0.03127900174691391338 -2.775125209425600037 -0.7290760471711323909 0.0209737058721073677 0.6841113494508944681 110.1070818117805317
0.6436498732682740531 0.02042120210335875846 0.7650476170943315557 -0.3334079563665440782 0.00359884570533972872 0.9995521860737576203 -0.02970854686107358977 -2.788539081918057327 -0.7653116565967021945 0.02187519030768012712 0.6432881602215897443 110.3014012933251138
0.5999888284096711599 0.01783364181116117025 0.7998096103975825821 -0.01857814687750419802 0.00536329723185009679 0.9996394351842426973 -0.02631267371008001385 -2.799835823822105496 -0.7999904300478635211 0.02007692645958727984 0.5996768604895148513 110.4733030659808293
0.5541609832596029461 0.01631890281199957146 0.8322495709950223919 0.3294374834605759972 0.006215662500519192335 0.9996988801377025835 -0.02374103452069871792 -2.818387479205997526 -0.8323863417641022 0.01832933696676551996 0.5538926945776697641 110.6621645928944986
0.5057879569510389528 0.01356698405909124647 0.8625511777821878168 0.6712902473814204019 0.007691856608913431349 0.9997657112397518864 -0.02023561461162258143 -2.829669389795079315 -0.8626235760881212355 0.01686954960185862648 0.5055651130776929181 110.8194427711762273
0.4558927291647358881 0.009615657032210419772 0.8899828186432827692 1.034817966037671066 0.01026309494596018557 0.9998184234142003524 -0.01605961425396250711 -2.848752743942770671 -0.8899755886893259138 0.01645543896788285651 0.4557112740054795053 110.9562530480935862
0.4043925378288539818 0.009401140978132934561 0.9145372362788490861 1.406924832284410787 0.008497605284443132331 0.9998654458019274882 -0.01403578000442482279 -2.861368331067609905 -0.9145460785694644601 0.0134473405419639775 0.4042582474103507129 111.0859351023607928
0.3529383701636368276 0.01348499933257827146 0.9355494255554841487 1.77891595300787575 0.005255240225934571831 0.9998518530453290865 -0.01639440560794880666 -2.87751015454593384 -0.935631848710562708 0.01070275112931380959 0.3528152247816586651 111.2021785532611204
0.3027615173294584405 0.01870784800850790533 0.9528827571576247157 2.147953275970680309 0.003857842632861126567 0.9997751446144297338 -0.02085424143619857978 -2.893496383584976073 -0.9530585765815312582 0.009989932840130597014 0.3026212749344185382 111.266834991202515
