0.9999999962582232227 8.137513278152659075e-10 -7.656115742981431352e-10 -2.139041617443826482e-10 8.137513278152659075e-10 1.000000061056633971 6.754229727670312846e-11 4.50643937444095144e-09 -7.656115742981431352e-10 6.754229727670312846e-11 1.000000080766252131 2.697696344089450804e-08
0.9999946740345136975 0.001520157614935795272 0.002886786931333819653 0.001321704294334157025 -0.001519579005079413087 0.9999988860818425085 -0.0002020528225818765114 0.0009608451339507306007 -0.002887092222707919771 0.0001976651779531799955 0.999995893573182304 0.003279453515593698694
0.9999961452206197476 0.00275329459571362024 0.0003484733355200619518 -0.08478217189794409747 -0.002753148591359482183 0.999996185387505232 -0.0004141153431803993559 -0.008461811947907391107 -0.0003496136974893847456 0.0004131544822221141773 0.9999999343033602051 0.8028483778941033489
0.9999798319309256556 0.0004551392765863659191 0.006334121133124608408 -0.04999662141080553346 -0.0004608494403796487547 0.9999995495776899945 0.0009003193080191728955 -0.05396759209262580459 -0.006333709654659853104 -0.0009032201002956741524 0.9999796147192955287 2.346701583939604152
0.9999766343647639166 0.0005322533694718797415 0.006814685736767955686 -0.01137227553443869929 -0.000536120610934953082 0.9999997572158683123 0.0005659110873391489304 -0.0773729112483989151 -0.006814383989811127404 -0.0005695512309484898877 0.9999767003891533168 3.612719582075817115
0.9999747409519347263 8.773110466600193033e-05 0.007106495010935857254 -0.01332354749081983772 -8.976139578898276108e-05 1.000000016242699186 0.0002856057743932131562 -0.1045232072213889973 -0.007106471167380754711 -0.0002862363210127953812 0.9999747885198922992 4.785747048291247197
0.9999624869678925831 0.0001626089734179693707 0.008659718534663581047 -0.0135593706164408058 -0.000159897518248730406 0.9999999990957998408 -0.0003136146569511364312 -0.1251256430489186555 -0.008659770525576952413 0.0003122183538909261238 0.9999625355150125738 5.969949398480369318
0.9999524468376753683 0.0003236415281126501825 0.009746375202708998722 -0.01735130014911176813 -0.0003144167452457255702 0.9999995624328363863 -0.0009478337874260500673 -0.1483749106586209066 -0.009746678631693811781 0.0009447244218000379074 0.9999521344999062755 7.068388144875969559
0.9999613568479572834 -4.772662324070983751e-05 0.008790622412605341926 -0.001235900543692709623 3.806696939357587332e-05 0.9999994562027708644 0.001099208157775568174 -0.184118117966446837 -0.008790671089109270211 -0.001098830924699824383 0.9999608383390250488 8.29091365453740714
0.9999738047068054136 -0.0007135994183428416874 0.007202304127066093409 -0.004311178047557858405 0.0007019531039159816743 0.9999985030532401176 0.001619650508507511745 -0.20335907743394116 -0.007203450219891395154 -0.001614552277824344477 0.9999728321633426509 9.546634205182883193
0.9999794798049832512 -0.001812120882299198075 0.006143996610823486935 0.01320786483263275413 0.001804517316853217765 0.9999976602120712599 0.001243142722494124889 -0.226270235484215182 -0.006146236116866186233 -0.001232030137825084739 0.9999804335195168203 10.75805972316138615
0.9999930076081456898 -0.002378509224550528784 0.002884430257603958023 -0.0175323582293790102 0.00237487964654122365 0.9999964451187858261 0.001261670885745929619 -0.2454298460594875331 -0.002887422255415622845 -0.001254811759077905558 0.9999951248762171119 11.94046320055485388
0.999997231027235145 -0.001245997913748416982 0.001994477089932361179 -0.02019182014845537568 0.001245152811038656394 0.9999991952345849144 0.0004257228176004366951 -0.2717713806268051702 -0.001995007344260151666 -0.0004232380771992331602 0.9999980011732005902 13.16485731009393056
0.9999985580515710071 -0.0003691044261624627765 0.001655345961562589008 -0.01976292177640185527 0.0003678837677535718733 0.9999997206002200212 0.0007386304808051129484 -0.2985410631295596917 -0.00165561956154909682 -0.0007380203095704947116 0.9999984378910778959 14.349618108705533
0.9999996250868877778 -0.0004669731932572823317 0.0007240695798962854327 -0.02865361206938935035 0.000466594531972279675 0.9999998142370933873 0.0005252898383886062247 -0.320067330688846241 -0.0007243162290582207639 -0.0005249516616554318962 0.9999996806625757184 15.51658477130155056
0.9999997285202041342 -0.0006695639839465480176 0.0002952262361301818093 -0.03581308032840974098 0.0006693016749034356224 0.9999994381656599485 0.0008932066387511953956 -0.3481159470103168396 -0.0002958256430995330932 -0.0008930086688343417912 0.9999996382776981108 16.73759912635708602
0.9999996576528905612 -0.0007642342303409902339 0.0003052129153967121709 -0.01762941825279306859 0.0007637859299384833212 0.9999986866470516045 0.001471546785354199 -0.3774147808386583147 -0.0003063386346331589791 -0.001471313034329069236 0.9999989514631140164 17.95174800426092077
0.9999989074425803537 -0.0008480672560163132756 -0.001207647572681703335 -0.05882433867503665537 0.0008488055832578891456 0.9999995149867662025 0.0006096474465280314007 -0.3919623947450711632 0.001207128359555012303 -0.0006106717040244262354 0.9999991657254727606 19.10440213971227408
0.9999991676498868332 -0.0006759004236510985806 -0.001095616404697264843 -0.06047906055087104438 0.0006751515621413361123 0.9999995983802821842 -0.0006852181408692197429 -0.4253860095658845153 0.001096077506365642981 0.0006844780024557701537 0.9999992458171054199 20.3310298427902012
0.9999981395225570058 3.567228123748385595e-05 -0.001926706693147913017 -0.07317482975097591713 -3.55498404254373605e-05 1.000000058456630425 6.273887625369213193e-05 -0.4407372865815618601 0.001926707394903467291 -6.267012902341828672e-05 0.9999982226985744127 21.53798533956522832
0.9999973771401079459 -2.27332771969113604e-05 -0.002288605789416783224 -0.07499865925867832406 2.127907538697694533e-05 0.9999998584911532484 -0.0006361431464321935575 -0.4681457636819938428 0.002288618256741955462 0.0006360929178470066175 0.9999972595667044883 22.72180236765945338
0.9999905063250034143 -0.000158022769981302065 -0.004353712568221991194 -0.09393105066742153675 0.000155257356060538727 0.9999998468263763263 -0.0006358897877891397455 -0.5015913272051337746 0.004353810589903532764 0.0006352079460804092642 0.9999904011381995916 23.91187500238832797
0.999990861075622961 -0.0002750557083146242541 -0.004265516810914598937 -0.1080178082390705896 0.0002745462603488121401 1.00000001612086642 -0.000120400645583914126 -0.5210224997565098271 0.004265548205029551579 0.0001192286027744140863 0.9999909761630398908 25.11803408885163336
0.99998288825988213 -0.001254874325937505508 -0.005713230597811073778 -0.1145937158279741463 0.001263853646630019173 0.9999980330058942934 0.001568047762184841647 -0.5464237757881380553 0.005711249775938670795 -0.001575241482686761882 0.9999825307279127662 26.31455118694884376
0.9999780228664123527 -0.001698352382713118336 -0.006407956813008660636 -0.1189083390379826466 0.001710244423145433059 0.9999968863224434346 0.001850547380976487683 -0.5678693283542970427 0.006404792055499850673 -0.001861465749022823014 0.9999778373058521019 27.53413680352379345
0.9999733018770183834 -0.002686815906366519548 -0.006794783315781718035 -0.1212121707659404996 0.002691374911317343487 0.9999962204034058555 0.0006616625025590983219 -0.5917047093739148389 0.006792977922592475029 -0.0006799320066327000939 0.9999767770611031059 28.70550636995732674
0.9999679057864659937 -0.002569909104469946578 -0.00758785169877660131 -0.1331909954183596589 0.002568669891101555379 0.9999967470093096278 -0.0001732708623446069089 -0.6163835611993221386 0.007588270311740108812 0.0001537747589560972911 0.9999712775990354796 29.91692581838444553
0.9999591611910659816 -0.002447343266050366027 -0.008699367423448256878 -0.1696546959561155976 0.002446458518706713745 0.9999970621430127604 -0.0001125295989637294781 -0.6467323618618476821 0.008699615202414405501 9.124250622478969881e-05 0.9999622342283448484 31.13464134225597846
0.9999580544223716227 -0.001828578376107996284 -0.008974309510153212835 -0.1849347689949970563 0.001833923010412600793 0.999998207033047537 0.0005871739137329568892 -0.6626156953748912892 0.008973217646589220012 -0.0006036073355721004174 0.9999596384530331505 32.33025536525455124
0.999952386078192812 -0.00299122382634172063 -0.00928820166789358706 -0.2094431124431788971 0.002996309690569282699 0.999995429790980328 0.0005335194770433789599 -0.6822856475200100856 0.009286561244284769964 -0.0005613242599261138166 0.9999568021700959708 33.5511291709832804
0.9999356145921576289 -0.004106115502515724804 -0.01057823341580444755 -0.2321425520472863713 0.004110791227618621792 0.9999915234562389843 0.0004201548257305914901 -0.7154940645992888815 0.01057641636771155386 -0.000463612537924396181 0.9999440414278294442 34.7557933859739947
0.999925821301897999 -0.004000516705092392426 -0.01150392539934109483 -0.2451925437026711285 0.004008369892144353526 0.9999918100176342639 0.0006595356784886504016 -0.7350893474133814998 0.01150119046525248899 -0.0007055985983415594479 0.9999336909276056451 35.91756584909231265
0.9999271752669650626 -0.005261860614900163921 -0.01086045679419282185 -0.2657018168405518854 0.005275263446378939541 0.9999854199349346162 0.001205667184248707547 -0.7591719682586547391 0.01085395220085571925 -0.001262871009380133434 0.9999403774146472523 37.10062675983640901
0.9999339199202605943 -0.004328293134263640554 -0.01064961069517036951 -0.2959182283392952084 0.004353927089815043915 0.999987738833026496 0.002384873593041842224 -0.7878307488146626403 0.01063915550411428067 -0.002431083490951741616 0.9999405280862395662 38.32010644574155123
0.9999353474617296289 -0.0041988752535532586 -0.01056706579768618669 -0.3201243763521785524 0.00423374781148105634 0.9999857202330915129 0.003279760510776701804 -0.8118180632574465427 0.0105531414193180597 -0.003324286623186364139 0.9999388690469273033 39.51560619394775387
0.9999353631622007743 -0.00281443594183991997 -0.01101548852802040034 -0.3551232606751424381 0.002846027170819540476 0.9999919409436787143 0.00285312021288494427 -0.8357457914848206437 0.01100736762415254616 -0.002884286040467762616 0.999935338037833521 40.72376015792644921
0.9999393970566555767 -0.001940123339170316159 -0.01083654351961572428 -0.3681011069093096388 0.001973014564035693516 0.9999935387316193358 0.003025198399037224914 -0.8597724849931076552 0.01083060204902589439 -0.003046395587318298515 0.9999367875213652779 41.90911358642907913
0.9999481122094522334 0.001035499369506292155 -0.0101337639701553784 -0.3937603855777540018 -0.0009899300531561372376 0.9999894432994431703 0.004500604489469759058 -0.8761484426586750862 0.01013831521028613764 -0.004490339119805871262 0.9999386045785559896 43.10595618378409455
0.9999624947751464266 0.001098406727224042609 -0.008590406476256565518 -0.4015696529044713303 -0.0010381736843551332 0.9999749321950009984 0.00701279476700377661 -0.8897868101909360838 0.008597891972695758875 -0.007003613301589243709 0.9999385916972282073 44.29161244488185645
0.9999778648788628654 0.001546755518680708111 -0.006470690244447658591 -0.4167461336400645755 -0.001482505824896371109 0.9999497365196257093 0.009922133078617750845 -0.9016383221715010832 0.006485710183817481635 -0.009912320512941309725 0.9999299190348821531 45.50540219157090149
0.9999870791649355661 0.001803807123062472692 -0.004751874558503698699 -0.4252132754574613482 -0.001740270012845832829 0.999909551675605579 0.01334099110862518173 -0.9199765483176917114 0.004775507500522701426 -0.01333254909939115239 0.9998997945696802558 46.73045192143012372
0.9999934511898697087 0.0008130222892474825696 -0.003525492361580689731 -0.4520391373675432534 -0.000759783535271817633 0.9998861266381537938 0.01507576213863572566 -0.9329587422189741241 0.003537346073137529259 -0.01507298471835673455 0.9998802197432831163 47.95552302509753417
0.9999989750331107485 -0.0003794473037393569499 -0.001377849984582912597 -0.4524791177441781498 0.0003981061189618483064 0.9999079611010808222 0.01356587474356132569 -0.9440405011281293168 0.001372574008224321284 -0.01356640928378169929 0.9999071107380409495 49.1263182571611523
0.9999997286137823904 -0.000299563306366632128 -0.0006674962258651369849 -0.4550834128667314293 0.0003076139495329637962 0.9999269120501099728 0.01209123855792724501 -0.9469240958122541185 0.0006638237670175561487 -0.01209144051708131717 0.9999267562832577783 50.32278299875589056
0.9999994241451953814 0.001069509366146631198 -1.942381180861768768e-05 -0.4683284078229277836 -0.001069233304245053792 0.9999403673722816466 0.01087384728611535435 -0.9525368948197983077 3.105079304003833103e-05 -0.01087382016217606703 0.9999409585568501679 51.54063099639682122
0.9999998661824462953 -0.0001063938748196988418 0.0004988295941018666647 -0.4620155384071267801 0.000101017971910675474 0.9999420800181416658 0.01076793952133167469 -0.9645993939759237579 -0.0004999478541194113087 -0.01076788759517807899 0.9999419804060658556 52.74555647316908136
0.9999998586577686366 -0.0004954053082339087517 -0.0001725512848510902609 -0.487404636491337695 0.0004970701979187320315 0.9999521469230491233 0.009776446310621024829 -0.985669102017392551 0.0001676981749955212266 -0.009776530599885313588 0.999952275289074155 53.9500120403265413
0.999997716543924553 -0.0001735269850941807256 -0.002128218769189859239 -0.5083308751789036295 0.0001949056851381484635 0.9999495546359588038 0.0100484979998137075 -0.9890149789914685075 0.002126366055682659198 -0.01004888975710712534 0.9999473285666287126 55.16537001866194601
0.9999939695673694118 -9.375656208594822195e-05 -0.0034705275144337089 -0.5098697539758767494 0.0001307998155479356273 0.9999430782686322683 0.01067451316122608636 -1.002690107097690353 0.003469327408669159191 -0.01067490263562400482 0.9999370838925242255 56.36728797620497744
0.9999892109100271265 0.0001036359641815375819 -0.004643258411423226151 -0.5208856241309565149 -4.817746241991728849e-05 0.9999287510977303839 0.01194204859657087454 -1.019120472153845824 0.004644163385649122643 -0.01194169595823556251 0.9999179912188559394 57.58035495930711534
0.9999830015830758478 0.0003254198846596677015 -0.005820925661730918556 -0.5443629982516973165 -0.0002581920016798549557 0.9999333693629480768 0.01154609407509636122 -1.030904960525835579 0.005824293242178361918 -0.01154439479695891849 0.9999164795488832969 58.78399567002946924
0.9999821807982508526 0.001342489960468599497 -0.005816213303495455095 -0.5492723286696222784 -0.001275652410047172164 0.9999333520074330517 0.01147982444851020599 -1.042638621240666197 0.005831235317021016794 -0.0114722003248189288 0.999917269993293667 59.99197002574664594
0.9999820152593421607 0.0005514868904727252994 -0.005971394275554407077 -0.5799307417907779705 -0.0004874190970733572226 0.9999424278777889752 0.01072499271250031833 -1.059010466564810127 0.005976963277751840692 -0.01072188915528353437 0.9999247364274175265 61.1983668492803119
0.9999823179251156047 -0.001393949361428671726 -0.005780421115297753112 -0.5985169472663832702 0.00145186073495801927 0.9999487435078935338 0.01002619450251868161 -1.074846020804491209 0.005766146932476734488 -0.01003440948175598341 0.9999331096095097626 62.41647685271895796
0.9999793044916256424 -0.00106169685652761055 -0.006344755010144499489 -0.5875750996519116809 0.001130369781871405719 0.99994078082927218 0.01082955296794001557 -1.080362664339072909 0.006332879650117388334 -0.01083650066367898047 0.9999213101060695497 63.6307865446868135
0.9999723652250205319 -0.001328017966159993285 -0.007314211145480053501 -0.593200298062811715 0.001420974697814367032 0.9999181700631002423 0.01271833829163946002 -1.093442706901950556 0.007296720455397923827 -0.0127283800377953546 0.9998924480782848123 64.82771577613374347
0.9999758850170978874 -0.001991665912840684654 -0.006652456580325997494 -0.6105763229831182581 0.002066159469040082953 0.9999350966507919436 0.01120962048119937202 -1.109752977318774647 0.006629697049685200766 -0.01122309509754903373 0.9999151217818376125 66.0024044864549353
0.999972347487258828 0.001047351367203154353 -0.007362054740910597452 -0.617516894074497058 -0.0009735431424999148623 0.9999493684678291139 0.01002171789230990248 -1.121655001281190334 0.007372176259257353682 -0.01001427338591844712 0.9999227604464935304 67.21036009490643437
0.999966824642594232 0.002609057147044198562 -0.007715890939289542401 -0.658012309056441036 -0.002529995912314449407 0.9999444465672528981 0.01023840867626494948 -1.133349991202116991 0.007742172876060134448 -0.01021854773971915022 0.9999178974062183922 68.41177528682575826
0.9999675705172093032 0.004394623038512087028 -0.006748165771988453611 -0.6845924072971367735 -0.004323663745834770838 0.9999356506063333816 0.01049393572415459504 -1.144029851175467183 0.006793846468555031666 -0.01046441851346398277 0.9999222475322055992 69.58603403597183501
0.9999591467932377187 0.006360901734516526997 -0.006421543147524399857 -0.6924524809809499137 -0.006292838218318549254 0.9999244578044329534 0.01056413630458562583 -1.160324227351360094 0.006488253546726822918 -0.01052329489749325754 0.9999236592589045847 70.77408757749907409
0.9999588419136251627 0.006604161241849079711 -0.006220295480306175726 -0.7048545329798503456 -0.006529462896499484657 0.9999072995460289714 0.01195326454508161863 -1.165440765265992606 0.006298658216681849928 -0.01191215729247421286 0.9999092903500274021 71.95564426925689361
0.9999611588220068681 0.008158605979310024764 -0.003333247050525724349 -0.7310894819226914088 -0.008117218793123296902 0.9998921237159839048 0.0122463786630555363 -1.181786165746515183 0.003432799099187108013 -0.01221884621778268447 0.9999195353672457598 73.15867371118658014
0.9999725827187484484 0.007386860292758326563 -0.0005105277836661434657 -0.7512866268470839159 -0.007381015420661083543 0.9999163176922585272 0.01063016112893590791 -1.19706054084818847 0.0005890070004047972966 -0.0106261013752361206 0.9999434486850871107 74.32659321951352638
0.9999886675033344829 0.004167407741687677129 0.002300021500001715128 -0.7370322552361461277 -0.004179969608763832271 0.9999762830106052602 0.005484831544293828666 -1.231014977180356018 -0.002277110817898387631 -0.005494383297948713697 0.9999823938713826577 75.49915490670174734
0.9999805124331199169 0.004797849652835302174 0.003993483903221645842 -0.7320093856450313741 -0.00481728201931377626 0.9999765937875373378 0.004871116515802850939 -1.233667148259962376 -0.003970020839306569009 -0.004890259217915832179 0.9999802427225623624 76.66054086263734746
0.9999634627346458693 0.004553667025134881981 0.007233936059423549253 -0.7411412131153353178 -0.004612623704349947881 0.9999561734362394372 0.008154570262812138245 -1.248371520853362338 -0.007196486921884428373 -0.008187639646959260498 0.9999406655746212458 77.83337128417761619
0.9999370773038486204 0.003550559899392865312 0.01064083989921760058 -0.743239060376854499 -0.003656937629142186993 0.9999434273970402298 0.009994544635203089084 -1.271532166516818441 -0.01060475258182659759 -0.01003282855315597473 0.9998935158855561944 79.03563305462438393
0.9998816546996112109 0.005010955136619500531 0.0145450832116280418 -0.7174268751744866668 -0.005125060770081199188 0.9999563630468877307 0.007818430769344282202 -1.275367334339405412 -0.014505271354843495 -0.007892049840269785982 0.9998637278084807622 80.23054966181186387
0.9998382474940168407 0.003347936140366038378 0.01767095621794363344 -0.7071253791043508041 -0.003443812945213642254 0.9999795610426296388 0.005398125380026635306 -1.30578925579424987 -0.01765252292081199992 -0.005458107589775799615 0.9998293649558926965 81.3903831561447646
0.9997767943278972336 0.002292674229089844938 0.02100232591787767888 -0.7204462453816905532 -0.002325217859982742653 0.9999961944376544176 0.00152531357660699602 -1.316177179764829619 -0.02099874919529601258 -0.001573807990952916496 0.9997783440282286271 82.55240122292499905
0.999700657687363381 0.001667934194929804109 0.02440912836022639254 -0.7167536704149012339 -0.001678063150591260636 0.99999857526922864 0.0003945554343067628547 -1.342412025909799578 -0.0244084355322260714 -0.0004353972737141276628 0.999702055726387262 83.70945505731791059
0.9996042837670150449 0.001464461720950724919 0.02809134687344621781 -0.664628391526408957 -0.001530496392307077345 0.999996176755553523 0.002329413257651320214 -1.371303659381785556 -0.02808782795451318648 -0.002371485073850580164 0.9996027268309403135 84.86608951011554325
0.999494078512119577 0.001958761618761766486 0.03174496540551920154 -0.6353982070947292726 -0.002050793626863876319 0.999993848724246015 0.002866857057719881825 -1.390421600280091985 -0.03173915423899625193 -0.002930508929113239541 0.9994919708037433015 86.04345866323951952
0.9993594562566338046 0.001995086864674906844 0.03573079053169971736 -0.5809276890102750279 -0.002026382601912073318 0.9999976553663628698 0.0008397292211402471694 -1.411610225600302027 -0.03572903077297539393 -0.0009115954890992393695 0.9993611793705551305 87.17899610423637569
0.9992435961232651875 0.001857629228319998072 0.03884298402629898783 -0.5256509409074837658 -0.001802262053477781236 0.9999973706876195134 -0.001460335340523139522 -1.440167840850343328 -0.03884559381484747886 0.001389225608254461564 0.9992443401680438653 88.32361457678480576
0.999089757471161688 0.001606096218481969061 0.04262709911231701843 -0.4835181816508798969 -0.001542635322293564766 0.9999977136191093852 -0.001521559482722133769 -1.46944811409846654 -0.04262944434740342792 0.001454416530338894587 0.9990899742222392188 89.47599005072090961
0.9989964845047381026 0.0006467546025227727041 0.04478390641928275268 -0.4660782865854701806 -0.0006232605094773829629 0.9999997218193154014 -0.0005385348582545501292 -1.491981699650526627 -0.04478424105610189637 0.0005100824898352957241 0.9989966331276767253 90.65666653555403798
0.9988403597682851132 -0.0002624813006497446932 0.04814415270617568299 -0.4139752207864670352 0.0002261891999129235758 0.9999997472063600901 0.0007593019240544633588 -1.512572305434995323 -0.0481443384287058504 -0.0007475316263816393289 0.9988401900624255259 91.80197442750242942
0.9987642862684550371 -0.0009263500439449737917 0.04968938516334550637 -0.3594939000155533138 0.0008029529511378344061 0.9999966054140164706 0.002503306213223046705 -1.530403198502269912 -0.04969153392355481202 -0.002460314518836531367 0.9987616631150669777 92.95654897087558766
0.9985675379243363903 -0.002698697540699550573 0.05343764504015199174 -0.3161494113247169668 0.002506856279076302447 0.9999902329886607433 0.003656735780434423183 -1.560375752252940673 -0.05344698980635186752 -0.003517537068701538649 0.9985645735684930413 94.11790458076380617
0.9984522459587155119 -0.003394501659465588763 0.0555120039782438443 -0.2484006958833290812 0.003311890509960359157 0.9999933283298153563 0.001580125094204237008 -1.580674922898170687 -0.05551699549780288179 -0.001393829682853171435 0.9984568502476884877 95.24438722847476413
0.9983051222997492147 -0.004890980457786486303 0.05799098038320964904 -0.2080659812056917801 0.005019559478718559412 0.999985316918663103 -0.002071735830002810735 -1.603800875424080008 -0.057979994063782965 0.002359313766767557035 0.9983150380836463 96.40266458342567546
0.9982281482457622257 -0.004238968678236934573 0.05935139351387801188 -0.1165253201344559619 0.004530724621842544333 0.9999783633154073481 -0.004782003198786058742 -1.628222125038003343 -0.05932983648633639168 0.005042435126760145409 0.9982257789077153554 97.57656479915752357
0.998172372440618072 -0.004245947220406392705 0.06028166847481596091 -0.05173141318928742988 0.004606538987902215193 0.9999723741545899491 -0.005844043591916727592 -1.661473120287332517 -0.06025518748627220478 0.006111052824917895775 0.998164379614719155 98.79160149247869072
0.9980671753183401052 -0.003778060000971494338 0.0620292878909637635 0.01414691224108076753 0.004107048702635817013 0.9999782257512355166 -0.00517709311188268434 -1.684114899215212402 -0.06200837561895797267 0.005421844112567400162 0.9980609832377280721 99.92205999943833206
0.9981074318495819497 -0.003969620001480551018 0.06136602756504855316 0.07748916065551936239 0.004193034474577234279 0.9999851020105913202 -0.003512312273937272678 -1.714570760113777403 -0.06135116856865121399 0.003762974954892073058 0.998109230216208676 101.0837752576418467
0.9981682047229396559 -0.003955710002607379025 0.06037035833325557488 0.1397643098296084962 0.0040742669767552947 0.9999900668533516779 -0.001840831846680639466 -1.737895358387042011 -0.06036247470960696276 0.002083424873594912942 0.99817442979900739 102.2555279053037225
0.9982782223613065886 -0.004310241317892310811 0.05849790841826717214 0.2031011776478011677 0.004376641151416077284 0.9999899765133809515 -0.001006977677743800797 -1.761189498206606308 -0.05849297970435923116 0.001261268334739587028 0.9982871039236642652 103.4489400288519221
0.9984344546542783805 -0.003758876212351073328 0.05580773510849264263 0.2682158297075219466 0.003784310688369347999 0.9999928392623985696 -0.0003500499967139184942 -1.784685861655544548 -0.0558060178101315793 0.0005606958805780088914 0.99844155329742168 104.6256370154385422
0.9985764032218539255 -0.003321331327124709982 0.05323653216134559274 0.3313177222897232821 0.00337019181556988184 0.9999940391335964129 -0.0008280231445703516721 -1.813557517707387712 -0.0532334629640247789 0.001006261796446643493 0.9985816677831172994 105.8338756818903192
0.9987832386142363461 -0.001835499559632230949 0.04928149600169907246 0.3779682935253487197 0.001887711142718553588 0.9999977663445058784 -0.001012901100812365913 -1.831793443676666744 -0.04927952526378290288 0.001104697971437419626 0.9987844959924319088 107.0450078228910797
0.998937304772695156 -0.002093930736020552155 0.04604203741766507013 0.4317000644832736378 0.002135783282774722947 0.9999974106445475019 -0.0008597966751346145745 -1.859249069699158596 -0.04604011656139932879 0.0009572188898654269192 0.9989392137777212133 108.2510435696029845
0.999136973208622825 -0.001082208933279887268 0.04152264669153570703 0.4545408907830087997 0.001071030447295558824 0.9999994450186487915 0.0002914981234880550747 -1.880070495584932777 -0.04152293810389423578 -0.0002467744327967852326 0.9991376012161256037 109.474117654057622
0.9992911061037561549 -0.001118968308131278004 0.03763011757415928027 0.4910391301923857643 0.001084989310854288019 0.9999990460983456675 0.0009234260637048677476 -1.90769761290674178 -0.03763111419638123095 -0.0008819430752995727251 0.9992913903817496335 110.6970366074517216
0.9994783644875967488 -0.0005061084461611900379 0.03229141263210552615 0.5244938551374779268 0.0004580431367725086751 0.999998837271838914 0.001495916342465012641 -1.931180366034096485 -0.0322921317418149445 -0.001480345055824562302 0.9994774576245968323 111.9215533589197946
0.9996272724031042278 -0.0004207702192973507304 0.02729710162841057774 0.5436024210756232877 0.00036155380803781133 0.999997631927947106 0.002174288752525050869 -1.955711403525892234 -0.02729795172852825247 -0.002163608858989454244 0.9996250807873744426 113.1303851303198655
0.9997470039581186629 0.0005678597151544260068 0.02248550950740572235 0.566521973608422047 -0.0006129090342773558251 0.9999978797922841611 0.001996713813187914362 -1.968225616141237477 -0.02248432813981186135 -0.002009990115598938535 0.9997452557785743155 114.3869880880345136
0.9998471158406431192 0.0008137511689981042837 0.01746640406718991123 0.5774111009881878198 -0.0008414549046176130745 0.9999984605401407434 0.00157891833625292753 -1.992956451083305325 -0.01746509279770220441 -0.001593374021741977191 0.9998462847988418556 115.6095701528716972
0.9999107364672461529 0.002115311510011763218 0.0131923109967967047 0.5762395122515122647 -0.002136241976198498434 0.9999965424352005305 0.001572799297016489687 -2.018595563668833748 -0.01318893915033273606 -0.001600840755172977178 0.9999118214776427926 116.8401322829552953
0.9999520109713321281 0.00379768976532002386 0.009030272613022475442 0.5889491474498046442 -0.003804722554057239289 0.9999925327996928015 0.0007619300507543492551 -2.045707248584088589 -0.009027312589095084355 -0.0007962510465029656393 0.9999590167356998682 118.0576333243438114
0.9999484632410883256 0.006788835614764839738 0.007548184982287863345 0.5751091576521856208 -0.006796718178928818146 0.9999764435420267494 0.001019353923547530088 -2.068069677614070123 -0.007541088019623723264 -0.001070604155696269202 0.9999710732502814503 119.3058190735881681
0.9999514444910209132 0.007396612144598651954 0.006510861291105459782 0.5597190064392679743 -0.007401917121462337629 0.9999723533849492751 0.000791319465554046449 -2.095592797854135103 -0.006504829339850206303 -0.0008394737773168128902 0.9999785717793224782 120.5497052016981598
0.9999473909074539923 0.009052598138779325079 0.004822697936760551862 0.5466581471767594236 -0.009057319360591066862 0.9999585834480566593 0.0009583568920520361316 -2.11745728668655353 -0.004813823816108633857 -0.001001987068674733191 0.9999879922578860381 121.7788206892113578
0.999930187009339777 0.0107646977821739126 0.004871850280141765306 0.563046556459233738 -0.01077352897416052231 0.9999404219802894289 0.001790433432406326152 -2.130482824373856943 -0.004852287787273174002 -0.0018427953410504864 0.9999866103834641473 123.0043302397329938
0.9999302196451143043 0.01128745849192188018 0.003484488489560476354 0.541083527908101547 -0.01129514217302869487 0.9999338622859368364 0.00219383323707102694 -2.159945461663785871 -0.003459496554373608923 -0.002233037828232014438 0.9999916034457775327 124.2401836716435071
0.999900113555917347 0.01381284766273220554 0.0029934424626082228 0.552091742185932266 -0.01382590238734104915 0.9998948603037967064 0.004385754288190409425 -2.178558379757952856 -0.0029325493337285795 -0.004426703148528943199 0.9999859828962360808 125.4998391892108174
0.9998752615705139846 0.01560217671469162418 0.002454778080631877385 0.561379643930350114 -0.0156194319093794394 0.9998523250215253233 0.007175205229105696692 -2.192092086069020063 -0.002342468146389722287 -0.007212652350124112814 0.9999713256002500383 126.7501834537999628
0.9999027662028636687 0.01382481564401263907 0.001823502424336396165 0.5295951319588844131 -0.01383788775472526503 0.9998772016969501575 0.007363183396354684024 -2.21328868809346968 -0.001721485281290537333 -0.007387700772496542945 0.9999713095377115168 128.0033602132880333
0.9998988423788726099 0.01419829343812407767 0.0008402524766996161869 0.5275046969043720724 -0.0142029090770457566 0.9998825400330678681 0.005771099498238726339 -2.235085187541974161 -0.0007582155070383839526 -0.00578244963511902188 0.9999830748155953408 129.2810270867373106
0.999930643543422093 0.01177663895559152851 -0.000106876144007481583 0.5192286358885492836 -0.01177573094211423893 0.9999108964000440469 0.006297103152070134338 -2.236958505561984722 0.000181023783120389572 -0.006295407759940638455 0.9999802481059930637 130.5485334666688004
0.9999654836106643963 0.008291305264610396644 -0.0005276168349534440154 0.5064051512731958526 -0.008286718982222678401 0.9999323685118604033 0.008167667269687836282 -2.258134232962018206 0.0005953001993538852834 -0.008163013040192750383 0.9999665856242017092 131.788902242618974
0.9999822132005788955 0.005923984337756510454 -0.0006871837389813700847 0.5071278948831323685 -0.005916479887588760832 0.9999279573743105054 0.01044975750972417829 -2.276656864697248039 0.0007490368464804392527 -0.01044550584114726892 0.9999452444405483309 133.0468895436570449
0.99999214406413095 0.003865512046687514733 -0.0008730130271784349158 0.5116624816172860024 -0.003855395887167187546 0.9999287292538542316 0.01130462053640044623 -2.280191932261490528 0.0009166473571631246313 -0.01130116582661662254 0.9999358004069849315 134.3302639195383961
0.9999992042708025775 -0.0003518321311428819292 -0.001208383121716610472 0.5251485049395178129 0.0003636109005114847672 0.9999523664418279445 0.009759854074031527535 -2.294445593930062088 0.001204890119200344167 -0.009760285589298580908 0.9999517221307956394 135.5752767040925164
0.9999965484482918887 -0.002457065411619395283 -0.0009265178876770318889 0.495857064972017314 0.002465151887964401722 0.9999580522770550317 0.008828297232903101893 -2.307869116934043063 0.0009047857251339446079 -0.00883055066424417133 0.9999606813600581123 136.8340742983220366
0.9999914705392294323 -0.003987588827917707725 -0.001072612164714415416 0.4853746212112683422 0.003996299155345662581 0.9999580981938203106 0.008243395586877991232 -2.324033351506152645 0.00103969434706897867 -0.008247611646128872806 0.9999655281389244754 138.1147162371828472
0.9999923149826502877 -0.003916961384101755664 -0.0001410689159777663449 0.5028359022511137422 0.003918066940026655037 0.9999524830105220863 0.008933229758839167714 -2.342014563041210806 0.0001060695521386597343 -0.008933713719533529357 0.9999601687257315685 139.3934886489092833
0.9999928146629430969 -0.003779488393383534199 0.0002803582827298838585 0.4795086038373488346 0.003776309258287764703 0.9999368549948204343 0.01058997797571392327 -2.356835133605585941 -0.0003203667983259364874 -0.01058884306548566433 0.9999439660786033635 140.6706311437291674
0.9999982494502408503 -0.001440620243252635361 0.001190891389306258583 0.4666583772042894318 0.001425819024974025713 0.9999229183661050291 0.01233882030098625709 -2.371239005964036473 -0.001208576615070135066 -0.01233710061663680427 0.9999232454646388435 141.9655083099133037
0.9999969545625936318 -0.001655946251939889461 0.00182790015065776093 0.4525776391041464453 0.001636274926087040232 0.999941345832483286 0.01071212483734882218 -2.384407434015539451 -0.001845533066768534824 -0.01070910117228764634 0.9999410336070597705 143.2370998998766822
0.9999962851640452621 -0.001147959488288248639 0.002470700005757602881 0.4537777712316845014 0.001126283741158381905 0.9999610803954724902 0.008757356733362640575 -2.391427847218143388 -0.002480658324620871151 -0.008754541390791332686 0.9999586820826371625 144.5137911705195961
0.9999969352446220761 -0.001039640575543191109 0.002245252914260582704 0.4390249505471081615 0.001025449557272684921 0.9999796074314872829 0.00631310469380174516 -2.412050938227568775 -0.002251771886368272683 -0.006310782841641554217 0.9999776322884493807 145.7782377931365545
0.9999920817895296965 -0.00260352551598792923 0.003008408538696813028 0.4318294597424541803 0.002595630633625149557 0.9999932451248360055 0.002625742533630052826 -2.437434762515226616 -0.003015225754023992833 -0.002617912900258909104 0.9999921082096511205 147.0516277803789933
0.9999916938885339279 -0.002269489735727523144 0.003384387559275134436 0.4294299060723619221 0.002272911256365461267 0.9999969709793256056 -0.001006987148850712992 -2.457501124489151145 -0.003382093284630601285 0.001014671335148570764 0.9999938466930333725 148.3106839258326488
0.9999901362660735815 -0.002158878466029362595 0.003880608572471854877 0.435881195444380698 0.002167173474468768631 0.9999954353208273528 -0.002134200773904058185 -2.486977778413133944 -0.003875984671309446686 0.002142589816278046757 0.9999902737472343706 149.59318409542783
0.999991999897313133 -0.002191613269430250487 0.003345068259767131937 0.4334050452439498491 0.002197721564627934387 0.999995984413129535 -0.001822990373298469203 -2.523436047713391694 -0.003341060863042536605 0.001830327458729584349 0.9999928243495339597 150.8746647741821505
0.9999909437164912207 -0.002031137389245409042 0.003738913581573924394 0.408259895295160713 0.002036861025865548038 0.9999968204479046108 -0.001527222120261574308 -2.55007383202554605 -0.003735800997281362151 0.001534824076000299107 0.9999919247889793583 152.1322816274081617
0.9999950489949058774 -0.001341706770200180128 0.00284505172624344117 0.4072655072993413561 0.001342147737494628216 0.9999991487460441197 -0.0001525187109865013143 -2.575875066855493056 -0.002844846026296544202 0.0001563365699844979431 0.9999960219651707893 153.3889899226384443
0.9999973304800422458 -0.0014577825706464547 0.001790646393401456715 0.4242537312074915468 0.001457767661121309611 0.9999989984584251035 1.054043036760917557e-05 -2.60054776494113149 -0.001790661387446533656 -7.929921111243289157e-06 0.9999984775007872972 154.6458366423788675
0.9999968264184875277 -0.0005677211659980012414 0.002453030355811927372 0.4369713836583414834 0.0005678172817742117937 0.9999998991335703469 -3.782265783280898245e-05 -2.625966885051479682 -0.00245301001703582093 3.921554449790884769e-05 0.9999970713655920163 155.9275479436668377
0.9999991061354205346 -0.0003810724225091319424 0.001278681424135165185 0.4125409960852590707 0.0003808928462572787961 0.9999999784420942062 0.0001419519369191076148 -2.660534846493571415 -0.001278736943773897076 -0.0001414646356198212616 0.9999992531766697113 157.1830946258127426
0.9999989839985674589 -0.0005644146133356568468 0.001306120848056382955 0.406360924414404967 0.000562899876520052563 0.9999992286173134959 0.001161043865053215315 -2.685584065420595135 -0.001306776603001624706 -0.001160307340055348642 0.9999985537769409127 158.4643333453886669
0.9999999492404053614 -4.902799899319367974e-05 0.0003027067110493326116 0.4140543542228080631 4.852566796502569898e-05 0.9999986743988724669 0.001664619892698585187 -2.710291068661725866 -0.0003027894368494999104 -0.001664604990510837497 0.9999986494698234196 159.7221891375640439
0.9999998400822024403 0.0003172806628123052289 -0.000460093731652246778 0.4135126248099932345 -0.0003169216487218597697 0.9999997092553862821 0.0007766354856350342686 -2.731479742903871522 0.0004603384493213398695 -0.0007764894154624008091 0.9999996733421319117 161.0092898805145296
0.9999996866081379832 0.0007295753905612849125 -0.0002949940714438942864 0.3725769312873523087 -0.0007296732103792618815 0.9999997380093434973 -0.000337150198318720098 -2.758780505545566086 0.0002947464686766488955 0.0003373654779579660719 0.9999999804205743636 162.254982997759754
0.9999977612826458362 0.001459019548451404068 -0.001530102334112485056 0.3476327535508977884 -0.001460063029540427772 0.9999987625066217856 -0.0006821377039656124517 -2.780489085458532017 0.001529103564252089036 0.0006843703604739573331 0.999998677503903699 163.5416491953733384
0.9999977715261844091 0.001263012641171706429 -0.001689456470663141044 0.3367058745934800035 -0.001264805207485177833 0.9999986979580183233 -0.00106134868971353687 -2.815307120068951452 0.001688112140597612621 0.00106348329733810254 0.9999980904034200258 164.8051546808968055
0.9999944320135463194 0.001906917241120111017 -0.002737176126847985693 0.3594128576314443713 -0.001913398497297508043 0.9999954272678815981 -0.002367796279528514621 -2.844303203862702745 0.002732646722667565146 0.002373020549085718724 0.9999935314507181205 166.0579647845679858
0.999993067382475509 0.002138201869318202223 -0.003047261955636109635 0.3433233971932011519 -0.00214499165913249008 0.9999952803995256767 -0.002227172810608815234 -2.880109884075626958 0.003042483713406679557 0.002233693866230178435 0.9999929576911279483 167.3322940666723184
0.9999874192014662766 0.001951514205044427947 -0.004620125522602470079 0.3288532236113561047 -0.001954897864077535796 0.999997885012129939 -0.0007283236644818006505 -2.901899273240092558 0.004618692604376839136 0.0007373465152114868065 0.9999891427022961077 168.5875077546655518
0.9999866920283065896 0.002043352750526456103 -0.004736349333689189936 0.2922700642741996591 -0.00204508699965616882 0.999997904453523101 -0.0003616868132965996691 -2.924052965118879577 0.004735598534524197191 0.00037136838518936528 0.9999887987949950263 169.8564059965510182
0.9999874566708270018 0.00243626526946499368 -0.004375344747526314915 0.2546793832966369742 -0.002435131954022736779 0.999997061278914301 0.0002639599663477919592 -2.958246821723701014 0.004375973167347915055 -0.0002533019777747847422 0.9999904740651790469 171.1409165444813141
