0.9999999962582232227 8.137513278152659075e-10 -7.656115742981431352e-10 -2.139041617443826482e-10 8.137513278152659075e-10 1.000000061056633971 6.754229727670312846e-11 4.50643937444095144e-09 -7.656115742981431352e-10 6.754229727670312846e-11 1.000000080766252131 2.697696344089450804e-08
0.9999950718981782671 0.001480594860885139008 0.002767044203482469777 0.0004422116265518589778 -0.001479687690894751061 0.9999989121048289409 -0.0003292782629694360088 -0.001396660296037283535 -0.002767530083008151384 0.0003251824119199233872 0.9999961982776636171 0.007615517456987740651
0.9999979151385559595 0.001491545046738115268 0.001391951495446321551 -0.05033537135340068053 -0.001490994386486016194 0.9999988713567425913 -0.0003953879490638002869 -0.02823583648129791152 -0.001392541109344224174 0.0003933118671497967678 0.9999990338343145435 1.53366826754321095
0.9999799803301426815 0.0002334361167966039969 0.006322733351469375825 -0.04035104582186366945 -0.000234686683967426596 1.000000014052854436 0.000197305258062885347 -0.09249281628942965239 -0.006322688527476694187 -0.0001987850403850107263 0.9999800726179900456 3.684616202928777007
0.9999864311017063745 0.0007362952126417336316 0.005156354706954497692 -0.01477224170058882499 -0.0007412142757277337445 0.9999993327756760975 0.0009524504066260592976 -0.09629582301634753705 -0.005155651199078382929 -0.0009562593198964844041 0.9999863330900310432 4.887269034678267232
0.9999762826998749299 0.0003559569640506572751 0.006877488122854310236 -0.0132358580705293806 -0.0003568723414658826363 0.9999999886512083158 0.0001321075923254973401 -0.1204301729194436621 -0.006877442131592746352 -0.000134558715669436048 0.9999764218333879739 5.879876163558093616
0.9999769260297408646 0.0006103019844498134942 0.006765164489597663353 -0.02492603172818204371 -0.0006096474347576009587 0.9999998703626878926 -9.857410753221600966e-05 -0.1552410473606674335 -0.0067652248906438818 9.444759732336278153e-05 0.9999771919153175315 7.173886379720746831
0.9999594901639955458 0.0006744426242376079256 0.008975280984343256621 -0.01612872104806287871 -0.0006640316169475784592 0.9999991646364266851 -0.001162712557411518842 -0.1752935104198680982 -0.008976058651845442507 0.001156705717361167706 0.9999591261359240812 8.441752379332312373
0.9999711817625249743 -0.0004548397217586242348 0.007577682644165400355 -0.01632014257075771121 0.0004489573561723466527 0.9999996574992012777 0.0007781727815070892292 -0.1900081961635524952 -0.007578035061784248183 -0.0007747481732079680586 0.9999710669259509466 9.619228031750679975
0.9999785062955054427 -0.0002876009023357086998 0.006549560466986168762 0.003005800442016686152 0.0002760221011853936221 0.9999984583549659245 0.001768958311200397645 -0.2263675326387521447 -0.006550060256579180555 -0.001767112342930391702 0.9999770675186686608 10.81196519627360608
0.9999866260143310814 -0.002415611714786211357 0.004572211737783222173 -0.02781602126670023115 0.0024086972416355267 0.9999960086748670429 0.001517540442244036045 -0.2530655135481315043 -0.004575860529950246183 -0.001506506945306644715 0.9999884766709791206 12.00174582583029448
0.999995353107591689 -0.001183602528695063385 0.002808088184850383515 -0.02782602454787390031 0.001181745666349135479 0.9999991427450798387 0.0006634014522563459661 -0.2736174123252688162 -0.0028088723414129344 -0.0006600797922231640708 0.9999959180251126734 13.22065441932269003
0.999998359473409093 -0.001361327661924102836 0.001191784432447770721 -0.008465253799447918295 0.001360317619499631491 0.9999987751961155746 0.0008492689418091003539 -0.295283603162049324 -0.001192940565030584793 -0.0008476462112145026701 0.9999990099609096239 14.40552805440322715
0.9999991777699981377 0.0007659753780309236327 0.001024820617697254311 -0.03120475074308382696 -0.00076650289954572346 0.9999996341440092751 0.0005160399344252357932 -0.3196135294240826097 -0.001024426438023042256 -0.0005168249063661260701 0.9999994224880361937 15.59463934264610252
0.999999986526964757 -0.0001193140424390093005 7.229365226034429476e-05 -0.04018335995766472712 0.0001192867367424447708 0.9999999739077792826 0.0004000857870579420969 -0.3391490642120027488 -7.234291335027286086e-05 -0.0004000770243736420867 0.9999999981187206455 16.7935746912494821
0.9999997009659562508 -0.0006128532353129913235 -0.0004636756539359342469 -0.05331429402249936861 0.0006133108953484617612 0.9999993888382288088 0.0009840159099307520339 -0.3741745613934279735 0.0004630707529654624378 -0.0009842998607594416992 0.999999489125315888 18.01579451175069835
0.9999991052812832182 -0.0007198798894110305935 -0.001124156000903958185 -0.06915025708007525862 0.0007214697107522248434 0.9999988024802666242 0.001413023046481187185 -0.3963240790481280529 0.001123135846932563292 -0.001413832695468560195 0.999998450585514731 19.20312632055336621
0.999998314584889636 -0.001044118008932095644 -0.001507700992220477928 -0.0793088099588147577 0.001044079613468748297 0.9999995156326791923 -2.733247577384938318e-05 -0.4231996832213548165 0.00150772717708322259 2.575840704522100168e-05 0.999998943812080987 20.40247073174968762
0.9999972147899629515 -0.0008289335092795656898 -0.002208121484249582663 -0.07906521132176651256 0.0008277311857720698806 0.9999995693773309213 -0.0005460959108889270252 -0.4492045943835815125 0.002208571545013965267 0.0005442667984353872059 0.9999974937539439779 21.58230285091832812
0.9999965115926208181 -6.069627174336843808e-05 -0.002639249804331701265 -0.1015116754810590632 6.034999534964898292e-05 1.000000050536985707 -0.0001318986573265413728 -0.4654981540274935603 0.002639256251217453938 0.000131739056268338425 0.9999965892437636672 22.76768938684801213
0.9999936135975401319 0.0004888616294870840344 -0.003539251640645181638 -0.1162930683725255654 -0.000489442414613618375 0.9999999278814399872 -0.0001636938465031857639 -0.4932723306829830956 0.003539169614557135211 0.0001654251991662032196 0.9999938042003053695 23.97981605150278739
0.999991249967079443 -7.676352995851055754e-05 -0.004181700711597462379 -0.113636818075953494 7.289230441763808969e-05 0.9999996293954226401 -0.0009262877581430743919 -0.5268923024931277954 0.004181768481182315117 0.0009259749813038748367 0.9999909084123956848 25.18363571279660817
0.9999897039429249679 -3.363571139299157184e-05 -0.00453689341491255848 -0.1125582382488615196 3.217703021323431282e-05 1.00000000871410144 -0.0003219467627111600549 -0.5459078239105270569 0.004536902475404501998 0.0003217976041780819902 0.9999897371903868626 26.39017523395056486
0.9999805428858350442 -0.0004171935136177792772 -0.00622353018024816157 -0.1383593157534958873 0.0004268761008628684829 0.9999987620287441592 0.001554294690490805493 -0.5704964108132756229 0.00622287212165523098 -0.00155692099005776065 0.9999795064795200528 27.57547607339112616
0.9999749340406407505 -0.001708438263083919724 -0.006870593677641626332 -0.1350512445865156286 0.0017189400860338946 0.9999974244207806562 0.001522666381923601679 -0.5960772361231047034 0.006867972648721592036 -0.001534438217479281493 0.9999753186798117088 28.77425376226203824
0.9999752681197311421 -0.0006854315993873548712 -0.006998990113779812033 -0.1471648265091457242 0.0006923344643814336591 0.9999993376016651503 0.0009836583442864213055 -0.6180482822254810271 0.006998309287912231683 -0.0009884795210338100709 0.9999751037365077755 29.9645047690778199
0.9999545670494688343 -0.00254733412433464073 -0.00918517608357059985 -0.1865727837656192822 0.002544458065340077409 0.9999967711173795015 -0.0003249691084420010235 -0.638901844442466893 0.009185972139011075802 0.0003015831944044806479 0.9999578433488064411 31.17843938750915456
0.9999560419609083706 -0.002272718976233236571 -0.009096231545758523204 -0.1709690446610797887 0.002272525240376641834 0.9999974783636121911 -3.181320531120506421e-05 -0.6744958242954847139 0.009096278824461945939 1.11405353504968382e-05 0.9999587086970284089 32.40391207537149398
0.9999532257660106449 -0.002086790415913200407 -0.009443734496539226905 -0.2317589198068006062 0.002088328102189943546 0.9999978688255350967 0.0001527957258069809806 -0.6848232202905318866 0.0094433934099027797 -0.0001725100513245298448 0.9999554760446470736 33.57485042744734471
0.9999452147987101247 -0.002605109231085334879 -0.01013771887127690868 -0.249251651629536608 0.002609007714309122695 0.9999965887026570632 0.0003711858342412351248 -0.7145798379027368252 0.01013671515865727929 -0.0003976147416548606994 0.999948623888524013 34.74854639602785511
0.9999329569207203727 -0.003084341102711164653 -0.01116069188758673711 -0.2521743700718798165 0.003089044126886357749 0.9999952083295977623 0.0004040321314495129196 -0.7504169287331233784 0.01115939002369277164 -0.0004384807687368713494 0.9999377166872664979 35.98093503518634151
0.9999280086347980268 -0.003023718250439367487 -0.01161151225656646691 -0.2689797506451295228 0.003028187754091067694 0.9999954086633230377 0.0003672177226152674055 -0.7728778492759067476 0.01161034634114659937 -0.0004023529799947566494 0.999932597465046813 37.18928109616049937
0.9999214438669208338 -0.00449079916848993399 -0.011701767296477995 -0.2937774932167828146 0.004502892041417411693 0.9999894158178881387 0.001007141944964713275 -0.7866770789824959476 0.01169711832477769893 -0.001059754478547248911 0.9999311055498747436 38.37736467396861428
0.9999244671369997839 -0.003967948767342751627 -0.0116321942739654096 -0.3197404199910777733 0.003990961565478794333 0.9999901847686912815 0.001955686867527152862 -0.8126859455961092937 0.01162431779377926487 -0.002001962649082930559 0.9999305120278545456 39.53615801483992698
0.9999313521930763837 -0.003587326844521343105 -0.01115412598441064239 -0.3252026136835634573 0.003619419587814661117 0.9999894262258651745 0.002858208732189057751 -0.8345338759452524124 0.01114375250065553768 -0.002898383848451752468 0.9999337866357029814 40.76901125893038369
0.9999312353373747131 -0.003405712192851273121 -0.01122133060800843685 -0.3748413354372544526 0.00343853718108654352 0.9999899236439876438 0.002907093254725079054 -0.8673653695462471003 0.01121131459713400023 -0.002945478176166347641 0.999932893792087496 41.99111803422687927
0.9999372134482708008 -0.001889022862166923325 -0.0110450574810919272 -0.3896430443768062468 0.001916904918185603377 0.9999950631734167983 0.002514203837950341504 -0.890883223751384401 0.01104025135788830499 -0.002535218168744162847 0.9999359214587619782 43.20213348883953586
0.999940416372236851 0.0015309520828443615 -0.01080798022506337941 -0.4372741632451827565 -0.001489157804147872273 0.9999914489731520639 0.003873822549138979804 -0.9019617610212592451 0.01081381624781246539 -0.003857496816365657989 0.9999341691339782567 44.38986431004509825
0.9999596121658553827 0.001677834867527510342 -0.008829011650970292752 -0.4322081507324475602 -0.001615707801421329987 0.9999739820766309073 0.007038946691361096762 -0.9108672180123975615 0.008840590051865734531 -0.007024397185841992769 0.9999363296340713081 45.57754145076452801
0.9999750065876609195 0.001620318095104143026 -0.00688137363238528095 -0.431816795399287634 -0.00154872970009712306 0.9999448260367141961 0.01039559680230814354 -0.9480105991806843102 0.006897836172478893219 -0.01038467949255776276 0.9999223668876792148 46.78167599632133289
0.9999835697671360935 0.002423911687030302822 -0.005193975251350698916 -0.4591873007819171626 -0.002354129128146138176 0.9999075160643222659 0.01339923537382865446 -0.9496971491362846685 0.005225971594033183149 -0.01338678784546332157 0.9998968170010474887 48.01098865748664224
0.9999911107963550538 0.001171915669951195367 -0.00404937871317879311 -0.4665240141402778318 -0.001111552644542396912 0.9998887808792537024 0.01487657354020846534 -0.9576083250050371198 0.004066360642904823762 -0.01487194011986599576 0.9998812187588155265 49.20286593167723055
0.9999975308382241801 -0.0003028647530406491169 -0.002199797748218091514 -0.4638468047500626801 0.0003321639193718498744 0.9999111553444967049 0.01333016143434559951 -0.9685504658017848323 0.002195563395863412131 -0.01333085912625254707 0.9999088104520941211 50.3925610112017992
0.9999987022136327397 3.835505436346492994e-05 -0.001608296965799470724 -0.4716338497933802998 -1.97500489427179431e-05 0.9999331775878784745 0.01156555603428936069 -0.9734900215506487875 0.001608631454246787877 -0.01156550916764504007 0.9999319040955427784 51.59842927322536354
0.9999995682602479397 0.000922223957775660224 -7.416472126948664488e-05 -0.5201639126785214673 -0.0009213699142962835471 0.9999416146315551757 0.01077221058992400629 -0.9833042724717320215 8.40932366781363004e-05 -0.01077213751185743598 0.9999420560764463728 52.8133891547027261
0.9999997028910627694 -8.410052918350468534e-05 -0.000761355640773876902 -0.5083633108374787657 9.233849112271729214e-05 0.999941470897160678 0.01082443397212706424 -0.9974755101942271995 0.0007603991522785430012 -0.01082450096326510736 0.9999412050213444259 53.9958746965471974
0.9999995614064319804 -9.719092705511718467e-05 -0.0009275012932831111848 -0.5279636985666660287 0.0001062953406761327148 0.9999518447010119493 0.009819322635131031221 -1.01847234401533937 0.0009265006843729937372 -0.009819416818340889058 0.9999514399097626516 55.21881157732723722
0.9999957852178721351 0.0001093773219694838634 -0.002900018080800099117 -0.5436488454904208067 -8.04362572299129481e-05 0.9999502833599045459 0.009977296973947464426 -1.018505382574174556 0.002900963475242407386 -0.009977021555191454422 0.9999461010353527524 56.41210100770427971
0.9999924258061704263 -0.0002962622044034702684 -0.003879830174132394179 -0.561956866854907422 0.0003397773797537064909 0.9999370630609309973 0.01121947352684167162 -1.035642990021945486 0.003876260306594999684 -0.01122070673043363241 0.9999296134567389194 57.63502719673267194
0.9999869686570905802 8.930129856424594899e-05 -0.005103632812916304023 -0.525767825860858018 -2.925569597033673763e-05 0.999930864571792144 0.01176381478745284516 -1.052096283983238845 0.005104328642634962596 -0.01176351208367529266 0.9999178601918484732 58.8371558218979871
0.9999823954386662939 0.001112164401969991702 -0.005827901270562150723 -0.5500057046110510273 -0.001044711158339534226 0.9999326476625696181 0.01156420480776360754 -1.064710019538343877 0.005840368147498937838 -0.01155791265579536251 0.9999162296269247241 60.06415045059083724
0.9999780789553098792 0.001202137104665260657 -0.006510684086657982962 -0.6178794355463601562 -0.001129119533525374313 0.9999366245294666333 0.01120687864908309281 -1.077579671226066793 0.006523741734992486579 -0.0111992815444587699 0.9999160856799360619 61.244122434187517
0.9999765044305300998 0.0002806002040956548089 -0.006848677374620287112 -0.6053560423387877032 -0.0002058268426083872157 0.9999404590574534346 0.01091595584639375172 -1.084031398692370418 0.006851330658996311607 -0.0109142896285581957 0.9999170460914321712 62.46261639378443675
0.9999749732362844812 -0.0009690169973173183094 -0.007007598516017291695 -0.5962487001975078638 0.001037659649862862328 0.9999515187902650037 0.009798237065102140264 -1.097423512782403909 0.006997762154586773323 -0.009805263244337157971 0.9999275221994163854 63.6681729894421693
0.9999734894723177892 -0.00129572606924842175 -0.007164773287839847592 -0.6474552859194812049 0.001374351399623162037 0.9999388385444516469 0.01097963787313016755 -1.116913693778220473 0.007150106500305547681 -0.01098919361256653522 0.999914133870519084 64.88051326658143125
0.9999698938236010193 -0.001160038682223777859 -0.007671915539140537407 -0.6482657216324777538 0.001254267741491760452 0.9999237649565059227 0.01228874311971285202 -1.127630190964094004 0.007657073244393183993 -0.01229799569264587028 0.9998951395232956729 66.10767183858904161
0.9999665052687460864 -0.001427491472918365409 -0.008058730718281456942 -0.6580173732805575382 0.001518450175224469231 0.9999351518902207525 0.01129196364463793192 -1.139888643303400562 0.008042086911769309732 -0.01130382210400709096 0.9999038503548646206 67.2882897380971059
0.9999668379762660653 0.001003598270914656237 -0.008081353494024339987 -0.6526856970844940875 -0.0009240086951776493125 0.9999511604792921116 0.00984606413829330375 -1.150374299718305071 0.008090838264334118332 -0.009838270277904617375 0.9999189508581902697 68.46717502978448522
0.9999631096044140355 0.002902963256725951419 -0.008083611458628859811 -0.7159155136194377267 -0.002818547825946995933 0.9999416481476577356 0.01043447170050744791 -1.173974880911573759 0.008113428617707028542 -0.01041130262271839843 0.9999129654948019086 69.66662103067162093
0.9999550330911604057 0.005365005184928849091 -0.00781927485117491633 -0.7176799281092300919 -0.005284317732204269619 0.9999330185690467054 0.01030322609328980336 -1.18332652624077439 0.007874025945774881796 -0.01026144315733389968 0.9999164285135817565 70.85504574615822548
0.9999547019182624119 0.006679843793137077261 -0.006779848296687125166 -0.7337785264084646375 -0.006606787202211306977 0.9999205473660955912 0.01074110895006901399 -1.195328245624116992 0.006851056591254753823 -0.01069582928796510707 0.9999194086393474734 72.04010001519202433
0.9999565402840305817 0.00690862264944523078 -0.006259474414915149228 -0.7413590660134045107 -0.006835557432764509042 0.9999091865014406721 0.01161963889639962624 -1.206418207825315392 0.006339179742548186475 -0.01157634682170580014 0.9999129784683965516 73.25245700638630808
0.9999519336073013909 0.008666243602654145894 -0.004584674584522226148 -0.7594205616266610503 -0.008609049265455208724 0.9998867258844136297 0.0123507801449643656 -1.213728370954983538 0.004691188300834992116 -0.01231071671196194185 0.9999132965037961229 74.42284017482909064
0.9999698174984833487 0.007661248687117651682 -0.001289145234320259598 -0.7920373844467487601 -0.007646818218225862399 0.9999119793691094715 0.01084812362748236586 -1.228966925098572194 0.001372140311573531073 -0.01083793825493828238 0.999940407150243793 75.59943261088019995
0.9999908448399997818 0.004215503666779961758 0.0007295809793249246125 -0.7799124060918126711 -0.004219651827251509092 0.9999744362716941337 0.00578303106445853931 -1.251143483171177184 -0.0007051854329980897403 -0.005786056587966089369 0.9999830927544623993 76.82123056753337664
0.9999804569507778629 0.005420979511600685675 0.003113072577936796658 -0.7956844557199846957 -0.005435222186556476834 0.9999747762523171213 0.004585555854494862728 -1.260666312303555969 -0.003088137197000650949 -0.004602386368697623624 0.9999847213751734687 78.00326938665587306
0.9999718047323113979 0.004291964272292224034 0.006161274339949611434 -0.8152677250014410681 -0.0043404130096357579 0.9999596566303887712 0.007871977760710529778 -1.277090454975194689 -0.006127240689855704622 -0.007898498186239310756 0.999950114847952265 79.13985957530344706
0.9999464815320079358 0.004131816080123120773 0.009484444369582891929 -0.7757500484228074811 -0.004224718166608289367 0.9999431512512073628 0.009796332514542538394 -1.304181784557010726 -0.009443429509394044019 -0.009835877246839940663 0.9999071150333090907 80.31297387349408723
0.999893615712301953 0.005543853554176502059 0.01349131082380832826 -0.7779512562315924473 -0.005650953493857969502 0.9999527821226897872 0.007913428718327649228 -1.309251710710547023 -0.01344680361973743347 -0.007988825533892799508 0.9998777543653309952 81.47288927079416965
0.9998488057863893497 0.004029286970623517303 0.01691516882523047549 -0.7598052375557288185 -0.00412020834073901273 0.9999772944738819502 0.005343830714814558173 -1.333231186787424249 -0.01689325343417522746 -0.005412716680223193452 0.9998427286426829763 82.67665081280038919
0.9998049593275326608 0.00226097172646549634 0.01961947588186056107 -0.786704860953564844 -0.002292820611364959626 0.9999961508201986593 0.001601070861097969849 -1.35887113379839608 -0.01961578072176739171 -0.001645742414626810268 0.9998063183478995697 83.82137157424315888
0.9997066591599256258 0.001376485995041343367 0.02418043524867920235 -0.7327805330318141186 -0.00139244102073908917 0.9999988848365011229 0.0006430744385838311344 -1.373893532338535506 -0.02417952315568089663 -0.0006765555167241119744 0.9997074844436444341 84.98171831039269364
0.9996308741303532308 0.001526437321421787469 0.02712522837204445897 -0.7126828533222138162 -0.001586480623297943779 0.9999963996379841458 0.002192236580211062973 -1.392614578573055262 -0.02712178427628681582 -0.002234460914732274046 0.9996297202032616847 86.13197172241301303
0.9995309652459513083 0.002341196648483421291 0.03053458474301463596 -0.6628035371238827356 -0.002433500054476965373 0.9999926415035284011 0.002986155688829031894 -1.42174692170991257 -0.03052736854594905944 -0.003059060894693681719 0.9995293309433872508 87.33478471153925682
0.9993809312841572812 0.002041303717805093097 0.03512235520702863129 -0.6479324720211643296 -0.002066698050740095344 0.9999976895973585744 0.0006867815135214659335 -1.442164921923826171 -0.03512087151726122486 -0.0007589435495551406395 0.9993828645071434202 88.43996264820836473
0.999272558126024224 0.002242884575571339398 0.03806989138034912873 -0.6225943021589159798 -0.00219278731507938562 0.9999967353663020697 -0.001357589690705203293 -1.469930692808322004 -0.03807281121770109134 0.001273123055311331823 0.9992742374703739161 89.59835440508120996
0.9991479493391242084 0.003004459927337256586 0.04116237546731202346 -0.5697890782828110012 -0.002938416462860459714 0.9999943580622019379 -0.001664830383973539985 -1.504425099924067366 -0.04116714416326148346 0.001542459767419388601 0.9991511639945379608 90.79553831844030753
0.9990278565395420696 0.00131278578666982359 0.04406371599017237101 -0.5428302640825446446 -0.001298127562474972246 0.9999991532421252938 -0.0003612351958813699959 -1.531156133700197319 -0.04406415174247172578 0.000303683798508993315 0.9990287381968632197 91.90929693215333884
0.9988803397467049816 0.0001271788843781781737 0.04730796261167943828 -0.4878424921038561624 -0.0001616665897223664057 0.9999997850213608874 0.0007252132519400900437 -1.545391581665809921 -0.04730785885132231944 -0.0007320492827933063745 0.998880168994476958 93.06908124462719911
0.9987690137961576786 -0.0007209082476119578779 0.04959768159182794539 -0.4353064231744294688 0.0005920318362825005218 0.9999964716259674979 0.002613110908100514575 -1.575686655722554619 -0.04959938890888581503 -0.00258053071257977485 0.9987659399885953082 94.21621244641568182
0.9986352657315508141 -0.002106091108898277588 0.05218393508681390403 -0.3837930422674145636 0.001915476978427230236 0.9999913722020802309 0.003702510804335537847 -1.59470113838291927 -0.05219128102475707048 -0.003597500653986823466 0.9986307072966105203 95.37787259873533685
0.9984880205088827454 -0.003124288428169767241 0.05488082000727784876 -0.3076492632785124415 0.003051196738784314917 0.9999944041886277279 0.001415594486606122204 -1.61652287935386596 -0.05488493380866420884 -0.001246001869697224663 0.9984919893929690149 96.53549858302794462
0.9984097742861538505 -0.003971905830675393455 0.05623290198972269449 -0.2339267504285402199 0.004088520190831705474 0.9999897844590065477 -0.001958851434993653679 -1.644778066013049544 -0.05622454526062779095 0.002185645874689401153 0.9984158376216127895 97.73766841885166912
0.9983161792424140035 -0.003582342715632540284 0.0578961638598888273 -0.2045315430126492251 0.003885310416157237469 0.9999793996731385359 -0.005121202084624046531 -1.658497712940529389 -0.05787662326928832979 0.005337523577336878225 0.9983095555280275812 98.89167353549291306
0.9981598882483485591 -0.003397936073703815025 0.06054159108698720093 -0.113400331490032924 0.003757937396091920804 0.9999759851382953313 -0.00583345280358727597 -1.696936569128946859 -0.06052031331738748354 0.006050230218644931345 0.9981487102156904045 100.0592923374101844
0.9981763018187019831 -0.003217598172150702446 0.06028026440178688855 -0.05343906963715640279 0.003523552158941176734 0.9999815032810920323 -0.004969888722537699373 -1.722695910538930786 -0.06026315615432319833 0.005173225909028559069 0.9981691996156720759 101.2149640401361239
0.9981837509499346117 -0.003371187597115285917 0.0601483761974038536 -0.02143093573357741227 0.003597050185130797918 0.9999869406202374078 -0.003647182065683434067 -1.74604222447633628 -0.06013529321537404437 0.003856914705495938494 0.9981828650290118787 102.3643107953133722
0.998275520287511875 -0.003630115502816116165 0.0585901064007099473 0.05110041205422179156 0.003761175787946248461 0.9999907262622896864 -0.002126749726892568967 -1.77049592337278372 -0.05858184065389154815 0.002343449978587210884 0.9982799394557747563 103.5814395300467652
0.9983858104627336694 -0.00378111091375276211 0.05666982762360502773 0.1258622932188601384 0.003864720211281943638 0.9999916602544878241 -0.001365824884642776425 -1.793933407371099298 -0.05666418874376963344 0.001582633310272639352 0.9983921205286175882 104.7525955148031898
0.9985614189197155044 -0.003588253931510784756 0.05349962383295971818 0.1849964633371157241 0.003620756738057233966 0.9999933757459034123 -0.0005105910397852974703 -1.821066119690169405 -0.05349743556938635347 0.0007035657334860025841 0.9985678198075642609 105.9565505867302448
0.9986916007433926934 -0.002691572940361934736 0.05106696284800366081 0.2211531973593244549 0.002736520458460053439 0.9999959885354890998 -0.000810238148529783108 -1.848718893557397713 -0.05106457559005288943 0.0009489239211772213705 0.9986949834926922565 107.2057872836961394
0.9988541062150843031 -0.001142531857521774958 0.0478451852662391125 0.2874382952588855344 0.001205517350095876468 0.9999985054959393826 -0.001287574777084570183 -1.871840378238075697 -0.04784364127333556871 0.00134377765608400721 0.9988540141900650315 108.3913273584060448
0.9990663794867646885 -0.001117881598643732715 0.04318694624758861317 0.3286847079042466424 0.001150196920996503485 0.9999991379361254928 -0.000723387185629864593 -1.895767675144584663 -0.04318609924874876327 0.0007723854127402819464 0.9990668274412154437 109.5931430642929882
0.9992196559545161172 -0.0005085854432631763643 0.03949446900526384224 0.373628948246998327 0.0005051250615506221696 0.9999999287149062832 9.763680090848288369e-05 -1.914745263386399277 -0.03949451496520794969 -7.761086153292868085e-05 0.9992198650574023455 110.8051327742607839
0.9993769359664137486 -0.001005108489715841012 0.03528062047893411324 0.4017903775009329936 0.0009642419427829273691 0.9999989054277972356 0.001175370430190785355 -1.949470532315810134 -0.03528176261349203618 -0.001140618942282974014 0.9993768346807450076 112.0485524075310622
0.9995299097308513181 -0.0006656527356237813744 0.03065141118684717308 0.4338165412616927785 0.0006126153867475919073 0.999998360039908718 0.001739751251757976113 -1.964491847782686929 -0.03065251865025736891 -0.001720155781322889755 0.9995287017711406152 113.2610848646970538
0.9996564096246794984 0.0003862109588813795211 0.02620889300231837166 0.4504542163719581493 -0.0004341302656071307099 0.9999983055981044311 0.001822757443650397388 -1.977944781444469946 -0.0262081445570564453 -0.001833509128838598521 0.9996549069141295041 114.4405030250899529
0.9997729797487057146 0.001217994132257224074 0.02127199987989974658 0.4956788934066116425 -0.001259891952942101059 0.9999973536202131363 0.001956409031700955328 -2.011137577173086388 -0.02126956092531383929 -0.001982765199293323212 0.9997718919567468721 115.704609371712138
0.9998661651527867011 0.001776485429846975895 0.01626309931026955619 0.4842980681292656797 -0.001800441637725470586 0.999997376473301558 0.001458618112241428242 -2.041783367826695894 -0.01626046596931183044 -0.001487703544549233339 0.9998667638838091287 116.9013747602719491
0.9999326419326469706 0.002548458379150617993 0.01132296215673637974 0.496665901972322188 -0.002559073656361106775 0.9999963604196874245 0.0009232541509665328746 -2.05548474875896936 -0.01132056891200322775 -0.0009521681361646125528 0.9999355477400700964 118.140130059465946
0.9999571788104388848 0.004191120545067895768 0.008250307362414378148 0.4779487020439846523 -0.004195668177872071726 0.9999911165265154001 0.0005341741083762062284 -2.0771548376307849 -0.008247996311263047081 -0.0005687666634306979196 0.9999659037190454791 119.3684561524473366
0.9999593529266771474 0.006759599524121499489 0.005965972931633692876 0.4946780009954171442 -0.006765218863905626649 0.9999767511891339833 0.0009224935745558831548 -2.102497529424737444 -0.005959599711275315875 -0.0009628170690562231227 0.9999818586819806399 120.6117908663752161
0.9999596153252680031 0.007576042088619325265 0.004833614784725726206 0.496666002037114418 -0.007580459236067402934 0.9999709270789135518 0.0008965110522171159486 -2.135609288818360874 -0.004826683489713374901 -0.0009331157448860578777 0.9999879969076097552 121.8525006385838338
0.9999444127685677142 0.009785261843029259207 0.003925883016574580053 0.4712133976057308882 -0.009788587177194430639 0.9999518079409757121 0.0008291247908798777405 -2.146573693376131686 -0.003917581910356446318 -0.0008675074291283571982 0.9999920307282064158 123.0976568781060081
0.999931734281405693 0.0113080820155744867 0.002940509730824254851 0.4731425617554096963 -0.01131325346673931441 0.9999345352425178524 0.001748602933972186625 -2.172703527305611448 -0.002920545240739680446 -0.001781750178863931175 0.999994228642227867 124.3372378557779143
0.9999400484235212438 0.01078148440271863365 0.001910940017330261653 0.4540828193069891272 -0.01078607968459466097 0.9999389809922523131 0.002411817960273431646 -2.202130686844407936 -0.001884821854746279463 -0.002432284803093067143 0.9999953464751081267 125.5841127320987169
0.9998936817599910487 0.01448041850924406196 0.001713244720716805081 0.4604103047903386203 -0.0144872906567222251 0.9998868307252557486 0.004070163226952801944 -2.21760430571676892 -0.001654114601577279893 -0.004094550661274089925 0.9999903300000990702 126.8282290914889501
0.9998721924505021841 0.01598646010620093788 0.0001562571057814993419 0.4444131321380089261 -0.0159871708029476027 0.9998460530954200731 0.007238960706482979769 -2.231648005671904578 -4.050922954296987203e-05 -0.007240533525985897584 0.9999738669404432123 128.0904481305721561
0.9998983693810065132 0.01425369643370896951 0.0002749537644859008346 0.4253498011681102753 -0.01425526200998124098 0.9998742887717088079 0.006950988220749923507 -2.252316489736281291 -0.000175843450709909922 -0.006954201227470301408 0.9999758845568506027 129.3304974687856372
0.9998964317944939451 0.01437457492242301405 -0.0006998819741233765429 0.4180025915651609525 -0.01437017116322014849 0.9998791973944768374 0.005933875348211727595 -2.265584955825775015 0.0007850927774745534169 -0.00592320326108255503 0.9999822302532260787 130.5789679591023571
0.9999328489566022826 0.01153588422824858295 -0.001101588959388587153 0.4012639803800107097 -0.01152863340069583062 0.9999132843230047474 0.006374679126574056207 -2.280596807380411928 0.001175029385898077776 -0.00636155114155033917 0.9999791555337248505 131.8427478153799086
0.9999525464940657304 0.009404880954909758048 -0.002538802113153525771 0.4151829821873670445 -0.009383248723255535606 0.9999207422442361048 0.008401545576642162685 -2.298773280737314906 0.002617614730950243787 -0.008377324583502290117 0.9999615642870061105 133.0955272248543793
0.999977990250517923 0.006205400710967340361 -0.002346177667539060124 0.3844749538549868673 -0.00618121573084886005 0.9999291589258413326 0.01017800600302303654 -2.309653042647110688 0.002409168380532049607 -0.01016327966309780138 0.9999455311061133944 134.3831551162766971
0.9999862373869999876 0.004140501446350555899 -0.003220840645826180283 0.3803222582672456387 -0.004102988579671230408 0.999924741853128185 0.01156711824292347597 -2.31838200095883229 0.003268490180743230042 -0.0115537438854319708 0.9999279921556946116 135.6314280193716399
0.9999971471746345042 -8.294155739190772606e-05 -0.002385641158243907971 0.4023571718500318362 0.0001059242324941812803 0.9999536419907385509 0.009634561022029171709 -2.335842813619068536 0.002384729774552958158 -0.009634786132486803864 0.9999508215333862138 136.8782430995417769
0.9999944202709305507 -0.001483609800006717872 -0.002991796864632333738 0.3863578917261666357 0.001508954850769385564 0.9999629108473355732 0.008486583712422298906 -2.350443856522205888 0.002979093402768293476 -0.008491050739108012627 0.9999595934758733762 138.1640547446432379
0.9999878968193094408 -0.004089677439985128955 -0.002733728045055227717 0.3749328215624058158 0.00411259411906946936 0.99995607131148323 0.008429954820186127268 -2.368504901111212924 0.00269913045734434566 -0.008441095395979146196 0.9999608112963581652 139.4432560194417761
0.999992065699069399 -0.003455953648557760771 -0.001979251940818082742 0.3652159051078445184 0.003472957218296258714 0.9999566003332165387 0.008652059808845322456 -2.376071959808120138 0.001949263267265361659 -0.008658864911202232215 0.9999606922062960201 140.7161537340202244
0.999992486579394102 -0.003553900454915945219 -0.001545668259087248008 0.364435670317850402 0.003569202528532354653 0.9999435751947076678 0.0100114605160271531 -2.389883647840091108 0.001509999679690481782 -0.0100169019972260482 0.9999487702387537258 141.9999803603043631
0.9999992700477491336 -0.001138656773979196532 -0.0003948164317757493595 0.367638932996064649 0.001143485702088244604 0.999921902625351855 0.01245002852639360245 -2.406242829992235599 0.0003806077238748885078 -0.01245047081574326107 0.99992249821743584 143.3011968201941215
0.9999985963237552067 -0.001569246052492169301 -0.0005808031644509760189 0.3335625002988719667 0.001575338620267791034 0.999942217995209659 0.01063960047977409798 -2.430921529121073732 0.0005640718792554216994 -0.01064050040995245978 0.9999433099440601103 144.5711152537971316
0.9999985899954488833 -0.0003200376642666091244 0.001646237117830777084 0.3186617866534751653 0.0003058277555938435674 0.9999628117681166328 0.008625756000309348082 -2.434618123105441789 -0.001648937901498165239 -0.008625240271242260587 0.9999615231428948814 145.814666184214758
0.9999991010110995671 -0.001132685457011182398 0.0007124003691373728729 0.311134798521337963 0.001128189194302673054 0.9999796880943205846 0.006282730661738798565 -2.450804929738374938 -0.0007195037488916483735 -0.00628192117937716784 0.9999800904581056527 147.0678318661462924
0.9999982176115254084 -0.00168449153762836 0.0008483953572216906477 0.3056764517090330147 0.001682417836397942729 0.9999956665893979801 0.002440981138066945083 -2.478206564426105984 -0.0008525049738866636098 -0.002439549305257216697 0.9999967416785756624 148.3562369767056737
0.9999971326060372867 -0.001768836380962616897 0.001611989169385680048 0.298818644283737167 0.001771076733122536103 0.9999975288321935052 -0.001388428074025178059 -2.500596846915403404 -0.001609530715495285924 0.001391279189701435806 0.9999978176416161046 149.6638295749273482
0.9999960152586113704 -0.00213044519196224939 0.00185018402110738835 0.3278683736520578429 0.002134236918783252463 0.9999956844770556685 -0.002048945168066614378 -2.523890749138978595 -0.00184581228791740634 0.002052885877488924791 0.9999962700789484238 150.9178816361083761
0.9999963594758295438 -0.002304507215275577222 0.001400997017109571969 0.2929943442407052512 0.002307169472288438366 0.9999955936672870749 -0.001900455613540013395 -2.545931413282942923 -0.001396612674417767493 0.001903681175269181496 0.9999972934991806506 152.1897074806552723
0.9999971121130980523 -0.001320838127955253774 0.002005907221572565333 0.2778618865072446376 0.001323802775623404053 0.9999980947466030612 -0.00147653802327255999 -2.58281209970353709 -0.002003954539663338388 0.001479189324744880621 0.9999969788457045983 153.449518849786358
0.9999984897680603835 -0.0009692811689750376351 0.001439954344308010288 0.2748693738346429383 0.0009696047722259228509 0.9999995661439314842 -0.0002229199282774466616 -2.619740517916789635 -0.001439739090554041688 0.0002243159137149906552 0.9999990191836646281 154.7033060165964855
0.9999975316200617748 -0.0005854265111921983823 0.002141621396785956758 0.2570624944909414289 0.0005850695316023000678 0.99999987578029359 0.0001680692272496015079 -2.641187799182312279 -0.002141720923485272363 -0.0001668156817977631116 0.999997773367218179 155.938196674671417
0.999999344807380508 -0.0005142387607001958462 0.001019047329780962659 0.2656396113430780637 0.0005142547678231754963 0.9999999287321644781 -1.38487953761451531e-05 -2.675529282235941775 -0.001019041604524959649 1.437297095328580443e-05 0.9999995614407094502 157.235824056526468
0.9999997887001980112 2.339935919792509049e-05 0.0006438692124237741388 0.2708607082796392618 -2.349959943606314412e-05 1.000000048266157737 0.0001582046338551633218 -2.699440828013708327 -0.0006438670336547140053 -0.0001582195971444378714 0.9999998609676115091 158.5120761787007382
0.9999994832374337062 -0.001012749143311737115 1.946466405060268511e-05 0.251590047410718276 0.001012726656345124118 0.9999988266828905292 0.001201304542497673346 -2.727067743786411036 -2.06827922272871148e-05 -0.001201284077976245415 0.999999359010363631 159.7857283628035248
0.9999988396513469491 0.00033499299375379008 -0.0014835751111337038 0.2593349399019574397 -0.0003325907431906062364 0.9999986966460993054 0.001618086058970869554 -2.750211952410173577 0.001484113601829060341 -0.001617590628095203582 0.999997671165865798 161.0744369302270229
0.9999990572176135073 0.0008360132739094275085 -0.0010858937815949243 0.2400146191548362673 -0.0008351010796393528238 0.9999993606291324166 0.0008387249302098999946 -2.768274214084538887 0.001086592674177219416 -0.0008378171762117063914 0.9999991394543089607 162.2928912578664438
0.9999956910167514534 0.001062427443414190684 -0.002735273099025634785 0.227860198494032079 -0.001064611085147953171 0.9999991762820711338 -0.000797589985727912296 -2.799910022855640612 0.00273442176685079457 0.0008004986904794058212 0.9999960218257064604 163.5710630741875775
0.999994201130135596 0.002295124808581538046 -0.002514484663202083952 0.1999676657198605212 -0.002295861410963671682 0.9999973832953498176 -0.0002907438556398484614 -2.827644260271153343 0.002513809105487494269 0.0002965152144429445379 0.9999968771804619294 164.8441804508211703
0.9999915727668745591 0.00173871885256471413 -0.003718034200580848207 0.2097616076942118157 -0.001744267705523116357 0.9999974295690743364 -0.001490132708717925624 -2.851362238174433017 0.003715431964834913295 0.001496605540382410287 0.9999920585999638734 166.1348988246397482
0.9999878188531712286 0.001718134683379330839 -0.004626303795958775465 0.1822859770433335469 -0.001728326164811431077 0.9999961470539411312 -0.002200199081472175265 -2.89036251943928546 0.004622503920949339387 0.002208168188213107796 0.9999869589022646332 167.3715940343816158
0.9999874374599264648 0.002058037273413868343 -0.004569675452546166812 0.1649922642822643781 -0.002068880708453442983 0.9999951129077281342 -0.002369810685322458477 -2.915768968778689185 0.004564774153282377851 0.002379235173993314925 0.999986831713750135 168.6499592485836274
0.9999814528702900551 0.001714435601209737857 -0.005843556900719982725 0.1490346184089884618 -0.001719694795609235955 0.9999981815330263313 -0.0008953717798553328206 -2.942844571053159441 0.005842009329880578153 0.0009054044495812575916 0.9999826061940120248 169.890892538090668
0.9999745404926447812 0.002544670981277120068 -0.006665999631554985969 0.1447305192152748554 -0.002545787019057135087 0.9999968078632759383 -0.0001591866794825002847 -2.969862775190416748 0.006665571336856189119 0.0001761529812169972781 0.9999778500784182178 171.1799491374631828
0.999962822584239075 0.00284632679020959279 -0.008139067073444545414 0.1054454375882706435 -0.002850024139468625931 0.9999959016424245783 -0.0004429094802092410892 -2.994857628640170688 0.008137771023670721873 0.0004660896928804090697 0.9999668599297096838 172.4446198463302551
