0.9999999962582232227 8.137513278152659075e-10 -7.656115742981431352e-10 -2.139041617443826482e-10 8.137513278152659075e-10 1.000000061056633971 6.754229727670312846e-11 4.50643937444095144e-09 -7.656115742981431352e-10 6.754229727670312846e-11 1.000000080766252131 2.697696344089450804e-08
0.9999762393657900539 0.0004952176795231361638 -0.006875172368134840895 -0.004716196808166786721 -0.000491423881852805027 0.9999997872630277396 0.00055325311110577635 9.732585442106586181e-05 0.006875442934794469968 -0.0005498612033261542119 0.9999762934465045161 0.007546833013313112085
0.9999101613371673691 0.0009205184228393004098 -0.01337215218637813688 -0.01940380988196599779 -0.0009143076441871480142 0.9999995324193821089 0.0004704405881581200555 -0.005552633583999537492 0.01337257663504217049 -0.0004581719199001642361 0.9999105588848833381 0.158993262992428358
0.9997943524733157172 0.001128701795443180257 -0.02024774996699782101 -0.0237664924901256347 -0.001138028639961664954 0.9999993126105228836 -0.0004491999266503753628 -0.003472005418042823244 0.02024722626931493852 0.0004721502216031285451 0.999794973166755141 0.2874117894460525569
0.9995484244215341318 0.002097476302441408751 -0.02997566465546459835 -0.05043541223220806419 -0.002135162839898552094 0.9999970308625985016 -0.001225338726924971033 -0.008852375649043882008 0.02997300217497637226 0.001288788481815214158 0.9995499585192267888 0.3807105511622770888
0.9991178134755842599 0.001922866653323704886 -0.0419510442338146064 -0.06422477172760060471 -0.002116997264634901468 0.9999873151811994321 -0.004583656683676897402 -0.004332153450628112128 0.04194169424480417158 0.004668423474559283033 0.9991092339811217249 0.5056060772692096972
0.998507399094292869 0.002610601384680746179 -0.05455411598028553355 -0.07430243055601297442 -0.002821578662806056067 0.9999888957540710166 -0.003790668848831889835 -0.007083902147763157173 0.05454360941645032546 0.003938939814800738841 0.9985037008560569971 0.6130703294382300328
0.9974292739117800455 0.002419039593452204911 -0.07161693134178272191 -0.1079700755192156691 -0.002772252920537576076 0.9999845392155369828 -0.0048330168304573113 -0.003609729870072391628 0.07160412693348458535 0.005019132925184348337 0.997420582453261817 0.7445351052580082563
0.995943323897446664 0.0009538423736922925977 -0.08997765893966978845 -0.1368027401030096901 -0.001337960403160797082 0.999990308784186599 -0.004208837181053881951 -0.007978678542422007816 0.0899727653644907116 0.004312150060102008277 0.9959349715551573112 0.9130471722020863101
0.9940020752598760501 2.395904989182176203e-05 -0.1093611791206774569 -0.161461164208675706 -0.0004556769520740935192 0.9999922635781602898 -0.00392265912736090936 -0.01537839156173383126 0.109360230877259143 0.003948964920339044678 0.9939944194686559653 1.053374723526359524
0.9912101479123532899 0.0004014541761083827956 -0.1322961666379245671 -0.2070147359737516679 -0.001066840083248245643 0.999987197607857925 -0.004958687718341333282 -0.01889037994884462668 0.1322924726535826268 0.005056240700932058962 0.9911979095837326614 1.211994302178237115
0.9878948875804981489 0.003222485927158682487 -0.155091268181991232 -0.2757824330603920182 -0.004222713823191294978 0.999972416091704619 -0.006120281758361346795 -0.02511469797618678251 0.1550672566614416936 0.006701101384702956229 0.9878812683816334816 1.420054191278676381
0.9834417736853651171 0.007353382432614629337 -0.1810751256038889145 -0.3411241045916615922 -0.008802779745345582288 0.9999353795659954303 -0.007202072954431457813 -0.04017470792708879163 0.181010452302650976 0.008676784156665460004 0.9834429765203260843 1.612065868896236154
0.9779807878427445589 0.01025395843871109401 -0.2084428733970033754 -0.3985835365446724343 -0.01233570240339067724 0.9998862149884827355 -0.008689626327298610731 -0.04108345335020537753 0.2083300384457704713 0.01106957719265250911 0.9779960210029094991 1.792390471549379694
0.9713979788700399798 0.01243030873239433891 -0.2371317180860789964 -0.4933706812331222213 -0.01478225933727908212 0.999857640572568207 -0.008142817241129149744 -0.04842515620265088611 0.2369967264688141173 0.01141525912338310113 0.9714434620393116449 1.957199016549186599
0.9631812427732998616 0.0134566860570346173 -0.26851594032374837 -0.5762632256361506222 -0.01607014320750237493 0.9998425181274115392 -0.007537341191057480953 -0.04849358288855692978 0.2683722084440686717 0.01157491565409681129 0.9632458326494207634 2.143902017431436491
0.9538682382326488796 0.01588905936110357464 -0.299804807289858033 -0.6843155071505515608 -0.01879807469620729116 0.9998000933676869373 -0.006821125219921940833 -0.04377386774661288366 0.2996364733101013478 0.01214220826706871592 0.9539762597427566826 2.359790546933388633
0.9426769320496311 0.01856473396801211484 -0.333189968131193226 -0.8044892205719120781 -0.02166172602969713631 0.9997498342406299088 -0.005582168802805230479 -0.05876078182865450417 0.333002962164088756 0.01247965200138451657 0.9428432728517109895 2.571286987654509471
0.9301462628687282574 0.02060385957700319737 -0.366610713286328771 -0.9103052109445494144 -0.02421205205116333872 0.9996931422923123201 -0.005245934113771579671 -0.06033503058673922448 0.3663901056879926288 0.01375588414799044229 0.9303597238581988726 2.760251669538469343
0.9163866230786514855 0.02262724183274525749 -0.3996543151404860494 -1.020916380968577952 -0.02660272508646057202 0.99963645263874501 -0.004402226430070530806 -0.07521110100131495058 0.3994093858469137115 0.01466603577958396423 0.9166554409316114427 2.948155677423705878
0.9004245236662686835 0.02347803296994979694 -0.4343782548398089638 -1.165407437546266634 -0.0278134047300876916 0.9996066167688190118 -0.003626051134043134592 -0.07706865117827046974 0.4341222172958782988 0.01534652409403748814 0.9007233369151789182 3.112409671610700812
0.8821175042016025092 0.01987974084023254318 -0.4706097285506780081 -1.303569328555441498 -0.02487578074817153526 0.9996809345751624942 -0.004398478307292482195 -0.06872785731932677666 0.470372102589649288 0.0155867596850802325 0.8823305957726594873 3.272598746028749339
0.860882131509372317 0.0149644810559578581 -0.5085843440714599151 -1.445017533906640894 -0.02041814345380480247 0.9997783528152428545 -0.005144580900236394271 -0.06352815623551510971 0.5083945994514842415 0.0148132264500868225 0.860996886521802951 3.486251431420704705
0.8362545054556060897 0.01696162039175150987 -0.5480791221922620693 -1.619583491596619851 -0.02146812879277110175 0.9997679454710081126 -0.001815682530700089012 -0.07540141322936115553 0.5479211063063931242 0.01328460648724160385 0.8364246026775474796 3.674250687308017405
0.8075663239337128596 0.02305873687085348289 -0.5893258434518843236 -1.821801813375265588 -0.02682158666455592214 0.9996375143346656333 0.002358908042111973469 -0.07141592570875018864 0.5891665775214267597 0.01390168012362391972 0.807892083574252351 3.861644248780776056
0.7753538943944228157 0.02580545086690790024 -0.6309995595401143298 -2.01486781728810449 -0.0296552614360928897 0.9995503937084957435 0.004438233385066640661 -0.08995736819130797923 0.6308303490882501974 0.01527125603551175714 0.7757705759916569965 4.020903329691572381
0.7395572503193067471 0.02641324826239494286 -0.6725752340050118461 -2.237308254828422438 -0.03100136143550985199 0.9995060653661393957 0.005163611863437599439 -0.07569902485919499657 0.6723793713909096414 0.01703196203867000588 0.7400108213916537503 4.158124457428669984
0.7009207885138964977 0.02265793987815589716 -0.7128791638663037888 -2.459323138954392363 -0.02522416309903091278 0.9996575703099711552 0.006971782490279073569 -0.08213936139237794365 0.7127929745183942956 0.01309511374540204068 0.7012523164432910017 4.334449258284254647
0.6579552219524342771 0.01928723734232955581 -0.7528100488114795041 -2.692033800560335255 -0.02017431872492163672 0.9997646759446284781 0.007981958028558463689 -0.08484301960625216521 0.7527867974532612694 0.009935659644725175488 0.658189511571508179 4.501358811455625997
0.6140209282850928041 0.01862168971639169973 -0.7890700718027576777 -2.974823006805179304 -0.0175188689657168363 0.9997969613004841216 0.009962302591621782083 -0.08222696191092306039 0.7890953258345000387 0.007706553673237861828 0.6142225036219475243 4.634831852970882515
0.5671167593961584652 0.01918117160239125873 -0.8234140601399755344 -3.248444203483837889 -0.01541644196019133911 0.9998009161524141764 0.01267215277854239798 -0.0797480287297829965 0.8234931472929420959 0.005507525630900249672 0.56729957433353706 4.778087734107560713
0.5158273075253768658 0.02013331403074530498 -0.8564560080348992965 -3.529411377272105632 -0.01420822174738939868 0.9997874197614007308 0.01494536066593821211 -0.07935569395832298145 0.8565747889650658919 0.00445949252742819293 0.5160037235257518562 4.895557576371061259
0.4639337558271161566 0.02151739016517510011 -0.885608565673190351 -3.862167863215368868 -0.01293981466479922349 0.9997629726521328752 0.01751233280676569443 -0.08419005569426563085 0.8857754171301855939 0.003335049188711305783 0.4641022327653183677 4.989475318012268623
0.4094522983387396398 0.02405675573528831546 -0.9120143372330722364 -4.198796248088345173 -0.0128447483396150041 0.9997052792860718906 0.02060313327833144387 -0.06714682417832779082 0.9122411359374689166 0.003278595201464925939 0.409640636846424433 5.085091061105204702
0.3545960133671842152 0.026890109990024752 -0.934632899160277697 -4.53066791370599109 -0.01234737545577234072 0.9996339456878817753 0.02407569409728765181 -0.0657558942255870027 0.9349381131939700218 0.003003119016241115064 0.3547982425736336265 5.158962071670075034
0.2993328048577732492 0.02905243213597207691 -0.9537064003174189342 -4.920327769608996427 -0.0100944484236832159 0.9995768825272793867 0.02728149807265992099 -0.05702004464087538638 0.9540954056351033108 0.001460893577891986218 0.299499427220981107 5.242817494445150217
0.2463071536660523808 0.03091858295251931343 -0.9686985596838660895 -5.316004045032580727 -0.005207169173137630308 0.9995188721618946115 0.03057828816761883409 -0.06180769870787522491 0.9691778696250280545 -0.002487473004658469385 0.2463496525084995503 5.305999633248834613
0.1949172187017557401 0.03193112195065165443 -0.9802998293362682469 -5.680096954430795542 -0.002820457366296734436 0.9994841039702092589 0.0319952037642378187 -0.05909882202196417578 0.980815679112768124 -0.003471521413314812912 0.1949067266229754236 5.341714895604391167
0.1471819706611621481 0.03222999979058778497 -0.9885842250538650067 -6.093111272241525711 -0.004825473723700983951 0.9994805364714057783 0.03186681889739353263 -0.05230209867983093286 0.9890976985537297539 8.016685559941505229e-05 0.147261043467682734 5.372457891554183185
0.104361248499111478 0.03314122471335072262 -0.9939871554897738992 -6.520547210960227602 -0.007783165714741542736 0.9994412993704865356 0.03250590048558066325 -0.04164914710783265001 0.994509038714457505 0.004344011265969313466 0.1045608879019995913 5.352272703813916621
0.06677163365930340044 0.03190915658200101784 -0.9972579562948875598 -6.964548809613058999 -0.008345752471548752854 0.9994714500090476905 0.03142118953479044324 -0.02690041218257090139 0.9977334182518075023 0.006224824779564038651 0.06700264900883032282 5.336656310155435179
0.03132835663163944379 0.02913068874603088471 -0.9990845880175667215 -7.447322282284692285 -0.007375316687457538628 0.9995547797620937258 0.02891312983694618519 -0.02186774602739405965 0.9994819736571860513 0.006462765276169852267 0.03152925740956256245 5.343174627583551661
0.0008707771566644214407 0.02648600891156508222 -0.9996488433882462221 -7.911549693465967259 -0.006835265914384088502 0.9996260500546227945 0.02647945069046035368 -0.01731425762593368639 0.9999762986732469994 0.006809808851305765992 0.001051490470172191305 5.319190370372258947
-0.02658361966501189208 0.02345401729773528843 -0.9993714510366775716 -8.427492029324646694 -0.006815835748895692978 0.9996972924716792663 0.02364296769583491831 -0.01014329750038718211 0.9996233953606993294 0.007440068212444728678 -0.02641571449123494841 5.29568504361294945
-0.04733783859873658822 0.02274112981025138217 -0.9986200712981183614 -8.915187222135910972 -0.008217078995921129475 0.9996981737375677524 0.02315519699893795955 -0.008860526471422068562 0.9988451759683643072 0.009301857885571090598 -0.04713668623913445238 5.241242339336328548
-0.06341291279368681255 0.02147644821588410094 -0.9977563035313877782 -9.455224148714076904 -0.006740736542553389145 0.9997364615966106705 0.0219474813406117554 0.01233246933839358267 0.997964649545427962 0.008117366985348461669 -0.06325143545806501122 5.187683425608955901
-0.07752547551222935263 0.02151635569217754534 -0.9967582071233901386 -10.03147012752762635 -0.006737309308990540972 0.9997330234612206157 0.02210458270525892874 0.02981565990186641965 0.9969676453846632036 0.008429137521539467603 -0.07735981749790295237 5.127933984408567625
-0.08686607586524339175 0.02317162584548294532 -0.9959505192813565833 -10.5583618242246704 -0.006753517146883260443 0.9996928517527722269 0.02384773101494228054 0.03818816239278663427 0.9961971448405053664 0.008797728608474029294 -0.08668290716064802615 5.071219704388907346
-0.09379197472099502775 0.02447498988738383563 -0.9952909707554060681 -11.12752668443547677 -0.007931489277401984964 0.9996477515483453979 0.0253295561517446477 0.02276823383005602275 0.9955602610483832438 0.01026984964374652066 -0.09356481571529265406 5.003696783528672754
-0.09847260884538007464 0.02518403150626198628 -0.9948210823556994375 -11.69522739181461013 -0.008309110048975011306 0.9996241309438108624 0.02612810053602241875 0.03556348382910141243 0.9951051102025810779 0.0108389809682168832 -0.0982263414508356969 4.941850085529330805
-0.1002124327262156334 0.02638420669141201824 -0.9946162164201673983 -12.30515265996926111 -0.006349379683575236827 0.9996110920953611423 0.02715643673881529621 0.03285071874762549027 0.9949458427636087565 0.00903660947127775914 -0.1000059383161380072 4.866373847738491243
-0.09846062800608056109 0.02814173931623977637 -0.9947429935778610011 -12.95506179760583976 -0.004174325441202308626 0.9995796519803217262 0.02869174933050008119 0.04307682005129450514 0.9951322304572227662 0.006977389518450634494 -0.09830176980089677663 4.808499495451876271
-0.09756488121901883692 0.03045433516037175312 -0.9947631393788624043 -13.58310517253035066 -0.006172988739739529961 0.9994940164134434868 0.03120460684262416767 0.06953000681936941096 0.9952100605052514037 0.009185136300020912622 -0.09732752300255664846 4.762092353291734526
-0.09597169046319421748 0.02991179760277283897 -0.9949345682342027875 -14.22482802263595758 -0.008275369824530528357 0.9994899215520548497 0.03084699481014905459 0.08768754405160690546 0.9953497020018207131 0.01119389063098409978 -0.09567520842619188504 4.691360931147593227
-0.09373649383050787487 0.02779114728331760417 -0.9952091227339812107 -14.86854182009071756 -0.009956780591420792692 0.9995342303211220969 0.02884973219991456006 0.08425137679113486877 0.9955472910252323171 0.01261335251926006679 -0.09341612604619015103 4.607105154715299911
-0.09289464473167892422 0.02775166911818178345 -0.9952891569648850689 -15.57170423940972981 -0.01097660339286984227 0.9995222667797611926 0.0288941948815653743 0.09656239644973015068 0.9956154757700274027 0.01360901120667581607 -0.09254564897621136987 4.54412325815797935
-0.09057858357420485451 0.03027099069379767318 -0.995429185571018893 -16.27739089471473477 -0.009091180577245281877 0.9994712161713079634 0.03122115625257649782 0.1141147976494124583 0.9958478533898346141 0.01187759548184415606 -0.09025549015536216135 4.463926739908522734
-0.08889745130916265614 0.03475083131675722747 -0.9954344273035544699 -16.98083749032484135 -0.007303080368045280005 0.9993416510937966901 0.03553943632486779303 0.1205581845492116055 0.9960140484245710857 0.01042910381840208255 -0.08858513973015023912 4.367163780367060433
-0.08659223211196505343 0.03644343355699272702 -0.9955770877792642359 -17.71603168442240772 -0.009023134081711296078 0.9992610792703877642 0.03736309185705471297 0.1566058678236449953 0.9962030139035756848 0.01221857996436819492 -0.08619941534787822768 4.320738609725172985
-0.08503456356551830631 0.03596614355382857925 -0.995728695863252411 -18.45578030149768622 -0.009717484473144185481 0.9992708912492124229 0.03692395592664618476 0.1601348470711170813 0.9963306529641898779 0.01281579151181059216 -0.08462306566119023876 4.275405283272562862
-0.08358798762940254645 0.03351627958499304311 -0.9959366363389730026 -19.18979218002272091 -0.01119158653898780741 0.9993396712953718231 0.03457010097997285925 0.1542349139667638924 0.9964375912589367168 0.0140357571255888755 -0.08315769368563276365 4.180154030392460029
-0.08193516081959204 0.03148502367669272356 -0.9961402506724323924 -19.97582893430095652 -0.01976657445197616686 0.9992529957862940071 0.03320926120200032305 0.1923486532776551572 0.9964416633854348282 0.02241128751942495639 -0.08125160574651899004 4.113188537659076438
-0.08085442316586083367 0.03442194067108920313 -0.9961314012574439269 -20.76545646874631146 -0.0157269326366099825 0.9992350754765012555 0.03580572063157876073 0.2040802946138911 0.9966018775994911483 0.01856114324864618914 -0.08025122597128354907 4.06703105306949908
-0.07938032898496348577 0.03645163653657231689 -0.9961777541679631698 -21.56968779222135524 -0.006260408479434338876 0.9992933264308081487 0.0370645001248632866 0.2221565247308575353 0.9968247826314492466 0.009178672752548310693 -0.0790960327223774462 3.988288097541947685
-0.07829509634996491274 0.03764925504449328358 -0.9962190962992724108 -22.38221521534246605 -0.00997943925805757498 0.9992070364112273229 0.03854648238236289826 0.2520361836281012624 0.9968803164390160898 0.01295970940442531943 -0.07785729455844173086 3.918879668421623386
-0.07690929705369385638 0.03393792976813102963 -0.9964603621446770365 -23.19393162939209319 -0.01167273453711518451 0.9993214317848660988 0.03493630430835689693 0.2558156548999697133 0.9969698009139251749 0.01431834479129252824 -0.07646096219452164222 3.852792715962851222
-0.07766555767661509346 0.02755536100529956678 -0.9965986351609652516 -23.98520650164631007 -0.008457944292562739885 0.9995638521346678074 0.02829648032694468546 0.2542170568689606225 0.9969436297810081449 0.01062683855532894558 -0.07739862411382109064 3.779386461904253203
-0.07738888730555071316 0.02256977939277484899 -0.9967455249782102289 -24.82799703161630589 -0.004824878258627470461 0.9997236111044405238 0.02301182451945557941 0.2716384725239008313 0.9969893466368601187 0.006590036188268413517 -0.07725860324857473926 3.725759237029308668
-0.07866140676038507751 0.0227493244123644911 -0.9966418251762317881 -25.65784039512037751 -0.008269780874745535568 0.99969036013442647 0.02347161452254503677 0.2955021331561396014 0.9968671277712995993 0.01008832061585057151 -0.07844891996267346068 3.673867448580096617
-0.07734583731466718182 0.03140212280450660476 -0.9965097111954022147 -26.47126313526140606 -0.004463941737264269516 0.9994829981899157056 0.03184229392935956915 0.2934432823578415617 0.996994368745792503 0.006911231052799755338 -0.07716567393754342197 3.58293217026026678
-0.07826377977379586626 0.0385825011812479246 -0.9961858499929289179 -27.30793585256856915 -0.00370404596806287725 0.9992327378015971595 0.03899151049650871614 0.3041678861758427277 0.9969258435034190624 0.006741542040807941769 -0.07806082140424579208 3.509453007481647901
-0.07866123100967911674 0.04163177090627631638 -0.9960317679289960591 -28.17889973695670491 -0.007546708221070814494 0.9990741858252708552 0.04235493538505888389 0.3452280633954827871 0.9968728778292349491 0.01084845337031990417 -0.07827422433194267115 3.447854218997169706
-0.0788314296762548522 0.04338999437507127382 -0.9959432666642751286 -29.01954425931426229 -0.005980203380648519557 0.9990138202376930288 0.04399711680712999756 0.3496937935869982028 0.9968700614832509688 0.009424299785201151192 -0.0784942085625262298 3.377892669705853557
-0.07985840341802602493 0.04082919410042632619 -0.9959697227490028615 -29.84391020287142737 -0.006368083479727347333 0.9991195614568925132 0.04146892290820044374 0.3655723345790236056 0.996785914588942612 0.009654061190771860354 -0.07952809114744070762 3.313363225329946538
-0.07994735717403501918 0.03865702667759462335 -0.9960492611774039995 -30.67661546256251981 -0.006680373600787970455 0.999204569590359859 0.03931568203641981618 0.3560065276959781255 0.9967767399447527987 0.009797166944061762306 -0.07962552309903568604 3.254221203327587908
-0.07997642938507502908 0.03855841374804702681 -0.996050749607921615 -31.49754010300060258 -0.009583035363765002659 0.999175698538341317 0.03944884043856902028 0.4069099496207411737 0.9967507275042160053 0.01270016785047755475 -0.07954099991727738017 3.170526046583519886
-0.07992742680278928924 0.04054582685592386659 -0.9959757620990750127 -32.35522131187197203 -0.009911142001315449007 0.9990907344166511939 0.04146800933172040821 0.4124123440716170874 0.9967514496169678218 0.01318568938006858295 -0.07945289795708565528 3.096721309900836605
-0.07997596591298329616 0.03921333485338839714 -0.9960252183389980418 -33.19076329648142121 -0.01171978510130150357 0.999119910391452315 0.04027621407233982626 0.4281490677442797432 0.9967279308400632809 0.01489433153707807843 -0.07944600989879391228 3.001411842399569263
-0.07938314741433828703 0.03483223277968517523 -0.9962354680515598249 -34.03059762727252036 -0.01164926481419598613 0.9992887260985929831 0.03586723627363262723 0.4241364926417180437 0.9967761469589034862 0.01445266578978413562 -0.07892091619747136633 2.932813110547736191
-0.07931127255937303611 0.03090234864018326713 -0.9963708362043004474 -34.84331285368765663 -0.01520876812569881345 0.9993655980758795465 0.03220585123274534445 0.4359181553286185506 0.9967339123489331598 0.01770786097603766623 -0.07879097252511368943 2.849610105810087557
-0.07825698128026364886 0.03055823583132370735 -0.9964648089445490298 -35.68949827430932942 -0.014936495711087662 0.9993820412465216352 0.03182072955339766002 0.4646522081307581931 0.996821359421360742 0.01737388749706179208 -0.07775219055557520964 2.764793965949308596
-0.07797075413091167362 0.03377088477695614627 -0.9963835432212257981 -36.511535422510768 -0.01211121909983052525 0.9993203367446786833 0.03481817131509100383 0.4694236588406394128 0.9968821176542991269 0.0147822193772464399 -0.07750875550433027061 2.700261411162817815
-0.07733265788977605748 0.03761062105104834297 -0.9962957279700113133 -37.36199471946426343 -0.0126773971479105102 0.9991703913227517608 0.03870316296162683301 0.4978667808044791032 0.9969247816455940603 0.01562345598401898225 -0.07679169906339693152 2.630524648524795062
-0.07683153294952754786 0.04394320453571706059 -0.9960752916716302252 -38.17809513003272315 -0.007720073751199556591 0.9989721855548391316 0.0446664873456578751 0.4958421201957508573 0.9970142389392261384 0.0111215702892945717 -0.07641332139918809163 2.579492032977149574
-0.07601178111063280896 0.04651236700574998967 -0.9960215284889865073 -39.00829469143018002 -0.01029759328274818322 0.9988215919853511426 0.04742899005435834148 0.5351122229116915818 0.9970537825789653752 0.01386178750152926298 -0.07544324454642097055 2.525472492737184105
-0.07672876615800754141 0.04704121244102207194 -0.9959417137212742688 -39.84624579831489655 -0.01152545547076810548 0.9987778649344933868 0.04806310988563094327 0.5469960599115625266 0.9969854246484324278 0.0151665058865690823 -0.07609282362408401057 2.460732339277222902
-0.07644141963164406695 0.04367498037298357672 -0.9961171024630022242 -40.65919267825506722 -0.009749298293275983351 0.998959743594809213 0.04454777207486530083 0.5439836017639362309 0.9970264475894733414 0.0131167385950917495 -0.07593610232124997639 2.371220155968609244
-0.07606736497960575605 0.0389409381151071543 -0.9963420274701183521 -41.48415843945698356 -0.01141267861994979885 0.9991377006355535162 0.03992152375834030764 0.5696628444542018999 0.9970374032104853956 0.01440765737115117483 -0.07555735349604973672 2.300347711454949984
-0.07591859961170283055 0.0353338185491433171 -0.9964878142193043242 -42.32519262421903505 -0.01678851513197021639 0.9991850444690085764 0.03670851085638122957 0.600500372960605322 0.99697271208404592 0.01951641040555789075 -0.07526352874326988629 2.238007034203038703
-0.07577643773277065176 0.03419305060892785519 -0.9965384303509415842 -43.15829719861196878 -0.01682256179863806864 0.999225847308747972 0.03556444267618578958 0.6019927732581291657 0.9969829534892753475 0.01945927702559376374 -0.0751425622514353686 2.16120759185350142
-0.07629997426804978333 0.03216750239475212741 -0.9965659246149870532 -43.9854830359470057 -0.0154529023815617849 0.9993213325244107992 0.03343956144497720051 0.6017745579826365709 0.9969651941661684669 0.0179512745438565359 -0.07575111245606479249 2.101660452496324716
-0.07834672566160531815 0.02935670438854671646 -0.9964938789812353148 -44.79850598770745762 -0.01136581648427099044 0.9994751310603267047 0.03033813963917533774 0.6128374706416943596 0.9968614173577290405 0.0137028613618289663 -0.07797194280997471472 2.036460022433462136
-0.07877352393472837611 0.02737857953482667611 -0.9965165435994882692 -45.62633443614750206 -0.006735610203385558777 0.9995854214481030287 0.02799533715633175865 0.6356267205384852348 0.9968698210405798621 0.008917439246274571144 -0.07855645652161435954 1.947391706643744946
-0.08069380857160997345 0.03019699647905289136 -0.9962814496852540058 -46.44979947333658288 -0.007285338715507871411 0.9994964694613490686 0.03088451870102992824 0.6539476649756903459 0.9967123505276206386 0.009750438143337935432 -0.08043318331102880525 1.881035135898377453
-0.08198818685250314209 0.03541186094889516023 -0.9960040228924458283 -47.26558529380741192 -0.007161563327212954778 0.9993218836682028483 0.03611934331948139093 0.6535307664458798182 0.9966076087447118814 0.01009430623679983575 -0.08167898695209087345 1.847754532268636174
-0.08401335437324670974 0.04054927318976511708 -0.9956392865828699312 -48.06450138080469259 -0.003697257928006804448 0.9991521895963808575 0.0410043223800945697 0.6530926117870841097 0.9964578080012679306 0.007126046781020758947 -0.08379220781801022255 1.770793497624577384
-0.08495751380492282123 0.03922464439630882899 -0.9956122359453214443 -48.88912196880834671 -0.004652305798336421952 0.9991983729041267193 0.0397629196314969735 0.6776210044083760264 0.9963737518835827922 0.008010052244208344663 -0.08470692650314792793 1.673496663542529017
-0.08738895139189187256 0.03622685934575005373 -0.9955153750930056944 -49.70071976460347685 -0.007046177381599696976 0.9992911220879809875 0.03698279101682548642 0.6920902526939065602 0.9961493859208097046 0.01024646612835649478 -0.0870717444568164245 1.594984535946247561
-0.08716597785165060286 0.0321086920188239297 -0.9956762528163005666 -50.48572343235778703 -0.01226945326403903504 0.9993700835016233741 0.03330193431470317156 0.6936269898300962966 0.9961182807951237672 0.0151191998231607963 -0.08671711649871549632 1.504970455007780927
-0.08892812819239352684 0.03029036355482644591 -0.99557739934470868 -51.30703783339114921 -0.01424739368511794384 0.9993965995162893412 0.03167918480882292442 0.7122431779854621059 0.9959361808255116078 0.01700155467257714187 -0.08844291225349198982 1.413406253796982037
-0.09024352442985289491 0.03149512655158140384 -0.9954216390416009697 -52.10181112263818193 -0.01601184439899144829 0.9993248233282243653 0.03307023459854691733 0.7075283833708819747 0.9957910441485292585 0.01892291183807625829 -0.08967830114156077892 1.318265348990223185
-0.09171638054696890086 0.03319234844589045302 -0.9952318572507173888 -52.86944722044825085 -0.01804124057831588482 0.9992249329520370704 0.0349881279586497021 0.7299419103100703854 0.9956217633343680262 0.02116420275165414866 -0.09104646519064923949 1.271035546869066613
-0.09223623664472657691 0.0325690617380678879 -0.9952044056383139159 -53.64660225391546788 -0.01808898558009522026 0.9992452538750306035 0.03437780243770666849 0.7294219547553353333 0.9955728711100281236 0.02117311818955321112 -0.09157748255854969432 1.188753457009631198
-0.0932683598764028482 0.03256919261055019055 -0.9951082035917796498 -54.42720927686342236 -0.02152936717474719652 0.9991652215877410148 0.03471985593853284258 0.7379883815598577979 0.9954082458055879545 0.02466231485086173986 -0.09248930952195573429 1.102284756737020421
-0.09268878679340550319 0.03465068803466000297 -0.9950920534026789221 -55.21328732873655554 -0.01980674403344627812 0.9991324219741368751 0.03663629810779281404 0.751242908353078942 0.9954981457169517212 0.02310530854696511704 -0.09192205688223042959 1.024528439454975404
-0.09340954454742607382 0.03712663315222517607 -0.9949353477514144561 -56.00017328240996051 -0.01842640340828242615 0.9990689384454285449 0.03901084450033755896 0.7762587607412868573 0.9954572823923704128 0.02197706622510009478 -0.09263846636079518804 0.9422800014768164534
-0.09298548127363763516 0.04054151906177747011 -0.994841777174964248 -56.76796270560846835 -0.01820774721166654869 0.9989344224655483107 0.04241013628179390871 0.7992955419510933135 0.9955010068518731492 0.0220573554502813407 -0.09214823046026331121 0.8750936188067517385
-0.09457258248455627236 0.0437205374084491255 -0.994557498249977634 -57.52313710929352908 -0.01868071223575592035 0.998781385440642322 0.04568256994227935103 0.8070303433634413715 0.9953427218997619175 0.02289936196400198243 -0.0936406063724763843 0.7839918787710662418
-0.09470326235616635668 0.04333656965149981083 -0.9945618683132518845 -58.28204004105734271 -0.01804472124250148732 0.9988132195906272992 0.04524005434145494248 0.8212628914350026399 0.9953420299269996052 0.02223097332853146355 -0.09380887625671985308 0.714820183074051041
-0.09520245999722749819 0.04206523032630351405 -0.994568793032728049 -59.05962805477286537 -0.01656518184394725757 0.9989015391223572404 0.04383414197768917969 0.8220376938613962459 0.9953201307918543295 0.02064833197713696403 -0.0944010678398589792 0.6429480616792020431
-0.09510917268345420172 0.03808668706578712676 -0.9947380185834794331 -59.77109160759304984 -0.01540516714314878362 0.999091899189876953 0.03972631254854577104 0.8338744518490408542 0.9953476792043008947 0.01910244307356515764 -0.09443607439766385503 0.5642241048488696453
-0.09493532934654912159 0.03582402699241063471 -0.9948386795930667104 -60.47345898436604017 -0.01628456046987148895 0.9991627263989162344 0.03753373640823733787 0.8466056756276204576 0.9953502764026260774 0.01976378918073335572 -0.09427246617498721837 0.4908310928016644814
-0.09342843369237135986 0.03312854630547006768 -0.9950747224760635445 -61.20433175272452786 -0.01595861877610691565 0.9992680988884169446 0.03476652313460760341 0.8588314971148909294 0.9954981299274455742 0.01912820086865247432 -0.09283136965051179412 0.4140025710869614239
-0.09141969402843146131 0.03270134390930322377 -0.9952754080146891669 -61.88580313741859129 -0.01656170521844538973 0.9992725551702712483 0.03435392992173752491 0.864484003913486565 0.9956747591037991008 0.0196240846008102765 -0.09081160335292079444 0.3301361049229983302
-0.08750642951198382702 0.03292928763578065188 -0.9956195875048533539 -62.56892268633269083 -0.01931761915288763426 0.9992095254939028504 0.03474587514658497578 0.8739536628484212422 0.9959766718593080492 0.02227348841715553682 -0.08680114450484109623 0.2845406491842737973
-0.08136132078239007026 0.03456424945666190796 -0.9960851993922174019 -63.22138830689305422 -0.01891693277067538551 0.9991649779973644785 0.03621627381697207354 0.8720816584691459816 0.9965051739540579101 0.02178948155034821435 -0.08063953459364593679 0.220945457521872668
-0.07407180803857109364 0.03551477243525093253 -0.9966203613245218085 -63.82859526927499871 -0.01714481914014018629 0.9991726799742517429 0.03687997924105856917 0.8902435145306831776 0.9971055606596602727 0.01981864350999135854 -0.07340163431614432632 0.1660629118188012843
-0.06529149692386129744 0.03843603019199082205 -0.9971257536232194241 -64.46664442951249896 -0.01850650870770908368 0.9990394516158206395 0.03972159801901711806 0.885670181718925198 0.9976946458318692867 0.02104679996129906958 -0.06451746606390817984 0.1393419728660314494
-0.0541358127452195928 0.03922906597969173098 -0.9977627327254711131 -65.10552324838751304 -0.02265657987520033889 0.998922535337670503 0.04050394876181330484 0.9051404832075985452 0.9982765498673983329 0.02479860617508683127 -0.05318868809655331181 0.1197754776694824885
-0.03907730285575496815 0.04140825751807863248 -0.9983778830705898333 -65.70258404692449972 -0.02479830978669354813 0.9987931397856871785 0.04239610624387376431 0.9062922315180126365 0.9989284684973961381 0.02641481045707342115 -0.038003288102999154 0.08151372996798422754
-0.02138272892728341687 0.0425218415589782503 -0.9988667322542744698 -66.31088618615834207 -0.02662316739217018141 0.9987166662597591893 0.0430853752592144229 0.9252012744367610342 0.9994168614064662393 0.02751428006493723127 -0.02022322211406005904 0.05591814387501259365
0.001514164660009818201 0.04262089743678222631 -0.9990902078352147386 -66.83522735759402167 -0.0272214481865246001 0.9987228960220611018 0.04256397284286987659 0.9405563293422838367 0.9996283194606014888 0.0271322344127592173 0.002672433532505560146 0.07193486802367510258
0.02586115731925480582 0.04380940053644750976 -0.9987051686720939125 -67.36664735299126505 -0.02545707810905704568 0.998744197453793392 0.04315190958267198923 0.9289258607990688033 0.9993413904303973805 0.0243081581043681702 0.02694394077935501064 0.1212386273917687163
0.05557253664272675253 0.04371432135269296554 -0.9974972822461898314 -67.91333169746495457 -0.02355129426266716966 0.9988205984461189235 0.04246022538953050929 0.9312349059949300845 0.9981768913233554086 0.02113273051822744941 0.05653652448196245378 0.1669866047647701746
0.08999992216717571381 0.04327821425288273793 -0.9950010485530516036 -68.44306786499809903 -0.02355995943347469548 0.9988684046390856608 0.04131537976314653832 0.9526014145832509827 0.9956631049238412468 0.01972380430168078902 0.09091771378068275178 0.2116003390924571792
0.1264106585855122589 0.04342431713533537879 -0.9910271186547588984 -68.89753449394196139 -0.02372625173187056097 0.9988880055367724831 0.04074235451519684498 0.9671533077130514133 0.9916942501787981978 0.01836309194224500577 0.1273003899015626716 0.3007022503083930931
0.1675708887164771288 0.04351202278405936347 -0.9848993735407561845 -69.34720054403496192 -0.02265655383612577567 0.9989317054688933162 0.04027717044754069997 0.9621181668908678208 0.9855996916610332281 0.01556514533871707941 0.1683777100911418578 0.4154427518640993466
0.2119395044299740016 0.0442750701271189262 -0.9762793852905808922 -69.80720025765501191 -0.02225490226688395592 0.9989328951380628263 0.04047113070201342061 0.9670012207371564417 0.9770293949918470444 0.01314957181231059778 0.2126986851040266746 0.5529923421951575824
0.2600479701363200835 0.04326283819279778953 -0.9646260683440996964 -70.23274057913801016 -0.01816021836797675204 0.9990382780622684145 0.03991049405193192179 0.9571973303913866582 0.9654249481992127624 0.007139177943513408051 0.2605835450009905685 0.6896770255538884342
0.3098149565227955038 0.03814401782052791873 -0.9500314710411352781 -70.64284797621584744 -0.01198795064467437881 0.9992722987651025957 0.03621165663027526432 0.9770169155878487555 0.950721331519194468 0.000170018394719218842 0.3100467796723244684 0.865640115647241748
0.3607808154950171153 0.03237267727182595312 -0.9320886650264952333 -71.01222692962092253 -0.005869056542430814774 0.99945648989498026 0.03244073225149624734 0.9803548004670219473 0.9326322012726355748 -0.006233511956656443039 0.3607747330114607909 1.090929624499604955
0.4121302959567011981 0.02772524929657634377 -0.9107030212706559436 -71.39595299950001106 -0.0004849198961222324594 0.9995435038533792005 0.03021044342212746842 0.9813176594476038517 0.9111248246550188723 -0.0120090202034687215 0.4119556142515397035 1.290769807012122072
0.4629008915158743798 0.02702891595544098732 -0.885997890450727188 -71.77468715110067876 -0.001189955998512098661 0.9995531027020213566 0.02987140800837220084 0.9963943438304564415 0.886409277323686795 -0.01277320214190470933 0.4627261964313124643 1.534082853507216182
0.5117525302925013397 0.02611618790050205738 -0.8587359012173481077 -72.13148564707714172 0.000671258795416097777 0.9995254660591030849 0.03079795850568603846 0.994059049998182731 0.8591326739048337213 -0.01633736649970769089 0.5114921676225837599 1.802210884595737195
0.5563116805962018407 0.02161386850826399128 -0.8306926063873394384 -72.47401580826996792 0.00783480692376062153 0.9994808740321711182 0.0312525261297170176 1.007351088781601511 0.8309368086697930256 -0.02389446084286864919 0.5558535573058105417 2.081318158520005568
0.599589602550762657 0.01437572651450211986 -0.8001785390688984645 -72.77986812955863627 0.01882711217118046912 0.9993086459892402962 0.0320607554968840025 0.9975658296051155283 0.8000861792846805098 -0.03428834613816270777 0.5989044345036623751 2.388519619241447067
0.6419595930583572585 0.009431439328272733444 -0.7666804887246024824 -73.08146114142284944 0.02086031992896801232 0.9993394267349369198 0.02976036567440355773 1.002914202113408093 0.7664546753673481261 -0.03509815191973236076 0.641338803912254618 2.699661313322084144
0.6832533729811515189 0.005379891405600099874 -0.7301615735029365339 -73.38692250882679957 0.01726373227603382465 0.9995743665806873235 0.02351959519676980609 1.008003818158084819 0.7299772795657744062 -0.02867515607630538241 0.682869696520891023 3.00856616495829865
0.7228240560457994679 -0.001833945005234072527 -0.6910297057878004301 -73.63767217116779307 0.01382669667869732694 0.9998347280080364108 0.01180937151280394594 1.01301147422455573 0.6908937968897479465 -0.01809075534185980785 0.7227299678242351533 3.36632873631744145
0.761791797592182518 -0.005411853094600962803 -0.6477993498749333723 -73.87772104237036785 0.009793752287553095237 0.9999470973986926969 0.0031633753541158759 1.011297457627271745 0.6477479191592475649 -0.008754219144698260902 0.7618045170380999265 3.714167049326846382
0.7998344004374351446 -0.005947138500987350813 -0.6001912920972581889 -74.16183477079400177 0.007848612517463344346 0.999969108489290659 0.0005508818482255291218 1.01306555703063017 0.6001694372381525255 -0.005151282545583106554 0.7998563878876233657 4.104685105923119082
0.8330050748396348181 -0.007700109979711254951 -0.5532117792282459368 -74.37419969893957727 0.008433582507322246943 0.9999637542164577786 -0.001219451388124026276 1.017130450614956994 0.5532010824891069323 -0.003649747423104267394 0.8330398409664564463 4.523332488623272418
0.8643405052581076831 -0.007549567448413726373 -0.5028503848518237618 -74.58913270007852248 0.006850971165265251107 0.9999713533168732571 -0.003237106871407413686 1.007553105667798876 0.502860386586306829 -0.0006470503597716548844 0.8643674869087912827 4.971643041313543954
0.890243549319908789 -0.005957571073440714494 -0.4554458704413751335 -74.78669613920482107 0.005537162867361570574 0.9999821832885670281 -0.002257222390924918439 0.9838337175067963791 0.4554511742850174127 -0.0005123997880605450682 0.8902606970264757003 5.412928131982467583
0.9118689917413811408 -0.0002196879967955071779 -0.4104813040397723989 -74.99331633463711455 -0.0005317352411420390394 0.9999984466190677823 -0.001716429228841647239 0.9940780996820576254 0.4104810170273928693 0.001783426435489819618 0.9118674798301944495 5.914724794245469042
0.9294791946336052879 0.004946149885857058226 -0.3688413844616605375 -75.18843682971879616 -0.006454045196402902022 0.9999751591677502605 -0.002854548624686852314 0.9891239410101089202 0.3688180791709712025 0.00503376296783073808 0.9294880500697184633 6.428356487184712975
