0.9999999962582232227 8.137513278152659075e-10 -7.656115742981431352e-10 -2.139041617443826482e-10 8.137513278152659075e-10 1.000000061056633971 6.754229727670312846e-11 4.50643937444095144e-09 -7.656115742981431352e-10 6.754229727670312846e-11 1.000000080766252131 2.697696344089450804e-08
0.9999817858268077453 0.0004976594035730980223 -0.006014389352585886028 -0.003901170955829394611 -0.0004943314238082136556 0.999999785117290596 0.0005545397627393116495 0.0009398330523158165539 0.006014662133212610694 -0.0005515564230710596604 0.9999818404076614708 0.005335197197941167653
0.9999000939102512531 0.0005137397681589750496 -0.01412553806086538043 -0.01655319602158373052 -0.0005045220718060377651 0.999999718619511202 0.0006559961198253472887 -0.002392712605066787002 0.01412586870339884587 -0.0006488037923385255078 0.9999000951999770237 0.1147695360507029888
0.9997865918462860435 0.001409078998582992577 -0.02061013942399763169 -0.02335917286717119346 -0.001409521713916729287 0.9999990676545295054 -7.032601210558636185e-06 -0.0008000633159642463578 0.02061010750938996328 3.608169033897837383e-05 0.9997876692736468174 0.2671679533711371901
0.9995413878228958104 0.001793975741347692389 -0.03022893188938924336 -0.03959233998867419529 -0.001845084055135800963 0.9999969761756541953 -0.001662953472220090722 -0.006475419035826418708 0.03022585380948420233 0.001717965906445181401 0.9995416988619999499 0.3920641971177564744
0.9991417234429363914 0.001283427326346701144 -0.04140243974226458235 -0.05183815195247368918 -0.001411585829357500351 0.9999943633857943937 -0.003066387564474887251 -0.0103323330937037227 0.04139826683199164525 0.003122199032568279218 0.9991379267655151608 0.5075817689001711486
0.9984604503426180999 0.002037790397616188066 -0.05543076200384031149 -0.07469100463828243219 -0.002292042067308368725 0.9999872024213127819 -0.004523676130675598726 -0.006162887892280077655 0.05542082941147603165 0.004643761540867994211 0.9984523665828695105 0.6027574309562759858
0.9974435131179480996 0.001716166674696613555 -0.07143868679274049949 -0.0936292533333073218 -0.001964761205936528445 0.9999923177550172904 -0.003409729305121680758 -0.004979500818179861954 0.07143228043347325806 0.003541372542271545906 0.9974392457615833818 0.7464835492053156774
0.9959496047959980336 0.0009766840007539767578 -0.08990786469137881931 -0.1265397672575750976 -0.001380729519220226086 0.9999892867972104415 -0.004431928189973881153 -0.007896812707126429909 0.08990256588627396073 0.004538115796279023305 0.9959403068785436242 0.8857338988741405572
0.9939922198827196853 -0.001358922305812786807 -0.1094422854108761806 -0.1643481100742319456 0.000954836447488065297 0.9999925942881193741 -0.003744565504508483647 -0.01943803940064942407 0.1094465552849832879 0.003617569733632671272 0.993986179521623936 1.038538616023122252
0.9912645547773429877 0.0002485036398986472154 -0.131888266631364437 -0.2103244596926938659 -0.0008112468015991307737 0.999990856781958426 -0.004213115568752348952 -0.01748113327207462611 0.1318860042067061533 0.004283306320610626335 0.9912557162734992877 1.191436450614880682
0.9877610733090256279 0.003068026111664957836 -0.1559443621426798987 -0.2606118090133635601 -0.00411559013514080016 0.9999711427686867049 -0.006395127293830397096 -0.01746177446588541293 0.1559202305755743867 0.006958661162991056949 0.9877452191613086407 1.38839232252914746
0.9834481800021757092 0.006756567435774111889 -0.1810635844672253136 -0.3282937224497680107 -0.008212740053830000844 0.9999397347379915812 -0.007293825363304190859 -0.0310162486516832557 0.1810033788490949536 0.008660127739724642754 0.9834444252352229077 1.574714697835174038
0.9779511135820764256 0.009790596671169944643 -0.2086043148838765959 -0.3870686712195703927 -0.01172763409642199432 0.999898878884815101 -0.008050881238114704352 -0.04181309198240579228 0.2085043834314294908 0.01031980368240315027 0.977967065545140013 1.733504923635559969
0.9713773746099515494 0.01238208858451539558 -0.2372186283411421015 -0.4776973774533038175 -0.01462616733383629956 0.999863426483244111 -0.007702316915962536571 -0.05073410273495313622 0.2370908438329924484 0.01095145609463859387 0.9714258354669902396 1.944276616888453102
0.9633115619731277279 0.01288400250855839535 -0.2680761758600850309 -0.565432081091653882 -0.01562619019897575068 0.9998451712255339574 -0.008098013884550610969 -0.05132524333191616078 0.267930317297803422 0.01198992010143804139 0.9633637640908786492 2.1451226719947174
0.9539127868772664387 0.01499607531025635293 -0.299709047810999496 -0.6982571112010287351 -0.01811443379774237833 0.9998068769065221462 -0.007628777166241003382 -0.04531394160199282706 0.299536745615323341 0.01270624820404718004 0.9540002320754999987 2.362121856217659577
0.9427414678578368568 0.01858069660667532527 -0.3330064337418043863 -0.7908711532416405898 -0.02147386907876134426 0.9997569214017072436 -0.00500930177500821458 -0.0590051573411990854 0.3328323889310838557 0.01187341350112796658 0.9429113291427829724 2.552678566494383627
0.9301051609285967414 0.02042824838700947609 -0.3667248024646719839 -0.8832754853164442865 -0.02392835281516579246 0.9997012317389181169 -0.005000322801139924118 -0.05843595613688173235 0.3665130651038421283 0.01342594696630092233 0.9303161111797833005 2.724778517391841515
0.9163407831832861561 0.02295005606969948916 -0.3997410044637246251 -1.015631752565811174 -0.02691262733132184296 0.9996285945110187088 -0.004301807551701369858 -0.05536351345698784648 0.3994937859510472866 0.01470000287515988921 0.9166181169897349434 2.906387028736666434
0.900326718559902095 0.02424537559331823786 -0.43453880235755038 -1.148628519352389077 -0.02849622552034069417 0.9995886157160044361 -0.003269017585874564938 -0.05877794689146400436 0.4342807534802628489 0.01532590010585095468 0.9006472611106031145 3.098209746303139056
0.8820918630778818992 0.01982563995527021963 -0.4706600694952531305 -1.286170090319319836 -0.02467335098487374173 0.9996870885624393743 -0.004131917960654164432 -0.06263657568336357395 0.4704308465954749607 0.01525749285305902023 0.8823050321102712257 3.29893291951691392
0.8608941786387633854 0.01533951250216500015 -0.5085527776156251178 -1.429274251341423385 -0.02053203573839949142 0.9997786701933025766 -0.004600889821124960928 -0.06404534796052153978 0.5083696119734073537 0.01440250364994697177 0.8610186087084108486 3.4807308254801681
0.8363039079713682211 0.01683210351764208648 -0.5480077302739730927 -1.596807648179976447 -0.02095420811695665117 0.9997796915287555652 -0.001269495727326770901 -0.07472929092553098895 0.5478655965224557001 0.01254475287168205222 0.8364723861533756022 3.666235681628058352
0.8076252403412019776 0.02221329227481894444 -0.5892775775981622388 -1.799913753601103839 -0.02582797659005974661 0.9996638517262326218 0.002284995768629286255 -0.07669484034352762325 0.5891302130384833413 0.01337442785696632032 0.807927501851868568 3.829698825886976632
0.7752305521161441115 0.02575319106971384747 -0.6311532232497087946 -1.998527654060879177 -0.02952764019270083182 0.9995538186978933926 0.004517078819941788836 -0.07901099341775198737 0.6309879039736132622 0.01513468844532711056 0.7756451078901012153 3.984280934316064116
0.7402447862220270514 0.02541173099490477011 -0.6718570769838794199 -2.207966534476737852 -0.02933990664530646691 0.9995545321886869505 0.005479878688392449473 -0.07863805011807178946 0.6716969973507965763 0.01565577299274113418 0.7406606261834328686 4.157092605376221606
0.7008160650496556565 0.02220680901674184152 -0.7129963091763772409 -2.449008605888249424 -0.02486758117904930288 0.9996684118879908265 0.006692661236688245315 -0.08003281687762500707 0.7129084661340346907 0.01304016981299793883 0.7011359288437460924 4.322162034962922839
0.6581978857068742084 0.01869297203554697029 -0.7526128867025627667 -2.677673002931026058 -0.01942692552571282857 0.9997805845400075109 0.007842155390556437844 -0.08842438593645596256 0.7525942980387402281 0.009459265147719372879 0.658416629332574832 4.475135553589582038
0.6141862763852238283 0.01763564348372419557 -0.7889640345899966434 -2.949625805081170782 -0.01701294192982139367 0.9998138762634306564 0.009104653091657505248 -0.08316402966951157161 0.7889777069641288332 0.00783064709190882044 0.614372010328010254 4.627171927379250427
0.5667319583387027127 0.01899359558012981772 -0.8236833015967687244 -3.244741939196029712 -0.014642549542720441 0.9998085980527341432 0.01298018041602420035 -0.07987317514565042686 0.8237721361444542145 0.004704541263605655985 0.5669016126983346116 4.76179855780853778
0.5158743915326741147 0.01988628714226702357 -0.8564334200404962738 -3.516064484305437166 -0.01357412001012963873 0.9997948300367114349 0.01503872281344674489 -0.07701307418328665055 0.8565567169009844495 0.003867238842152275705 0.5160385005539315229 4.864577896461854678
0.4635508923006103066 0.02125723951154571967 -0.8858153077896281369 -3.826332506096587149 -0.01277027245571039395 0.9997686921974783258 0.01730908240368033563 -0.07969502056620490771 0.8859783003047583261 0.003288463048624678652 0.4637151409786066658 4.979873318634823853
0.4095427946701525324 0.02356210337374449459 -0.9119866172496581269 -4.177568468549207381 -0.01136150187829265343 0.9997206815217929421 0.02072672937825741774 -0.07333080734347216523 0.9122201915522366589 0.001873055817401029881 0.4096961122910142694 5.069804806939859354
0.3544637573883246962 0.02539895255419522338 -0.9347247749042850717 -4.533435111187556821 -0.01111818690632298927 0.9996749047469828398 0.02294761077035055094 -0.06738658706298698842 0.9350036879642924514 0.002258349257951198369 0.3546309215232317791 5.143988346586087168
0.299215187296401175 0.02837063509726381674 -0.9537638327411713801 -4.897872545764509589 -0.009605466731660419755 0.9995968533659367328 0.0267205512578652625 -0.06681781264376888962 0.9541373463572494495 0.001166152862779145814 0.2993670799145377037 5.216645164855452599
0.246000807297945101 0.0304794376651979608 -0.9687903173306161575 -5.2864313892145125 -0.005246937578888580429 0.9995327511117323427 0.03011430268475904018 -0.06177784827267870926 0.9692554585849514348 -0.002324959608772735487 0.2460457931727286773 5.285767458724919265
0.1949567242454218752 0.03154757910103862806 -0.980304391510973594 -5.684632707410985475 -0.002324329873649141724 0.9994946951528195234 0.03170290184437433989 -0.05545263624798475732 0.9808091285671596271 -0.003902142270140084718 0.1949315432211237153 5.33325918015721534
0.1474620622675084924 0.03231611381001810862 -0.9885396726348119056 -6.084802842453161276 -0.00436222558942502784 0.9994776750066776128 0.03202296489778140576 -0.04327721794662115623 0.9890581308200402377 -0.000409938531574328979 0.1475260127868609772 5.340557623920120456
0.1047920240446057749 0.03270998079931048547 -0.9939561182913426718 -6.509624583165477318 -0.006422181716132732872 0.999460421244258046 0.03221403534993746293 -0.03287003975970706482 0.994473460285771993 0.003007593712623314337 0.1049455523983867933 5.335156284278406602
0.066452122827139401 0.03124345997702638808 -0.9973003751694555774 -6.936602495804249813 -0.008096950156838212884 0.999493674412859634 0.03077265548975344212 -0.0261360046200427229 0.9977567996843910159 0.006030184029401199422 0.06667145472086820346 5.323172275585901225
0.03209229557459372661 0.02912751408961877092 -0.9990604333347975485 -7.421624942027710503 -0.007070941042353127808 0.9995569294371867697 0.0289148530361626431 -0.009716503964699502172 0.9994599357870949108 0.006136354295390912365 0.03228403611713673987 5.318699905420483098
0.0004320293549374106326 0.02595240648620232571 -0.9996631247358136463 -7.897031968441852179 -0.00634612975160733523 0.9996431816318704922 0.02594914587134332026 -0.01700298156055244508 0.9999798083011249838 0.006332781989838508034 0.0005965725537842899839 5.308077805127002335
-0.02666814158558393141 0.02422803051626652715 -0.999350734061544288 -8.399393477905778838 -0.006532592551675949107 0.9996807399673851569 0.02441035616244809428 -0.01290011781488193537 0.9996230351801015379 0.007179330883626571479 -0.02650135628170777191 5.279105224234753813
-0.04723672031752215034 0.02186699468349806441 -0.9986443829245625903 -8.906566084336619227 -0.007756820706249371693 0.9997222401908228973 0.02225750008783182118 -0.004478104557949367376 0.998853643379598366 0.008797677627606208597 -0.04705398259950032552 5.227379976520659888
-0.06358246125501580692 0.02103861384256454706 -0.9977548415920078906 -9.451805364560456724 -0.006945841841825541041 0.9997442821389540546 0.02152319034637182119 0.007841466863794974845 0.9979524551203257099 0.00829874563316757019 -0.0634200726851280594 5.167859776583537013
-0.0772278117401916514 0.0214003362567439688 -0.9967838116110769864 -9.99240098924630793 -0.006988789911245589861 0.9997334909828642369 0.02200513427085482032 0.01624957546048432649 0.9969890162618278984 0.008665721902729264098 -0.07705766918305607949 5.1217722536826642
-0.08666156305274597127 0.02219251450616075219 -0.9959906335056371018 -10.53279371049403323 -0.007660354655870829296 0.9997075132034227707 0.02294186395918043284 0.02160225564947902688 0.9962083963592607283 0.009617820167969888881 -0.08646621518368032 5.066436896212179519
-0.09386637761008205516 0.02416200920218487813 -0.9952916037946157868 -11.10530845798681021 -0.006414048355227600258 0.9996700982348040165 0.02487321440588488239 0.02263123685714301531 0.9955641815374541848 0.008718607895548681833 -0.09368043682591027654 5.006657553952225115
-0.09835054460185400915 0.02525572820177045263 -0.9948313397791274104 -11.68739787974943312 -0.007533588292906286815 0.9996304268531729376 0.02612234429357622456 0.03027683993243528507 0.9951233550570158792 0.01006379741131984383 -0.09812393292220607244 4.926425069817059743
-0.09976386342830070864 0.02571651555891539542 -0.9946787965932195608 -12.29788010308262969 -0.007476533138143553504 0.9996184158256490315 0.02659410291352660646 0.03850285711308502196 0.9949830899771998638 0.01008988032412902643 -0.09953352706802569283 4.874097203727088434
-0.09855466825591442659 0.02800997432176179081 -0.9947373998866596567 -12.91657960711023811 -0.005081719293663470444 0.9995766564154702216 0.02864971556385817811 0.04552384583076612978 0.9951187013856332975 0.00787854032883869744 -0.09837060924720950061 4.804127537019454053
-0.09761096977075238434 0.03038630588503738253 -0.9947606983785471924 -13.53838868275446927 -0.004195934872423263962 0.9995123990770528044 0.03094317938309210786 0.05309622487748405506 0.9952158404480683229 0.00719434572585869736 -0.0974358778940749154 4.723745197030227772
-0.0955081496282332576 0.02982624236304982565 -0.9949817408892543957 -14.19333874078663627 -0.007566015826821601356 0.9995004385799042268 0.03068795860597897315 0.08103256434006332609 0.9953999322670813443 0.01045899862867559829 -0.09523477385052997457 4.667672311995384682
-0.093915611469641197 0.02780359493688644434 -0.9951918881018038121 -14.8713854331748685 -0.007310920018379287073 0.9995638130364644658 0.0286156641496753128 0.07438228769971209908 0.9955533560749607602 0.009963226780391142706 -0.09367137903983406566 4.599900095571864966
-0.09307911356347682574 0.02741920066572938949 -0.9952811372576597648 -15.55031483618703092 -0.008910286023317330606 0.9995578293487588084 0.02837031378561041123 0.08505152731071273509 0.9956188838375998884 0.01150892415876309492 -0.09279364596445845159 4.525741859546845269
-0.09045646565595093225 0.02983374332073900764 -0.9954534905005253398 -16.25839949516421257 -0.01033111652357466236 0.9994693691562444027 0.03089288369213783608 0.1097020443858736927 0.995846861882574097 0.01307860797475996102 -0.09010025289698350703 4.454174180026239327
-0.08872692707239086818 0.03343126569365943018 -0.9954948312668422394 -16.96212454800765101 -0.01197074845969570318 0.9993286734586910303 0.03462695045865298027 0.127830591929764481 0.9959840912812827352 0.01498916202861607858 -0.08826716712602178383 4.402809386679932047
-0.08693565164126355882 0.03537034166068700469 -0.9955858615023341907 -17.665906427675516 -0.01436179206180523797 0.9992212143322335427 0.0367535830380436232 0.1421368957716085402 0.996110439618467236 0.01749359472475349453 -0.08635996793166084151 4.352277362139031602
-0.08545850655966598375 0.03498145834946757987 -0.9957274815287812109 -18.42000366011195567 -0.01567359870503353542 0.9992126522502431385 0.03644908764992636774 0.1524141521163291935 0.9962184792971442437 0.01872151847678315759 -0.0848429376428769394 4.275505586306193706
-0.08337822923178601908 0.03266405356640788432 -0.9959825333683065551 -19.17241552391055492 -0.01702977386040604654 0.9992700531793321517 0.0341975103856869897 0.1596955752737474477 0.9963724877027297921 0.01981268609410000506 -0.08276110805035911955 4.206604677568510198
-0.08200281483373628166 0.03150411102696219073 -0.9961340801573168591 -19.9204597080930732 -0.017994589170514632 0.9992905891246451899 0.03308527372533159178 0.1753094262226878586 0.9964696732439229931 0.02063811003218099863 -0.08137773951502079439 4.126060693996352668
-0.08027185356288547846 0.03367716851490877572 -0.9962039721726698716 -20.70757927671506948 -0.01487652111876213053 0.9992773519267845739 0.03497978201715746388 0.1924765549318628033 0.9966620265882539798 0.01762794228368510033 -0.07971284802011747994 4.05378533861989343
-0.07916832602825757403 0.03623085236145706656 -0.99620267909179816 -21.52342164968460736 -0.008209466924776157026 0.9992817814563067502 0.03699524334706327799 0.2102885996058622697 0.99682749632068679 0.01110714531833444096 -0.07881403172984138839 3.987923821624931531
-0.07832307839168814456 0.03730362958930798917 -0.9962298986479439789 -22.31464795066551332 -0.01065079041530489837 0.9992113985576631663 0.03825263101011420336 0.2287472181128127335 0.9968711715553225661 0.01360670056904149904 -0.07786400138162194451 3.907058876008937087
-0.07754162309826471977 0.03370579355364004132 -0.9964192353297224303 -23.11803738207349923 -0.01000245302231214314 0.999351821108269367 0.03458338763645074643 0.2196262153230061354 0.9969389771964429769 0.01264828949654987766 -0.07715422344492370299 3.845979825886903125
-0.07746459563236267332 0.02651510086286551146 -0.9966424946931183859 -23.92997864621277415 -0.008779322143439710624 0.9995894517018119041 0.02727588058855385383 0.2432830525299465307 0.996956486793801222 0.01086276147698195076 -0.07720000987042731355 3.774967872741660901
-0.07765350094173528728 0.02219062420639057037 -0.9967334580366480346 -24.78310826795453892 -0.006471447241628945982 0.9997200438280782198 0.0227612928570214805 0.260333942556783049 0.9969594429035921745 0.008217802951284890883 -0.07748815772635074539 3.702928873626738948
-0.07874337798762093277 0.02178357677495094957 -0.9966569282211515945 -25.62254926093176977 -0.01325530881555958378 0.999650028733996332 0.02289626464151380339 0.2945749809585390677 0.9968068287428728524 0.01501392550078508269 -0.07842707386745617626 3.651507782690922799
-0.07776764605706025513 0.02863654378376723555 -0.9965601928423284406 -26.45986790296840852 -0.01660575480341542134 0.9994115824539203663 0.03001432750077098754 0.3214358782857884567 0.9968332452123939147 0.01888277872909494004 -0.07724635659355361117 3.595942580437232472
-0.0781123152544733329 0.03597636147150585356 -0.9962952594364855585 -27.26987671149690939 -0.01035315263039665763 0.9992655645830821332 0.03689533562592498678 0.3056530782741379015 0.9968908441058574876 0.01319677786902098519 -0.07768247986108721415 3.507615305039879061
-0.07823512944002861125 0.04136280057188187337 -0.9960765330001996043 -28.10255861260318611 -0.005758774975193265908 0.9991035616095462757 0.04194081344422290886 0.3359159402702784347 0.9969183405165343848 0.009017426455783062594 -0.07792679923037389156 3.442175497046662702
-0.07932020985618017106 0.04305427176946739071 -0.9959190279910822285 -28.93751894837299332 -0.006686003013945364219 0.9990214723978843026 0.04372090112506685916 0.338329133524018888 0.9968268045578423386 0.01012666955337696018 -0.07895473369927295815 3.374414586140586536
-0.08001915888762869966 0.03937327576623722569 -0.9960154394820884827 -29.8052856651799587 -0.0109506365869354548 0.9991246110137823599 0.04037595015415416932 0.3420968043496701028 0.9967332112317403015 0.01413785357933076622 -0.07951795042477309561 3.29423499848115453
-0.08002313097948032805 0.03667967630597777917 -0.9961179529450077119 -30.6614817234095014 -0.01298330622027961574 0.999199669899532128 0.03783616718915930321 0.3517728036608879227 0.9967084874073725009 0.01596067388217425886 -0.07948286445028503178 3.216960768670596771
-0.07982627306160512692 0.0374722540605787538 -0.9961042478733548311 -31.49303158934096913 -0.01272476720582586124 0.9991734917086366741 0.03860745891349222358 0.3752773392231363303 0.9967276072394112285 0.01575708512785603879 -0.07928347213156587692 3.174371001503556666
-0.0801834083433587419 0.03991688544619936135 -0.995980591979376273 -32.32440325543767301 -0.01361655225357391238 0.9990608063961002872 0.0411365621652945157 0.3914282294799284467 0.9966871560981258593 0.01686029244186143528 -0.07956457210514947254 3.079813546052533546
-0.08026649667426888346 0.03897266281238725982 -0.9960112938025749152 -33.16616733305043141 -0.01601685317243802323 0.9990559699875161126 0.04038256252323118439 0.4014057878275141267 0.9966447845263024519 0.0191943343865036975 -0.0795665051368129872 2.99670716566068851
-0.0792211722273072072 0.03417623623499776303 -0.9962710811264995359 -34.0211379067284625 -0.01559673689627993041 0.9992473649637607647 0.03551855168529458734 0.4119669331640086196 0.9967350822958166434 0.01835240014580768325 -0.07862851167347946479 2.924975310416347618
-0.07889668316018574878 0.02999661604688544717 -0.9964314290328737389 -34.85165315004672237 -0.01740778401496088229 0.9993533790441332387 0.03146291370298751056 0.4277548092838149296 0.9967308358101405474 0.01982798356056960504 -0.07832349413174208297 2.836662650135343799
-0.07833600247666337724 0.03033483423687400454 -0.9964654258468141901 -35.6673980133890538 -0.01688147260505436578 0.9993533328687137507 0.0317498670737621988 0.4406301872484168491 0.9967841106369905724 0.01930896237644596017 -0.07777325030620318991 2.759298277016134282
-0.07783900799334798892 0.03266696332933073654 -0.9964306472131255754 -36.5123132832779973 -0.01803768064902616305 0.9992533578365346836 0.03416856772877101961 0.4473119783700502672 0.9968027927008006328 0.02063294614551531084 -0.07719165566254529431 2.706297019468593135
-0.07775428984738637361 0.03712237196427434216 -0.9962812234846973869 -37.35846618127180818 -0.01725597908815900902 0.9991067859518797389 0.03857438984720045622 0.469049085128757981 0.9968232432193140369 0.0201911331678165662 -0.07704425755231573969 2.646374982604567272
-0.07759688174235467029 0.04290007000581992636 -0.9960614360003973156 -38.1790176257507099 -0.01541148565008630157 0.998902862670547842 0.04422306159714262802 0.4939918579162616563 0.9968657315221466364 0.01878235911947576456 -0.07685059529207746709 2.583608579928920346
-0.0764513020477001759 0.04657403887102219003 -0.9959850067534079532 -39.01069674706513979 -0.01500873858190180342 0.9987415873946001721 0.04785500498031414196 0.5052581595162922712 0.9969603867877842029 0.01860705694569077251 -0.07565607896188387971 2.522483158184665619
-0.07650516837152207539 0.04709595873819710787 -0.995956327476376746 -39.82866303553854692 -0.01550891244513159795 0.9987068417428639489 0.0484173524382214629 0.5171199356398255009 0.9969485992211188918 0.01915037809160650972 -0.07567582975163830716 2.452139550353910291
-0.07683195526515336493 0.04370821228028856642 -0.9960855983241700962 -40.64851622239186923 -0.01499186812850540965 0.9988751353300546754 0.0449869984630063488 0.5371905183939479356 0.9969313773668045942 0.01838962389713019036 -0.07609026373930359577 2.375922149697507368
-0.0765218794655233292 0.03822021758065417829 -0.996335131020352649 -41.48655080133792694 -0.01546570432339104337 0.9990993804480936546 0.0395140745517887082 0.5440146334290251184 0.9969479879083054108 0.0184327167067461252 -0.0758618615560717191 2.301295859777721997
-0.07633601958744534732 0.03548579367125342249 -0.9964505240816626808 -42.33606890920604826 -0.01670860225251290243 0.9991806951334909481 0.03686303275685658132 0.5547727676501215122 0.9969421805537151959 0.01946327358106580974 -0.07568056087442633084 2.203625375645195561
-0.07619525023007023279 0.03321488232091727999 -0.9965395786530645283 -43.15187871520451779 -0.02295417082687035634 0.9991217661610968248 0.03505601940852449278 0.5970137660985739281 0.9968287047048483007 0.02554584283876298531 -0.07536591466372966064 2.141037188801144353
-0.0777711680183854337 0.03106293567447348386 -0.9964872381620761832 -43.97796572956174543 -0.02209225143832385663 0.9992154294627667577 0.03287217702692657451 0.6077665294499101645 0.9967264692350052968 0.02457115516478075579 -0.07702390266860016654 2.074924229324214053
-0.07809336919265374988 0.02659552458425811644 -0.996591280379901856 -44.79538289609981661 -0.02296615523984196772 0.9993308937194496089 0.02846827416519337461 0.6238683829557060134 0.9966815228644245739 0.02511105444745414389 -0.07743032129486965287 2.009571148741962521
-0.0792142822164402377 0.02641961168709623664 -0.9965074901694626064 -45.63079067520597931 -0.01593184456044275527 0.9994875682823184393 0.02776507281691451348 0.616144511055939148 0.9967303298444547544 0.01807559367126275116 -0.07875277900292991518 1.949094449820810926
-0.0806234586567351752 0.02900668846237895726 -0.9963225111712274984 -46.45707919639222894 -0.01304541403742684111 0.9994602015291698116 0.03015368693014310389 0.6171979892241173937 0.9966592956881602516 0.01542853511324196805 -0.08020153585420976283 1.855433302642063742
-0.08152258351834183736 0.0346635318422705771 -0.9960685640267296082 -47.27523401040946993 -0.009304242436328394317 0.9993250613528059656 0.03553835882004308805 0.6238835873892663031 0.9966281031732476814 0.01216484311992469848 -0.0811450447723171403 1.790643597599073988
-0.08415439358428801475 0.0386743670558714267 -0.9957019672728366633 -48.06936689786741823 -0.00855505038209195684 0.9991817194644262434 0.03953257811408067424 0.6417001239886399588 0.9964160404702385732 0.01184512152095832695 -0.08375467248461680725 1.726406131748982276
-0.08566283103294916601 0.03801892845861772757 -0.9955985720626207014 -48.88193511820102088 -0.009307843277024446457 0.9991975884532506846 0.03895722540153179203 0.6550399606030691269 0.9962807435488822971 0.01260406258318154914 -0.08524022195658957635 1.654257638126392704
-0.08644335513154198514 0.03434661398442232644 -0.9956645683612060926 -49.6697415147635013 -0.01261954323396359719 0.9992876672433580465 0.03556722278648909857 0.6751043918072558991 0.996176876866732619 0.01563938304188729547 -0.08594834213051308347 1.587065185808481438
-0.08716978466669696168 0.03117516915906692887 -0.9957055858489121114 -50.43508774272906692 -0.0158154715360789809 0.9993409982547279968 0.03267356982209861094 0.6663363607784914544 0.9960679575268572838 0.01859570231490477801 -0.0866192916541566188 1.502028403390350153
-0.08971195001904366806 0.02947413893244672442 -0.9955315752602533763 -51.2548461008888836 -0.02096397847160003797 0.999284741554495981 0.03147441784194315167 0.6892483102234067127 0.9957471336153176367 0.02369393484973184721 -0.089029889659394984 1.412399075719333208
-0.09027513485603322341 0.03102420978688566131 -0.9954335611201243772 -52.05285851995119373 -0.02090888207209870911 0.9992353932359605562 0.03303891089370257494 0.6789188171837072794 0.9956973913505390295 0.02379599601347403073 -0.08955743043009345428 1.312636609878815364
-0.09190865910791654048 0.03288675202617288157 -0.9952242642048347854 -52.83395278885495827 -0.02087080016324468698 0.9991713602329292954 0.03494459431488257384 0.6922760159970214877 0.9955487353836504072 0.02398283847840148447 -0.09114612924225719282 1.240362247051015832
-0.09325666301225372934 0.03186523261591874684 -0.9951320906655775067 -53.6527503862949402 -0.02535006607298165293 0.9990877686383311529 0.03436752488962082491 0.7183690847206825048 0.9953193685311972905 0.02843166589008660344 -0.09236380776928665437 1.151371127569991604
-0.09312493130685400855 0.03236532716905936302 -0.9951282876524668586 -54.41058170368367541 -0.02498444425417077272 0.9990808951924076142 0.03483194609825322752 0.7160458407259625568 0.9953409471814463894 0.0281064507678848996 -0.09223071218121037251 1.079135863494711245
-0.0927440854629912742 0.03391176431027535104 -0.9951123569612220221 -55.21847873897539216 -0.02302010379133807849 0.9990797289801242043 0.03619243064394839227 0.7331648820856417892 0.9954238724593398313 0.02626422456565973354 -0.09187808558539407866 1.000825466918101148
-0.09378065040626455684 0.03654119616751434069 -0.99492211086777671 -55.96975761305065333 -0.01929677929260689706 0.9990718408602284883 0.03851250709084830942 0.7362615323125053512 0.995405897277841234 0.02281052127909301633 -0.09298848181786183165 0.9143056495710968345
-0.09294734269490004253 0.0407172387173565381 -0.9948381647613278034 -56.73826033484316156 -0.02245741979616801623 0.9988236235571086308 0.04297854590506541145 0.7651575005857044198 0.9954177676777504757 0.02633624086870849437 -0.09192359965920654519 0.8531440616919261366
-0.09443975742508303739 0.04247055473913822349 -0.994624280960797913 -57.47789949720400671 -0.02283712073510783466 0.9987343258770631227 0.04481444321835609951 0.7775300746026878596 0.9952686444065569349 0.02694662087641845269 -0.09335032446651057858 0.7712525206444365011
-0.09504906639692135839 0.04320625983116579277 -0.9945345495031582272 -58.24048166677527405 -0.02208219822340711652 0.9987203722595032751 0.04549853458871495893 0.7841849890468242101 0.995227676411473805 0.0262861032334950756 -0.09397335198025592862 0.6917276721415109852
-0.09512215577419556867 0.0405580068165266247 -0.9946390800862118242 -59.02271744637507567 -0.02118748712891064742 0.9988609017099681076 0.04275642077207646163 0.7992111350226549504 0.9952401430139377059 0.02514098655827086762 -0.09415448224573762237 0.6163104148415710082
-0.09511218116507576259 0.0382112052340844513 -0.9947329555533334089 -59.74457518780974397 -0.01910923517815308476 0.9990088637981523467 0.04020260290862518598 0.8076776910009160204 0.9952831690142550647 0.02283234416547924583 -0.09428772733916987447 0.5428583076031676669
-0.0938752580873964404 0.03452096187349121964 -0.9949853341701431209 -60.47553700824447276 -0.02205717636109479421 0.999081313958408268 0.0367441308076226561 0.821045919561661397 0.9953396371609201099 0.02539593269500848779 -0.09302758343164312105 0.4708128883720961722
-0.09416540214704836875 0.03221161632333433 -0.9950353586251424742 -61.17667016202861419 -0.02339885071292827773 0.9991287839450924135 0.03455848588845176345 0.8348843370513349127 0.9952815919286801538 0.02653689847755895045 -0.09332965112008156927 0.4082028138505530146
-0.09161996596211556543 0.03147488426068560663 -0.995296533524000604 -61.85830625562545748 -0.02431223143706367357 0.9991317659296391485 0.03383418059738876188 0.8380374071760464671 0.9954972494603451239 0.02729776709571585247 -0.09077519584037087308 0.31934799919188539
-0.0875468812690871484 0.03242318683606739554 -0.995632641464234025 -62.55060957909371666 -0.02463025523706780309 0.9990942229376856831 0.03470167550908023757 0.8433517868136863882 0.9958558985141965358 0.0275607104975607517 -0.08666899397325923682 0.2431572201893316132
-0.08142924382447462583 0.03380143437902450448 -0.9961058265026226932 -63.22919535361894816 -0.02442253315978406072 0.9990570509226183171 0.03589806321179778853 0.8563885652490181855 0.9963798947694536556 0.02725058066944621021 -0.08052694542658217491 0.1971764397112379941
-0.07400863758724776642 0.03537445511666086062 -0.9966300446518011613 -63.87947100027068359 -0.02143064046071031445 0.9990835441659401406 0.03705295545849007083 0.8551739309416230839 0.9970273445985090577 0.02410065984830423239 -0.07318271642287182965 0.1773986548945384323
-0.06523301312425199006 0.03750288670805344143 -0.9971651137177839352 -64.49097354105970226 -0.02459014766446472253 0.9989296965866286682 0.03917790175994361607 0.8641638319803419677 0.9975670681154512609 0.02707613091936285701 -0.06424099398801950966 0.110152177914238758
-0.05384941595241118928 0.03860027394988060218 -0.9978027540109184468 -65.10570558340347702 -0.02779035287760242209 0.9988076311370978067 0.04013893778076682572 0.8713619862851057496 0.9981623182297131303 0.02989074995110045999 -0.05271249358303151111 0.07113546598342063154
-0.0386994010616756659 0.03956139420705005044 -0.9984674903300218007 -65.73698127325107521 -0.03152685066341770481 0.9986702377727827429 0.04079137055789826966 0.8988146620350006 0.998753468569672509 0.03305713804005467465 -0.03740069476505510776 0.06113399001470587457
-0.02061128548959142992 0.04155638376863413086 -0.9989235800573279533 -66.33682000037451587 -0.03118412774638491466 0.9986230031849813171 0.04218731715652474651 0.9046409649299851363 0.9993011568515997034 0.03202009633466219168 -0.01928700468258402051 0.04964472627197596966
0.001347663281098046995 0.04225312123448409646 -0.999106067710135437 -66.89230104458152937 -0.03270777593059559507 0.9985742944285687095 0.04218651364873560877 0.9111518346860447704 0.9994640874959143106 0.03262168514881869791 0.002727747600503664573 0.06144614178445628738
0.02637962900837464986 0.04289902381683840388 -0.9987311279292008237 -67.42745425193005815 -0.03116610585619460083 0.9986284552341936349 0.04207141885621527161 0.91022981197585906 0.9991660852529770098 0.03001673259549912307 0.02768044433736829152 0.09228565887485790098
0.05614899291391779734 0.04292993624247681134 -0.9974990666534936379 -67.93267626466170839 -0.02886235872888066184 0.9987274852679078885 0.04135814880462312243 0.9144155897844233882 0.9980051760851000875 0.02646795843893844438 0.05731660306162889018 0.1322047626432682477
0.0897388067504652498 0.04257046163518081461 -0.9950551636992818194 -68.4097506794867769 -0.02903147851847469665 0.9987734356316858575 0.04011133981659820158 0.9230865978265576643 0.9955421618396720351 0.02528837978308051682 0.09086462190507980929 0.2031125874535086862
0.126848691829339083 0.04290869703850309219 -0.9909936069035178985 -68.89294654108302041 -0.02806903356782151915 0.9988191827223200647 0.03965465464637348697 0.929147970210081664 0.9915248933752365268 0.02278609268619986861 0.1279033153632227471 0.2878748037139990945
0.1676988603242341724 0.04270562811622599653 -0.9849128877438619867 -69.37005144995063688 -0.02800364694098033541 0.9988645539683224106 0.03854245239646288818 0.9316670576336149034 0.9854404915427155132 0.02111762836209795866 0.1687043646108998818 0.4063990650252680137
0.2121523094624362671 0.04325411474480135576 -0.9762789317903911579 -69.80313159083874552 -0.028867841217878977 0.9988614415345729025 0.03798144818821325847 0.9500391422656233598 0.9768101751141518019 0.02012521415635966718 0.2131594195734140551 0.5118750425123752557
0.259902472085014602 0.04223802481550077703 -0.964710695463113499 -70.22267279581134858 -0.02481064044404575689 0.9990052340626484062 0.03705531679402089551 0.946555052224265836 0.9653161181865985707 0.01430432265079701823 0.2606918885221085058 0.6756736228711193171
0.3099239790670222927 0.03727013310283270459 -0.9500305962033456231 -70.63571346835284714 -0.0160748509883779471 0.999294013539902215 0.03395873624780251787 0.9327993397628036032 0.9506254755716387894 0.004746974457615848152 0.3103042960493133662 0.840907241659805571
0.3610148083352492931 0.03162250274733082595 -0.9320238151480709776 -71.03366905589795977 -0.00996811073550670293 0.9994987300049460455 0.03005075040323254218 0.9368960297279578242 0.9325068420214800424 -0.001558248478939223709 0.3611490675241834092 1.058176097229037937
0.4128245887199012976 0.02736394914739549017 -0.910399437847650983 -71.40579162119304613 -0.0046962749203608746 0.9995993159983774801 0.02791548998279376817 0.942419609108264722 0.9107984771575300398 -0.007248713835100700775 0.4127876948213649588 1.279123514883189427
0.4630095235800412712 0.02623531601224446744 -0.8859649817046587605 -71.76247700556864118 -0.005068871340335164531 0.9996239389184558011 0.02695198334098253962 0.9533030598453782201 0.8863388437228874039 -0.007988181691872018458 0.4629683980175263169 1.51493540883507305
0.510555136535245091 0.0246527581719046783 -0.8594915646739214043 -72.09704055872576589 -0.003480240497385313388 0.999640019323497997 0.02660529679420458107 0.9553530920807112858 0.8598380049776137568 -0.0105922328436050487 0.5104571560509134631 1.767526844042103473
0.555554534134522493 0.02071470314275838595 -0.8312220595804560297 -72.42801584892377775 0.003898767582740236305 0.9996137955391425356 0.02751693144719378342 0.959748328869522993 0.8314709913473256053 -0.01852789695446455109 0.555259227704110403 2.040338529152081914
0.5997717658290515619 0.01366912344598917792 -0.8000543927422592017 -72.76791798544205392 0.01571331725596242235 0.9994601348038411048 0.02885572284913580365 0.9519612460040197677 0.8000168538707711496 -0.0298783557059545575 0.5992331967065369636 2.350966357283069907
0.6417085832151265823 0.008375948622128934554 -0.7669028495824561364 -73.06851610752339354 0.01783937297665341357 0.9995068731714028543 0.02584355611252959345 0.9601816084850604005 0.7667410856903155159 -0.03026509713367314322 0.6412427328629595191 2.663927649463260661
0.6828740653992302345 0.004236951602219225961 -0.7305238513772088771 -73.34894248199697131 0.01459990078323289246 0.9997043700053727111 0.01944576103264185341 0.9575022567388715711 0.7303902317042162418 -0.02394458102589021309 0.6826103442778914676 2.99059509481264385
0.7232041842953618183 -0.002400755689869648896 -0.690630130950424248 -73.62138297318655589 0.01073883462880251098 0.9999122136561726659 0.00776946184841905297 0.9551673557011601812 0.6905508071966028893 -0.01303546945306511239 0.7231664951214865633 3.330524762635417524
0.7625727874572276743 -0.006315451135910163903 -0.6468716159606335836 -73.87330612992937517 0.007462693444952127504 0.9999717488605673887 -0.0009653025390451768981 0.9606839555186450497 0.6468593967558613489 -0.00409129048525857901 0.7625983920665382332 3.692549196733810657
0.799713253353234621 -0.006907014732159937227 -0.6003424266721028024 -74.14063528294101957 0.005592564106732659558 0.9999762007739763092 -0.004055025587349641442 0.9645846584759446563 0.6003561092284765977 -0.0001145951873088288305 0.7997328674739977439 4.079885655948851664
0.8338704411043058595 -0.009066853095596981438 -0.5518857658805341737 -74.36962212270194073 0.006379344253202060347 0.9999566648479200071 -0.006789294086861212205 0.9506160636771818773 0.5519233723857787099 0.002140722953946337138 0.8338921653347062257 4.497757180248822095
0.864131472773072562 -0.008905594686639253452 -0.5031873435600406896 -74.57077311077962634 0.005160148768598389613 0.9999477100825409082 -0.008835840974548772597 0.9521631259377437706 0.5032396883089631512 0.005038807284368372781 0.8641322618679524448 4.940008283574443659
0.8903454092901228467 -0.006122029041367469532 -0.4552445316107890938 -74.77725228934684765 0.003009765445174243572 0.9999669469185936688 -0.007560985385160676024 0.9409128782786556622 0.4552757437919881522 0.005361709889946782159 0.8903344273817033194 5.414295757918729635
0.9117733284206304134 -0.001434951977317463784 -0.4106913023613232849 -74.98608596356132239 -0.001427963045657337261 0.9999768359530364359 -0.006664127074895939869 0.9269232736692242236 0.4106913253248156703 0.006662625816392477203 0.9117501803838469199 5.896636494440398835
0.9296231404969472756 0.002775926622360389093 -0.3685011742249160727 -75.17862978899876225 -0.006013349704830728802 0.9999528155465609025 -0.007637303648725281627 0.9257008492813288969 0.3684625621905481263 0.009315741093007158177 0.9295959911551580079 6.414605245708987269
