0.9999999962582232227 8.137513278152659075e-10 -7.656115742981431352e-10 -2.139041617443826482e-10 8.137513278152659075e-10 1.000000061056633971 6.754229727670312846e-11 4.50643937444095144e-09 -7.656115742981431352e-10 6.754229727670312846e-11 1.000000080766252131 2.697696344089450804e-08
0.9999906302077292697 0.004317770838285890644 -0.0002981222592408896629 -0.004048900421677701679 -0.004316949636840218194 0.9999871057214574366 0.002697117390744778291 -0.007044128037535962381 0.000309762397375002471 -0.002695805018593631312 0.9999963991005560437 0.02044185026105030042
0.9999782918490608408 0.006374363142420774904 0.001666088923578901322 -0.02934739270545551684 -0.006378565172479650457 0.9999765171480389236 0.002530051296970843057 -0.0444314367293599452 -0.001649923766286119165 -0.00254062351166424406 0.9999954922488806242 1.289111165725708608
0.9999690371353266993 0.00785196864334871715 0.0005137037355010618672 0.003693589316886962577 -0.007852879230778821509 0.9999676093349871842 0.001798517578710557034 -0.07017841516645877131 -0.0004995666953564239241 -0.001802495822929777586 0.9999983314860450001 2.481436106261110996
0.9999469869938236721 0.01028910404571285395 0.0003874008020497221941 0.03007363028731638993 -0.01028966266903677713 0.9999460360320472363 0.00147307701212613185 -0.09746679479183190109 -0.000372224764072016912 -0.001476985022082225908 0.9999989207478160447 3.058826362312888847
0.999946304686069265 0.01031603137857436785 0.0009796836141636442764 -0.01421432558706970349 -0.01031762656319022871 0.9999454895199706428 0.001639103612184966393 -0.0983961445834588555 -0.0009627226412825246439 -0.001649123489454311668 0.9999982575437147414 3.682262269201563853
0.9999385820725068541 0.01080558125760710218 0.0024625261120860319 -0.03523978893284750863 -0.0108105946521450981 0.9999395594025486389 0.002032405864716450069 -0.112043155958581539 -0.002440417333391214222 -0.002058902293061050295 0.9999949833974056679 4.427582456402623379
0.9999335762506218472 0.01123434658518106949 0.002573923653908662991 -0.03194496462090085087 -0.01124662526344695664 0.9999252598541671366 0.004807308365449605193 -0.1302627252500690169 -0.002519725692170049144 -0.004835936894463803253 0.9999852130064359468 5.11270963241785914
0.9999242609674728888 0.01158454081314448658 0.004154910576713237436 -0.05955075993229861503 -0.01162120933241559025 0.9998928087814988874 0.008912941671193750498 -0.1417097460830534783 -0.004051214162081933842 -0.008960551609804306636 0.9999517276915191877 5.71337895494726844
0.9999345149031997337 0.01010609251475958446 0.00536892290126748592 -0.04226380306899148176 -0.0101705891390552923 0.9998748256028934245 0.01212494688194955955 -0.1399020124044061952 -0.005245716236072084718 -0.01217875791008341153 0.9999121570671548609 6.354170995232126806
0.9999370503591668013 0.009177336883906834358 0.006454791802467679633 -0.04525140310520270326 -0.009273017917604263124 0.9998452558616387487 0.01495317922458994433 -0.1608051338886551107 -0.006316563756290236899 -0.01501209326064023575 0.9998674410194290374 6.940144499042377291
0.9999194533701982746 0.01043337108893702472 0.007226622544576464906 -0.03392296754153481531 -0.0105393168805896012 0.9998352674553383501 0.01478116530141134269 -0.1757496168199287889 -0.00707121581405316911 -0.01485613832760164683 0.9998647181463240496 7.545257492377321462
0.9999007613426379448 0.01123645373670668565 0.008497182465595028503 -0.02213482135152912422 -0.01134266267453100559 0.9998568917041943394 0.01255636119970471483 -0.1897497285498097042 -0.008354878508571127529 -0.01265149572534257291 0.9998851420016854341 8.140668897547364224
0.9998912590711915849 0.01124464502461707503 0.009540467878207344044 -0.04429345784032687888 -0.01133752089800058906 0.9998883754159474391 0.00973752626649374009 -0.1928198955005139825 -0.009429908865251360878 -0.009844632570837381566 0.9999071564723814864 8.669912273123895119
0.9998924175416888938 0.009179585885228285294 0.01144032674428810577 -0.04642391721709677316 -0.009268951985081076705 0.9999268121032772738 0.007783255170652420354 -0.1955903975925676053 -0.01136804323554860968 -0.007888457578936410725 0.9999043461086010165 9.147890712211873776
0.9999018381028235147 0.005956262570967973784 0.01268186174832060774 -0.003551100952123523863 -0.006032260223171231721 0.9999640878798272681 0.005962959829043658691 -0.2099702383324085486 -0.01264589012561457941 -0.00603887468614556968 0.9999018826826980844 9.592679919222302232
0.9998807682705500577 0.003526072632934969513 0.01503358152809305612 0.003525279904343783972 -0.003591911982309057595 0.9999841276779016797 0.004354844216858565036 -0.2199167362724584185 -0.01501798803115125813 -0.00440832417921910736 0.9998775866319838945 10.07691699189673962
0.9998193962851511518 0.008142263588431338656 0.01717180503885049753 -0.0349114399168518677 -0.008187012397589444462 0.9999633277055670622 0.002537354550743122026 -0.2279387428345352462 -0.01715051598633933472 -0.002677481970964081057 0.9998494148746502885 10.46810288934794642
0.9997208965110951917 0.01218463283360732806 0.02023996915321432666 -0.01714518052307576618 -0.01222560554598203786 0.9999235167479708641 0.001901922043317245741 -0.2552577996617110268 -0.02021524721192731466 -0.002148836988123242839 0.9997934225670683794 10.87001763999271908
0.9996392855068068073 0.01323490431001877327 0.0233693974910985855 0.009588182089909908293 -0.01330829673120863428 0.9999070376495398094 0.002987871786714244981 -0.2600476194603598135 -0.02332768092979856447 -0.003297800800693897506 0.9997225141678139915 11.22597936699574284
0.9996215936703031213 0.009314472374769809659 0.02588247721283246788 0.03031934621071306207 -0.009404295116391681031 0.9999502251113330242 0.003350914220960320763 -0.2585295470456025479 -0.02584997687338862205 -0.003593052574414488422 0.9996594571072009439 11.50848270715273891
0.9995740896068853187 0.003988672524185245954 0.02890886418420999388 0.04115671186966816941 -0.00408581472972833256 0.9999862622291416647 0.003302056511725379347 -0.2680329449588209623 -0.02889529598815791453 -0.00341876629894649316 0.99957667810548545 11.8327146434479431
0.999507665302004078 0.0004151598769570996714 0.03137271421330573712 0.03927750543757213553 -0.0005501173759860385594 0.9999906935258697782 0.004293290792144922527 -0.2726046625121635314 -0.03137063946049539059 -0.004308435638256809599 0.9994986152360688658 12.0911617881508775
0.9994163723919756714 -2.097543322361880488e-05 0.03416001635895912075 0.04590519952924423941 -0.0001728640094756383225 0.9999839628114504109 0.005671538797528584246 -0.2762806946384121498 -0.03415958694059611361 -0.00567413368226761701 0.9994003643746051102 12.29311151840447636
0.9993708873296107686 0.000944956141950644324 0.03545319711859434147 0.0721835831938467537 -0.001102432189448543419 0.9999896737985140005 0.004422561700881676681 -0.2804450156569857078 -0.03544865126447550863 -0.00445886406821563875 0.99936163281095447 12.48167301455517553
0.999260780350460065 0.001725260163895194669 0.03840454290952394906 0.05786950422552684242 -0.00184745830913583646 0.9999934037841088363 0.003146648493387965619 -0.2852981217750044096 -0.03839885998589705196 -0.003215273130463072466 0.9992573997908160699 12.68286902541090555
0.9991371851011164873 0.003839052104459632266 0.04135383455104160721 0.03930640987842373008 -0.003932455585991458114 0.9999899579901675439 0.002177571619273428218 -0.2891678885402767518 -0.04134505847220509844 -0.002338314806026644491 0.9991422720888339937 12.85807172504736151
0.999068802678164225 0.006363242229716697777 0.04267351967682530417 0.06925642801862905151 -0.006451172493447791118 0.9999774026741479194 0.001923178346480251388 -0.3075651706292223952 -0.04266031664706573107 -0.002196681637077074496 0.9990873001980836721 13.0332450685481156
0.9990117328629601889 0.008124715407123148797 0.04369827491109961465 0.0709814931553825329 -0.008158569814867077524 0.9999666014662610403 0.0005964783045741212444 -0.3118450849442979678 -0.04369196809969617956 -0.0009524041616398703364 0.9990446768227303487 13.21998078263727905
0.998942009232583028 0.006978509521481380574 0.04545498026946755143 0.08624762807805069764 -0.006913260863047959552 0.9999748961706745876 -0.001592467088987459083 -0.3127727717122980589 -0.04546495097525622697 0.001276540234831910698 0.9989651996467467931 13.34041426943633724
0.9988679141706927611 0.005832916087270251411 0.04721080146033190122 0.09739520553092079203 -0.005712186074424154512 0.99998012361145594 -0.002691730648715087541 -0.3236558475618229735 -0.04722556236358560477 0.002419006597090708928 0.9988814024111269951 13.46723266213019876
0.9988252759821574234 0.005038092960644712306 0.04819417316830252457 0.1265927992405994629 -0.004862841064122711172 0.9999811951500719998 -0.003752895760183458298 -0.3308299656277284839 -0.04821217290504473812 0.003514126644126746093 0.998831016092048829 13.63157919571865229
0.9987436352784178073 0.005595231988014108017 0.04979796211561770408 0.1117422835935702741 -0.005349106061005968679 0.9999728796663990282 -0.005074356957285659948 -0.3277200409579582585 -0.04982500226624715645 0.004801607241377120819 0.9987465019291865698 13.74675057592894589
0.9986660936108467945 0.006435780554297544816 0.05123091716729967493 0.1169243911943332048 -0.006071552420972925815 0.9999552601171791677 -0.007261963658433241708 -0.3293806655278697648 -0.05127535989980495229 0.00694122579386659104 0.9986605120058398288 13.87812065587785426
0.998620277550472446 0.006818795981085455822 0.05206762877703009773 0.1344525545781851961 -0.006340967795972075882 0.9999363678911211695 -0.009336723024475095459 -0.3368330531038892239 -0.05212797915288822082 0.008993681901823744052 0.9985999944205505852 13.99379537202468171
0.9985996741139665511 0.005866970729309963113 0.05257625124905523917 0.1258807010205906241 -0.005277676851748471475 0.9999218313030907579 -0.01134017258735259444 -0.3398414879258390142 -0.05263867219911195355 0.0110468123149472415 0.9985526022717929884 14.1244210138659767
0.9986403496478379882 0.005007322890323081567 0.05188806651960702759 0.1414787953654203512 -0.004281254573393331909 0.9998915609437327712 -0.01409465571837613569 -0.3375187219041133058 -0.05195301466486653558 0.01385334603337863048 0.9985535190723012766 14.26421584036163992
0.9987531936555442691 0.004319064670129161426 0.04973325347184438805 0.1188848142801565699 -0.003595968957861590994 0.9998867204981316537 -0.01461975675189154319 -0.3428286344821559473 -0.04979076186622719696 0.0144226896558892672 0.9986556100336548836 14.37200994826089229
0.9988527375404752107 0.004563167103443142858 0.0476694751203862177 0.1231748835169120537 -0.003809202323770044009 0.9998664658080966827 -0.01589536532941540972 -0.3469050366387983475 -0.04773564142600105614 0.01569554664947198086 0.9987367619958774645 14.51442825254978253
0.9990643355468517006 0.005133456490340490216 0.04294291186525643622 0.1349658619325137532 -0.004413465400221834069 0.9998484460248886485 -0.01684423975153584788 -0.3572561903682561213 -0.0430228717577560843 0.01663895229777949056 0.9989356031344903686 14.60846259751759924
0.9992773954236046086 0.005462600563362104977 0.03761435337480713292 0.1300324834377201144 -0.004781073298136996261 0.9998232700911439119 -0.01818493965644363275 -0.358994204462702915 -0.0377070420685939045 0.01799196232274864402 0.9991269337452579613 14.75657493084071881
0.9994984966222711931 0.005236289229776325445 0.03123025914576335604 0.1319930318490862564 -0.004649384137053665621 0.9998118396779296368 -0.01883588531500342278 -0.3637364467595863293 -0.03132301259651677078 0.01868123775885692159 0.9993347996191740412 14.89615068433742628
0.9996998200938614909 0.005575943101893681732 0.02385730709774360955 0.1198762996102335915 -0.00511074577879674051 0.9997965467616020119 -0.01951582611987486005 -0.3740246148630045342 -0.02396127243958915201 0.01938803941329569208 0.9995249485960323588 15.02932120987787279
0.9998653515323101537 0.005276654150337279497 0.01553796156545299463 0.1500351217693015882 -0.004958623727469666648 0.9997789330434103672 -0.02043573346457878276 -0.3663015273349123357 -0.01564235949294742051 0.02035593511393260849 0.9996705027282597467 15.15699941660397876
0.9999748423099319439 0.004481423760967866848 0.005497645630798150482 0.1351433442638678151 -0.004359600133109944875 0.9997490914362615611 -0.02197430705160002481 -0.3686721004021552561 -0.005594743578024970881 0.02194978690136769814 0.9997435007195492052 15.28843900448072546
0.9999716469875986613 0.002873799165951350983 -0.006959815778405757658 0.0955293681707067438 -0.003035665844660206253 0.9997225754488492377 -0.0233597728162428242 -0.3795039651842203043 0.006890751726121683261 0.02338023839729467049 0.9997029776407242441 15.4412863700337688
0.9997365672290712268 0.002117736522567555037 -0.02285396981607311709 0.07865419997450588674 -0.002695437382085723484 0.9996769160903051787 -0.02527687027672934766 -0.3835407687683656808 0.02279305341297938742 0.02533181321205928843 0.9994193000942799276 15.60812901138150544
0.9990808745744708119 0.002988512848787245376 -0.04276058456412971942 0.04725341884421999789 -0.004115990395660877252 0.9996455889757096536 -0.02630355831185937285 -0.3874049394593574447 0.042666817106175009 0.0264553844644096342 0.9987391134104529611 15.73762998388908052
0.9979629837186712038 0.003315478255053978546 -0.06370936896677911743 0.02979710697614559867 -0.0049851969191651406 0.9996478200050750162 -0.02606733365733619745 -0.3954384529651915337 0.06360050073364230394 0.02633183810680560233 0.9976280728279821597 15.9448747235715178
0.9961708221039380362 0.003993292774306852859 -0.08733693435949685391 0.003165036666810526478 -0.006159839412626321418 0.999679653205095109 -0.02455136361336495224 -0.4042043373385417748 0.08721090863956638961 0.02499533386116612604 0.9958763233709305718 16.1628536921238215
0.9934319632370619546 0.004904475770463803154 -0.1143191774837269276 -0.06907954361059914783 -0.007572217390669145481 0.9997088382498350301 -0.02291336625590893392 -0.4072647986839008638 0.1141735055890048117 0.02362852039997757198 0.9931798748963091006 16.36983928468093197
0.9894869653675827381 0.006311604872834907821 -0.1444842673917335618 -0.1234085384074430081 -0.009400213360244281599 0.999741515652442625 -0.02070410508435516911 -0.4117658831885526727 0.1443162340303091595 0.02184462537993780984 0.9892905521078211306 16.60892540720103128
0.9841288060449667752 0.006249930811190068138 -0.1773455015819271063 -0.1971373417750280355 -0.009550724345632722115 0.9997966403426853388 -0.01776467616744102293 -0.4244904613444068775 0.1771983963535782858 0.01917650789114018137 0.9839883883906797024 16.86586026859399112
0.9768559678425989823 0.00752891414206471616 -0.2137655965196821606 -0.292330691650484531 -0.01058302146264466885 0.9998576368442093631 -0.01314639841342856233 -0.4305696752199628108 0.2136361715417619822 0.01510442399984464508 0.9767966011116926417 17.12523962622657336
0.9673110426749575996 0.009200561212091416807 -0.253425915666567747 -0.4077543267840355035 -0.01160997789587585489 0.9999005526130306798 -0.008013450136984949512 -0.4306763455537517826 0.2533269679424077769 0.01069376845854714576 0.9673216871169773023 17.38359361397520786
0.9555332071631180701 0.01311286069239294728 -0.2945918247431297265 -0.5401440775206837186 -0.01467701169721235925 0.9998875449685971084 -0.003099164313390099634 -0.4349147869429216828 0.2945180380597800518 0.00728508246252076129 0.9556182326669846461 17.63969816055797679
0.9414806804255825279 0.01709014288721553282 -0.3366334178660487231 -0.6521620848245640589 -0.01765115062691616568 0.9998432956685500139 0.00139393429634672569 -0.4389336348650779152 0.3366044664965626154 0.004629605364296920066 0.9416348290943991062 17.950915745742968
0.9250227116200586686 0.01983251110498722436 -0.3793938056459990604 -0.8155500006575204797 -0.01856515327879491861 0.9998032154707665597 0.006999105720694511271 -0.447369376724219725 0.3794579320707180403 0.0005691728279208453298 0.9252088967676896925 18.24685755755977823
0.9061937985535936102 0.02297965637878720407 -0.422237780274750174 -1.008628401627269078 -0.01859616800631952102 0.9997220200473297957 0.01449783553109574609 -0.4436028519441823081 0.4224535347284469888 -0.005285843514982264436 0.9063692496511880359 18.49887828479010565
0.8843116744110444127 0.02760689434143109508 -0.4660801792372542551 -1.217845223630438678 -0.02009472458873614795 0.9995758792586865171 0.02108045812111392428 -0.4437060770049597869 0.4664644411022729753 -0.009275941929397128055 0.8844913931697411247 18.80391547003724639
0.8596118689655665168 0.0329337418047714256 -0.50988510338758819 -1.464932155415670234 -0.02275288767003131804 0.999398004447517363 0.02619268733221637516 -0.4452076365567836369 0.5104407455321969822 -0.01091418595398075363 0.8598437443365662958 19.08748580592078881
0.8329159741419056573 0.03631366104343088791 -0.5522067702978434856 -1.700949098279931126 -0.02391166683487343236 0.9992744615726020241 0.02964632688392088156 -0.4466459265063531525 0.5528826546880682979 -0.01148871441804000769 0.8331800013002382821 19.38951967495853168
0.8017227127109192164 0.03998675827689490009 -0.5963570864353333612 -1.951936779695490731 -0.02655514066356401415 0.9991574188065054374 0.03129535105179450521 -0.4394047712002491779 0.5971059691128777214 -0.009253846882164440055 0.802109069033005162 19.63979430898061906
0.7690792409136762986 0.04260043462046757268 -0.6377321945535682213 -2.256317865502370346 -0.02714607682201952352 0.9990531730582459247 0.03399955831465273359 -0.4244848238196247681 0.6385767283149194062 -0.008836426781391158031 0.7695075086859705094 19.92832611020349987
0.7321804888172538384 0.04666505911007711588 -0.6795102181310567202 -2.550149866976583635 -0.02840741880806026479 0.9988743961707637897 0.03798790967104481026 -0.4175333523073952446 0.680518024197290794 -0.008510874318133326843 0.7326819947168250469 20.24134783495534151
0.6936166501945572049 0.04830309247227976971 -0.718723027991318264 -2.914511618125038339 -0.02656866035288265107 0.9987858886587031026 0.04148465943990730515 -0.4089500223247771737 0.7198542105289242876 -0.009678941869750793889 0.6940578870888403085 20.47778771407951837
0.6534945329526035129 0.04823839422168100383 -0.7553926094523707446 -3.253424466789649028 -0.02431987164444494517 0.9987901540370015541 0.04274218198360458382 -0.3826549656579917302 0.7565404677755900309 -0.009560730295152119682 0.653877072121565428 20.70078296012202657
0.6110292403450527932 0.04700310455086273431 -0.7902113779339562383 -3.623538254807860515 -0.01913884989633058212 0.9988210814159893536 0.0446124853445527686 -0.3650943573214381899 0.7913766591024145036 -0.01213579541000299987 0.6112084863158887549 20.94888734038806533
0.566313964432550887 0.04720258466226064098 -0.8228368369971881258 -4.013006771869411793 -0.01442521230488769991 0.9987734390308663501 0.04736721296860782471 -0.3584004319271702488 0.8240633811345051685 -0.01495511741021274613 0.566300266414375697 21.18223220786578764
0.5207474843169340728 0.04898393726208544879 -0.852304338979829601 -4.487318959559999598 -0.01257085901928841135 0.9986843370829765476 0.04971609907899179198 -0.3412203546443853264 0.8536182311156355063 -0.01517533513562436404 0.5206781385441713317 21.4312154432722366
0.4720139406548978234 0.04834782064738645663 -0.8802643846504004665 -4.958733859037113056 -0.01148927643947795542 0.9987476902367300458 0.04869466001419445883 -0.3102682597395826081 0.881516247099699668 -0.01287095677557966757 0.4719783255352907325 21.61583799541901385
0.4196734284228843537 0.04766033641509363067 -0.906423062655314915 -5.421692234613423089 -0.00626306790284045841 0.9987488367755600338 0.04961509020598203756 -0.3033974277800571273 0.9076535952705575561 -0.01514514507691085143 0.4194468582242062982 21.8095225456978703
0.3656486773757983699 0.04679737062675133619 -0.9295757726301067114 -5.933851250850818992 -0.001337632129628426756 0.9987606598529403801 0.0497541680363701791 -0.2797905184286348379 0.9307520188951174944 -0.01694911456575654354 0.3652581205238669138 21.96703532591002173
0.31309246799174556 0.04553918795616511417 -0.9486302535860998697 -6.482803447014898524 0.001226318730541543387 0.9988295811865139928 0.04835375949011330721 -0.2529949947883881056 0.9497218913529721362 -0.01630252017821644597 0.3126701804515634731 22.0854193958444398
0.2591459593826815344 0.05125791697784443796 -0.9644770963469235792 -7.033352515046114029 0.001647831303216002428 0.9985658892542472742 0.05351235043583515982 -0.2238537390908439395 0.9658368016152772961 -0.01545680416932273919 0.258689857045645677 22.20240718741145258
0.2079751583802381676 0.05617718444414800116 -0.9765196009677522548 -7.640405290093698731 0.004812640887275065893 0.998278568854360282 0.05845391046086616943 -0.1918855077666461462 0.9781223057695376255 -0.01685659867359034364 0.2073467877144488103 22.3007582509125406
0.1600535690518980481 0.05802219655688094918 -0.9854016210574353396 -8.232899352245365066 0.009936574632954567332 0.9981257410116058937 0.06038536094703091106 -0.1766131310452165037 0.9870583539679885776 -0.01945640852496809473 0.1591770490594421883 22.32266158008241419
0.1151920581200041316 0.05917984491453569251 -0.9915788479561917779 -8.824059305292095701 0.01325510263902868018 0.998043356151102512 0.06110551285015675127 -0.1420092942980445971 0.99325483524060032 -0.02018234842947896207 0.1141822360487512455 22.40229097932782309
0.07505036397677646021 0.05805780658660766869 -0.9954882272317605585 -9.48778453732093574 0.01319376429699764021 0.998158520877601152 0.05920822563142209838 -0.1293250717588009246 0.9970924951500138578 -0.01757783514100001721 0.07414616102309479206 22.43896718253606437
0.03874476225418947706 0.05386465352213649915 -0.9977963316201199362 -10.15751208066826017 0.01040314074292883993 0.9984702622740595501 0.05430499244821714727 -0.08270435622157892852 0.9991950234557875898 -0.01248424889708630442 0.0381251322538680576 22.4190039241262582
0.01010304979209582579 0.05329711193840960815 -0.9985276276663155315 -10.8430437011449694 0.008593886478776504786 0.9985371074277578085 0.05338457071212569099 -0.04556669318822678671 0.9999120713844370512 -0.009120579247278931892 0.00963024101372495292 22.39216532498678092
-0.01063712591924591278 0.05762925675940257925 -0.9982814218655794436 -11.52051279848669374 0.006866328641346165079 0.9983185988360795404 0.05755823957334565977 -0.01597032525119210233 0.9999198878481445618 -0.00624227326415552515 -0.01101494231571527836 22.33812049733194982
-0.02384256854847133233 0.06314438779473981189 -0.9977195974147756719 -12.30115235089995807 0.008265274780775974661 0.9979816683283621037 0.06296345862034104235 0.02273090174547283404 0.999681596394667249 -0.006745215242921321665 -0.0243163526211815223 22.35035568789175286
-0.0320981631692082367 0.06596913615220571792 -0.9973052981844506837 -13.05834199071756174 0.009076757637570993797 0.9977975685491530244 0.06570956463030812322 0.060313413233266229 0.9994435438670901117 -0.006943141353002489982 -0.03262625578834244672 22.32888081520576407
-0.0356530218878191793 0.06364497657849876866 -0.9973355783070663172 -13.78607627217774834 0.009130131290243485159 0.9979491764368061402 0.06335774744414510162 0.08258403401802064114 0.999322560389566461 -0.006846908810170889217 -0.03616099166828876804 22.26587506630139401
-0.03476844603580431237 0.05961163175812388831 -0.9976160009277870166 -14.56384026551255495 0.01572498533692319109 0.9981286088840759518 0.05909422274181477114 0.1268116931880775844 0.9992717132833718319 -0.0136328819105260516 -0.03564077354410786352 22.22169441866193296
-0.03081967000418085051 0.05770256955694172407 -0.9978580250858217759 -15.37512755387083807 0.02811085498675840871 0.9979874292002667291 0.05684182585718944997 0.1792092458340436845 0.9991296235979151286 -0.0262987951895265297 -0.032379712559711539 22.26673338305015193
-0.02748307019435651533 0.05763349273260651162 -0.9979594872593602339 -16.15820355867216662 0.02878945045691401125 0.9979681223462708584 0.0568411514504120266 0.2119608233725922553 0.9992076487817921349 -0.02716853512845735993 -0.02908646522292661352 22.24343549444528634
-0.020753770003558384 0.05642590315876332141 -0.9981911016270603731 -17.00617760118081279 0.02731565932895752349 0.9980654573540651553 0.05585087079009581901 0.2511194714318302768 0.9994114331915353588 -0.02610713121207202531 -0.0222549322192706206 22.19138491171655758
-0.0171760931165497871 0.05139592394920733387 -0.9985306794182680079 -17.91612380952269135 0.03077115968068818916 0.9982321413717888392 0.05085125191707443731 0.2742441832804428103 0.9993789044039386171 -0.02985252041607164633 -0.01872724083332330189 22.20892536763400571
-0.01465103049993723983 0.03979358000675566054 -0.9991005431096143807 -18.81901870655721609 0.02864381084802068017 0.9988144350958285678 0.03936214533145301203 0.3170253533478068486 0.9994823442268319091 -0.02804135023885643424 -0.01577350090048391246 22.16025309575882574
-0.01475017230411011966 0.03167021813682686926 -0.9993895670152240784 -19.6854547698322655 0.02178911750068871639 0.9992711620141024875 0.03134487623232629777 0.3407981138181651048 0.9996538119755601359 -0.02131347360345612479 -0.01542948828385987646 22.12179501604787646
-0.0163158898104992095 0.02816247713126977109 -0.9994702314618220118 -20.61443494166442747 0.01563801902264599919 0.9994882364178023781 0.0279077008152162874 0.3569781691567879833 0.9997446279548446446 -0.01517439471922359291 -0.01674794567749939012 22.13067169280202506
-0.0193905211685685662 0.03410527376786993969 -0.9992301611362902625 -21.53203665203341188 0.007193689997866310921 0.9993969776605069466 0.03397137053218956398 0.3889517964076880663 0.9997861449005660539 -0.006529428607092417451 -0.01962417147669426667 22.06814719431579519
-0.02491806636293190935 0.04258846533766061371 -0.9987819529204499114 -22.5631701179090598 0.0007280873303137262243 0.9990927050058510117 0.04258355138773804727 0.4205190286877296679 0.9996892701573707463 0.0003339001217206447785 -0.02492646703044310366 22.07356659987497594
-0.02802625456780819674 0.05158129419686212358 -0.9982755010503786552 -23.52648466659672621 -0.0003256052544726947308 0.9986672888937599968 0.05161067958309220605 0.4514692490461399421 0.9996071728619606578 0.001771498639098640802 -0.02797210918005530247 21.95918288877671642
-0.03014151926361953102 0.06183229812369656075 -0.9976313610448285241 -24.55144084105900504 -0.001375697459018254991 0.9980813607090144313 0.06190175325996349204 0.5042641759862652728 0.9995447329993076835 0.003238252660307978058 -0.02999862672563112509 21.93943195770552279
-0.03122658132192025413 0.06930381940497568061 -0.9971067936894724149 -25.6073821275992195 0.0006137703834859809535 0.997594452675006127 0.06931849317603881733 0.5493987308827948945 0.9995121814639224 0.001552585776512170309 -0.03119400166316345369 21.91419385265966469
-0.03378162081280552259 0.07052109072104500997 -0.9969381398180355847 -26.60091722998532049 0.002263787035631308411 0.99751034191829413 0.07048485836044914021 0.5954906599350371366 0.9994267128425821101 0.0001242379467758042096 -0.03385716164958248869 21.87770999024026253
-0.03486774377851474538 0.0680365004545708113 -0.9970733933938519256 -27.62760968249145321 0.0003706158331699286397 0.9976808816180905426 0.06806499329291619549 0.6435933570157044148 0.9993919051417305965 0.002003742393698382685 -0.03481209757071888899 21.82205658319806219
-0.03705533601852289971 0.06340092972182313769 -0.9973000054864242792 -28.63941908105973155 -7.66301928191411129e-06 0.9979854112260573284 0.06344478798439040501 0.698706616093108912 0.9993132536792306286 0.002358611104943324037 -0.03698019977635243205 21.75034255278696449
-0.04223773242929895755 0.05795337943327161928 -0.997425414004830091 -29.64666781255114358 0.0004713713868083741734 0.998317390076083333 0.05798524526776174803 0.7408374501438870219 0.99910751608953563 0.001979008314468671138 -0.04219398135312876774 21.71862432796885045
-0.04686693135566000201 0.05348236476791030924 -0.997468397546380281 -30.69833636819780764 0.000701460973246622395 0.9985672183166783844 0.05350832303264246165 0.7850307453126370572 0.9989009338309657871 0.001808086592559431409 -0.04683729816226222392 21.65457292705270831
-0.05450763077480016983 0.05120292415907042732 -0.9971997068651446972 -31.74511384561730054 -0.0005326698254032532793 0.9986827864170284563 0.05130819182561418418 0.8331559469843959898 0.9985132504413142263 0.003327867019071744162 -0.05440855960376803774 21.61930000125795814
-0.06019910317485242801 0.05400470746989461529 -0.9967244534495660613 -32.7841286092787243 -0.0001393083834791317924 0.9985349662036459018 0.0541112191686958649 0.8691278873884700218 0.9981864181506111544 0.003396299785058475452 -0.0601033875524364658 21.50695073522290457
-0.06711587491869053235 0.05827435908476567145 -0.9960419844903443121 -33.86036165675103859 -0.001030842259897844912 0.9982883876382361299 0.0584752482490360076 0.9128513818582926209 0.997744693518552106 0.004951380466299695922 -0.06694092845237371858 21.43730538822556397
-0.07330943341528417534 0.06214738762880235579 -0.9953710391356190845 -34.929753753377625 -0.003742517085202313413 0.9980324186583691137 0.06258919287772703177 0.9504636042948649832 0.9973022597087199959 0.008313572245432918756 -0.07293260518899008504 21.33764665386141601
-0.07832983429556358845 0.06338418063725748119 -0.9949105281355857811 -35.9902137161088973 -0.006605180500053220612 0.9979219350926149534 0.06409606260567922431 1.008277438891915123 0.9969056551521933152 0.01159219845087143888 -0.07774839768147923103 21.22677184685454677
-0.08053107322654040612 0.06525787178062231186 -0.9946136097340322335 -37.05108146564641203 -0.01131948586721615892 0.9977303426945024478 0.06637887231597963678 1.049505221278651756 0.9966878609080372931 0.01660407741113317445 -0.07960961159346642557 21.13122997783338519
-0.08205238343844410698 0.06664968630745718436 -0.9943969538933441488 -38.15732482513002566 -0.01523535177802415146 0.9975609367084752321 0.06811889448038549455 1.106488735997558592 0.9965115990315407402 0.02073930594827263704 -0.08083682295658164985 21.03871873381052993
-0.08357403572183882967 0.06563240906206846415 -0.9943378920860870274 -39.23324851742249564 -0.01692980630443261664 0.9975912177266312852 0.06727009841232661769 1.15641500060978486 0.9963577865243775644 0.02245598242828595811 -0.08226158201799893543 20.94034901331088605
-0.08517490054826939994 0.06559189908177827377 -0.994204714970947756 -40.28338637662930211 -0.01726499357044632144 0.9975838641945714569 0.06729395263815785011 1.20102110567710807 0.9962164588326762882 0.02289669464298133006 -0.08383666466694578157 20.83677096532239403
-0.08693207784329098908 0.06496429121946166452 -0.9940938239726720971 -41.37121812345183969 -0.01794602474719574764 0.997607502321671058 0.06676326586708759836 1.249952170038527877 0.9960526243877964037 0.02364390270235186206 -0.08555824427282353317 20.76126948218207957
-0.08811401185404578451 0.06414625105002894068 -0.9940428841486311784 -42.45112713381681857 -0.01952673096578767808 0.9976214473435237595 0.06610806858383393159 1.301638706677474167 0.99591902491525508 0.02523545602334372612 -0.08665186347773355668 20.63271086797112375
-0.08790044073386425738 0.06172254998549068367 -0.9942152259383190138 -43.53890442951058048 -0.02395602518431527717 0.9976588960747085899 0.06405433685082356776 1.353432527178870526 0.995841201131292042 0.02944785036617068863 -0.08621603172195040077 20.54700782333840436
-0.08909077523133629439 0.05698318506667985478 -0.994392189493908174 -44.64571366625942517 -0.02917083924640393247 0.9977846505333684002 0.05979109791279797054 1.406130265243295874 0.9955962898582000342 0.03433409092910254257 -0.08723116273887428218 20.43509039737077515
-0.08669210123010498426 0.05590314548986042437 -0.9946654684309548244 -45.72951445790815228 -0.03234745913743140161 0.9977400027726727183 0.05889525300652503903 1.4476563892261749 0.9957098964923367657 0.03728065479972436647 -0.08468785458765851204 20.32163666049874706
-0.08567499521134133711 0.05949311660523214779 -0.9945453435916236096 -46.85278654914893792 -0.03298196409643237154 0.9974992138046159251 0.06251104367511277349 1.510626508619926867 0.9957771144957101583 0.03815769315141176454 -0.08349854248246943444 20.22706524676320328
-0.08399362240347996167 0.0631456730101617042 -0.9944635597045812236 -47.93759258228244846 -0.03232971163545535209 0.9972920995390877064 0.06605588568572885733 1.5633606775074953 0.9959417340773240035 0.03769899420203668555 -0.08172469654589645249 20.09160812623225212
-0.08226465998742611696 0.0626761838354083084 -0.9946377722216387385 -49.04846432638284881 -0.03007762598593788014 0.9974098131475859219 0.06533852733058487239 1.607768228564786517 0.9961565834207003478 0.0352913955959420142 -0.08016643020546160292 20.00641266313713373
-0.08011731962737424217 0.06205099201058139613 -0.9948522331250505557 -50.15003714133342783 -0.03078109360534915864 0.9974305809030530323 0.06469066897175872188 1.656198305535129922 0.9963101002989187549 0.03580548367355006201 -0.07800146908651653388 19.92880052419378956
-0.07601328297441982407 0.06266945979957873336 -0.9951354661284325109 -51.27989947812741889 -0.0348578096050570635 0.997245903527448907 0.06546497599483157293 1.719112232685203745 0.9964973610345546629 0.03966445132847330746 -0.07361941668258738247 19.80523012779828207
-0.0706222712407393316 0.06364593629292214505 -0.9954706253816960615 -52.4246643639451122 -0.0386225122755304226 0.9970396177138750593 0.06648627157878130023 1.766848626672135936 0.9967551720612952693 0.04314298894052336075 -0.06795503795141052961 19.71990168144688482
-0.06448302367359350085 0.06385679366690158454 -0.9958736496361307866 -53.55787381507072098 -0.04219096059012423378 0.99688382651657792 0.06665344180510940353 1.809332465102752252 0.9970265489131090453 0.04631488236930071667 -0.06158790535765376606 19.6192720319481495
-0.05891700308969131938 0.06284752521200903663 -0.9962826164651130689 -54.64434019943765009 -0.04430539190645199632 0.9968682501844063903 0.06550454972232271078 1.871947868735153842 0.9972792466383899601 0.04800002453702897215 -0.05594800684641656335 19.53823680390765816
-0.05355915243686346777 0.062011485176177078 -0.9966373811508704161 -55.76860319912590569 -0.04341128827014148484 0.9969817561189375787 0.06436582969283451139 1.91989231851048836 0.9976206463709712535 0.04671269294122359222 -0.0507055005760683325 19.51123549504624322
-0.04780591455156840003 0.06170901579411178922 -0.9969486790070019033 -56.89809357076355667 -0.04211785104096985727 0.9970776543274667558 0.06373664477574002285 1.960372249868530314 0.9979683151406197883 0.04503632554953104078 -0.0450671590592774049 19.43185713703282147
-0.04241832963022122011 0.06229407506127312977 -0.9971560611269019159 -58.02692721017708521 -0.04174095804009966826 0.997072492853003256 0.06406448660566202435 2.024590513141732551 0.9982276567163649306 0.0443397588125479733 -0.03969393621816234841 19.37711800138641038
-0.03711631250059484882 0.0634145766317172066 -0.9972968703333622287 -59.20251202078250685 -0.04066177785616641865 0.9970622093055876434 0.06491296197389236078 2.082048210842571301 0.9984833879925697486 0.04296119456984332646 -0.03442872391630186213 19.32590690003828726
-0.0305777864929113255 0.06484427670456389958 -0.9974268371944763345 -60.36456313205091107 -0.04112401531073499317 0.9969669093168908036 0.06607510217864290269 2.13327987200597935 0.9986860824569963047 0.04303862788057551819 -0.02781838491155173149 19.30888426357996579
-0.02456904707900087886 0.06488191554730453336 -0.997590485019863471 -61.48946040712760208 -0.04072978558590305276 0.9969982168452951043 0.06584650493038257668 2.179017473246527281 0.9988681211582605135 0.04224943342412572356 -0.0218526701248602899 19.23950128683637928
-0.02167750781194498905 0.06019845021664236434 -0.9979510554714353665 -62.62432230607748807 -0.04094788668884274951 0.9972945878677135223 0.06104832191922070217 2.23351232729820115 0.9989261400181561612 0.04218736320647580723 -0.01915386234395632589 19.22479306903781904
-0.0169841521001392777 0.05555950016730182989 -0.9983109522703158545 -63.77305141530264621 -0.03985818281265460228 0.9976237164535056712 0.0561993563240289068 2.268109356655866549 0.999061029582678839 0.04074535984450001341 -0.01472929256375335796 19.1813022748509745
-0.01372387920631139811 0.05390780896414899825 -0.9984516413898272269 -64.93177893185824701 -0.04126135604918922117 0.9976646378359050882 0.05443246194931136012 2.317540224817152161 0.9990541690158062371 0.04194449420124372885 -0.01146751994144804519 19.20342849796569595
-0.009452175668779453852 0.05665115956386116564 -0.9983493273528584178 -66.09730599009438379 -0.04048703450916190522 0.9975535767473656668 0.05698932857771714378 2.367362379138974848 0.9991353929303156134 0.04095887780352520935 -0.007135414355510866051 19.15976827947855909
-0.008102501731414798319 0.0562779623385429098 -0.9983823002019306392 -67.28574891163164295 -0.03933350881029393231 0.9976244734650282497 0.0565544609338592269 2.410036868002600752 0.9991933254112556062 0.03972811260431692582 -0.005869644427852827202 19.13414166531321214
-0.006093794268645548115 0.05587457416285427497 -0.9984192378835300419 -68.49040713942819991 -0.04219810387953368963 0.9975340520829079072 0.0560825905836838251 2.465426660477729293 0.9990907179484102008 0.04247315548088635012 -0.003720966285732017938 19.14158410950620137
-0.006072668171713041171 0.05707333296699004105 -0.9983515584727298275 -69.62002156517030471 -0.04284488297179563782 0.9974383391239446395 0.05728173923440076087 2.495527531508474617 0.9990633191612624531 0.04312210967991473437 -0.003611811861928731441 19.09202264124934345
-0.004209802771745941793 0.05720660112489301535 -0.998353524204874998 -70.7541401050152956 -0.04362493446072882031 0.9974014087759363045 0.05733599969094270443 2.540785265346697575 0.9990391482020305469 0.04379448131278736861 -0.001703229024051162652 19.10953681502612156
-0.003734775577317178945 0.05493469532718676246 -0.9984830031858624722 -72.01067578308932582 -0.04424250251886115148 0.9975031982448034906 0.05504627551193237711 2.592722703488818947 0.9990138784856713583 0.04438097327313492158 -0.001295002210775044078 19.08311818364446211
-0.002955846853116204237 0.05320190203279101526 -0.9985794397770624276 -73.18899933634217803 -0.04273777370726837554 0.9976647137331656756 0.05327967400807852305 2.6195595205830422 0.9990819899560915429 0.0428345496825633526 -0.0006752132644072481862 19.08770407808115266
-0.002334969452991534581 0.05387224458909065095 -0.9985451447663034052 -74.2959461463114792 -0.03966102997320747336 0.9977572305008803877 0.0539224786102087475 2.657704055799297471 0.9992105021518233876 0.039729237244460959 -0.0001931039460616116709 19.06868924451230285
-0.002336045848790273445 0.05380940872492621235 -0.9985485303070539276 -75.49084345515024097 -0.03648079222463833371 0.9978820068409295363 0.05385883638746417207 2.70615897217565804 0.9993316625050100432 0.03655365914767358393 -0.0003680882633636772512 19.05262347490396735
-0.003749633887620594259 0.05628898906221125459 -0.9984075154480928083 -76.67666759768071927 -0.0368197889995419067 0.9977297725730354117 0.05638906009568540184 2.754774081680384956 0.9993149255271315257 0.03697259336069930874 -0.001668572699178919299 19.03425888678663114
-0.001095913108482623717 0.06060046721179662699 -0.9981615396769242254 -77.88937893261561385 -0.0375097465008065456 0.9974572248692656906 0.0605988904088343161 2.793337128205454878 0.999295699422961925 0.03750719841307032648 0.001179981748490202195 19.03963995802028464
-0.001621055174280691159 0.06000769515396633252 -0.9981966367630094039 -79.04461880951008368 -0.04103373644353513344 0.9973532563614213586 0.0600236330055175446 2.842512308048440683 0.999156485062135391 0.04105704032078848209 0.0008455753166437456145 19.04798025788672433
