0.9999999962582232227 8.137513278152659075e-10 -7.656115742981431352e-10 -2.139041617443826482e-10 8.137513278152659075e-10 1.000000061056633971 6.754229727670312846e-11 4.50643937444095144e-09 -7.656115742981431352e-10 6.754229727670312846e-11 1.000000080766252131 2.697696344089450804e-08
0.9999922298364156692 0.003938346828528868464 -0.0001490474495652630797 -0.000420378660984307333 -0.00393801933028164932 0.9999900451315280048 0.002126910399054240692 -0.003493996221023450491 0.0001574209338187907608 -0.002126306796634534497 0.9999978077825706357 0.01039220951096342556
0.9999663737728411439 0.008042044187060589169 -0.001602930217712747159 -0.05317748564485963447 -0.008037922805630511383 0.9999644789454675831 0.002560222802896433385 -0.02546353933476201703 0.001623461071917910517 -0.002547252362195432784 0.9999955186943962904 1.067665674572086498
0.9999637681518817045 0.008490185065893537941 0.000609651597084179416 -0.01140487358891426918 -0.008490988217504566102 0.9999631276952072323 0.001329836125875978299 -0.05465104893734187841 -0.0005983400593305596106 -0.001334964364883263477 0.9999990106957610259 2.089546549504670558
0.9999389487253140807 0.0110337883558697062 -0.0005889650695819993384 -0.008438037134581518467 -0.01103298839897841506 0.9999382953184201561 0.001341942751427185497 -0.06844428686470084566 0.0006037338701153844352 -0.001335362657204132138 0.9999990069211702748 2.83935510788476142
0.9999397078295020336 0.01096006841355838535 0.0006709301742124251138 -0.02110992827678326994 -0.01096094099027188074 0.9999391254823437603 0.001313464919828162287 -0.09403277433864280777 -0.0006564951591895171407 -0.001320739633012289532 0.9999989930965911267 3.592821253058304354
0.9999354199983727653 0.01136182175322101792 0.0002395455406819591091 -0.03890896522994877205 -0.01136225844944872831 0.9999336736354603739 0.001915593798304977618 -0.1077360488030451591 -0.0002177665374138512016 -0.001918191748571415438 0.9999982173237411676 4.261588368492581047
0.9999268639731526687 0.01201607878191301472 0.001368612050660014332 -0.04357425226141042884 -0.01202240229014472396 0.9999166912033849997 0.004711112559651895078 -0.1164381377688023106 -0.001311890389287055951 -0.004727221905126679537 0.9999880468535469191 4.921807873195375826
0.9999244574432966104 0.01187459776182522506 0.003172676414245976205 -0.07045028427165067608 -0.01190157747684610079 0.9998920340917244465 0.008625236286045065773 -0.1310174502222537507 -0.003069914013405090382 -0.008662344476724544162 0.9999578495866343619 5.553855026736604472
0.9999306125241953502 0.0111641494643013664 0.003758249840321542783 -0.05517944032294953838 -0.01120856826893469257 0.9998650737941693345 0.01201350471368263853 -0.1349112825642206359 -0.003623623512146218525 -0.0120547956483543113 0.9999208532614202172 6.153119862288377817
0.9999363707636740317 0.01022592843720117155 0.004762073714790702669 -0.03149919245349813712 -0.01029461310789215982 0.9998400449846461813 0.0146296781282705974 -0.1539031376344085489 -0.004611711217765279008 -0.0146777708909456607 0.9998817213515669433 6.790912460817532192
0.9999179676147857965 0.01075562409807261956 0.006954647817982684624 -0.05271079846379170264 -0.01086081213513824875 0.9998245035829689265 0.01526849336709889225 -0.1741820603675477419 -0.006789206256753810807 -0.01534277391569189609 0.9998593238548324491 7.381889875245763122
0.9999027962718283202 0.01202231572260407944 0.007060769875500299587 -0.02306959550457482466 -0.01210974512355215797 0.9998489355289861269 0.01247326275044614505 -0.1839093386892704518 -0.006909746861378159369 -0.0125575543531200734 0.9998973571129051718 7.93208567375775786
0.9998874286478697249 0.01188818983090643433 0.009153879643443756792 -0.01214748314504498702 -0.01197485578093329672 0.999883496496791202 0.00947197709515850382 -0.190826791821253422 -0.00904020951032698597 -0.009580527127691333342 0.9999133210676056649 8.45829546122454623
0.999896892437038165 0.01031444866155980904 0.009990454285964154441 -0.02915010980074412422 -0.01039292437803695894 0.9999153540467871082 0.00783542954235892132 -0.1952563485991942183 -0.009908791431929207805 -0.007938451596800922064 0.9999194759458395199 8.959635250078292756
0.999908938028903127 0.00643858885232103436 0.01185971107788788732 -0.02690384694507171742 -0.006510874061830977666 0.999960462297978192 0.006066668055740648095 -0.1989624414066415992 -0.011820182205674757 -0.006143332600686535715 0.9999113482176946732 9.42397950566630449
0.9999043864806650417 0.004608586246263806675 0.01303730605872757686 -0.003703346323644111232 -0.004663673553753430387 0.9999803733130030459 0.004198242845247388173 -0.2128338586181241499 -0.01301770295540877545 -0.004258643070931708748 0.9999062780612181234 9.87583349819748868
0.9998347287264320871 0.008404056740172784201 0.01612078145897398798 -0.01401782057901296806 -0.008447490395687432679 0.999960926611072054 0.002628165247065165216 -0.2275640744751895594 -0.01609806486647195542 -0.002763910928196370523 0.9998666784320506817 10.27901811888126637
0.9997329208739058615 0.01279982706912919863 0.01924172283565989475 -0.03562456951336226418 -0.01283405663789619761 0.9999163289206829397 0.001656571768152237476 -0.2409579316875201382 -0.01921890938763190157 -0.001903078590589273988 0.9998135692939352781 10.65548400965125353
0.9996667233247256146 0.01335317349694997886 0.02209360975403531699 -0.01975368267843565298 -0.01341386413754359214 0.9999067078737741143 0.002601130187368718306 -0.2519613563640369924 -0.02205681543885212176 -0.002896623874845502978 0.9997526033912262911 10.99268683948973546
0.9996273534359133572 0.009710467419776894205 0.02551183332380644112 -0.01510719676887582047 -0.009789353680126393342 0.9999477360779718271 0.002969134354290290257 -0.258245540302735388 -0.02548166827106668197 -0.003217772181161592492 0.9996701916334467253 11.31136806298699327
0.9995794641811271974 0.004635122236360670819 0.02862521580799706755 0.009826224239074594913 -0.004725875427195365061 0.9999840777765536259 0.003103610733761480531 -0.2604520411546031866 -0.02861037420247420152 -0.003237584662154503919 0.9995854771054769605 11.62961699736144183
0.999535298722725396 0.001089731946690899534 0.03046295523510636483 0.04201866283857925988 -0.001212323491511748145 0.9999913015095863722 0.004006156385325795009 -0.2702364582580645269 -0.03045832429097942301 -0.004041225581278019494 0.9995279488224668718 11.89001150436837762
0.999442550499975213 0.0007159494646468784942 0.03337766060082242997 0.04641451655785537589 -0.0008929476819041107065 0.9999856790115964067 0.00528833898245609918 -0.2746743564661853765 -0.03337339591334615579 -0.005315195417744267119 0.9994289002382094056 12.12646024149926838
0.9993908731288470015 0.001306605162376947788 0.03487360115916068176 0.05422625016283924571 -0.00146070810595308161 0.9999893412734811582 0.004393834657606171881 -0.2804529945089670462 -0.0348674878490427137 -0.004442098317698804991 0.999382152900492815 12.32186875915352431
0.9993035690899279011 0.002254659572215937831 0.03724628699674010363 0.04515843809394589486 -0.002364228017331327248 0.9999930670730141635 0.002897989202430891181 -0.2891644886889788157 -0.03723949405088178982 -0.002984029576590995891 0.9993019949555900228 12.49901199920229189
0.9991978903206534257 0.00444569542188056905 0.03979703970029239285 0.05501090346888960064 -0.004537580545815993356 0.999987304495093321 0.002218854747920153032 -0.2878659195055443543 -0.03978666920740316082 -0.002397657165896465055 0.9992054011327321517 12.68254553970685983
0.9991092476096421482 0.007148017003363952779 0.04158857785228579212 0.05787819823626758065 -0.007220776998949489899 0.9999727115012574385 0.001599603319491694825 -0.2952589108472508106 -0.04157600796412441041 -0.001898480226770656205 0.9991336210860071176 12.84263986856962703
0.9990519196005158697 0.008272060927868920069 0.04274140350883798289 0.07012584120089793149 -0.008297467301522904945 0.9999655494919917897 0.0004170862388442477626 -0.3127687303732154533 -0.04273647980463440854 -0.0007713361145677639832 0.9990861623393592073 12.99744454018456352
0.998968416195411435 0.007726276227034839517 0.04474819251531376996 0.08405979485103773352 -0.007674722998620603885 0.9999697337776557449 -0.001323726687578565377 -0.3169331818628545738 -0.04475706443127886597 0.0009789312666633092144 0.9989975016529323293 13.14193804832766688
0.9989157551977597693 0.00642800481673149772 0.04610843101338761574 0.08202363130162609872 -0.006310232929250998019 0.9999765081327931515 -0.002699304187950955607 -0.3198229066889317629 -0.04612469769239719436 0.002405422643274807929 0.9989328744355123746 13.29151256019174454
0.9988635867951346503 0.00588431691914417538 0.04729590293191218014 0.09710839266644516465 -0.005707119939828346304 0.9999762452732591234 -0.00388069230918098489 -0.3177037624117473591 -0.04731761329196221971 0.003606358953993109382 0.9988734649909732921 13.42655919772066753
0.9987985052364672933 0.006201478871044161997 0.04861152385622329042 0.08942255689624568904 -0.005943821809912470597 0.9999675825605598423 -0.00544306084752783307 -0.3197224588367137965 -0.04864370157751114754 0.005147582912643081272 0.998803010655105461 13.55388668937066221
0.9987375978116246333 0.006856865795023187223 0.04976129794104000581 0.09656228192798010923 -0.006519108816419390447 0.9999546827144730754 -0.006946642173662346924 -0.3243720508337113451 -0.04980667357052438737 0.006613473515218977646 0.9987370618107835885 13.68080289953052464
0.9986712807079795029 0.007365854307462357461 0.05100401899100721198 0.1149227623547267596 -0.006886927631814724823 0.9999306532986241836 -0.009559336848351035129 -0.3270827975585273717 -0.05107089311697422113 0.009195374307536497219 0.9986527776742917251 13.79696415286015565
0.9986507018666840318 0.006496839715671220983 0.05152241657977493783 0.1270861061473638476 -0.005903348928092625424 0.9999146213245072579 -0.01166287423010672376 -0.3355954942821973153 -0.05159378785873275364 0.0113429828634588406 0.9986038149229342631 13.92970731570691711
0.9986741969716573797 0.005418167375069806585 0.0511906674665926556 0.1238025585254173 -0.004723017672467193402 0.9998951829876057129 -0.01369080889261973556 -0.3424551298749455852 -0.05125947929663754454 0.01343088328899663328 0.9985951324447228661 14.05903790499187522
0.9987879033355721026 0.00484407715205342846 0.04898215716762589766 0.1279350269389564476 -0.004135719179052267311 0.999885614192743466 -0.01455254152447484246 -0.3464190798309189079 -0.04904704646120403716 0.01433232613560078521 0.9986937133385477283 14.17802211222093156
0.9988927211062039735 0.005065530233191121307 0.046772478705023178 0.1386225974434721619 -0.004332805060445903828 0.9998665741959225084 -0.01575381584511150942 -0.3452571858730773546 -0.04684603813672792022 0.01553371609602446739 0.9987814144195885646 14.31520544167999809
0.9990921003334511941 0.005682286063864574154 0.04222178691446135113 0.1350771112246546835 -0.004971055898254226474 0.9998443638664346045 -0.01693099981090311415 -0.3438721969160873915 -0.04231142139615060721 0.01670574145767639643 0.9989648758907045956 14.40938533820287581
0.9993329152266577919 0.005891308234040165334 0.03604177596640188719 0.1122659767285783122 -0.005240692952969215612 0.9998221533657527527 -0.01811957182949213915 -0.3496492378787274258 -0.03614211334971656475 0.01791860082584943378 0.9991860852011075211 14.53846381904836527
0.9995304209087596536 0.00582621050430756366 0.03008297704185298668 0.1223740992897381918 -0.005258902691259375456 0.9998075555839738282 -0.01890285287839839692 -0.3575473068069752736 -0.03018731941325853915 0.01873577322110385815 0.9993687297713665929 14.70044666022860191
0.9997190290403081825 0.005963940549791372191 0.0229409443060398649 0.1246694667618260116 -0.005515188534609103375 0.9997932427978180048 -0.01957489357112078554 -0.3634622198966578344 -0.02305294470978194732 0.01944287014594382398 0.9995452456282426512 14.81598465685205035
0.9998693637788362842 0.005754357645490306913 0.01510414740113592662 0.1261666900049928652 -0.005443772923628483092 0.9997746019249511562 -0.02052395649026049138 -0.3623887686665014929 -0.01521884572673039976 0.02043905196422031792 0.9996753440091454834 14.92673521294415906
0.9999776886277402799 0.004861618243206041953 0.004580331367052637402 0.1088945612239483884 -0.004761169827116548854 0.9997534369334805104 -0.0216914432855994134 -0.3674942266538068214 -0.004684658770580628351 0.02166915179282861634 0.9997543014981814524 15.04827636068212549
0.9999606465972548097 0.003234544368958242651 -0.008260479424628344031 0.09957175141768634385 -0.003425831121032456902 0.9997238996612162198 -0.02324887613690710536 -0.3718052877222579045 0.008182997170190822386 0.02327626044833113958 0.9996956615710377303 15.18949111720102252
0.9997030823449456483 0.002492183015050291987 -0.02423899299651360514 0.07774658402003137292 -0.003105346966287057895 0.9996753438555204818 -0.02529201107528081943 -0.3744696728209933601 0.02416808835236170308 0.02535977216169891038 0.9993862851266324121 15.35786530029294461
0.999067039460922901 0.003133235629019250588 -0.04307233731888483741 0.03928394421594812169 -0.004268537874326759629 0.9996452683316483512 -0.02629142829156127029 -0.38097618773239178 0.04297467682476036055 0.02645075559614996907 0.9987260364997743167 15.52006251140134019
0.9979123902641613419 0.00382565019797828209 -0.06446874227987678396 0.008597531381763612313 -0.005494415424625204679 0.9996539542174665005 -0.02572752083386168828 -0.3886407362632537943 0.06434800321249248278 0.02602803014460237929 0.9975881099965734355 15.73844707346881933
0.9960158873827449355 0.004721345971166106791 -0.08905085235323458026 -0.05708096506083122634 -0.006933346424472726886 0.9996746993218115218 -0.0245468195573426487 -0.3892711192308129231 0.08890598308967868901 0.02506644296988982945 0.9957246408175771668 15.93680235591271632
0.9933764132875050334 0.005376470073082555146 -0.1147797408450826062 -0.08617813418392325508 -0.008044239090632227321 0.9997079258791026213 -0.02279199979873622328 -0.4019292053915503038 0.1146236676475597405 0.02356435100176900929 0.9931295466460487997 16.14666314021314619
0.9893467385713200501 0.006844387954814410216 -0.1454172609063301702 -0.1587624396631096835 -0.009972900756654119389 0.9997340603554208949 -0.02079595902476128258 -0.4125534671747995707 0.1452362427150425961 0.02202464647762497271 0.9891519136503248433 16.39124063415928134
0.9840006891102898168 0.007042910824416343668 -0.1780253822209494907 -0.1979451135024483666 -0.01025135077377795252 0.9998011380023920092 -0.01710895524004833745 -0.4179195609579177129 0.1778694705395126308 0.01866022472910148014 0.9838772311904515622 16.65607037568727833
0.9765928268091874642 0.007980207157631907106 -0.214948281401644653 -0.2904020128821708235 -0.01112076321287185782 0.9998483617848127336 -0.01340537766921424956 -0.4221983875771599393 0.2148086947380840606 0.01548198497301475456 0.9765335069114736699 16.90278610554111793
0.9671536900232342582 0.009601845819052632486 -0.2540109107839129132 -0.4125439238620208782 -0.01196464163603290672 0.9998983812954438388 -0.0077586414915021178 -0.4279306943928807283 0.2539105842687540138 0.01054294863882396932 0.9671703144441735622 17.16904683503996054
0.9552726007834264621 0.01367414164437564042 -0.2954103525588194779 -0.5510011976706297165 -0.01524700709446941312 0.9998792536306827516 -0.003021424615562078725 -0.427062833921017071 0.2953333479532454509 0.007390408281396899058 0.9553657672248487831 17.4402853888163385
0.9411229270081357123 0.01729226019731257627 -0.3376220026566942867 -0.6964571293048643641 -0.01780339430615375876 0.9998403155789112873 0.001582579638192029795 -0.4377061472639021678 0.3375954340103859419 0.004521416067917119301 0.9412805273398732187 17.73711826405122594
0.9245513574336071683 0.02042617978121900185 -0.380509610909873397 -0.8450025194422631225 -0.01915625819750500086 0.9997911783668923524 0.007124569608462520687 -0.4419776322182398798 0.3805756553579590085 0.0007021102772579138236 0.9247496019702784453 18.0197899951491749
0.9058011600572599686 0.0235543075063694915 -0.4230478239321264766 -1.030358432571154559 -0.0190340017559262574 0.9997077614526514999 0.01490706322981644356 -0.43899403343957627 0.4232752913653238247 -0.005450541708322264277 0.9059848040195648267 18.31203352367251469
0.8838572605223196099 0.02814014963433669747 -0.4669095058595777448 -1.240114742030046902 -0.02040869849307009459 0.9995582365242238199 0.02160876878214702465 -0.4446275545648583627 0.4673112863851959786 -0.009570051400267844469 0.8840411292287603251 18.62060051308346686
0.8595508793020999461 0.03303514273970633436 -0.5099813531065643391 -1.457263855703110123 -0.02281610493911796073 0.9993942084107276802 0.02628238214111432505 -0.4356979374771321467 0.5105406204390475766 -0.01095525613533382923 0.8597839240560333218 18.93282609388266735
0.8318491652612628462 0.03685849309067746465 -0.5537765226281804454 -1.699761460427137827 -0.02441450508817491483 0.9992566879341350239 0.02983497306569350346 -0.4369983480704524026 0.5544645308671777295 -0.01129801720647347074 0.832130743122200256 19.18188530296863803
0.8012115432201399878 0.0404704567071971083 -0.5970110791851095389 -1.967778003569685685 -0.02670396027964747065 0.9991345842652891163 0.03189205355110637935 -0.4317224909047921999 0.5977850646404319068 -0.009609720755940671585 0.8015989024117370354 19.426607541147483
0.7678666216944524114 0.04336763257533851612 -0.6391401471462661021 -2.243392091911788455 -0.02753208809229922699 0.9990182048085320954 0.03470925864515922443 -0.4258070076369336321 0.6400178605363328055 -0.009055217769722097645 0.7683067534369275586 19.69008080091832724
0.7317474333862421521 0.04722398504486976373 -0.6799379541643583158 -2.54742681588534392 -0.02874973838084783281 0.9988475778733937327 0.03843293858728715623 -0.404281156231138028 0.6809692924308611284 -0.00857516526848305094 0.7322618458420492304 19.95884379587817037
0.6927356735485746819 0.04901570936343112306 -0.7195239982555839964 -2.897483260741801736 -0.02717801173674696397 0.9987533578280907154 0.04187132632636948737 -0.3940485099347783571 0.7206793169846614777 -0.009450529147764688553 0.6932042458262182016 20.25128020286180686
0.6524847150174752919 0.04859467678084763986 -0.7562422203627124917 -3.27113434679147641 -0.02439419168237859023 0.9987715889982898831 0.04313187337863466642 -0.3776573456711264098 0.757409176291263142 -0.009694969773375443009 0.6528686387872797425 20.47924677350106037
0.6105505133565183318 0.04764830515752579293 -0.7905426970850730761 -3.659929166291358893 -0.01936717178647563015 0.9987883525199987567 0.04524225494659814967 -0.3665955621889276372 0.7917405055006601078 -0.01231210509362016051 0.6107335686007769882 20.71946318238400764
0.5659414426926129282 0.04788535934532003185 -0.8230536595311553905 -4.077790418736054079 -0.01465903669345247455 0.9987385254932411582 0.04802699727596972112 -0.3516816638857699906 0.8243151371350275758 -0.01511529364755978717 0.5659294885031523892 20.9590447504963393
0.5189863502988885102 0.04955429895524869621 -0.8533449446659201465 -4.482167291160584099 -0.01306428664140587073 0.9986614513033440499 0.05004749977120171583 -0.3318682741809368952 0.8546827166764202621 -0.0148256255821423346 0.5189390655331777014 21.19528418210341414
0.4706663555144164346 0.04903499278099653774 -0.8809476773297353347 -4.954000952196564 -0.01149221391570156778 0.9987105484414061651 0.0494498897162836959 -0.3118413431029998795 0.8822364583608941491 -0.01315035948652354056 0.4706229857133447103 21.41445417766236403
0.419070294299911883 0.04786942462410446325 -0.9066910550833514604 -5.436057161775425861 -0.006797595564015674469 0.9987467001289370705 0.04958773871640501096 -0.2909915331781858794 0.9079283797327443173 -0.01461742842035120352 0.418870480367087461 21.58824356834641733
0.3646972223733304652 0.04732681395672061475 -0.9299226714924988535 -5.952187228844866951 -0.001225207648781248418 0.9987310350153671967 0.05034819491682780007 -0.2772874542640668127 0.9311253944142414696 -0.0172224977187008868 0.3642924280870797893 21.72721530174876392
0.3121774258712658456 0.04644925877535783371 -0.9488876595008912673 -6.479728674374019448 0.0009376537625346507542 0.9987885454299368915 0.04920045215635775876 -0.2518068425311857372 0.9500233912473072806 -0.01624899782479009153 0.3117556910922272273 21.85389110280078739
0.2586799082829155383 0.05166674550364656893 -0.9645803876162275525 -7.025892163365670129 0.00204183286566985301 0.9985371143458793286 0.0540331784493193884 -0.2167139851853983334 0.9659609758977412142 -0.01594680881081111945 0.2581960003536191706 21.96884236711975547
0.2073134012214536137 0.05670847222956527933 -0.9766296004638054251 -7.615810920278192064 0.004704063086807250271 0.9982491834226983052 0.0589623759860437649 -0.1842294332386638089 0.9782633073708302263 -0.01681781719168817454 0.206683678099589957 22.07126109133602299
0.1592050270105273002 0.05867358138715726007 -0.985500504963888635 -8.249930755482733247 0.009843020894385809405 0.9980884897142302536 0.06101314484026704871 -0.1663494468102060808 0.9871965097983583792 -0.01941390067020374449 0.1583231833907187136 22.14692035062362763
0.1140700466513903943 0.05961121924247964055 -0.9916827128817414794 -8.85871115489571892 0.01291593258172534647 0.9980249194280020886 0.0614781350667147064 -0.1432496874063898806 0.9933887853678859958 -0.01982132003353202429 0.1130748172828214965 22.23219661106361755
0.07359499485058482171 0.05867645770397653116 -0.9955606092320471445 -9.513372164883147519 0.01314899226696540809 0.9981238602726892895 0.05979954646547520902 -0.1163228439151246379 0.9972015629699092498 -0.01749156529285541065 0.07268538577458671934 22.25704056554696209
0.03818755874726628696 0.05405822763432743122 -0.9978073437693363301 -10.17478802459217846 0.01033396957924135121 0.9984609483981944367 0.05448913455601681749 -0.07716846148609092515 0.9992171917418162241 -0.01239211696806743861 0.03757015092676274648 22.21399514357429084
0.0093382112108379451 0.054158709808271005 -0.9984887124701885552 -10.82719540098210054 0.007930257656273807451 0.9984968604637088907 0.05423331858122494575 -0.041205154335193582 0.9999249901005810015 -0.008424714131601937495 0.008894682263844828907 22.17387148644887063
-0.01112107663254070962 0.05815282340921218429 -0.9982457852180228741 -11.55672472795070682 0.007327503571589305369 0.998285479262841835 0.05807350324988989898 -0.005237102550143608176 0.9999113492589184471 -0.006668808865695530913 -0.0115281246054174686 22.13238726845459681
-0.0251434407596852344 0.06399527782617865646 -0.9976334440281127147 -12.29330075618750584 0.008381798040928313889 0.9979273818054532619 0.06380288641482330381 0.02860381257185296705 0.9996487532415102573 -0.006757737146995980264 -0.02562772409990115435 22.10912474663059868
-0.03297114422070260981 0.06702393078314605734 -0.9972064847022658052 -13.0609451070211815 0.008340634762259015872 0.9977326878760222062 0.06678352771313865455 0.06709363595455897222 0.9994215399134196431 -0.006115404943447321634 -0.03345541125483696143 22.09019536662895433
-0.03654505169630335726 0.06418937509842269351 -0.9972683992201495373 -13.82481197575885368 0.009378381320198336465 0.9979131193301301606 0.06388720093701796832 0.09399747090781886139 0.9992880376181995095 -0.007018001462829367119 -0.03707077983778383351 22.04678895049980625
-0.0366492815302943073 0.06023888228278436591 -0.9975109944238164106 -14.58901061474246852 0.01617640199879396071 0.9980865825536081593 0.059679309179912432 0.1415506175272867873 0.9991972934034534237 -0.01394893426068694042 -0.03755360541026755289 22.00070622631313455
-0.03303173625457887091 0.05874565091560624008 -0.9977263801770602791 -15.37878991737771095 0.02795510377269372002 0.9979348905305188699 0.0578324183669961453 0.1752664042673807154 0.9990633080754859341 -0.02598123856827851824 -0.03460576368121200119 22.02361853521701107
-0.02757098336833159469 0.05847090441945613365 -0.9979083480223476244 -16.20439841493325517 0.02895555001101849518 0.9979156859087895404 0.05767132838326552435 0.2258155372107137071 0.9992004273358601196 -0.0273049291102947754 -0.0292065746601685855 21.99076880971922776
-0.02104178877662727168 0.05719336737458675241 -0.9981413921555364333 -17.04961042924269776 0.02703216738890958093 0.9980300024247701351 0.05661712077251153385 0.267009366901917844 0.9994131188146962996 -0.0257905989552421229 -0.02254639771180004179 22.0030844128912122
-0.01869942325613888762 0.05144509171936711284 -0.9985007816789833734 -17.89396257707797844 0.03103486674851712798 0.9982240602290556319 0.05084962912748928338 0.2931735142044689102 0.9993434072547786595 -0.03003747924273457437 -0.02026280624749085546 22.04444776613032175
-0.01628236543942700176 0.04086640400988895971 -0.9990319807376768502 -18.80700382948397831 0.02885754652312533947 0.9987674379296450633 0.04038525822804805987 0.3171268497072812775 0.9994509510716719225 -0.02817204358650861676 -0.01744160097684461716 21.98917960464725496
-0.01378087306949435202 0.03224878997854531415 -0.9993849008485792274 -19.68156703701816213 0.02178156155348619574 0.9992523487244192593 0.03194415887660572578 0.3393139307949244454 0.9996678088927123396 -0.02132794455916696072 -0.01447299912502001372 21.8838108215560645
-0.01673678335395240371 0.02896036647928210139 -0.9994404705685617785 -20.62947814966438287 0.01533542036368351277 0.9994703613006330478 0.02870442311333749885 0.3782230367143822325 0.9997423578045863124 -0.01484641923153446827 -0.01717203870163471965 21.85203112906638978
-0.02102839524212709449 0.03437563536026969069 -0.9991877697474809139 -21.54529023397891407 0.006436058502154564168 0.9993927286526749221 0.03424723661227016547 0.4067089729157079558 0.9997582011484716924 -0.005710665681363634102 -0.02123686939698722978 21.85212200145128492
-0.0257581702447903689 0.04333840900569503607 -0.9987283794179612206 -22.55682868375357941 0.0008673276905255681343 0.9990604796118676134 0.04333045093016670707 0.4322739532301685395 0.9996678655514626977 0.0002498892000337152243 -0.02577155912303309704 21.80920247789406119
-0.02906217370117284912 0.05213830624284508664 -0.9982169423163946842 -23.52142590991853766 -0.0002452745488806357902 0.9986383820693472968 0.05216745989481309104 0.4763768803521871154 0.9995776142439949385 0.001760937836793587943 -0.02900981460253435409 21.71215745916964934
-0.03128466407239859776 0.06193805383188931424 -0.9975896070470353649 -24.52103528961675849 -0.001496376167778061409 0.9980741529139968149 0.0620150654145533789 0.5273191937228968174 0.9995094334931095004 0.00343289064621664624 -0.03113173269275744739 21.66055039961276663
-0.03393363453246487499 0.06932798512584761874 -0.9970166576809383896 -25.53646582251329988 0.0004178549000104855729 0.9975921015765114586 0.06935377774487269664 0.5684006458602862688 0.9994240395466903459 0.00193681828417900377 -0.03388089561724579035 21.66297153851847668
-0.03517534258167967498 0.07180208235097949865 -0.9967984916697838482 -26.57239628245289254 0.001886601289747125067 0.9974187524314396258 0.07178018710482238218 0.6106974029421224914 0.9993794139282898836 0.0006443321776608770682 -0.03522000903837988611 21.64151739636301741
-0.03682287634882314142 0.06848756962276775218 -0.9969722189371498233 -27.60114232706852277 0.0005550410158234011159 0.9976500868340899553 0.06851363649121482158 0.6658237621830069841 0.9993216922858926266 0.001969509524611322629 -0.03677436005654723811 21.60410429898841045
-0.03910406271046033833 0.06402596035886924664 -0.9971818417027601411 -28.63415731785417861 -0.0001524683007262913671 0.997944755039716358 0.06408092418768555898 0.7227659636758742012 0.9992351705119395522 0.002657863937722488093 -0.03901393326526523403 21.53971656212552688
-0.04226676252310822279 0.05865976724069720677 -0.9973828899787063884 -29.68217657032067791 0.0004409447890704747846 0.9982760079339739745 0.05869360902900663118 0.7666010101300875235 0.9991063022980580799 0.002040998886733688678 -0.04221976166588422424 21.47982816949283347
-0.04867891218629855077 0.05439094466306381576 -0.9973324748181798816 -30.71036776994260009 0.0003722025175872156256 0.9985171778565647971 0.05443738761397776821 0.8002837615261039206 0.9988144481695959698 0.002278743997142068742 -0.04862697560160212512 21.41888320054421158
-0.05555274162073352978 0.05167885983734227945 -0.9971174780129553605 -31.75037253723500896 -0.001005610041899421747 0.9986562742442410823 0.05181463917284521992 0.8485408129762604945 0.9984552861773057231 0.003881157462142605531 -0.05542612648769069256 21.33258222807749149
-0.06155470614083079217 0.05437986128644405059 -0.9966212547290318469 -32.7973769664903827 -0.0001413688429011772472 0.9985142646981257641 0.05449188369050105701 0.8890228553628530817 0.9981037395807671464 0.00349512392816434805 -0.06145556596129077287 21.25178409627059395
-0.06753969096323071686 0.05888747132501259696 -0.99597727500117883 -33.85278934337366508 -0.001462545472186659989 0.9982498127802198473 0.0591210151532429104 0.9285782280892239671 0.9977155545782671053 0.005449677996911288756 -0.06733535983080167486 21.21035062991328957
-0.0742960871771284892 0.06236734271495229104 -0.9952841214171080919 -34.92544799367203012 -0.004192316062177433959 0.9980141546037264444 0.06285136345937936131 0.9711887929000888597 0.9972274527845921277 0.008842156846675582396 -0.073887084751228016 21.11191291635146072
-0.07879865568048186053 0.06464939873653448299 -0.9947920905326465002 -36.0090362191444342 -0.007276215342173077139 0.9978311361107701227 0.06542325802126665313 1.027119254736592602 0.9968640354492575018 0.0123935871239132106 -0.07815735100393672585 21.02430245974287359
-0.08137724668831995689 0.06612316815269556058 -0.9944875799083584544 -37.08514493521764166 -0.01145857453122196661 0.9976689114161556571 0.06727233048599653986 1.078382348319324668 0.9966175401715314797 0.01686984797346142984 -0.08042987374920214372 20.92584793585641378
-0.08403631786763453293 0.06707494592944358847 -0.9942026579629997807 -38.12259990068432813 -0.01526187178476077003 0.9975282949638415442 0.06858934460342366868 1.127911185786592219 0.996345848137179968 0.02093739035887566893 -0.08280491759028066334 20.80997125792713121
-0.08595285480796312216 0.06712257290179851621 -0.9940355844332291468 -39.18127462855317589 -0.01664115710973489148 0.9974920822341617477 0.06879491218702368793 1.17083338439028406 0.9961602557652493584 0.02245502233687437718 -0.08462029681502455936 20.70313345243770087
-0.08643377643276956013 0.06632943691441359202 -0.9940471237556126605 -40.29077160971558413 -0.01707316485424891297 0.9975360970243974945 0.0680467805562303546 1.230103946257413927 0.9961113320571933771 0.02285307154128273996 -0.08508836057357642424 20.61393752506268839
-0.0885455229677400979 0.06546050770358739779 -0.9939188540409252814 -41.36448878905648741 -0.01832751627715339948 0.997562259919286487 0.06733321538370992676 1.282407225760271441 0.9959035440242037795 0.02417811965711711905 -0.08712994551564291756 20.48919357651015005
-0.08799564767992695824 0.06482015152171398398 -0.9940096529116144719 -42.44925306195522552 -0.02021950293145949318 0.9975587711417579495 0.06684154376163226052 1.332125940439495171 0.9959156662022206064 0.02598014694572598968 -0.08647020094473668872 20.37679667636186309
-0.08870126476338223431 0.06216404028003805204 -0.9941165896696934068 -43.52518869070941321 -0.02411858214385407054 0.9976239780265973023 0.06453537472846114509 1.381748200814343575 0.9957662658015374868 0.02970105292426344218 -0.0869912021323108603 20.27029789136698668
-0.09002103239247254141 0.0578862430233778244 -0.9942562409740874907 -44.60039116681999616 -0.03020339184232301299 0.9976916831940210173 0.06082090508810859136 1.436644604055243413 0.9954818156588576272 0.03550507246493822544 -0.0880648765098706876 20.15215607342372905
-0.08821065054871844724 0.05661644114829873786 -0.9944915966840259802 -45.70530003404256547 -0.03179457429109015104 0.9977147247974049726 0.05962008927553663629 1.482888710264982368 0.9955943263484215988 0.03687856477977943109 -0.0862089713082749981 20.07411540418751272
-0.08696211740601658691 0.06064454050629105447 -0.9943640711564400991 -46.81235220826930288 -0.03316401165622059194 0.997415974488715773 0.06373103047681320799 1.528422348928599739 0.99565948745726085 0.03851928797065499316 -0.08472619080892017374 19.97215907467771956
-0.08490194134112602486 0.06409620952227923496 -0.9943256068657745361 -47.93511954142107356 -0.03286781367335340348 0.9972055883539687748 0.06708832589206328856 1.583951543559380948 0.9958470985570254674 0.0383772388533461864 -0.08255799002586661217 19.8444475101036133
-0.08377801747192330228 0.06367863686260843981 -0.9944477619273919267 -49.02459761461253152 -0.03052130480280684441 0.9973239603809894716 0.06643410348250181063 1.643143099908684013 0.9960169528087403634 0.03591756169254553543 -0.08161027100101826692 19.750197894147977
-0.08106527201316134079 0.06314627969494990278 -0.9947065121352951511 -50.15530802077196171 -0.03000510713213508027 0.997384193746425507 0.06576158235722720513 1.690687618176303753 0.9962570912141028856 0.03517725697947451241 -0.07895851192649550043 19.6612453714363653
-0.07758877577256738378 0.06346407188313045455 -0.994963501720403376 -51.25490304270588382 -0.03443316256125722452 0.9972060044813747526 0.06629226215724852433 1.746624416383207201 0.9963906943566872565 0.03940327643317037554 -0.07518672613399932092 19.5611920816037248
-0.07180552756686439664 0.06423004254694721082 -0.995348453671937583 -52.3805376572316348 -0.04005688757418721796 0.9969336783139510771 0.06722208601218926383 1.800269589025881967 0.9966140118595079311 0.0446974794478709192 -0.06901249473916840071 19.48766317603132237
-0.06545848726528483152 0.06442430513929987834 -0.9957734540634687326 -53.51257173628555819 -0.0426467884067976144 0.9968212896658277256 0.06729554172817804603 1.850683075842298075 0.9969435864725639806 0.04687160515820439077 -0.06250292544479016388 19.40574568079554041
-0.061402706100272611 0.06294575009420608214 -0.9961263056199179955 -54.63274779058356501 -0.04523779559337864908 0.9968084070525268237 0.06577737821789987616 1.898274978755487119 0.9970874215890552783 0.04910146823188241139 -0.05835920804187503391 19.32644059753575405
-0.05550400166179853684 0.06289840929533226099 -0.9964753747559255137 -55.74537359392752478 -0.04401478642356203286 0.9968895496666663192 0.06537619104272741899 1.94740084180083417 0.9974878852318880273 0.04748829201752251261 -0.05256290039563773359 19.24105215182328266
-0.04915891752606241227 0.06253551518743212523 -0.9968313733137738053 -56.88843916637465981 -0.04288847502317823246 0.9969853337588000519 0.06466022734176815612 2.006616865848311448 0.9978697592344474288 0.04593120524001245708 -0.04632866799556210891 19.18827010363059671
-0.04276602377351406553 0.06332385606517483556 -0.9970763427021486214 -58.04051991523292742 -0.04177839297507375538 0.9970031229527046568 0.06511114138030799081 2.061074348510784304 0.9982112551905928388 0.04444079288649105397 -0.0399922912464197311 19.12704746963647651
-0.0379183419137257699 0.06467140094887939561 -0.9971859836538811139 -59.18039813089509238 -0.04011583839842042948 0.9970007087294607828 0.066184804492877225 2.118601147294924658 0.9984753355904162353 0.04251257080671456967 -0.03521026711174121693 19.08009826140791176
-0.03303444524319475856 0.06571515767312310907 -0.9972914921244323549 -60.35089656535948421 -0.04171150633439522221 0.9968761015060465525 0.06706944550431100105 2.175118578010828418 0.9985834730316135444 0.04381413330751155605 -0.0301901714754041206 19.03954110167890335
-0.02787608723767802041 0.06526962513191232607 -0.997478258718436761 -61.48512341919134627 -0.04098628593398141035 0.9969522845890326224 0.06638063464532581448 2.225870753870918595 0.9987708070875485067 0.04273336247534793159 -0.02511596992117021837 18.97304969179378276
-0.02180560632644096275 0.0613229982225375822 -0.9978797935062860835 -62.61021661845160935 -0.04139748156399738338 0.9972057201623496514 0.06218618993975232739 2.266731034940017153 0.9989048208075911317 0.04266571892314198478 -0.01920605811608036562 18.94463371321820233
-0.01721282519194325053 0.0559385439470283588 -0.9982858683024311564 -63.777088285405938 -0.04048340173938379943 0.9975760714170746057 0.05659680145819577513 2.317593410062515069 0.9990319763759595295 0.04138819969853352321 -0.0149065203291756463 18.91369540884024048
-0.01419317930255396647 0.05456408293226414075 -0.998409430761498573 -64.93514976107611858 -0.04173182295154906352 0.9976076769650762399 0.0551135175521174081 2.359805644731860053 0.9990280704788010446 0.04244768263090083205 -0.01188216625686426206 18.90475462883487978
-0.00953193109059775022 0.05735446182262322889 -0.9983084117283033132 -66.08921136850207745 -0.03989385294511955948 0.9975371391469640692 0.05769106119630901253 2.413790075698281079 0.9991584958264245753 0.04037627717835407665 -0.007220364968317439201 18.90503736089319275
-0.008286831141710375784 0.05725838901759416205 -0.9983250383765949199 -67.25617060163766325 -0.04023066098078096481 0.9975319425767005255 0.05754684592447548153 2.459207572642676531 0.9991560935815987365 0.04064015815073425408 -0.005962836063564250222 18.87194990662879235
-0.0061643344858336932 0.05696622879383726745 -0.9983571138109751386 -68.3872102727511475 -0.04218416717466531851 0.9974725548776365303 0.05717622155207471163 2.502862873697971224 0.9990908737499694103 0.04246731773872101934 -0.003745681631628465513 18.87147018141745747
-0.006066043948648015306 0.05758133795472862582 -0.9983224276598045011 -69.53438052178609041 -0.04385619185059164149 0.9973649145620174794 0.05779259149763820574 2.55282707532298625 0.9990194765540997279 0.04413319331725901185 -0.003524761276526371633 18.84316452583693646
-0.004365294022061547499 0.05776706733742781319 -0.9983205833205850421 -70.72871814411215041 -0.04286837794226031062 0.9974015537298666079 0.05790133670418553397 2.595776981142525752 0.9990712303777653513 0.04304914142939742644 -0.001877570602642953182 18.82960093667627177
-0.003737512705765776242 0.0556918962222747102 -0.998441045151160167 -71.88908874643858837 -0.0447147601298920408 0.9974400671761811665 0.05580344614755240046 2.633687367844850247 0.9989928419208730093 0.0448536189321862358 -0.001237695166202522909 18.81480564633083574
-0.001829159210978084302 0.05438700767336666214 -0.9985182945387208742 -73.11948115275798443 -0.04335622377208872558 0.9975767397283812343 0.05441514682051706159 2.669719735197834787 0.9990580408670081125 0.04339151758669015924 0.0005332886115483473702 18.81820805500185756
-0.003281806924094540865 0.05420241335348477407 -0.9985246141598174141 -74.27044251130689645 -0.03968713212005386959 0.9977362593309943017 0.05429005779840150037 2.716846939408891437 0.9992068045603949011 0.03980674876274815227 -0.001123239444815430418 18.79692519208051138
-0.002429510298381691927 0.05477331330465547155 -0.9984958981302158865 -75.49578039187808542 -0.03751724497343295744 0.9977909080173296141 0.05482592669970117599 2.756875181070779668 0.99929306552399777 0.03759401634793206604 -0.0003691994764286753335 18.81836054661654956
-0.002814534884496321717 0.05733941818003367857 -0.9983508133230849513 -76.66337498417219365 -0.03720419616312129613 0.9976576037562735477 0.05740449019261605057 2.810474701543906217 0.9993037592129928592 0.03730440741486591022 -0.0006746751768606269609 18.811307650431079
-0.001780200782686239833 0.06099922501847528794 -0.9981362644308974241 -77.85280494201191459 -0.0381887732137648761 0.9974056204252270685 0.06102268419661138754 2.861095942606182607 0.9992689955556229853 0.03822623304584766429 0.0005539033231353925881 18.80325107189936062
-0.002744370396975703928 0.06117957150920348003 -0.9981230412120665196 -79.00898277517578094 -0.04114842813578279551 0.9972745385663408513 0.06124070224975382976 2.900264275983016837 0.9991493143081136008 0.04123926239019872625 -0.0002194475186849718462 18.78659767832478167
