0.9999999962582232227 8.137513278152659075e-10 -7.656115742981431352e-10 -2.139041617443826482e-10 8.137513278152659075e-10 1.000000061056633971 6.754229727670312846e-11 4.50643937444095144e-09 -7.656115742981431352e-10 6.754229727670312846e-11 1.000000080766252131 2.697696344089450804e-08
0.9999888004501865657 -0.001820868251102304323 0.004367599069272228365 -0.004049392626187130542 0.001811232024174725883 0.9999959795763698756 0.002209612193623160161 0.001708554855347974889 -0.004371606188323556505 -0.002201676586976315277 0.9999881015375897686 0.0258571420349244796
0.9998357004059608144 -0.004931810251421173824 0.0174425327965348452 0.005044388437521593084 0.00489969580328476588 0.9999862836574237024 0.001883506848902656572 -0.007319571330699709347 -0.0174515831137423208 -0.001797734166829030242 0.9998461741347643983 0.404346124944143348
0.9997932588366440498 -0.006521870327561712921 0.01925869420982999694 0.07056616673769273984 0.00651538491936032825 0.9999787558893191708 0.0003995629856329245143 -0.01743297644090874288 -0.01926089132867924922 -0.0002740024503301602844 0.9998145350606278958 0.9171726860878459675
0.9998127538713867946 -0.008967378628715726857 0.01714747276667967155 0.03979610590516626661 0.008996014222298599761 0.9999583265025039358 -0.001593458172799065058 -0.0186203806898625826 -0.01713246951163760468 0.001747418847344843961 0.9998517822906889396 1.160285488399602549
0.9998966413517035301 -0.01055006049225652373 0.009767053638441170957 0.04739456875274198483 0.01057326143165834495 0.9999414557004915327 -0.002326679467392868666 -0.02790945651935949207 -0.009741936157604925289 0.002429708740802789813 0.9999496751011603957 1.442040637936923497
0.99991005434439717 -0.01311390092929231449 -0.002810931273964065429 0.02807706163449212589 0.01310133266477980438 0.999904357207128891 -0.004444507166508992677 -0.0294912289984200944 0.002868945553466948403 0.004407280620623059419 0.9999862531838114021 1.710546482657025802
0.9997566969340027088 -0.01232158216767683528 -0.01829530297802341512 0.0120782929132700334 0.01223370986344991806 0.9999131848285477409 -0.004907267304044535088 -0.03460105405548341562 0.01835417731855673237 0.004682254099322625922 0.9998206649933735202 2.076148955704666843
0.999291352808087785 -0.008092995588116448299 -0.03675987354988727307 -0.02314957096443170936 0.007918773482791404555 0.9999567865690148771 -0.004882636896492782881 -0.03830549008909543002 0.03679779641585500388 0.004588083906012516491 0.999312280034255096 2.450268434437763432
0.9983736260272236818 -0.003851461386862315654 -0.0568793633049502062 -0.08399463820742161801 0.003501610808061201771 0.9999744040819592561 -0.006249161608912169423 -0.04938180516703638556 0.05690197083225083385 0.00603982894864016958 0.998361581469475734 2.844594953251172509
0.9970756240168787699 -0.003477868195737593513 -0.07634197760644276243 -0.1188793466017905448 0.002983691031991509389 0.9999739196515949891 -0.006586328415503345073 -0.05112001569272087154 0.07636288677935777758 0.006339286864326804105 0.9970600202037787074 3.203074817145533881
0.9952163707808681092 -0.00470451033300496764 -0.09758194697799993378 -0.1633409013873750038 0.004181395081536959553 0.9999758363098623093 -0.005564606940440040665 -0.06031354548431792223 0.09760576031000324504 0.005129959487929529154 0.9952120174362929506 3.547577968795238235
0.9930400834739734339 -0.005844584913282373229 -0.1176317444345947177 -0.2252856005892150681 0.005269517844844237575 0.9999726612455197561 -0.005199140617092480945 -0.0676044171109573544 0.1176589066476544793 0.004543092707804099496 0.9930437564276333173 3.941281359934036832
0.9908250711048388615 -0.004892222108719665105 -0.1350619816588405908 -0.300081694738717375 0.004345818727364231769 0.9999811994877975119 -0.004340120904856772238 -0.07294838879663016751 0.1350806654984197663 0.00371334597693632161 0.9908277270326920627 4.344855849868978659
0.9885287691278379363 -0.003663100225100157994 -0.1509882411645093181 -0.3760522744968607389 0.003157804914060054809 0.9999886445940727731 -0.003586233202815833007 -0.08437786617024474467 0.1509996526329143163 0.003068303555340981623 0.988529134520627073 4.740298676981158366
0.9864740078755394048 -0.002919330791684280561 -0.1638917457456712523 -0.4676785536940319954 0.002311354085474324506 0.9999897840203767485 -0.003900206872141652546 -0.08988430832144696236 0.1639014459101509336 0.003468641131359590044 0.9864707008184042669 5.142742771556569892
0.9842126720652427663 -0.003858706756549067692 -0.1769477944263328495 -0.5693256604598149195 0.00313869166359597232 0.9999856791777629317 -0.004348812662827863419 -0.0970185653669517617 0.1769620288727181412 0.003724772258847150203 0.9842107117023114471 5.570449132404859505
0.9824153009503078238 -0.007787457234608407587 -0.1865463151555571408 -0.6644428570772248355 0.006736110757239674625 0.9999577219867290534 -0.006269064704059197635 -0.1137372435434360618 0.1865872355290033868 0.004902228757708081835 0.9824262465967672497 6.040534036200885026
0.9809745039692274737 -0.007380190327325583319 -0.193996266286927288 -0.7603730310700167472 0.005786802756709242754 0.9999447812561619298 -0.008778922106465978162 -0.1221563140788092111 0.1940503308291512408 0.007489280955611808503 0.9809630664999346994 6.506997407804568034
0.9794472629907039485 -0.006455376326313787272 -0.2015970817804793036 -0.8746085942251239365 0.004506550488814635262 0.9999386527596373364 -0.01012441800526137949 -0.1201288230223307441 0.201650057479987932 0.009007826413616398104 0.9794162910519385035 6.951506833569178312
0.9776094370677228529 -0.006746137523904917853 -0.2103194587918061909 -0.9599962251224638532 0.004234583075380494478 0.999914339349333936 -0.01238968886598202333 -0.1344675089149005298 0.2103850109022076809 0.01122166188901167934 0.9775542844119103902 7.415677386478817468
0.9762553124030036722 -0.01010076176907032802 -0.2163874682238704217 -1.08052034656448237 0.007318807650243074753 0.9998800572974534395 -0.01365387114021158685 -0.1407168596939478156 0.216499413922242756 0.0117459663389745568 0.9762121661282885388 7.925038320746345732
0.9740576277939207994 -0.01643637400481119323 -0.2257024157957944199 -1.201930176811361717 0.01324751399265522434 0.9997900485329520581 -0.01563599545828101012 -0.1531585684487784538 0.2259120130376902069 0.01224036510839873401 0.9740708869035232809 8.414850235855894311
0.972423740625484534 -0.01786416381179350282 -0.2325358848532896872 -1.363180650139983685 0.01413683782249622149 0.9997437088884759682 -0.01768582714428035621 -0.1741579778682265656 0.232792214795909308 0.01391079648398323328 0.9724270826550880376 9.007773949844107619
0.9703409194521892545 -0.01317426615746533636 -0.2413813094208214771 -1.495129256437368159 0.007944118475149282779 0.9997124520551361471 -0.02262799851906024604 -0.1752936023394803255 0.2416099917757455473 0.02003931158335162804 0.9701665805975698831 9.515507734720326738
0.9683225371741213117 -0.01121174638835423579 -0.2494509147694931317 -1.656229769241509997 0.005148209759759216422 0.9996755869019625651 -0.02494672358267399984 -0.205797489340919848 0.2496496692571237297 0.022872249469984441 0.968066143784325428 10.00688205761743887
0.9656793776839012189 -0.01237957830533683093 -0.2594418704377548512 -1.768703511246424886 0.005589857863915850475 0.9996227780112008077 -0.02689195607284786821 -0.2239655314220551086 0.259676897022285802 0.02451876467069022403 0.9653843249109184121 10.56827153385701656
0.9637219218506738461 -0.01589440697889880211 -0.2664346525357932371 -1.979260508716746081 0.008312591527026829546 0.9995284947654704544 -0.02956029617411894128 -0.2489900373988017113 0.2667788528381667135 0.02627314346437114451 0.9633996682252494725 11.15976956810739651
0.9610343527491493898 -0.01499713776454203104 -0.2760218434249392394 -2.131371010073658923 0.006494102259097964298 0.9994765828488059167 -0.03169399169652213633 -0.2763370119906573552 0.276352669697122133 0.0286665011951757788 0.9606287463598955911 11.79266326468567705
0.9595623793296507165 -0.0140397345229083155 -0.2811457373506171531 -2.333107425053690065 0.004210131474481760942 0.9993595814008745526 -0.03553623495150159267 -0.2904515846864511031 0.2814645870689260199 0.03291557413997061449 0.9590069893527444211 12.37946848696894619
0.9568134261397176488 -0.0157773758340862269 -0.2902742531211546795 -2.487797358091571542 0.004248026306992736152 0.999178406639933292 -0.04030617971020591245 -0.3382377772225272361 0.2906716722866040103 0.03733240175999087695 0.9560943597108167991 12.92194456919614254
0.9541204977965813683 -0.01602326161376916441 -0.2989938649406074234 -2.65172162936455047 0.001989293220657212605 0.9988843527540420819 -0.04718277958667235761 -0.3768511527216305557 0.2994162955743620014 0.04442327123209841716 0.9530879332073342036 13.48757231053091488
0.9536529091894013765 -0.01769182687413773519 -0.300388296427308632 -2.914205483980969458 0.001065068499341800508 0.9984623652135602434 -0.05542466102128359995 -0.4171110847006822553 0.3009069526519392301 0.05253595569842674923 0.9522054046394932136 14.14708333507997473
0.9523272179507595858 -0.0189499189506208178 -0.3044893615746319671 -3.142993202209942272 -0.00057817738244578319 0.9979551665998347421 -0.06391614312337247361 -0.465090163866394235 0.3050779172557929186 0.06104513224765909657 0.9503689333199023537 14.80185175169109968
0.9512080447581180431 -0.01760064761601646405 -0.3080478433115135251 -3.383618594753006636 -0.005092717332248180434 0.9973402049437743999 -0.07270971069977133494 -0.4938120054572491813 0.3085082169433157606 0.07073086300106797009 0.948588413425289434 15.3970862746907482
0.9502324077997333918 -0.01672359743776266963 -0.3110927411504341156 -3.604208669420597033 -0.008868922489767255835 0.9967014357638550592 -0.08067039339333838266 -0.5423866470429229425 0.3114156605421353752 0.07941468025534542674 0.9469497070808718941 16.10536359747828072
0.9482302291091568858 -0.01634919782224320689 -0.3171626362053840964 -3.801336261877171552 -0.01170711075640726295 0.996195850370052649 -0.08635330614654063153 -0.6239918747093877727 0.3173678886074290384 0.0855958741036486892 0.9444316397123327933 16.71786952537062021
0.9467420690845188558 -0.01354066127917260415 -0.3217081081327629044 -4.034909811589599826 -0.01715652436221800498 0.9955748720221303527 -0.09239291146903093332 -0.6858284278352271279 0.3215355486979027955 0.09299164991849669104 0.9423203256805675609 17.37324472426154642
0.9452802120907419781 -0.01195036518666764934 -0.3260406590668813998 -4.251709189784052434 -0.02129200216818065775 0.9949390790937198137 -0.09819878695222748755 -0.7681757625826061142 0.3255640832024025988 0.09976742935511381805 0.9402417985520650223 18.15308463950490392
0.9439272146240216266 -0.009144989944459966033 -0.3300269456282494129 -4.557834902753792328 -0.02588600455596010153 0.9944890572523547023 -0.1015950391857977919 -0.8455216436552350778 0.3291372501835020392 0.104441402172582451 0.9384885805446564477 18.79759408906348739
0.9417142197638851409 -0.006967979053318571793 -0.3363417579139875158 -4.835983049211622031 -0.02942009742204369435 0.9942493058560288866 -0.102970373761449463 -0.9125721052661779353 0.3351250329295563657 0.1068638732787736967 0.9360937326463080188 19.4959238989963346
0.9394652003280767882 -0.007005756456665667223 -0.3425727071273566016 -5.091139973900264515 -0.03002031839470511998 0.9942634288800681341 -0.1026602974408374613 -0.9891740645566869938 0.3413267052811327362 0.1067299194550041658 0.9338655982539473266 20.19687289889688131
0.9368066076669553377 -0.007036218744667741866 -0.3497768929008136518 -5.347530117406605221 -0.02999924757066715561 0.9944996362709624949 -0.1003525823729259359 -1.099648863936232734 0.3485590728578316644 0.1045040066781703358 0.9314427711577824009 20.95421218126389462
0.9351439949296097565 -0.007361715950656418615 -0.354191357183216593 -5.635578722904218907 -0.02961786981165717703 0.994659419253490662 -0.09887134904265952595 -1.180452542454929032 0.3530276095269476722 0.1029493426414168356 0.9299317663798201128 21.68014624453819295
0.9318129335202647301 -0.005271444211032293332 -0.3629006378583999326 -5.982697513476801454 -0.03175250477650548575 0.9948765782256192569 -0.09598174148783759907 -1.252124410678933986 0.3615472838061116745 0.1009600331429760522 0.9268715030273282363 22.41766463958859745
0.9285183330676811675 -0.004478647859591765486 -0.3712595474296411235 -6.296779571797493702 -0.03106732978158369476 0.9954834955457081413 -0.08970815603399291682 -1.343874087959194608 0.3699844993375961399 0.09482971108681147177 0.9241855579252210573 23.15315767866757568
0.9247930868722115116 -0.001411104359762553563 -0.3804678180137792687 -6.610830649182888763 -0.03341757938030927994 0.9958272310583988762 -0.08492062990839562009 -1.425975335227835261 0.3790000211090469584 0.0912483257626286598 0.9208870049075820186 23.88370805764611404
0.9209431305137271151 0.003108455911535138588 -0.3896846080683718516 -6.933292585964511368 -0.03786394183451690515 0.9959506816715504307 -0.08153946076023071976 -1.487602786480125339 0.38785316420592586 0.08984820236529099391 0.9173316585243765919 24.6630199627938822
0.9173434485771505553 0.003419615934780488673 -0.3980820393495062004 -7.291117849391617334 -0.03773876669369552461 0.9962068617716940411 -0.0784078829794390697 -1.577036261454716648 0.3963039087711305308 0.08695008375019568081 0.9139929115981572094 25.40631336887072678
0.9133682562127287685 0.002608739499879316869 -0.4071260617038653939 -7.633727454503024035 -0.03771487544001739245 0.9962219016827862372 -0.07822808219303155342 -1.646795868171568866 0.4053837966479482136 0.08680575650650512731 0.9100158707692819204 26.17439471386806815
0.9093577502050200767 0.003350388938104459716 -0.4160015201437988197 -8.030121879011433705 -0.03901785848044408284 0.9962466901988702439 -0.07726746431333551823 -1.707148943439150246 0.4141812348925690279 0.08649525673925040348 0.9060753951006312867 26.95710288909167929
0.9055335369597387052 0.005161934581727866365 -0.424243298351598408 -8.336908130634608227 -0.04093245117443299053 0.9963245690358024653 -0.07524632623297165812 -1.790436893450033651 0.422295577681633505 0.08550339082069789709 0.9024166227592210765 27.70391391436401562
0.9019628059443379753 0.004617463503358804761 -0.4317890510426608541 -8.723329569394678629 -0.04030197330424763191 0.9964783652278815795 -0.07353054205800384213 -1.861698474966490657 0.4299288955485340291 0.08372376563305181096 0.8989725363388837431 28.5069659868276517
0.8979505911443982358 0.003428807538683406771 -0.440082933816255184 -9.198121907123478991 -0.03741782153962863733 0.996943713319153324 -0.06858032623148574425 -1.932687555269411384 0.4385027373821007712 0.07804868993466780591 0.8953345162198927953 29.29152009516763044
0.8941631053188953127 0.005946397270786900682 -0.4477019002913771861 -9.570863864579846947 -0.03823031479122480231 0.9972742039823626614 -0.0631088514007741852 -2.000569702014673545 0.4461062573847900392 0.07354539188365395719 0.8919531526463057025 30.09486629998184171
0.8907744489101789842 0.0072891232083806606 -0.4543872362309308577 -10.01135201797307239 -0.03806003942472414164 0.9975552262888767174 -0.05860994725081220685 -2.060494701645756876 0.4528491181764001117 0.06950224033843914462 0.8888741521188764372 30.8972008465634751
0.8865175724659600798 0.005995822766300674435 -0.4626560872424582693 -10.43448816569595294 -0.03643978191140377632 0.9977150539827077669 -0.05689407149735473818 -2.127192009645266335 0.4612577868227673017 0.06729668182034943824 0.8847104348929434314 31.69619020653490438
0.8836016195299343234 0.004990454657845103982 -0.4682128629276651188 -10.86604610488371137 -0.03513642156367773745 0.9978306634952480714 -0.05567334097336208015 -2.194750858931741266 0.4669192865792104463 0.06564437953078856858 0.8818601576821957222 32.44935383665421114
0.8810047980432683667 0.005462140102166978747 -0.4730758109724583771 -11.29403765676968519 -0.03507893670854002333 0.9979351732253223251 -0.05380502079380410085 -2.246934273259491022 0.4718050707048446202 0.06399747865561575266 0.8793773024388706894 33.24877126864051746
0.8771741766326101031 0.004385651755201639898 -0.4801523118336273876 -11.78960667517700678 -0.03347984337925874465 0.9980833373241670969 -0.05204684306577305603 -2.306372399216362279 0.4790037319498179347 0.06172957165489105502 0.8756397810984405394 34.11752534674493376
0.8747266849949373313 0.003519053191744092243 -0.484603813273734918 -12.26383484811541535 -0.03279870223672606139 0.998110747794810349 -0.05195481019062707373 -2.369253684149141836 0.4835054118984993266 0.06134063580860946857 0.8731895465331502848 34.95599350917418491
0.8728095151985787448 0.001754066996912345515 -0.4880578723153012888 -12.76138469471850634 -0.03133697840730226281 0.9981316186966356918 -0.05245367085063337015 -2.436924423525415051 0.4870539558332512287 0.06107632278157867911 0.8712337618115871818 35.84408729985039344
0.8713272185854905594 0.003068593051985193595 -0.490692852416291514 -13.26885606198781709 -0.03346838615728699173 0.9980235141037190338 -0.05318885650472250648 -2.476568538057000168 0.4895597587835606168 0.06276759702433545862 0.869707773881507662 36.74095570753955542
0.8707673615615327822 0.002076774123094161147 -0.4916908608609490416 -13.75894650509038897 -0.03189109058290243853 0.9981241119184862676 -0.05226220037622141684 -2.542376808419926526 0.4906599358073685524 0.06118877686626755102 0.8692001504232353959 37.59393790236035926
0.8698875938846087896 0.001543501452490361227 -0.4932476105819716961 -14.26946276832823912 -0.03027541624893370989 0.9982767583654164056 -0.05026962227604278577 -2.61709084813174897 0.4923200031836679758 0.05866219823638335606 0.8684353178816694996 38.42988343667914819
0.8707063402193092605 0.001741227643925169185 -0.4918002143580392227 -14.78184308111730338 -0.03004574189529976222 0.998314215983940767 -0.049659859080678527 -2.672718350494474038 0.4908846450394100946 0.05801565720194788722 0.8692908542520035864 39.32501636226309927
0.8697400445005610825 -0.001874742419290851376 -0.4935065897090207265 -15.30221266426506332 -0.0263127641113703771 0.9983943028929149754 -0.05016549075067384955 -2.744328952024180701 0.4928081836035188568 0.05661645938068909228 0.8682941961358213723 40.23194946245071435
0.8684538105012907794 -0.003602517567298204899 -0.4957570118864869646 -15.83988076294256864 -0.02495401785873230943 0.9983885030767976065 -0.05096877467167389847 -2.802040256134075591 0.4951416853773747961 0.05663515665199070348 0.8669644229023915072 41.17421659072660134
0.8666233728917800416 -0.002860653856912927662 -0.4989546677115958007 -16.3749914305285067 -0.02488104586337877913 0.9984918289854142204 -0.0489399946625686047 -2.865854282460324143 0.4983421274185532157 0.05482705795360845458 0.865245200872481246 42.09061326724353336
0.8657681248047446321 -0.0007826140008675199758 -0.5004447581210911267 -16.92480526161382315 -0.02579346404169441734 0.9985999357008377153 -0.04618427971983003061 -2.92395161958294203 0.4997802159471328443 0.05289308185299642501 0.8645358277112948908 43.03435482362178277
0.8626910311357768313 -0.003287423221340847381 -0.5057206664162199328 -17.47785229562659026 -0.02086266964533194102 0.9988963709389160339 -0.04208219599029538321 -2.980932420148422857 0.5053008482448347882 0.04685461696227709305 0.861670376026442697 43.94010419229078934
0.8583199283065666707 -0.003390376622629847486 -0.5131037141301003635 -18.02527558719202716 -0.0196131145466589725 0.9990306798422317058 -0.0394100057385624522 -3.054860700817725316 0.5127399345337468883 0.04388995592908809945 0.8574214657614982471 44.84577129388772221
0.8535271380819600129 -0.006228912755882398851 -0.5210111719868403268 -18.59209999820557258 -0.01789242190561407195 0.9989884952058613043 -0.04125493637086700277 -3.119139288630845996 0.5207411070221173999 0.04453436019932412171 0.8525523609487903887 45.73424302922301621
0.8468966607674106584 -0.008963957222525676533 -0.5316819637156715572 -19.13857397465098131 -0.01748801432542788914 0.9988476059274439267 -0.044696214438583938 -3.172645934179888272 0.5314698778179427485 0.04715113729537772497 0.8457639600978261729 46.63284968473302428
0.8403597593368475893 -0.01037992651993805207 -0.5419296541425479008 -19.69778459874727616 -0.01619626539670939933 0.9988893593941821081 -0.0442476075934495755 -3.231323292486401932 0.5417870176493438938 0.04596114611825816848 0.8392583253019197942 47.50665537394102955
0.8356297858369475806 -0.006993151331371151407 -0.5492485553588933866 -20.2490732159588589 -0.01733626831740050014 0.9990851182046772694 -0.03909606722156048347 -3.289857913956871993 0.5490194278020569252 0.04219175934191837091 0.8347440677866870828 48.35079435409083715
0.8304525799510226181 -0.00303813812877333023 -0.5570810548000327822 -20.8741375031052101 -0.01973588104131673848 0.9991970278019343121 -0.03486999721029998556 -3.351324173292143271 0.5567396388365122295 0.03995236530247941314 0.8297258087436444329 49.22445963107125522
0.8263714776648656279 -0.002010678863152698306 -0.5631217968585644496 -21.51309879436795924 -0.02161573517308804787 0.9991434436480640668 -0.03528825689196603277 -3.407010703563229104 0.5627103690689919668 0.04133350136047474199 0.8256202009874564762 50.12527069090032938
0.8228560551976934478 -0.00375804899387880342 -0.5682374591734956626 -22.12534657234049362 -0.02316314913832531394 0.9989252618533692729 -0.0401486216319978384 -3.455497268262786026 0.5677775972971154106 0.04619870619130315298 0.8218846714317736835 50.99160110423561321
0.8204355415152655429 -0.007562530134777492585 -0.5716890336581289533 -22.76813119657798268 -0.02314714106118264184 0.9986534221950038592 -0.0464292394339102521 -3.535023820179137743 0.5712702963214699725 0.05132516568780621374 0.8191557294838165415 51.88920355941605322
0.8167772240526990357 -0.007780457054271263002 -0.5769007298612377488 -23.37829295612326064 -0.02509306166303058167 0.998483923179665056 -0.04899301459016651428 -3.594973411382703876 0.5764072556826298488 0.05449258484420312076 0.8153437106690012426 52.76597663774507652
0.8134469610462855549 -0.006818603051745021799 -0.5815991489315067708 -24.02403877747372007 -0.0233348985760008891 0.9987437181294359645 -0.0443462521154657785 -3.670382019421280173 0.5811708392645995591 0.04964488195555195882 0.8122659500152695777 53.64692168946632478
0.8110621850214766448 -0.004324795822386057892 -0.5849439719522240289 -24.66240297137708737 -0.0231306063317341104 0.9989535399322082565 -0.039457853116937322 -3.710878933683432912 0.5845024617085474716 0.04553288207814065736 0.8101134246817599527 54.46527798406225429
0.8062846258225458973 -0.002061857997566710933 -0.5915241953780954187 -25.27056687914062039 -0.02361240259463363855 0.9990847780076476115 -0.0356676724056779193 -3.769144231905937836 0.5910563238123451857 0.04272560410961427635 0.8054980298706522213 55.30907062064533619
0.8037021492546080337 -0.00185404852379222212 -0.5950289412752307605 -25.94204842952657231 -0.02462078125464868192 0.9990351869116984584 -0.03636804224134235208 -3.823641091870484843 0.5945222401842994442 0.04387915188797616994 0.8028810976083469164 56.19373264782134925
0.8016258479159638073 -0.00325344991910238128 -0.5978172283110652074 -26.61743736953534167 -0.02433707236063970339 0.9989787015508200252 -0.03807076061867818023 -3.879785281327476021 0.5973305021532127057 0.0450676276843557308 0.8007279880135942385 57.01750059202574761
0.7965802358552412921 -0.006039385229594115834 -0.6045026698045947722 -27.24656730313178343 -0.02348023680769199123 0.998886536386585977 -0.04092050794467716468 -3.938029217942403459 0.604076674723471041 0.04679033450025261304 0.7955514852096012834 57.87433736775326309
0.7922132342015346662 -0.006973920036164859074 -0.610204540062750489 -27.913888259108802 -0.02265754092909512407 0.9989091546816822875 -0.04083207809160759039 -4.015119360275424931 0.6098236225345211592 0.04617344778097582508 0.7911910587804262818 58.75471213026009565
0.7873223202522156017 -0.005735685000289758584 -0.616514956287285365 -28.6048498166498959 -0.02412919869519799393 0.9989040465438768779 -0.04010747598297310923 -4.067692449823995915 0.6160692896548408681 0.04645352372930704882 0.786321072592321757 59.64107936640044727
0.782608996840046589 -0.006030737749132836049 -0.6224843887765730832 -29.27885925135208822 -0.0237906970513756047 0.9989328749909859306 -0.03958833234775023524 -4.129448512733654653 0.6220588278251416581 0.04579152338026074021 0.7816303980835200838 60.4830542270613094
0.777486136862807653 -0.007335270999936385067 -0.6288573188451483942 -29.97399170129488155 -0.02330821666130884068 0.9989089684322919327 -0.04046877669454781307 -4.181788380965491214 0.6284680255768848589 0.04612145630202190566 0.7764669210682099143 61.31598993762114702
0.7729454827764739022 -0.009035543823432178392 -0.634408123275160607 -30.67968046098512858 -0.02256100262405311488 0.9988748928448528686 -0.04171416636611705725 -4.233690910131376661 0.6340712164740158752 0.04655566061110322923 0.771872003457412359 62.15579676477589999
0.7667630436374992531 -0.009513129161572477996 -0.6418597692378963382 -31.36012780338568717 -0.02298687878209713931 0.9988420665519048836 -0.04226406937171956618 -4.313158121593207106 0.6415185615875586 0.0471608800035061837 0.7656565238719371669 63.00512451057677765
0.7611093465938457703 -0.01117576098091205457 -0.6485273268756743814 -32.09760219487326083 -0.02188258345325339721 0.9988400230008049885 -0.04289385817190717598 -4.368625785185335175 0.6482543808914688066 0.04683837054830941593 0.7599819405587171506 63.80564790690836929
0.7558850144839086571 -0.01324154722117969717 -0.6545704971847414733 -32.80788009345751988 -0.02137048441133536369 0.9987637253130497994 -0.04488257430166309875 -4.419783207671406089 0.6543555419035749221 0.04791455477263117935 0.7546675723941604907 64.6068499400755627
0.7499034697010769079 -0.01572340206438746849 -0.6613604093045741816 -33.56660117318696024 -0.01828874297644602839 0.9988427362582222857 -0.04448406678969602651 -4.481924097570407994 0.6612944402621878659 0.04545420741085904465 0.7487480899059898443 65.41672246092674925
0.7435090939294075607 -0.0149895490162583276 -0.6685578297443194318 -34.31477164725927764 -0.01805440605556299025 0.998934436974975748 -0.04247530033937060162 -4.548338768461889003 0.6684820829186419733 0.04365118743593898731 0.7424462281371541073 66.21737315686509362
0.7368054479330908846 -0.01502584912131380533 -0.6759378578259771508 -35.06824858695416935 -0.01862960011042187961 0.9989222778199245978 -0.04251285645481083647 -4.609764474047413074 0.6758481340131264892 0.04391615707685848913 0.7357314680530951945 67.02437586437149264
0.7302774219212936346 -0.01631815718439316026 -0.6829558093131362639 -35.84150385269546746 -0.01739488334326130814 0.9989464314587300775 -0.04246842595873989712 -4.671646144935381884 0.6829292322264933768 0.04289367009925963009 0.7292241892639306222 67.82847010430926105
0.7248007196451830003 -0.01751655568853003817 -0.6887358858425294272 -36.58963916882844103 -0.01783086979400151997 0.9988650140672200584 -0.04416860706258794733 -4.751143701837575506 0.6887278190404692024 0.04429419894355023091 0.7236657625715806619 68.65801043644134438
0.7181042935855179721 -0.01674641748613797318 -0.6957340118341298618 -37.40543782890917868 -0.01977299941078764986 0.9988159544793409061 -0.04445041798699396474 -4.80907436681361844 0.6956545728137250029 0.04567678507990084041 0.7169229153232308249 69.46833549320612633
0.7122301985010227598 -0.01662575085787019319 -0.70174907456277269 -38.22332073195398294 -0.01899052471348091492 0.9988972148959534003 -0.04293991304767715705 -4.877683517431774973 0.701689060534692266 0.04390968680023907972 0.7111290465919957171 70.27630895588957571
0.7080994644011247008 -0.01661748515538824175 -0.7059171644719216543 -39.03000357483109894 -0.01968646263777321104 0.9988698870250888318 -0.04326099940128607518 -4.92834767402737306 0.7058382431959018266 0.04453010325818487769 0.7069721090878593461 71.06343484013802936
0.7029379946211038455 -0.01715146089478257474 -0.7110443299232566128 -39.83623314017708594 -0.01991846211550491255 0.9988424567630509454 -0.04378496911306089395 -4.999288761274296888 0.7109721971036906396 0.04494102880561230695 0.7017826992332928393 71.86148483823959054
0.698508694675836761 -0.01871291211445403474 -0.7153568808035647431 -40.67138972058970126 -0.02138063459342303546 0.9986660570253472757 -0.0470010329076789718 -5.060423827970055299 0.71528211701258404 0.04812541510811507023 0.6971768463236438507 72.6312408993169214
0.6931672705455426131 -0.02076989551207251289 -0.720477469210274446 -41.4928096870087586 -0.02058954366441307846 0.9986062973489454597 -0.04859686900942603721 -5.140145313628052826 0.720482644730471522 0.04852006225777265314 0.6917735750354531143 73.39432751973961899
0.6881725745544470252 -0.02212245169659492888 -0.7252097231125648191 -42.3213635777832593 -0.02076403267477008527 0.9985252120569751977 -0.05016351190336848509 -5.195355750722343124 0.7252498871307768713 0.04957943242845330029 0.6866983307328624608 74.16118084849100001
0.6833155985838806901 -0.02201076068672290151 -0.7297913108852714936 -43.18173344303199457 -0.02009804235515477017 0.9985997368393918494 -0.04893624803061229211 -5.265329410697042078 0.7298464894725966712 0.04810627919635732108 0.6819164197153557705 74.95645906378676671
0.6773110365712706749 -0.02140121337304531218 -0.7353854681685618733 -44.05361241873994516 -0.02001992433487198228 0.9986705457456539481 -0.04750227132542657327 -5.343828989151547582 0.7354243671718371234 0.04689617496403591934 0.6759821477124353661 75.77689073482396509
0.6721475310616636945 -0.02277993401358783393 -0.7400667609534302693 -44.93512164838909939 -0.01862955895087413036 0.9986899140258898022 -0.04766043698646373061 -5.424738046696673699 0.7401828652943568398 0.04582196330452099203 0.6708425956170644966 76.54696536150831321
0.6673350004311412453 -0.02349467624501368895 -0.7443870213164162086 -45.81144465381473907 -0.01775954174237502972 0.9987161091241443245 -0.04744316761843740682 -5.492320943019215918 0.7445459250298663845 0.04488045956489428862 0.6660609760492148812 77.27928687862898016
0.6633970717128010453 -0.02477135135637026364 -0.7478574369163284441 -46.7429699374412877 -0.01634155574587819321 0.9987339433402222522 -0.04757715925004717822 -5.557284465363551362 0.7480891108999434547 0.04378370302596532732 0.6621523865409536524 78.08509269740395098
0.6593908637799568151 -0.02497333588359361423 -0.7513854285658994048 -47.5758186863879402 -0.01643683233201603117 0.9987304043817410992 -0.04761860993866055825 -5.628103084058598604 0.7516206215928231682 0.04374967355187463214 0.6581432369278267247 78.85977128678464965
0.6563907533866566446 -0.0275856080600372193 -0.7539166097300381564 -48.45230358150431726 -0.01415096061495911377 0.9987053128471811148 -0.04886277234449506318 -5.701248967011715685 0.7542883858431301825 0.04274171710957529874 0.6551505852213166392 79.64410937227441423
0.651159521939516539 -0.03220297009243756198 -0.7582574019433154788 -49.38478471496978983 -0.01029979361818129241 0.9986324604716487752 -0.05125666081086394099 -5.794157835665100897 0.7588710243911981346 0.0411861584069374842 0.6499373668489444311 80.39380265522392222
0.6470207187622121214 -0.03521260376471167797 -0.7616589160323885555 -50.28068020216492329 -0.007978314764276458332 0.9985657439668575996 -0.0529426445606518345 -5.872384624448070412 0.7624307029930637025 0.04033174342129486334 0.6458118032999985436 81.21733085174035693
0.6393162415056037329 -0.03917721690239516635 -0.7679452664035755216 -51.18803076916273653 -0.002695512355729358031 0.998580978638805461 -0.05318726793780587797 -5.933776158812620771 0.7689392169009379163 0.03607349108932199344 0.6383034503973137319 81.98835154734634045
0.6313515280650782158 -0.04285021698445778959 -0.7743120500975492204 -52.12147304772124556 0.00170221278556027247 0.9985464943932803594 -0.05387135762579849801 -6.02524793587184071 0.7754949342664106959 0.03269372098052801545 0.630506810050366906 82.76370457668807035
0.6218690878765353869 -0.04400488940331038351 -0.781883912267102632 -53.05093741879831271 0.005124919045484366623 0.9986273614153617917 -0.05212725203002489816 -6.110258317686800389 0.7831044734588983314 0.02840923580673996793 0.6212410224341510245 83.46392642619204594
0.6144971845046528491 -0.04288008754194516658 -0.787752850904761992 -54.08663216748343672 0.0053104632186358686 0.998724048163538547 -0.05022147711544974052 -6.183371342998480458 0.7889011684570799154 0.02667762463254709851 0.6139408432165860408 84.25308914430431173
0.605469157692600457 -0.04226341338555173605 -0.7947458396751426735 -55.05575920421917857 0.004725140712812611089 0.9987623674535128782 -0.04951291311769413089 -6.270665726307449006 0.7958547715755488472 0.02622325676331287159 0.6049195241161801073 84.99088436941489988
0.5945923001020964049 -0.04369609928889518075 -0.8028391466349339423 -56.02498851682682357 0.004638694010743099616 0.9986920081199256449 -0.05092030635491635177 -6.339385627462318595 0.8040140083339533117 0.02655269783103875181 0.5940172849636600194 85.67781165319358649
0.5867445419036063647 -0.04702820217640263367 -0.8084053681911613776 -57.02541648397304641 0.005628258524496384391 0.9985249611681998871 -0.05400321102539157314 -6.423735335801341151 0.8097525624912403908 0.02713617581315884431 0.5861437715427849637 86.37766048723914025
0.5758340035682780744 -0.04732989506206254637 -0.8161955225356324339 -58.05136207348371613 0.004833972431763922106 0.9985026118090658542 -0.05449118361893654644 -6.498006099445503558 0.8175523722255945147 0.0274324106780581313 0.575200561425713186 87.12659129713736661
0.5659756318931973285 -0.04821732432252467948 -0.8230107680466868247 -59.06408849541502804 0.007104407004076209071 0.9985364622283527947 -0.05361513940260154154 -6.58447561699382522 0.8243913880859395915 0.02449785984255702098 0.5654898739332263613 87.86686324813190652
0.5558566212295833475 -0.04871223653745482968 -0.8298497371097770525 -60.04232742952059709 0.009540749475257945256 0.9985897434341309831 -0.05222662709733403436 -6.644221117798319476 0.8312234602972746744 0.02111312893034222871 0.5555374850499709138 88.44188961998948173
0.5451148529859921599 -0.0483271961866976324 -0.8369673420694840882 -61.05500919690179273 0.009295058917617745817 0.9986242458831426916 -0.05160755354682688284 -6.74693436464548757 0.8383098771662779169 0.02035238410756456257 0.5448141258922267749 89.12640334608130388
0.5371020774287552646 -0.04960061881845533038 -0.8420577119690653145 -62.10711257445477429 0.00878984238693811086 0.998544624548425741 -0.05321178091505606583 -6.816567851891082164 0.8434714868042151314 0.02117860441154081202 0.536756386456424095 89.77280534475247009
0.5249414878057988565 -0.05122571923246788811 -0.8495954416072356574 -63.26473386966581813 0.009351150137582449687 0.9984741654021886959 -0.05442443559768785077 -6.901062729659835249 0.8510869775949545524 0.02062495057680559588 0.5246195456129614243 90.38140907409356828
0.5157281829257720496 -0.05167214201533670143 -0.8551926602867612193 -64.34051478549325509 0.007469726532027386873 0.9984129061755521173 -0.05582109049403614909 -6.99486634260757878 0.8567197315333119345 0.02240045518765970689 0.515295662762710327 91.06354385611049906
0.5066786357018440157 -0.05130932529647416057 -0.8606068609822348225 -65.46300114344271037 0.005752969671865728121 0.9984065113964710747 -0.05613789732965695362 -7.079370373556277407 0.8621158379988573817 0.02349282898988856727 0.5061664419294642503 91.75214350982923861
0.4972429555482845709 -0.04989150335188534402 -0.866175696817113816 -66.53135705544366374 0.005802203193395621267 0.9985142086034631825 -0.05418331686652391038 -7.163541711102816123 0.867591973838891084 0.02191654615321061289 0.4967936485302537619 92.37308488278475238
0.4878320630936050506 -0.0480766513874054946 -0.8716126268563723078 -67.62804519070753884 0.00627477219682684613 0.9986496338306307674 -0.05157187460915685362 -7.250250586036480982 0.8729149796617392543 0.01968924423198090481 0.4874749926435294478 92.94944958548622083
0.4805973487241717579 -0.04844890220534125991 -0.8756020502178233356 -68.73072068866939333 0.005904969373818062806 0.9986288994039412836 -0.05201513990518413094 -7.335175342134186316 0.8769215338903630919 0.01982793596652577747 0.4802245019553390004 93.53927115139252635
0.4730877447847353645 -0.04975417154238633705 -0.879609326243867895 -69.85873867317019403 0.005647335953856941204 0.9985548947525044738 -0.05344484944662543369 -7.43305865068106808 0.8809972479002842194 0.0203166548520152257 0.4726850728058503148 94.19168421375812272
0.4669644245510962688 -0.0539228994826854921 -0.8826305038073966047 -71.00418761735157602 0.008508188642555704687 0.998366843626888989 -0.05649228664985352089 -7.514372263261126506 0.8842352033822794555 0.01887030222934845194 0.4666605957661483783 94.79287582987574012
0.4604142080343519017 -0.05628590063871729415 -0.885918006401514524 -72.20004136776128689 0.009178006955575527398 0.9982363536891345479 -0.05865209753441279206 -7.605335821114484141 0.8876567916257410706 0.01887329834558288538 0.4601188033888542472 95.39302287252949952
0.4552445739098424093 -0.06061285209666929241 -0.8883009175419728232 -73.30128080837781113 0.01284194054614339227 0.9980233951069595877 -0.06151836777043365873 -7.704621892150471218 0.8902738462890268378 0.01659839648424518352 0.4551231325692068896 95.9101498909913488
0.4488491682142313755 -0.06129532054580604655 -0.8915028706475762732 -74.39084594087272251 0.01384830284147745352 0.9980020991749699588 -0.06164541136206303645 -7.796421905242544526 0.8935002563484440996 0.01532369080638566403 0.4488012587727828739 96.45538581202072237
0.4464633751757518532 -0.05902848844964249386 -0.892852817021647982 -75.52143499203059207 0.01704825807940593685 0.9982018078633011493 -0.05746851186409804996 -7.895631650285647396 0.8946395201978135647 0.01043600143150921582 0.4466668916207300333 96.99487424423531934
0.4435633037079588781 -0.05773850248679308905 -0.8943813067360951718 -76.68798213235395167 0.02043067504168456783 0.99831483970272894 -0.05431565629352115565 -7.987032150629554295 0.8960101801425621737 0.005819618999865276872 0.4439954754287150918 97.6262872013261358
0.4374930046736533185 -0.05667907187909619615 -0.8974337942302805793 -77.82984729010192382 0.02211942721936078701 0.9983879491306050236 -0.05227194406520030423 -8.077818803040923257 0.8989497550237831591 0.003017889256773836296 0.4380414625686008256 98.14357261144890288
0.4353063437745388065 -0.05669840183519542914 -0.89849526421241388 -78.92657652133978274 0.02332962127865882695 0.998390219642647625 -0.05169932549237460373 -8.163589464216562064 0.8999800977023348914 0.0015434909993727972 0.435928358633423052 98.65412207780669007
0.4352200237286685258 -0.05526591925399598065 -0.8986263242516966399 -79.95835954815477464 0.0242194255247236874 0.9984717218162827423 -0.04967657716549812863 -8.246956785425878067 0.8999983393311870028 -0.0001439713710143734199 0.4358934054946069225 99.15762454606827703
0.4305994410829263597 -0.05592691651629663058 -0.9008087273130191974 -81.11314297747900071 0.02891527200292232785 0.9984208208859208789 -0.04816527394213272056 -8.334214010665114358 0.9020798684994253414 -0.005307188480162572906 0.4315365995579373837 99.73178258255799733
0.430261018494086378 -0.05657579787274059219 -0.9009299067836498143 -82.30515404528503609 0.03111287617441680156 0.9983705827360178642 -0.04783608058283855824 -8.425429809495613043 0.902168224719026135 -0.007448519033101686122 0.4313201896665943558 100.2944057207381974
0.42758494134777697 -0.05560744376388937482 -0.9022632610288984223 -83.42036312888944849 0.0311109684051465267 0.9984202088978265666 -0.04679012982980525204 -8.510806679355354731 0.9034396972495405409 -0.008063528044098463091 0.4286394579356287426 100.8184611079264812
