0.9999999962582232227 8.137513278152659075e-10 -7.656115742981431352e-10 -2.139041617443826482e-10 8.137513278152659075e-10 1.000000061056633971 6.754229727670312846e-11 4.50643937444095144e-09 -7.656115742981431352e-10 6.754229727670312846e-11 1.000000080766252131 2.697696344089450804e-08
0.9999879194368915813 -0.001688957751893167131 0.004615290955464658104 -0.002452136856105618413 0.001679502540225360574 0.9999965450661505439 0.00205213136926504303 0.00314803425351924647 -0.00461874222387328049 -0.002044355060510371757 0.9999873246047137343 0.01159618557342087519
0.9998925865677258384 -0.004715778954845262216 0.01387693269363374574 -0.02723913276715400622 0.00468296691841299257 0.9999862250732224345 0.002396164547613289023 -0.002126996755270916042 -0.01388804200693645463 -0.002330921831957408034 0.9999009204064833733 0.3272981082813046227
0.9998389380679205685 -0.007678431426679560926 0.01622134763810127028 -0.02081489194680422733 0.007669833640468558429 0.9999704720558733051 0.0005922755296776499026 -0.007368277533539572231 -0.01622541694228721645 -0.0004677649728293910075 0.9998683306196014531 0.7502667089147159185
0.9998452335940581914 -0.008802927318633472359 0.01523186900146828934 0.01411180735476744164 0.008817502371545870091 0.999960790177163994 -0.0008898779020341524145 -0.01716058503947753139 -0.01522343883218403929 0.001024047353130447128 0.9998836731207622064 1.088724995300772713
0.9998962811445823995 -0.01118214170337453878 0.009076296577524936918 0.03023008446819351602 0.01120013455876237018 0.9999354676481749804 -0.001933817030349261083 -0.02580335520070149019 -0.009054087622585239165 0.002035272343910028356 0.9999570204280874286 1.407183398720036394
0.9999038752859014112 -0.01354270904797021807 -0.002971149856708426174 -0.0002622007366311271664 0.01352964067092055078 0.9998989564048390566 -0.004375834449986957739 -0.0296265066415532137 0.003030108582137834138 0.004335215398343231566 0.9999860928416766104 1.710409375963125589
0.9997329811892454732 -0.01244140817188165056 -0.01947229450480583712 0.003516177711056793845 0.0123486002701019594 0.9999119097067918904 -0.00487924392444409865 -0.03523823886331078903 0.01953128113113665812 0.004637485671188806141 0.9997985718407227385 2.06543081917755611
0.9992531937120118224 -0.007731401907022122932 -0.0378585917293834881 -0.0319607461314077787 0.007564339523791659137 0.9999610807849017569 -0.00455409758137433323 -0.04421598077851206926 0.03789232402174264741 0.004264321498673956032 0.9992728099453421775 2.413897240783814624
0.9983262054122261642 -0.003919889462885388191 -0.05770108261112080056 -0.1030278075666774679 0.003594861531744522956 0.9999771500842085103 -0.005735712529558928408 -0.05278496838077597481 0.05772224245710307067 0.005518684928342946182 0.9983175086142448418 2.771291386751226327
0.9969650990034804039 -0.003736167398200900946 -0.07776005120353339517 -0.1454131791085969405 0.0032592955510628587 0.9999751639633217559 -0.006258639379612040456 -0.05447180048779777517 0.07778149700590537841 0.005986202263215257245 0.9969525389953849404 3.138809422153976847
0.9951577627260854708 -0.005030733106657062428 -0.0981616650444617489 -0.2020659919165307961 0.004472479647905268189 0.9999726168607572241 -0.005906316418257213582 -0.06232525689020868703 0.09818868265731563183 0.005438690822487835148 0.9951530353716070421 3.521096610065909349
0.992957005716914809 -0.005973140155220976744 -0.1183245547917354257 -0.2617071767253629777 0.005417703808333979888 0.9999728083615362362 -0.005015290922164732969 -0.06879624193544928157 0.118351285646140128 0.004338921117481622444 0.9929623895794574828 3.90736608961032772
0.9906643021228540569 -0.004899597114315509643 -0.1362359304034598817 -0.3207960461069583324 0.004342710582801898381 0.999981019047975761 -0.004384578371850815851 -0.07271820613190037308 0.1362548173504950777 0.003752012319252418654 0.9906667991359630054 4.302895712792469851
0.988471429168182758 -0.003473792085322478969 -0.1513676357872979494 -0.4092162227449336331 0.002969435942254457488 0.9999893228317845439 -0.003557919326226889351 -0.07828030796244254963 0.1513783683280567893 0.003067425374686437185 0.9884712134765173408 4.701993299247366309
0.986204889206234836 -0.002858778751075128927 -0.1655044983285096916 -0.5187362544766334072 0.002349698816975948588 0.9999919486377294442 -0.003271649691624823556 -0.09327521242323670581 0.1655125071011880056 0.002837631479368502973 0.9862036893102636981 5.116191793645922914
0.9839823238761208346 -0.003800905640420406198 -0.1782255169158482588 -0.5859403275359765795 0.0030846577053043364 0.9999860768345520956 -0.004295711973694376663 -0.09579570353015909312 0.1782393506621704482 0.003677140232255157997 0.983980371295957279 5.540036375098428501
0.9822265098727478438 -0.007475459611994229002 -0.1875505173806799042 -0.6915283980481534698 0.006370080811136537464 0.9999586735673069438 -0.006495794716437277606 -0.1041598487946653745 0.1875913126848399448 0.005185630132951883978 0.9822335602714531433 6.024538360002882342
0.9807374263590713515 -0.007393055824663345363 -0.1951907766401191902 -0.7842075122779468277 0.005832129279745990394 0.9999463264461673218 -0.008570450151817191053 -0.1152973788803080962 0.1952436484575432729 0.007266983706563408772 0.9807279269526715249 6.482114749759952055
0.9793014276963403208 -0.006652065790807798994 -0.2022979485889922213 -0.8950131847788734829 0.004716493355954087807 0.999938450429822101 -0.01004849056528210778 -0.1236325361302194614 0.2023523266106382057 0.008886364563019468615 0.9792725495036823657 6.928810159618809195
0.9775518055466887457 -0.00725666570928341307 -0.2105701898322113186 -0.9807942341962003763 0.004802538711569500664 0.9999145471932635587 -0.01216371876400256652 -0.1302881917278429502 0.2106404497106951768 0.01087939410297343416 0.9775031443428305877 7.40007924220046398
0.9758228028914333052 -0.01036567018371250919 -0.218317216682668902 -1.102532224330022403 0.007487878097448664484 0.9998739495896177276 -0.01400495403828462548 -0.141104210866438623 0.2184348536216432768 0.01203162116305788246 0.9757774397845198067 7.865083989716817214
0.9737404330705745625 -0.01684766227566883087 -0.2270368306741728792 -1.217717871063201951 0.01373414762903993162 0.999788885961204965 -0.01528655695752267028 -0.1607885431875971105 0.2272464274054395439 0.01176698161741640894 0.9737662739116870192 8.380505343555265441
0.9718805874335724182 -0.01781316808811289967 -0.2347995151831707705 -1.341508533381499557 0.014016201827402857 0.9997428436837105803 -0.0178301631268245192 -0.1806434764274813531 0.2350567308700276248 0.01403779241056090678 0.971880357952438878 8.926750721431995217
0.9700232715287339103 -0.01414050936135033409 -0.2426002813874845454 -1.493652641346850496 0.009012734082651069692 0.9997122383065716322 -0.02223360821233064805 -0.1820001164577910169 0.2428448485686340863 0.01938062596548102354 0.9698716033845816709 9.489203046511498485
0.9677867068058783051 -0.0108609605642790083 -0.2515371302461320013 -1.673380963433470647 0.004797092086394873223 0.999683264134066607 -0.02470792274221348533 -0.2021184449850629838 0.2517257943574657819 0.02270535283674874824 0.9675322977629335908 10.01565211074071016
0.9653930634204576089 -0.01271253998037758653 -0.2604891994951557543 -1.850756289398000742 0.005797340311753106622 0.9996105855884315217 -0.02729817130563431948 -0.218039226621739135 0.260734772963947814 0.02484332113307792869 0.9650908470015977514 10.55116393052685098
0.9629590199018185359 -0.01579277034438436589 -0.2691849056381488969 -2.039301217603284311 0.008273672094023609355 0.9995439364988981668 -0.02904457769937685008 -0.2454222065719750545 0.269520816664199081 0.02574159089320786353 0.9626505362180864944 11.08736286872532517
0.9605849889727834379 -0.01497743584532902107 -0.2775826990350773738 -2.18497850612228639 0.00655058817272450352 0.9994898634830772233 -0.03126059381507775153 -0.2705550250546052138 0.27790927908680918 0.02821012769542042761 0.9601930930238167239 11.68865096464082853
0.9583663281544467782 -0.0143209937095473798 -0.2851822049117470614 -2.350940113613024351 0.004538201411756365503 0.9993793428502030229 -0.03493502470504840363 -0.3020838143708618473 0.2855054899337443608 0.03218633756154756775 0.9578365252567914157 12.30469090974158597
0.9558860846607559747 -0.0159981674398865896 -0.2933016399518497686 -2.53465050318935381 0.004533971198764423678 0.9992004238498021218 -0.03972503277373459762 -0.3332149569113376231 0.2937026313160844837 0.03664278537337602171 0.9551943385756838101 12.86628937975543607
0.95438467908788438 -0.01632445016216775568 -0.2981331868566110543 -2.717549446273386682 0.002391389270412649579 0.9988902295490268424 -0.04703948047199461163 -0.3564235288544193025 0.2985702014558297424 0.04418080752315713122 0.9533645916443348467 13.44875063541162064
0.9533710426577786112 -0.01762496925368453246 -0.3012856055327635674 -2.939732488345508266 0.0009822344963019288226 0.9984692769183423078 -0.05530154096644422645 -0.4025586924498794072 0.3017990888185908549 0.05242695524375493021 0.9519290297736705542 14.09488987193652321
0.9515530438049399908 -0.01835309768935792368 -0.306936425909482169 -3.163832012900276158 -0.001626736018213030197 0.9979027037656775789 -0.06471220697200955052 -0.4539771161330968252 0.3074803385766982089 0.06207640268295330777 0.9495275218115017957 14.75157701752602435
0.9501903770548054684 -0.0174282278940348645 -0.3111824310125455573 -3.369949076843425484 -0.005494220567865205559 0.9973435755765205357 -0.07263420676634602113 -0.4933114631036413789 0.3116216634887372106 0.0707260298901492418 0.9475705358234693954 15.38283834534173877
0.9490444144320125952 -0.01579261581620974159 -0.3147463964196680619 -3.605953221039121193 -0.01010436337306489657 0.996705251834144379 -0.08047772991888366145 -0.5411528289902471922 0.3149803195594608751 0.0795572527227622478 0.9457579999385310465 16.05108105927060436
0.9476389699124438959 -0.01646878913234612815 -0.3189187408339839158 -3.862565362255934609 -0.01165492845802828734 0.996220471215387926 -0.08607588275766418773 -0.620603720329715336 0.3191309229709627382 0.08528583670158204622 0.9438654207238554861 16.68666540325529368
0.9460658397708668899 -0.01408392734514427036 -0.3236681504866363301 -4.079140275344928845 -0.016839184975615408 0.9955665663940093113 -0.0925406718657796612 -0.6799397192559741843 0.3235365042053548468 0.09299987705130771665 0.941634379908369179 17.3501676928834101
0.9444170695102447333 -0.01176806360212052927 -0.3285390594759119987 -4.323590293609558266 -0.02149454775730871153 0.9950104195433808751 -0.09742880290821852307 -0.7525785607695527624 0.3280463143622724953 0.09907522380985051003 0.9394518973841566867 18.01287922399732366
0.9431890722379350223 -0.009367908889712941653 -0.3321244023007181578 -4.586730251751402143 -0.02573111158107966798 0.9945409839535156449 -0.1011249887331564234 -0.8325894928208488199 0.3312586379572431405 0.1039259151538132336 0.9377991632423461343 18.7293427754669608
0.9410191078662470954 -0.008189434643488870472 -0.3382543044159503909 -4.871882725284409688 -0.02825078780311745391 0.9943146334068284631 -0.1026665719058684756 -0.9144436113416998246 0.3371719639355848508 0.1061671572883301357 0.9354377332248909882 19.44584329650401244
0.9387217340236628793 -0.007710586335192176274 -0.3445896921975754035 -5.150752921366557935 -0.02925507438270828417 0.9943597512183124376 -0.1019458090211047552 -0.9986250771240282598 0.3434321602500687298 0.1057797445088590471 0.9332015580162440482 20.1275009157054825
0.9362880891578081455 -0.007513376166090174162 -0.3511526259517128712 -5.441671382815230551 -0.0294243721128752099 0.9945788976303839846 -0.09973537437537079164 -1.082007564511750397 0.3499983182868968146 0.1037134894384651174 0.9309913210370925896 20.85403550890384494
0.9331866075818047168 -0.00685343757473187102 -0.3593268564379151764 -5.711214603069890927 -0.03051899609348200301 0.9946956317322716012 -0.0982309180761801598 -1.16681197710149509 0.3580940507202998724 0.1026340729376141736 0.9280275038828879053 21.56027894816294577
0.9301341489897386738 -0.00636743067814452262 -0.3671647111786424666 -6.026512101460849813 -0.03064493979345488117 0.9950161986523351487 -0.09488821975123611085 -1.233222376958984068 0.365939005673052431 0.09951051480052532094 0.925303437335629364 22.27905918637996763
0.9278919785385256747 -0.004979271291596806988 -0.3728158899613348565 -6.346160945428050759 -0.03062900845646633965 0.9955133240212267198 -0.08952769226209822406 -1.33461481536738602 0.3715889445005715608 0.09449100934277449015 0.9235763394054496978 23.00953615788486317
0.9243502142876728334 -0.0009405451394725913416 -0.3815439713567317925 -6.656487484562896739 -0.03413094400125915584 0.9957841082677927336 -0.08514229555484559286 -1.408184452870108849 0.3800154789121537591 0.09172375584405344229 0.9204211737548811945 23.74268135171821825
0.9198558475121196842 0.001846550204439084989 -0.3922522353339530365 -7.013848820263348216 -0.03630619595549863798 0.9960971846105043381 -0.08045110954821274585 -1.486576162979500904 0.3905727650770352 0.08824461085255543014 0.9163328826589911547 24.48960487447788026
0.9162902519277337232 0.003636218292023122786 -0.400498387984505988 -7.353337575225876499 -0.03808026036167096173 0.9962197777657868514 -0.07807797526660380238 -1.560630839895061905 0.3987004808358595165 0.08679317129129379693 0.9129649606959614472 25.27989474881402288
0.9124877253609321448 0.003400159791217896577 -0.4090899622521664281 -7.671584944864064504 -0.03866632974332574052 0.9962059365599150729 -0.07796646051582990788 -1.637920997250628341 0.4072727243653495588 0.08696144636855794585 0.9091571820652827318 26.0671154756633392
0.9088975066933703273 0.004044300365035436579 -0.4169999685368757092 -8.013082009214052448 -0.03966829209085376284 0.9962572135823577479 -0.07679917340667294368 -1.708071602391947774 0.4151286011254207153 0.08634425456549005284 0.9056561491794490326 26.80289645564968026
0.9041927325570252583 0.004319536860602022493 -0.4271028594181409122 -8.420235538108279627 -0.04014201228443887298 0.9963824352726005085 -0.07490516383841668013 -1.785285999378092514 0.4252342042835250968 0.08487347379163705241 0.9010951728567190289 27.568089243926579
0.9010304529395514184 0.005468767442805264056 -0.4337213673314286866 -8.778111756864316106 -0.04093538588605217382 0.9965298261338917385 -0.07247566374613439999 -1.850878645878181405 0.4318198985489492547 0.08305733245697088929 0.8981276077792994528 28.34556337246934277
0.8973953121629576479 0.004786638789393047634 -0.4412014861468291915 -9.182869871834006048 -0.03912426501029848264 0.9968656254941860029 -0.0687629160660944011 -1.930561750626781814 0.4394894240711810229 0.07896920317253505739 0.8947698338849814359 29.12777829760974413
0.8928135992715426905 0.005403848619588385097 -0.4503939227613220631 -9.608971919230461012 -0.03752918802487056199 0.9973437010741738051 -0.06242775023792047906 -1.990097308613112626 0.4488601630413935895 0.07263926335735368389 0.8906448424064636882 29.92952170238898191
0.8889775670978069533 0.005887738741162396212 -0.4579129072209561224 -10.05734618433852035 -0.03674923157888335817 0.9976098458758589915 -0.05851676180644516806 -2.047668670006538072 0.4564738642147928016 0.06884803676741617362 0.8870691643788216618 30.72627130903182291
0.8862331431255401348 0.005966811192628940393 -0.4632010626900749939 -10.51697006335877305 -0.0363733447618529368 0.9977262527159469485 -0.05673998989561632872 -2.117571474431426903 0.4618092742250430316 0.06713303228293816816 0.8844351265469626577 31.5617102029421055
0.881929317808350044 0.005297073117177293275 -0.4713519187867146742 -10.96649292709955503 -0.03552190165744872896 0.9978405474220608529 -0.0552499633177620797 -2.180369682554779587 0.4700413635777755395 0.06546987971322472399 0.8802130160237049417 32.34796736522142879
0.8801186323594574201 0.005655668621007535306 -0.474720147662649028 -11.4035083788967988 -0.03541201191929573 0.9979256220572275682 -0.05376396818345859779 -2.240177220151186255 0.4734312972688105581 0.06412946642282359166 0.8784932328896640774 33.20943844393107724
0.8769360115689073254 0.004569903736481408137 -0.4805854349446899709 -11.88420119051594881 -0.0339045596574366892 0.9980517820619249081 -0.0523759790882363449 -2.300075881493119034 0.4794097660326192001 0.06222442049921936974 0.8753825102049918039 34.05345242984086696
0.8737255131421670651 0.002953262051083456376 -0.486410340241304362 -12.36375598830800371 -0.03219282943187889989 0.9981402392106971666 -0.05176684883869056564 -2.364785586776353199 0.485352821369499754 0.06088894242948346414 0.872195687009320042 34.86744575981312266
0.8715716943641526049 0.004178025913191117484 -0.4902502821735842398 -12.80958207695412909 -0.03422538428307336789 0.9980426837431727316 -0.05234067752114413691 -2.431052870527523613 0.489071995473374932 0.06239765804798221016 0.8700087678647061562 35.73457012736527361
0.8700691314341453264 0.002926253483919822804 -0.4929210456824151265 -13.30739872791968104 -0.03319042644696387767 0.9980608228416532057 -0.05266034118544983544 -2.48108934786435098 0.4918110556318768256 0.06217839778383240507 0.8684790572178457957 36.5514980548733206
0.8695374066797301182 0.001328823779357465526 -0.4938653120028992927 -13.8245862495412748 -0.03087035802824907721 0.9981871909389984365 -0.05166696125275617446 -2.537675636516146138 0.4929013408253692385 0.06017215524928538201 0.868002143013018812 37.42332356680857686
0.8691534732757738579 0.00274999995890014455 -0.4945348230806059231 -14.34645744966392478 -0.03170241672465273775 0.9982376440743170321 -0.05016657018192154094 -2.598149567689393979 0.4935252872220983744 0.05928039850944950839 0.8677089174968800611 38.30301377203335988
0.8697399457912298182 0.0017214650084130059 -0.4935073221456539039 -14.85096782244486135 -0.03029303913743068566 0.9982945121967108371 -0.04990511739673639952 -2.662501286175531501 0.4925797101530718924 0.05835431146765228394 0.868308783692854913 39.20896850333575401
0.8686602180309026533 -0.0008617077783814294832 -0.4954076069109000224 -15.39090224278341523 -0.02781733670077137649 0.9983360371168422676 -0.05051212559348949166 -2.72501420602516653 0.494626762248301044 0.05765879498172004486 0.8671908495925291227 40.1325730179400324
0.8675121597479558133 -0.002054283353597523721 -0.4974117476426149764 -15.90751952978746608 -0.02682479088549248256 0.9983431449119238854 -0.05090695106269810949 -2.776921768200327989 0.4966921541512351879 0.05750536592393751256 0.8660197324010957542 41.05831722951522522
0.865695877353783394 -0.002804069968377477778 -0.5005624830883445009 -16.4519326810349682 -0.02528869272582871808 0.9984624614363387662 -0.04932866502187586294 -2.845441922759164299 0.4999311381899724238 0.05536219351163696595 0.8642939455639256918 41.99374272190379287
0.8647175107651065007 -0.003929603590781899358 -0.5022431674856360218 -17.02178223267388191 -0.0225787869648432088 0.9986543829925828009 -0.0466877263045532287 -2.91478994956030002 0.5017507728767656161 0.05171173668713661964 0.8634652267438561735 42.89354202700651086
0.8614115203175815028 -0.002768937014239207864 -0.5079001286031006313 -17.54579099721638968 -0.02141187847874049047 0.9988982365893781523 -0.04176082464182395704 -2.972312865637473323 0.5074561436531229708 0.04684835199335635886 0.8604031806584804265 43.74678291846221612
0.8579296643934998245 -0.003368156492136550884 -0.5137561308331280996 -18.09784749639377566 -0.01951715960599394173 0.9990431072452969907 -0.03914169678456966978 -3.034428293996353165 0.5133963240489011204 0.04360788389909697055 0.8570430009651917036 44.6753266869280381
0.8524119036898953894 -0.005641033723237812679 -0.5228404550922827188 -18.65954791649162914 -0.01876070970365352822 0.9989680328639789497 -0.04136456423322179554 -3.105023502760657195 0.5225342066537810304 0.04506850566580388601 0.8514264327904449425 45.6115062399815514
0.8463540642548307291 -0.01031788089008188122 -0.5325207567953688104 -19.22285416006117131 -0.01589770002531512225 0.9988775645610320497 -0.04462058105528630969 -3.169610059747935082 0.5323833927024347323 0.04623066611300819667 0.8452400757061807601 46.51062202229833531
0.8405077533268501266 -0.01088577845032462875 -0.5416901646044626206 -19.83874426035650984 -0.0153152811451505444 0.9989213121536599793 -0.0438380701304596429 -3.235477128102574707 0.5415830272088321129 0.04514237574214537835 0.8394344087572078728 47.43428128689302525
0.8339564749655912212 -0.007543163741758913271 -0.5517786852426277422 -20.43459970669744763 -0.01677552291081925787 0.9990979467717814311 -0.03901277584289816747 -3.281550775983996804 0.551575196333795148 0.04179133373129893109 0.8330776808561607405 48.3291556106438378
0.8288323000275252816 -0.003192859252625860483 -0.5594880193152106385 -21.02949884923944524 -0.01974432261038245803 0.9991940086920380049 -0.03495163505185951147 -3.328504836029365865 0.559148637109031621 0.04001575675036097429 0.8281012469755416605 49.17700568946900574
0.8255687383117128464 -0.002351529701545085685 -0.5642966850581266902 -21.63055163302836092 -0.02139999292373300638 0.9991415846702416115 -0.03547190653390603493 -3.386738166923859428 0.5638956617140176153 0.04136044292846433046 0.8248097540756467172 50.04121563150189189
0.8216119217947498443 -0.003650999744213372176 -0.5700355610446969923 -22.24142352649639776 -0.02317176927077814821 0.9989391583720426127 -0.0397963446192854467 -3.437393971153574146 0.5695761040382024687 0.04590588444068130491 0.8206557407886885258 50.8715651178087569
0.8190785040247664517 -0.007727596680209821399 -0.5736294182933594499 -22.86567232380330594 -0.02334810540991371849 0.9986318376792897578 -0.04679146099686282145 -3.516706068994050582 0.573206149465136483 0.05171904078755362039 0.8177774661146791635 51.73428897835318452
0.8163662340367476844 -0.008086616460845262588 -0.5774779649243045876 -23.50313247913465986 -0.024630131260553325 0.9985048329930368283 -0.04880140567738621565 -3.58081033021691475 0.5770091407375074199 0.05406317864522035277 0.8149464748654775548 52.63764697951066296
0.812996171156037839 -0.006617293118372238013 -0.5822314479662967779 -24.13506803680284563 -0.0239216668579765035 0.9987116625263552372 -0.04475367088504927232 -3.637583807467265729 0.5817774488059148652 0.05031251059624163718 0.8117904800796694742 53.49722213853820563
0.8100735453905354433 -0.005213773852026527995 -0.5863051167349424553 -24.78584012768248357 -0.02202240822080944738 0.9989843739215146234 -0.03931101965942288695 -3.705794086781583285 0.5859145717561099476 0.04475666846148652206 0.8091360126922390039 54.36238497953073789
0.8065178946956200745 -0.002756710758764064923 -0.5912032720330155922 -25.42407893403708741 -0.02296759167246866656 0.9990882155804881037 -0.03599096111684906701 -3.758522493769300699 0.5907634014992876326 0.04260587029968231076 0.8057192281341348794 55.22741780709441173
0.8039583234061800088 -0.001528300487132094225 -0.5946836988319902373 -26.0701757346446108 -0.02541590085636932089 0.9989947572135619014 -0.03692734886263553118 -3.808947928418926487 0.594142295946803789 0.04480247218386582825 0.8031113258023455659 56.10889872010873347
0.7999561899318667901 -0.003871037589050203929 -0.6000459423518476054 -26.73463943636155093 -0.02377262508624179704 0.9989897514625492025 -0.03813739410913992434 -3.873633683223868474 0.5995873403041496186 0.04477291248738181351 0.7990560293754407351 56.9262225822596335
0.795830809778594328 -0.006767843181121074685 -0.6054812488724478081 -27.38520812863025711 -0.02222881749544440219 0.9989370505382230148 -0.04038280333486419377 -3.935465694155003913 0.6051109192567628581 0.04559701204657472251 0.7948344593373749545 57.77422117724258754
0.7917632164725516564 -0.007435139138617378324 -0.6107829013035532828 -28.04890637749235793 -0.02220211363657033019 0.9989149341666020421 -0.04094071958768173009 -3.978728867160885141 0.610424523146159359 0.04597602800279486368 0.7907390439987036501 58.62102215879538392
0.787284910233397861 -0.00732691904265390416 -0.6165458715736126249 -28.71495521071977208 -0.0221064372766780759 0.9989511709286961194 -0.04009969578073891566 -4.042349611899879847 0.6161929887721999677 0.04519951882800621323 0.7862972292962787657 59.46725428792223056
0.782849741753910533 -0.007391558481921486554 -0.622166917047498047 -29.38564995627607246 -0.02209461149252902809 0.9989686310437693173 -0.03966893499413470803 -4.104862266994877551 0.621818409527437499 0.04480135263106384269 0.7818790395566564966 60.31044675936886534
0.7774701092871676433 -0.008023664864368578245 -0.6288687276752049637 -30.07944449530156916 -0.02236523379577531195 0.9989334958193257785 -0.04039541208190850635 -4.15926868368589453 0.628522116266986175 0.04547102237498967803 0.7764615012343853984 61.14132250299456217
0.7711973846460546955 -0.009300449200756981047 -0.6365281793153731993 -30.76457571381099143 -0.02208103052625075627 0.9989008492534617867 -0.04134783578508913898 -4.216711765034551362 0.6362130523489644141 0.04594254179274873812 0.7701443770237934583 61.97861441255200532
0.7661649290574523707 -0.0107871834430363113 -0.6425534735041885659 -31.47935772345304528 -0.02124660868884475223 0.9988873909751194713 -0.04210325222010563584 -4.284741618632632587 0.6422926978631989803 0.04591011828536010336 0.765083313920093766 62.80387116571058925
0.7612652575533200849 -0.01224168548674427204 -0.6483250554832662438 -32.1918359024741747 -0.02069138549844827535 0.9988541057968035597 -0.04315627394056532895 -4.341820976214394889 0.6481104083927692328 0.04626811647641774355 0.7601396485007464454 63.62263663120857871
0.754223717957141937 -0.01405367563821714565 -0.6564671409613749287 -32.91505264430771405 -0.02006547597652034998 0.9988107598410483901 -0.04443607527341833507 -4.407377442264860612 0.6563108928733597525 0.04668706838832691747 0.7530447887922344652 64.42575822010229558
0.7482507269798560623 -0.0154561959643352495 -0.6632359957272899731 -33.67450944908907928 -0.01815262927939803247 0.9988773114451189317 -0.04375752304966943479 -4.476939380171371496 0.6631676715164193103 0.04478107642492001883 0.74713012137844792 65.2689925767891026
0.7419697946352826756 -0.01503175692486379174 -0.6702647994442721968 -34.40291617610810704 -0.01831205915668133316 0.9989213000198416958 -0.04267349232041246082 -4.531751693582788398 0.6701832003621945866 0.04393637183019360321 0.7408941867856434493 66.08092622031817598
0.7352601498725540585 -0.01503710226664284506 -0.6776182034489878214 -35.17953946952654576 -0.01816857215263640093 0.99895741504942559 -0.04188207246308626314 -4.599140806750942723 0.6775414714550002104 0.04310557493870185997 0.7342203932466744298 66.89376555472385633
0.7302111533733652848 -0.0165173613590981587 -0.6830218744426692634 -35.95532014761994333 -0.01701336657767930222 0.9989581829473577201 -0.04234638326454361057 -4.666767569860853726 0.6830096983350565365 0.04254230373961118139 0.7291694081181143705 67.71051883186007103
0.7235996740578218844 -0.01889673975577341875 -0.6899612006796652652 -36.73994093104771252 -0.01603602643447166534 0.9988951268293162489 -0.04417571227261825328 -4.718739170203486211 0.6900336147942174314 0.04302976790785550953 0.7224971765168236582 68.49760888888245347
0.7177224292047756915 -0.01860045098054789389 -0.6960808660422598271 -37.52452539132458043 -0.0173396556993639199 0.9988558381417854681 -0.04456986703878575151 -4.790813435819203825 0.6961134129263879533 0.04405859665792477564 0.7165787299653492148 69.29989767708821091
0.7119324810893596922 -0.0170487206788401055 -0.7020409663448230475 -38.3322824397168489 -0.01849739579793114458 0.9989031990716495946 -0.04301589617333266558 -4.851835297553929394 0.7020042892427367232 0.04361034417277479674 0.7108362926191030828 70.06930135762178224
0.7056235618093625872 -0.01656376710112762024 -0.7083932991841306315 -39.12739253427230324 -0.01985064724772704972 0.9988723530327383582 -0.04312883299702410106 -4.912171804877629278 0.7083088132820921645 0.04449478712140688547 0.7044990825636839871 70.88085267049763161
0.701893062344574159 -0.01721105415113323781 -0.7120743955376375167 -39.92893972474614372 -0.01990338314744767231 0.9988438005917728013 -0.04376116365479723602 -4.979499725637154484 0.7120042267890132059 0.04488834756862777192 0.7007389922295467199 71.69620851472178913
0.6963308817603199863 -0.01938182932988751286 -0.7174591867031285819 -40.78051834021473354 -0.02023473898694647805 0.9987078622302346664 -0.04661848717618299887 -5.047004626215970013 0.7174356373191997926 0.04697949254728787244 0.6950389563698382567 72.47908090402205517
0.6916064218770026084 -0.02139165107593050605 -0.7219577493308879657 -41.59720286292391478 -0.02070465086980920535 0.9985634347454356297 -0.04942171904648869074 -5.124293521625605585 0.7219777769814939017 0.04912826231717781766 0.6901699936398575375 73.26579033918743278
0.686475132342249994 -0.02203817991133072418 -0.7268192686177732398 -42.47424420176614035 -0.02057532024056603695 0.9985517624098705358 -0.0497107239735542078 -5.190705615188995203 0.726862150118936845 0.04907971593311523384 0.6850275267064829254 74.05388028820095769
0.6814516480832698564 -0.02231528108251724929 -0.7315228759695082683 -43.34406366855986192 -0.01922242064404328446 0.9986445351191635122 -0.04837058111564438573 -5.264002002446275696 0.7316106798401864619 0.04702385355440050901 0.6800990265356583464 74.83980605623698068
0.6768566063874432714 -0.02176405487330543634 -0.7357931090632663373 -44.22811792670557907 -0.01989654717665051767 0.9986567863899765696 -0.04784216236934540206 -5.325259667679805631 0.7358459752653262465 0.04702202687476555315 0.6755144296788262448 75.645624379161859
0.6720219370604008091 -0.02323051882352099654 -0.740166804640824183 -45.09027056423983026 -0.01872745897994815972 0.9986551013523312648 -0.04834659162120298614 -5.405121390386073976 0.7402944255215001546 0.04635141453016801416 0.6706831028059151434 76.41072519608852076
0.6671432962587487969 -0.02467917247618477139 -0.744520517406183524 -45.97795550639743567 -0.01645837522852838103 0.9987188393313800594 -0.04785314990527538004 -5.475229866460707306 0.7447475966848206008 0.04417850710764963107 0.6658824150417546051 77.17759500299520425
0.6637155054589587433 -0.02537144055711047785 -0.7475547192926852436 -46.86632701464834838 -0.01562985671419295924 0.9987359721571514859 -0.04777329387674479622 -5.546808594584824448 0.7478218199586786907 0.04339204994393783266 0.6624800141353672789 77.92276078725927846
0.6591932758479260857 -0.02589977005341898009 -0.7515274233259660042 -47.73751300411780107 -0.01535795839912184289 0.9987345873263845375 -0.0478902840088450063 -5.620846201411307419 0.7518167314657582256 0.04311088100514688659 0.6579613721608454924 78.71600273777106338
0.6548627004778823091 -0.02785447293517944942 -0.7552344095438857652 -48.643650339764541 -0.0136271772700521706 0.9987229405963996554 -0.04865090013855519896 -5.696613184795761953 0.7556250284160861419 0.04215137393025419899 0.6536468393959093959 79.50328761410362688
0.6508803041402335676 -0.03300520938071511978 -0.7584626080183343166 -49.56053835232854254 -0.009598750175805477458 0.9986169539432260267 -0.05169299206711275296 -5.777173869060208133 0.7591197100134446929 0.04092624439808824344 0.6496633131770946923 80.25191913354140638
0.647628032804431375 -0.03666982939707640748 -0.7610737789538798426 -50.45696667397186985 -0.005975517325559759341 0.9985661966436624182 -0.05319742721846412031 -5.858919719601899168 0.7619332419151291225 0.03899995559705737164 0.6464803555156988235 81.05680798018013888
0.6390643853035127275 -0.04021933725891571609 -0.7681010086832980033 -51.38162132708012564 -0.001222189895257081837 0.9985776212274252162 -0.05330443504566211715 -5.932916453656033262 0.7691522992525858804 0.03500373220596922352 0.6381062529823966489 81.82368483098946399
0.6315200878479817481 -0.04440600731586116096 -0.7740869002564266799 -52.30490049890629223 0.00432437071254735371 0.9985448922106883174 -0.05375425775721742044 -6.007500538641930454 0.7753474840601282114 0.03059945575008890528 0.6307932008769956411 82.56742094789524344
0.622612861169275611 -0.04472425979227775961 -0.7812509267979399485 -53.22440316330002474 0.005487495999438371692 0.9985904572208188501 -0.05279307060273816243 -6.09139211227580013 0.7825108024934912532 0.02858253428993834389 0.6219807004869915001 83.32614443941353954
0.6144095557734042812 -0.04280118517249673765 -0.7878254896306424726 -54.16800170314195384 0.005763748290912851929 0.9987443843035814783 -0.04976500970283694036 -6.163801326217208221 0.7889662358847824297 0.02603527056631324901 0.6138848031430106378 84.04430958575682098
0.60528215193859225 -0.04305559285501774774 -0.794845758115627965 -55.16839821706940938 0.005748730582747954565 0.9987465689869570173 -0.04972288403141683633 -6.242501598371799965 0.7959902725364977893 0.02552702101340592958 0.6047710017013273598 84.76078166366868061
0.5957675237767648957 -0.04396962067355975751 -0.801952478489603382 -56.17330800474386621 0.004633281014923887157 0.9986719155468744002 -0.05131335079414170441 -6.324938524305058429 0.8031435965138019606 0.02685515764121850987 0.5951800317546973584 85.50223910072122635
0.5852910105760046333 -0.04726350748083466002 -0.809444650680955613 -57.18712362660081538 0.006924768622428437333 0.9985546748375427883 -0.05329850945757017705 -6.410628438524918593 0.8107937640813146496 0.0255899224426512778 0.5847723773154711591 86.22407267704973322
0.575467563432639051 -0.04872077024312614774 -0.8163721085722411841 -58.20974306996990322 0.006565251638293324692 0.9984670216372035778 -0.05496022514219050387 -6.484093703368143835 0.8177982815045425902 0.02626813943236906701 0.5749052617053627134 86.94866550762287716
0.5642018801484270929 -0.04891244584510465176 -0.8241867881902743553 -59.24192437905838204 0.008736779300836494677 0.9985415088800160266 -0.05327894427508834269 -6.568631734949339496 0.8255906713028187127 0.022859343361576967 0.5638063471796801451 87.63672361699251212
0.5548498051271534282 -0.04939939104752944649 -0.8304826581819044762 -60.24929565697947709 0.01081260402233779304 0.9985795172581466428 -0.05217429901291953387 -6.642421122522566002 0.8318802988738838167 0.01996922040401464746 0.5545957996117903965 88.31904463262129923
0.5445632657695322898 -0.04968496795521813725 -0.8372468609128776995 -61.28535719891228695 0.01078292629383643605 0.9985761243494024608 -0.05224533042046897863 -6.729335467823660544 0.8386504810395293275 0.01942291746138893535 0.544323637504422142 88.99129475508182452
0.5341973662110667265 -0.05052693730746799644 -0.8438484793195599742 -62.33619969272918837 0.009175842314410225312 0.9985000139657705942 -0.05397821969840004702 -6.812407788534142306 0.8453100200965267819 0.0210920031211333063 0.5338597173480055247 89.64437180881076017
0.5251789612758339665 -0.05199729568115807332 -0.8494017860720818325 -63.41337638268188215 0.009095094791002665893 0.9984175416981331264 -0.05549607064359960568 -6.893895888506842873 0.8509432360169125742 0.02141997989082111004 0.5248208201059910705 90.28183815189716199
0.5139434928823614079 -0.052291310005790341 -0.8562288013765319006 -64.49506963297039874 0.00798304207222251018 0.9983887177006777192 -0.05618150571766262341 -6.979568818494436222 0.8577869264550214146 0.02203880966173142955 0.5135328405967777288 90.90481561247618458
0.5041262175617172714 -0.05166083559988892543 -0.8620835057903986076 -65.57294179816125279 0.005883293887120659427 0.9983916146463883701 -0.05638876513080767761 -7.073152920641295083 0.8636099805499407589 0.02335516518972091671 0.5036193360224829885 91.54945428613071101
0.4961935180068807738 -0.04997696608177768646 -0.8667723763145431803 -66.66603807201697407 0.005829315235519581112 0.9985112013235905026 -0.05423580078594304743 -7.155529791858276312 0.8681924137740696379 0.02185876430239142715 0.4957461288664982146 92.16251169183620107
0.4882906392959953101 -0.04888332133053429479 -0.871310926086831472 -67.80441637743244598 0.005761879921644093641 0.9985888092778476555 -0.05279500822600864673 -7.241855126480874816 0.8726620815316905588 0.02075892031341680655 0.4878832393421282387 92.75619134677882016
0.4796497197585349315 -0.0493036000443851305 -0.876073832221533122 -68.93032795380034372 0.007307265502321246518 0.9986100312621685182 -0.05219896074044892698 -7.328779544771710341 0.8774296593743331485 0.01863551372047557442 0.4793433073766690811 93.34178083460466269
0.4719961292335399516 -0.05246710804347873985 -0.8800380192398304935 -70.0519077146279443 0.009627649530671966716 0.9984747998303018512 -0.05436455318480895582 -7.412870482237739367 0.88154808145693897 0.01718716196897825468 0.4717813866455304317 93.9469258675718919
0.466614056269011479 -0.05472052704389449712 -0.8827666994022556057 -71.1694191340009894 0.009597323048769342349 0.9983388484243378436 -0.05681159473864653281 -7.506434229429953753 0.8844089958168951382 0.01803689240125487883 0.4663641211026655631 94.54076153565665663
0.4604187975583863834 -0.05796287754598397624 -0.885807482082456521 -72.29614498953240798 0.01227779407361082389 0.9981863928272175501 -0.05893473621169662002 -7.589957343189394301 0.8876169472917382341 0.01625889945316082164 0.4602954457893758122 95.10322481925346949
0.4542813470834892176 -0.06154983813439232621 -0.8887295062095574849 -73.40518254310354962 0.01401892760755017384 0.9979808400910387123 -0.06195025965922653505 -7.689820176054759315 0.8907479926071883991 0.01568381372866117437 0.4542269537727164908 95.67599424438617461
0.4472837775558545226 -0.06137858680478391199 -0.8922835603295391493 -74.58833272845201634 0.01320788659325747641 0.9979870191436271964 -0.06202889282184285979 -7.792817626239906481 0.8942946011130481487 0.01595933835715323754 0.4471940957707138953 96.25061342038378598
0.4443190608016589493 -0.05974864435279713532 -0.8938740026139470052 -75.74603371627566162 0.01773976026926729968 0.9981647205801656986 -0.05790175883555346431 -7.893880678048526001 0.8956929902897837747 0.009869745496266625964 0.4445635482217598633 96.83043097018220635
0.4404453613859062866 -0.05799210624854866242 -0.895904492889983306 -76.85874049439385658 0.02009625686962238436 0.9982984305926519975 -0.05474035174525294228 -7.979365491529728516 0.8975545020374005034 0.006105808081899992759 0.4408613476312096546 97.38166086588501003
0.4366175089619658278 -0.05762447800248921698 -0.897799884059868547 -78.03592898364814801 0.02272205125143697893 0.9983345952659057332 -0.05302703507680471551 -8.072667629585724924 0.8993602835218651448 0.002752677866963532029 0.4371997206864144392 97.94904157795481581
0.4348101215759193616 -0.05809148651760169535 -0.8986465372516894146 -79.18305972723720743 0.02528807182328245487 0.9983113245740401487 -0.05229851635072946259 -8.164394364767474599 0.9001670578592831928 1.488694882537368903e-05 0.4355449003014731368 98.47122755707528086
0.4316930914534644614 -0.05685705964211577174 -0.9002268665920671875 -80.31114660626880664 0.02609267203862611698 0.9983809934690103249 -0.05054390668343072129 -8.247923847084983606 0.9016431156200181984 -0.001669868192402291932 0.4324777402669352511 99.02020694651149313
0.4281030086727599659 -0.05732918825731801726 -0.9019097738516174134 -81.44762633114143568 0.03056288787499100018 0.9983335162851935118 -0.04895122359760278874 -8.332736650198413031 0.9032130340075439356 -0.006608800340669728282 0.4291417375924410083 99.54912383257502029
0.4263412075629476883 -0.05596682869569229168 -0.9028294141081566471 -82.5659415135214374 0.02910171476350966943 0.9984161571380671951 -0.04814965742874117993 -8.419479509026384534 0.9040942019569369048 -0.005745700144216997138 0.4272946907855689203 100.0972449823298689
0.4240523083996572962 -0.05688642325581081544 -0.903849344143748179 -83.67213823541122508 0.03225206968267248231 0.9983408433728013787 -0.04770206068831086416 -8.502985384407326208 0.9050632602135291194 -0.008922842236853070416 0.4251834540551320818 100.6154850959545257
