0.9999999962582232227 8.137513278152659075e-10 -7.656115742981431352e-10 -2.139041617443826482e-10 8.137513278152659075e-10 1.000000061056633971 6.754229727670312846e-11 4.50643937444095144e-09 -7.656115742981431352e-10 6.754229727670312846e-11 1.000000080766252131 2.697696344089450804e-08
0.9999080184205142441 0.0009856797327270217911 0.01352684910438018556 0.003220705498039397839 -0.0009714184378286347182 0.999999026680854608 -0.001060704986746407227 0.0008938610317122809394 -0.01352788215817543951 0.001047467318035363295 0.9999080261475986608 0.005535417737284615246
0.9993941756292986645 0.003809427801677240863 0.03459425602401773603 0.05571211599729083974 -0.003810160952871788787 0.9999928013655414727 -4.468482604857229861e-05 -0.009759499914324652053 -0.03459417663465835791 -8.715182495443524126e-05 0.9994015193263603436 0.1699093789271164112
0.9980880414192936367 0.005316937149789616353 0.06157909148765541851 0.103879390153917589 -0.005369566017590120428 0.9999854073075491456 0.0006892281988905681403 -0.007102561183016125115 -0.06157452606986108662 -0.001018563343200703641 0.9981020496793616692 0.3369992771422743449
0.9955516287750519888 0.004887919308222133698 0.09409067870344628437 0.1274915254140596699 -0.005217015588041307682 0.999981164489452623 0.003252002208408493519 -0.009743301577591388998 -0.09407300671711243956 -0.003728408592308237943 0.9955584007502579214 0.5209759265661471073
0.9911864144749326089 0.001329568350599019374 0.1324677991397567312 0.168907618441987567 -0.002076983537461346389 0.9999827556617708613 0.005504237408243898254 -0.0143542900656281891 -0.1324581899954409558 -0.005730858774915464394 0.991172106857073576 0.7007032978713720883
0.9849415424008409747 -0.001415523164671324231 0.1728818935763672959 0.2832017957102713757 0.0003917165407536806723 0.9999822473076250828 0.005955983809818020565 -0.007736658502256592643 -0.1728872462472758331 -0.005798575210081213967 0.9849246346183387901 0.9432414193874909536
0.9765700180818367437 -0.001816085274184461645 0.2151922343469289955 0.3588015058520698242 0.0003647541774905902704 0.9999769837937521055 0.006783874469374714944 0.001511282132827898713 -0.2151995898938759977 -0.006546436211505394023 0.9765482264710139138 1.166254789487220389
0.9642999159243786922 -0.001591216824023577569 0.2648077382295968563 0.4646443162132912197 -0.001069934235974706388 0.9999504345628664748 0.009904835839578983447 0.004472891687199160096 -0.2648103589758888377 -0.009834559350837284233 0.9642504400931846131 1.397509868973473957
0.9504882553688233093 -0.005853788628857025007 0.3107053423744121634 0.5833135715049184711 0.000595045040135222178 0.9998550796757295078 0.0170172762288283326 -1.193431853445392488e-06 -0.3107599128878492656 -0.01598983769745335876 0.9503540158577667984 1.534977125554728872
0.9337354908840619361 -0.01520509175355589174 0.3576406591170346871 0.7010688952377968075 0.006622030452674285313 0.999660264671540344 0.0252116260163942757 -0.004187289740090692144 -0.3579024806311276174 -0.02117268288687030806 0.9335189784237937216 1.7451262671349832
0.9124838035291448213 -0.02067557857291545467 0.4085900571444863738 0.8683418949511021445 0.009427951621273493107 0.9995196994117400147 0.02952298019643554566 0.007890682002315321103 -0.4090041922392019247 -0.02308707424372779399 0.9122404867701217057 2.024841654672546731
0.8871390732389771161 -0.02298500653779638261 0.4609294566973476948 1.015188255586746413 0.008256247952991114386 0.9993896392521643968 0.0339456252603444128 -0.002322530062723357491 -0.461428337073725936 -0.02630894297958457848 0.8867873890812756343 2.251724707280415849
0.8592326650485396788 -0.02490984663134365382 0.5109782194645320352 1.266308739297968611 0.006032070996752129238 0.9992377945029938813 0.03856898120479267111 0.0135887497732996021 -0.5115494665691983078 -0.03005747199537686654 0.8587280312908119884 2.462513350374933463
0.8269192619116788601 -0.03016173508939405667 0.5615111953312368342 1.487959580120980618 0.0071146363284419218 0.9990417636291580861 0.04318632466802428682 0.01126111253233733761 -0.5622756763257815704 -0.03171665619987679152 0.8263414869555806286 2.734817355527066507
0.7916915497817113012 -0.03592118240160176168 0.6098640683808385088 1.665068349549564397 0.009446292408515855055 0.9988703719381865076 0.04657112619430237715 0.0196890389441146639 -0.6108480026741628377 -0.03110901321755291105 0.7911365733384552179 2.900065686499903261
0.7536749120641089705 -0.04035504797280442535 0.6560073362453829882 1.971469683368040071 0.01071627493634365672 0.9987351298491730089 0.04912661227158382493 0.02797546024125479452 -0.6571600399953545502 -0.02999554070610813139 0.7531540846182452897 3.103494966777632591
0.7140321247279493022 -0.04392020936179745483 0.6987339788128879015 2.201161553289792572 0.01174071691599951929 0.9986412332503926681 0.05077366441967761518 0.03243033447275876779 -0.7000145106615317525 -0.02805039016629718926 0.7135775931006297368 3.345345947462018632
0.6729363583533329862 -0.04543959956145401935 0.7383034188581772961 2.546322807778522712 0.01102539046425142673 0.9986167484282256757 0.05141160088175628778 0.06707935856281453668 -0.7396182379427469478 -0.02645665255368053956 0.6725065231795482878 3.582064126211494948
0.6296429587191589849 -0.04584396151293356619 0.775530862318526415 2.88362555748143512 0.006417157720746167332 0.9985303032892343111 0.05381612848153637801 0.07615728838331320416 -0.7768581652383491631 -0.02890824309843166226 0.6290117772192462819 3.769961597160444988
0.5896522464684122999 -0.04677621067491187501 0.806301594423847634 3.325125697953382975 0.004228577521673692816 0.9984866399276076665 0.05483312140946287189 0.09310319450351099702 -0.8076462070370014068 -0.02892296504450904762 0.5889577009496778093 4.004289722046177502
0.5487639850372877381 -0.04782094357579189103 0.8346084692013394646 3.640739751671901114 0.001900754510945071567 0.9984313857752148413 0.05595781640217747932 0.1239945727354656024 -0.8359751958866453725 -0.02912124915831616409 0.5479940947726119616 4.215308492032348475
0.5102347035659282604 -0.05043221016057817391 0.8585552944979005785 3.973217149761680833 0.0006798146281857501017 0.9983026113275568214 0.05823706944582026507 0.1321740270710679011 -0.8600349648852475548 -0.029130916085341102 0.5094029334633143336 4.432000499470762023
0.4728847561399940891 -0.05028556997494227493 0.8796882551552075435 4.420370652260515953 -0.002550195373786429218 0.9982879629403079713 0.05843596269562504469 0.1559100738888948845 -0.881120628902189007 -0.02987685357880084588 0.471946932955439491 4.620172882300546569
0.4365116413603124523 -0.04934562524446179516 0.898344397466129152 4.890185682565933334 -0.003467959576625532971 0.998395138910434965 0.05652647197681626157 0.1849164104445527035 -0.8996919593585817054 -0.02778988582067980564 0.4356399823976573327 4.793202798088946004
0.4016254418975072071 -0.04831604727544969863 0.9145286363714416611 5.423672951694263666 -0.00224906874664039828 0.9985523363978980882 0.05374286313290178169 0.2018363306322853712 -0.9158012939854298651 -0.0236413396307388092 0.4009353666572063046 4.982505793376242664
0.3717834734504348315 -0.04663805151701206492 0.9271472406034606539 5.915520988171015127 0.000245115274645482965 0.9987421707731374276 0.0501411847469541011 0.2149482524196461852 -0.9283194787678169524 -0.01841440657370478282 0.3713272737414532454 5.198747908086531311
0.3470767489098514069 -0.0442195535107556964 0.9367936953945349421 6.477132779996125578 0.0003950638408151033827 0.9988946585828197833 0.04700454385523175627 0.2539021516595910133 -0.937836681748885681 -0.01594409164799524131 0.3467105882847330012 5.389055132309360729
0.3254829215587685676 -0.04424411648953224113 0.9445122516214384811 7.05264158318253731 0.002432100087701245545 0.9989405832147328912 0.04595561184741586008 0.2678901074290137574 -0.9455448277086645481 -0.01266061916961344798 0.3252457132384504179 5.532968038142546341
0.3119314293660536697 -0.04474274694310956257 0.949050545677187718 7.584268123454833699 0.002713816217458892011 0.9989284801188414997 0.04620226157150305463 0.2959339229656945403 -0.950100777723930201 -0.01183638942455150257 0.3117186195435587837 5.713057928416030329
0.299900250512334432 -0.04609668462650402115 0.9528562348670518434 8.247124610951278356 0.003847880149747663191 0.9988822522172748908 0.04711222975078709074 0.3194682836949777061 -0.9539628417417341799 -0.0104624936051800916 0.2997424192227292061 5.905391432200795876
0.2895198302789696587 -0.04825828275906787063 0.9559547455097354707 8.870476045280936361 0.00290336087071779974 0.9987679686079409258 0.04954026191596527101 0.3473557458159400868 -0.9571676492323141217 -0.01156740731782871998 0.289303250757350694 6.114707779163797596
0.277900397617707462 -0.05005792759265487862 0.9593047706023138943 9.508471786835549722 0.001465017034933754556 0.9986623066231189449 0.05168726371462141478 0.3741717394374372563 -0.9606088140529622788 -0.01295851401309680399 0.2776019943268061563 6.315244401027260146
0.2680555954660661655 -0.05134928109499713178 0.9620340532157360958 10.2558303947235423 0.0005742661000213369503 0.9985869515108299899 0.05314031113680656865 0.4144269084922462265 -0.9634033108234743015 -0.0136920949115623275 0.2677063143450714722 6.484716722658040666
0.2570736557179244541 -0.05359275930013684963 0.9649046702447782176 10.97113153582932732 -0.0004741500665660833801 0.9984540472790565113 0.05558248676247305037 0.429280686757649188 -0.9663917334794455138 -0.01474630339532461212 0.2566508270127109692 6.710894556491101781
0.2463054531775411837 -0.05546286074868339577 0.9676040338150804221 11.70840400455136354 -0.0004861790366691978379 0.9983541225392702501 0.05734920944402683435 0.4523802602750264246 -0.9691921685754706361 -0.01459585253531706442 0.245873105473662229 6.898572650730590006
0.2384225899453661646 -0.0565587618350880672 0.9695132009610094581 12.42426701103431697 -0.0009158904960382320158 0.9982892337684138306 0.05846271524427048422 0.4948131476671743245 -0.9711611103844867143 -0.01482680062928207719 0.237962908581978605 7.022216610841257811
0.2283625610590590549 -0.05900770321372766913 0.9717863468105026881 13.25290449109425772 -0.002060914799060096364 0.9981300961048542586 0.0610916203054376189 0.5340253361692803846 -0.9735740168544044781 -0.01595380845982634355 0.2278139405147892593 7.200260739490883743
0.2155193425237904858 -0.06231315344361577219 0.974509392759779991 14.00293467960555027 -0.005228506042788217366 0.9978740055914114837 0.06496348116424827124 0.5820919369438679603 -0.9764856113340510957 -0.01909611573383360877 0.2147353499477712424 7.394296564219525081
0.2036349587099343383 -0.06643227572024640315 0.9767904736593500115 14.77390909597944457 -0.00535128530516331205 0.9976048936212558171 0.06896348435824933842 0.614843926389866624 -0.9790322983234990284 -0.01927046153455782423 0.2027917380213640763 7.551259404154442301
0.1891840319440560858 -0.06966995420234398106 0.9794669841953035361 15.58262226925307381 -0.005461283385348012984 0.9973897661497705958 0.07199965957170406661 0.6266843196978337804 -0.981926499654612539 -0.01897033340025891524 0.1883097344382000105 7.747609955392544379
0.178470506959361036 -0.07023288605567483411 0.9814355270722427971 16.40296022876014703 -0.006257650517112981793 0.9973481485071080677 0.07250954898574035745 0.6667580434804109002 -0.9839254009098203912 -0.0190822972393217237 0.1775577409927903971 7.871049203432280983
0.1622645975190320777 -0.06890433418591261627 0.984338593958537178 17.21007878459670337 -0.008172054780627050624 0.9974309318272932545 0.07116794194568547283 0.7243727695021606738 -0.9867134806795849755 -0.01959210711382149486 0.1612846425000503403 7.983175344069477042
0.1450075035505182797 -0.06813968518496531235 0.9870814972070953708 17.95077457582629066 -0.008358494957268355896 0.9975059103192658316 0.07008720740988375053 0.7682126894546228435 -0.9893952875069988995 -0.01841368743890104895 0.1440763000013270956 8.089414480722213696
0.1263532947827190334 -0.065719818718970896 0.9898059535593103364 18.80479456304601982 -0.01100229475564949537 0.9976488450377635209 0.06764505667773168529 0.8095129480247781339 -0.9919243268877373509 -0.01943731339269661601 0.1253331527339767715 8.200949927106119475
0.09940146350533958508 -0.06508850841924003483 0.9929163665990946575 19.67010835919410994 -0.01581769679595113054 0.9976289263672438734 0.06698095187337044232 0.8436079140450866154 -0.9949217184565913863 -0.02236365544325136234 0.09813622733106866503 8.257242527069486471
0.07021744174454931653 -0.06477647461601593326 0.9954263386173481942 20.45264220630538787 -0.01968286610334755299 0.9976051970305299665 0.06630669493674344606 0.8821277798696581796 -0.9973375418405829862 -0.02424873060844390943 0.06877429974719403982 8.338985780813601423
0.03648229736129174339 -0.06416776175027942564 0.9972720877944398765 21.29410341680228314 -0.02313261451860967183 0.9976148133258146977 0.06503605549159099941 0.9221143898479741141 -0.999066564891341935 -0.02544217628209147902 0.03491091299744841087 8.347468060406121992
0.002680338646578194622 -0.06399893926548030909 0.9979464056189444321 22.16686960136054552 -0.02419289315743679628 0.9976537698083449701 0.06404515310141088713 0.9529259781013917907 -0.9997037544818010435 -0.02431487425500383423 0.00112573048571154989 8.409008401132902932
-0.03066837222921265857 -0.06296639901453937593 0.9975443651529000144 23.02480720752250321 -0.02552114564354696427 0.9977377915265837061 0.06219399168225371588 0.9809123668450334677 -0.9992037824987457517 -0.02355108732943913402 -0.0322059693689839624 8.431760739592096598
-0.063575960849693261 -0.06036876819529945343 0.9961494796137724261 23.89816272446075374 -0.02785062482732767949 0.9978873544806331486 0.05869661455714648285 1.013905276172744951 -0.9975883502105966638 -0.02401169255198137495 -0.06512295681893968957 8.327506808256726956
-0.09697207971207524868 -0.05762102142553922335 0.9936177886689869787 24.7565805735457829 -0.03002739180408901462 0.998037737204226505 0.05494681913654440863 1.041170582069550932 -0.9948340804228810175 -0.02450744411501981981 -0.09851200630158059302 8.247818191431150581
-0.1305717301070032366 -0.05354643361745014402 0.9899918577811915865 25.53430712983230322 -0.02853837290167534485 0.9983297476660689673 0.05023343776769414321 1.075441815657091515 -0.9910280823207688883 -0.02169369071653741085 -0.1318817735502665345 8.095147905991000314
-0.1630004590707319068 -0.04751064084016373701 0.9854814378447784851 26.37084302238174516 -0.02332216924222718993 0.9987463952400339462 0.04429262357567125691 1.099093510832168441 -0.9863503440948996337 -0.01576384767107462392 -0.1639041759670343545 7.899419541419452351
-0.1905953448971641484 -0.04126580288071422797 0.9808010105167812576 27.2031032355275677 -0.01636527442215246139 0.9991108617247039803 0.03885596327577320319 1.101976099940259912 -0.9815323051060107495 -0.008645312713677686875 -0.1911012099483054838 7.77880644203559779
-0.2202367285608294589 -0.03599561127309466174 0.9747821154487453787 28.01008903108544601 -0.01039339622285769676 0.9993488289485592535 0.03455455848674232611 1.12487869005119312 -0.9753911181199521607 -0.002521114561823425537 -0.2204674385966106376 7.557502709976223976
-0.2471961537980243429 -0.03015948688964777136 0.9684960191530975759 28.8077607601317105 -0.002502041066879390468 0.9995320821090696306 0.03048735404320709885 1.122766816706633142 -0.9689622659489595113 0.00511313915047473342 -0.2471559523632370081 7.362401408334436681
-0.2765641401598312732 -0.01945035003644030383 0.9607986423946567323 29.65900622877790838 0.003751117233609966 0.9997657493469646051 0.02131895124953471499 1.13429480832851115 -0.9609881766433902017 0.009500125084241941437 -0.2764264007665288014 7.06991777284815015
-0.3006647116657494845 -0.004437938757023422026 0.9537196158640344201 30.39409655180749326 0.008132780155077770981 0.999940946299011757 0.007216919406399752851 1.119916561976048719 -0.9536952647389594917 0.009926264269550720901 -0.3006108705701210915 6.793722924094134363
-0.3249537555251775789 0.01313997227325230249 0.9456386553337642331 31.21744591512087652 0.009289105597071151826 0.9998996470329554187 -0.01070189255873095664 1.096612200992937103 -0.9456843220175501497 0.005306516433706293806 -0.3250432116646928549 6.527346723134819229
-0.3507885567351702316 0.02843238357317137699 0.9360229992514855768 32.032034426458452 0.00886249671260093061 0.9995950701448201858 -0.02704207883872512125 1.067708768131569119 -0.9364127886410497092 -0.001190551797585555089 -0.3508985021123086079 6.200185669740209349
-0.3748473029610998597 0.03906406256475727229 0.926263226146632257 32.81756983758473467 0.01235687231355561688 0.9992337005985201248 -0.03714083253192812517 1.033555271067571057 -0.9270042458238545446 -0.002476425241452895418 -0.3750427761277398964 5.921535755312955729
-0.3974476001682667459 0.04398836186719622815 0.9165699609482008681 33.61071274903955697 0.01744884424922319224 0.9990321030755962006 -0.04037966082568737736 1.001574732832971382 -0.9174589942075078719 -5.571353853968588198e-05 -0.3978304672651806762 5.629215537571729655
-0.4219184393837996372 0.04321202778540465805 0.9056034527690653979 34.32356154230531331 0.01933722805074791079 0.9990652651732583323 -0.03866251002551106958 0.952434357545844934 -0.9064275831479321477 0.001199433869865745806 -0.4223596682671068581 5.250335608309605995
-0.4417691924389275937 0.03900880203819430403 0.8962802882247605796 34.99598890391063577 0.02281044740692094591 0.9992196977113380063 -0.03224595057798033265 0.8980401082810577362 -0.8968387391258013652 0.006199286131292613966 -0.4423142975285246359 4.861126035398803502
-0.4586823399940677115 0.03768516662580063264 0.8878008780186946725 35.74108332309584313 0.02908386480026100077 0.9992017636679146886 -0.02738770544008525473 0.8604854756508837355 -0.8881242584036755927 0.01325842322202634704 -0.4594122441510825605 4.440693874970806476
-0.4734308319077171201 0.03861465643694062672 0.8799842125708378093 36.48827551801547742 0.03404590928832202518 0.9990943347629692717 -0.02552466276995762201 0.81396758994235896 -0.8801728130610654288 0.01787569970352319293 -0.4743167442751323182 4.095605322803924864
-0.484886129973625235 0.04266350336254681047 0.8735361035352267045 37.17351839571760763 0.0362907557935778155 0.9989307591772760286 -0.02864335026266407597 0.7698134606723380235 -0.8738240546304906209 0.01781252150948973295 -0.4859159721068312399 3.739356039419674094
-0.4941606473293576052 0.04448558603376642773 0.868231734182598025 37.85209367636331734 0.03771266239567058753 0.9988468287447466176 -0.02971346326365147811 0.7198902407925125146 -0.8685522813245751816 0.01806010539241829221 -0.495268476978222516 3.298002798815558023
-0.5045606689191191041 0.04468870787687925089 0.8622189436992060418 38.55833598705465448 0.03204620728393197532 0.9989407971169783629 -0.03302191047613128871 0.6787764347924587494 -0.862781331956151587 0.01096928909316548066 -0.5054583522545759156 2.856731971592378017
-0.5159967831646204983 0.04276419300449627037 0.8555224127358452835 39.28252320383597862 0.030387577483564715 0.9990382960789184752 -0.03161012847419133326 0.6321205327983072664 -0.8560513820436392862 0.009686528337296222008 -0.5168000593841892698 2.474349686749170552
-0.5252867145199328069 0.04475311654918731619 0.8497476569107864641 39.96476296917833082 0.03315204308776015241 0.9989342229138035156 -0.03211670039529037485 0.5975579646562926284 -0.8502792850333033003 0.01130039425179951013 -0.5262105455654337849 2.066104133876133009
-0.5316438206029884261 0.04742117814237197665 0.8456394820639622223 40.60273649776631544 0.03645517202299012466 0.9987873504408830705 -0.03309034810081782491 0.5615188065078671187 -0.8461831485177246925 0.01323565305478711235 -0.532727882659176144 1.616467041361782986
-0.5352571900076332767 0.05083057279569169751 0.8431583758873136825 41.32514642359556234 0.03763404044403507315 0.9986316681710041276 -0.03631242806118291366 0.517225149292933839 -0.8438503846069420611 0.01229496756410881388 -0.5364377529715387283 1.151307417086382179
-0.5345475025853707596 0.05228181030031625598 0.8435197883070427727 42.02749472614487303 0.03612712886919557803 0.9985860254106798672 -0.0389987503448037745 0.4801485347969482453 -0.8443659456444680966 0.009627262835277178299 -0.5356804702619540892 0.6608640448743258178
-0.5316886636239203101 0.0531390094962392312 0.8452712371604885755 42.77409772122636866 0.03922308352053076319 0.9985039025509776511 -0.03810024163561657323 0.4305272011716034242 -0.8460311856368437633 0.01289667712421515254 -0.5329774938784531679 0.2099583323271989599
-0.5254764237283612305 0.05189455885888311082 0.8492240794678086457 43.54712596839596728 0.03775278288840069885 0.9985772416443027266 -0.03766088105131135816 0.3789954489449798292 -0.8499701809068783698 0.01227066655283895989 -0.5266879741221788258 -0.1714254033103772557
-0.51840134151990791 0.04985844351367677008 0.853682751159279718 44.26972408238776069 0.03412132285956315236 0.9987099033836559503 -0.03760832790461328401 0.3333505237693373258 -0.8544564576480966345 0.009632576468800856107 -0.5194338019344537649 -0.681236628394880972
-0.5116950424619988169 0.04958028190303642724 0.8577354106318976212 45.08353208634626696 0.03246142120127608333 0.9987364423212310438 -0.0383653103287435529 0.2967321961026123667 -0.8585537221553060094 0.008211970672987074782 -0.5126579446999934842 -1.085773647553679444
-0.5059647746148095981 0.04863523568210467024 0.8611819300680343403 45.92798426708289838 0.03042495474413696097 0.998794156784987508 -0.03853150178214918842 0.2379473845855039627 -0.8620174149363263316 0.006705837953629533929 -0.5068343971563863404 -1.602241080465937717
-0.5011433010819844602 0.04645937081316766498 0.8641162971690284911 46.69413075882416564 0.02753671603258574588 0.9989083043646131976 -0.03773659861492502376 0.1947836733562685607 -0.8649261102239877985 0.004883480805222681874 -0.5018755553999049157 -2.003928800169624935
-0.5000858669315748628 0.0434411023375204236 0.8648855720891701626 47.57225009809735639 0.02158385198490821166 0.9990560335566907035 -0.03770014973201236963 0.1537639356897506915 -0.8657068315699127936 -0.0001857505950822583337 -0.5005514407178915937 -2.490947968859191342
-0.4994030997372113645 0.04128656745415877627 0.8653854747267426539 48.38353617332039391 0.01922878842057184831 0.9991460881227036683 -0.03657144279432243683 0.09625189066962869244 -0.8661563674817085445 -0.001623578406381537883 -0.499770555891280277 -3.002872191255844037
-0.4998965273613667493 0.03955800177228210174 0.8651813006173298959 49.25508121889748026 0.01700210362248242082 0.9992121563798731509 -0.03586247563576620834 0.04434732025154870111 -0.8659182672898920741 -0.00321762562083294278 -0.500175268048674404 -3.490234802071602971
-0.5008262768491651418 0.0390419381067585794 0.864666886101024379 50.14856085191715351 0.01759955893525729648 0.9992350483379840442 -0.03492414408916093282 0.001959942176997771582 -0.8653689103984102404 -0.002273173943966489471 -0.5011303016011433575 -3.973509445993289368
-0.5016579732096070332 0.03848572791371779322 0.8642095712424301412 50.98515185453382514 0.01651545093858658789 0.9992539536708786585 -0.03491272112085070517 -0.04700079453919943362 -0.8649084187747730912 -0.003241434854029990893 -0.5019193340441642226 -4.456120756141483064
-0.502286872469680401 0.03787408759346925363 0.86387123319795589 51.86872085898147589 0.01747660482190770831 0.9992809520243630672 -0.0336492101803267038 -0.09485984392749077787 -0.8645244479163257667 -0.00180402108864368034 -0.5025876263609779793 -4.969575365152907764
-0.5014809967181395045 0.03728845450860931998 0.8643647595045222953 52.7879535533798645 0.01640568235314321388 0.9993010513147290164 -0.03359143594530140942 -0.162618672899618788 -0.8650131320415882508 -0.002664973806180597274 -0.5017422415434099614 -5.498381374915171982
-0.5032160558761193947 0.03601910985968437284 0.8634096832168542957 53.65035607618390401 0.0162514208225158531 0.9993487820863996562 -0.0322183985197964165 -0.2010771479379375448 -0.8640078398766887213 -0.002181182030917886133 -0.5034737260871293696 -5.960785342632340722
-0.5027261771699719217 0.0351784307990561651 0.8637296597181641777 54.55313594787677545 0.01425131769171959252 0.9993731709138550245 -0.03240813697144392241 -0.2437902069873345012 -0.8643282627080388636 -0.003983133740103599746 -0.5029124045689651323 -6.479998144736654808
-0.501979631178872121 0.0343257980847465477 0.8641980362244586766 55.55632069400105166 0.01351301240019534174 0.9994014698838987742 -0.03184686216164432648 -0.3166690500634504191 -0.8647739030673380345 -0.004308558054907851362 -0.5021430379650629883 -6.98396011174561071
-0.499815403256764601 0.03275730789699916184 0.8655123211012768492 56.35522726326124854 0.01324775281929893404 0.9994568531835766878 -0.03017644458108807368 -0.3664180425895045556 -0.8660306662855524751 -0.003616559234753924726 -0.4999779025567955837 -7.526586566209960694
-0.4970090639908144592 0.03080870930011121722 0.8671982878855628574 57.25732914591465317 0.01460449006793483433 0.9995250207275233612 -0.02713971157120205133 -0.4101653555870231616 -0.8676224724223565721 -0.0008236945614009084319 -0.4972229521383000894 -8.069256534444798845
-0.493669791317697837 0.029578427730142378 0.8691463115044879562 58.13214345988862419 0.01352517898835669044 0.9995617481086250811 -0.02633445244239096886 -0.4695517321831789714 -0.8695442843405634115 -0.00124516491227360214 -0.4938535047102937114 -8.60474658681712512
-0.4915148778391982276 0.02991560959907008446 0.8703552368949539764 59.07098425564335287 0.01540312905524183866 0.9995521728888265844 -0.0256577360966118509 -0.5084499908327921869 -0.870732981121267624 0.0007950343204507329163 -0.4917555696805210874 -9.174575736569144269
-0.4892130504066140584 0.02962487601134386125 0.8716610668418923735 59.95473548032097 0.01464045492064839846 0.9995611350116813121 -0.02575493326041366354 -0.5576423616966996732 -0.8720414580281965478 0.0001618643945921884671 -0.4894320850680378143 -9.67671340744707642
-0.4893699440051304528 0.03008329581782912682 0.8715572904968604817 60.80958108308221455 0.01486039891251271679 0.9995474448790778732 -0.02615714268709147874 -0.6062952532994838606 -0.8719497018541261246 0.0001511688622025260365 -0.4895955383905553071 -10.11867623914629455
-0.4901051677158361208 0.03132533773009583966 0.8711002841997006474 61.71629259503590248 0.01391798774861769533 0.9995079336887149335 -0.02811231484749498327 -0.6691799254148173004 -0.8715522188888192856 -0.001654028404908842878 -0.4903000006404479305 -10.52542795421435784
-0.4943690316916373728 0.0335784329934597503 0.8686033653658329357 62.62320950457451119 0.01459783043555216119 0.9994334692529900366 -0.0303276445084048156 -0.7242591345160550587 -0.8691295758089913059 -0.002313324313268218507 -0.4945791403063161118 -11.00101264631862463
-0.4973547127584349026 0.03349376644344927156 0.8669005214219959177 63.49414270049425113 0.01061232061059455035 0.999414636266230616 -0.03252515347110886829 -0.7755712592463241961 -0.8674824054676628649 -0.006976712814983095264 -0.497419037602113201 -11.5821957158893234
-0.5024124655579740306 0.03234057212431201006 0.8640230657575912465 64.38714272514458514 0.01149034284355237093 0.9994617768624243226 -0.03072866334146379455 -0.8332588974469850029 -0.8645517575529844123 -0.005510542977738507563 -0.5025136715925579978 -12.10732323419119005
-0.5088094075597953125 0.02969669159302628161 0.8603668688793830732 65.20108753934971446 0.01413993646812948188 0.999558373600427541 -0.02613890004892494359 -0.8787652886377154138 -0.860763093675522506 -0.001134186077214232322 -0.5090046251639113173 -12.54405655384660534
-0.5145290098652540722 0.0275260347531920517 0.8570310791972950426 66.1142954869404349 0.01067031457930782412 0.9996128285433864002 -0.02569940722058434643 -0.9216230029076082353 -0.8574066108665946429 -0.004078300033345228469 -0.5146235224393344021 -13.08778936057779774
-0.5195060409914500354 0.03014313057517372524 0.8539349623412695323 66.97461126747630544 0.01262448194865450554 0.9995393168766074643 -0.02760251091255795652 -0.988800451042464279 -0.8543735420475668807 -0.003559185347434161168 -0.519647266921908435 -13.59519294348629082
-0.5235029585385303497 0.03282837254310311953 0.8513912172786459731 67.80006286224688949 0.01360831306712595966 0.9994522061876364161 -0.03016991050759560908 -1.035643511826356722 -0.8519152066853633576 -0.004208039884230277763 -0.5236629379106858551 -14.12479291935127357
-0.5288148321804172491 0.03198609010519578438 0.8481343156250248372 68.61691169116340916 0.01082750987490427481 0.9994625889176356193 -0.03094221263029092728 -1.093217080121860363 -0.8486681866242286043 -0.007179519011876456074 -0.5288769833406270493 -14.64595314779653279
-0.532612974654156468 0.03368112597978662609 0.8456885092493005018 69.4604516803819223 0.01189756180279074628 0.9994071349522768433 -0.03231019606692911439 -1.140113197623096042 -0.846275321393743063 -0.00714719904382755955 -0.5326979428101773495 -15.13635471793053
-0.5364615699547667926 0.0318082966642369222 0.8433251268505306264 70.2366302807012346 0.01035673426254664527 0.9994623930928240307 -0.03110924279238832038 -1.174570729215925091 -0.8438612291220546346 -0.007954819702331058021 -0.5365026071691824106 -15.6288035232066882
-0.5387168135004052338 0.02545751363437591397 0.8421022283623783578 71.17132310123402306 0.01134230569529019392 0.9996719878612417842 -0.02296499331917944628 -1.226604875393728644 -0.8424105879817287423 -0.002820247806624917152 -0.5388288673859000788 -16.2170530216644373
-0.5398781357128031866 0.0183922181550745939 0.8415422615404427598 71.96872590473442699 0.01331314266579928206 0.9998228386266327927 -0.01331066183016972257 -1.269075428485248347 -0.8416379331352753512 0.00401743624033440265 -0.5400273610500170296 -16.73647270986552726
-0.5403751471159894404 0.01529722818654615651 0.8412851765107036695 72.76524549227691807 0.01347893492178610375 0.9998638682655092147 -0.009522886885683661332 -1.317962224474350519 -0.8413162724726821473 0.006193696100898296933 -0.5405077879290087761 -17.25281102113133613
-0.5438832659496372068 0.02063094855474782371 0.8389072712059782999 73.55244389867489474 0.0160455594826043324 0.9997707077106168239 -0.01418429236155620797 -1.348009616646105524 -0.8390074995774818856 0.005746136619476871488 -0.5440896055828006173 -17.73667228965730658
-0.5448165157120629098 0.02585603628043646116 0.8381565976603972956 74.32868479345806634 0.01453680916051092349 0.999665596891444963 -0.02138919589269287769 -1.392597726906328326 -0.8384293032862256689 0.000530934657299095736 -0.5450102044231214249 -18.23292224863907762
-0.5455817294150855368 0.03025270038911635415 0.8375114346536765009 75.14816476158166836 0.02017987569963705652 0.99953277028683718 -0.02295943960941554049 -1.422909643261327739 -0.8378146574791528467 0.004374625221900888331 -0.5459373259575887039 -18.75903060909364584
-0.5441370084779565408 0.03173688620351264311 0.8383959319533091925 75.99577190830271434 0.02404625149895019826 0.9994637762026783445 -0.02222745981899740264 -1.475465260986730698 -0.8386517424188907333 0.008065495297621941631 -0.5446083951850367866 -19.36793959782561103
-0.5446940657625281013 0.0289104977088973196 0.8381363913213517591 76.74142781868545171 0.02451217690944072075 0.9995275241390572107 -0.01854733918360360057 -1.506563379480012843 -0.8382765528883572292 0.01044192127479399469 -0.545145382984095872 -19.84685426110346285
-0.5432491907732007741 0.02299164382119840006 0.8392566674105944591 77.51345555700758894 0.01941806407492718128 0.9997017023736780583 -0.01481779949759706901 -1.523975617783866143 -0.8393469526193180208 0.008246981518026262961 -0.543533606788995205 -20.36298568099073236
-0.54441232098364567 0.01720406512816180164 0.838641340241360278 78.38335544825878287 0.0192646389688915301 0.9997824429053490114 -0.00800391557911964667 -1.568088530350148613 -0.8385965357062630243 0.01179869176606119195 -0.544625323096292524 -20.84198039051077345
-0.541925628056945663 0.01146941464125863369 0.840348212989511123 79.16489234014154874 0.01156859616070834637 0.9999140025952701905 -0.006186850590575524063 -1.614054183747658744 -0.8403468526342824374 0.006368835580600498009 -0.5420117215964797008 -21.36378267147783916
-0.5418864837807402246 0.00550880957021975589 0.8404336646130012856 79.97205260687989892 0.002359521381203614522 0.9999846103534534292 -0.005033272463484046375 -1.638265135247532589 -0.840448405831216605 -0.0007444417759885747039 -0.5418911552017340316 -21.86364523510905755
-0.5400082578612337425 0.006270537471186561629 0.8416363911292281674 80.77367570489207083 0.006317051330188954913 0.9999743380460128783 -0.003397091799997291155 -1.6611052800371644 -0.8416360424686932795 0.003482202013818906736 -0.540034024165786275 -22.37434918930714645
-0.5362837674548979194 0.009858402092323144406 0.843980204789285704 81.52374587876626322 0.01187139420170485633 0.9999210373202651603 -0.004136574353758548997 -1.683687531652444225 -0.8439542895065514916 0.007800843396880726213 -0.5363584666070843054 -22.81566169896589358
-0.5301606776320068048 0.01235691779622188208 0.8478071811580222272 82.3676091200757412 0.01219485475849825876 0.999901562410918654 -0.006947886674820629403 -1.723695704831721187 -0.847809526945096037 0.006655388487057576491 -0.5302591931461975161 -23.38620471919753996
-0.5218635618784429608 0.01465967087411062554 0.8529030258531040687 83.15072275710991789 0.01674400138270786334 0.9998357847308976254 -0.006940036872219961309 -1.732276985200451147 -0.8528646519275343563 0.01065925644940940442 -0.5220233377045332412 -23.88411839279775961
-0.5149706494876808982 0.01807504416478134673 0.8570172566607731079 83.89355102280477183 0.02472546008582820337 0.9996749489271454792 -0.006226574106018419215 -1.759795168338331939 -0.8568511747625001673 0.01798364244988013769 -0.5152501835912898231 -24.32556589760535815
-0.5047970168521220824 0.0170950020950322544 0.8630688204425007726 84.74306736702948228 0.02316317302770849393 0.9997121989191546376 -0.006253708008731459315 -1.793545858479389965 -0.8629272819787965343 0.01683455865676362906 -0.5050477220599671746 -24.79094518528805224
-0.4937952741394845413 0.01374498996959868519 0.8694695851788435403 85.58161168315869816 0.01664946075225126609 0.9998412831136309631 -0.00635028824925108152 -1.82747167603359828 -0.869418816471415945 0.01134045676539642035 -0.4939457587455263754 -25.25366509669920845
-0.482640929710666966 0.01226439790693476146 0.8757324794062582018 86.42369971502249371 0.02277107284547143576 0.9997397131649699009 -0.001451302486888767168 -1.832437507701223822 -0.8755222829092556003 0.01924090948520548738 -0.4827945894499265367 -25.71931273588330669
-0.4703290695846580882 0.01007484517864886547 0.8824336364598508453 87.18826615162541316 0.01913469760932486052 0.999816236040502071 -0.001216395406979418805 -1.854395607043601402 -0.8822836773521233189 0.01631299404506671505 -0.4704354301999799648 -26.15035960117623048
-0.4589130886657492026 0.009715570146178770239 0.888428075080545554 88.0374999745330058 0.02176843355450078232 0.9997630521887566069 0.0003112825463439622235 -1.872730211034301373 -0.8882144847538061549 0.0194825385343328876 -0.4590158537203981037 -26.54260984877063123
-0.4461237924829275503 0.01181185374053635682 0.8948933471081468305 88.89826302828518578 0.02391386655148340992 0.9997132721528823041 -0.001273806487056699166 -1.904220467580365339 -0.8946517469550238078 0.0208320840779213888 -0.4462783539271507061 -26.977119864841967
-0.4343781441350596517 0.01328502672688798916 0.9006326652023904922 89.80075220723507812 0.01957925424043010024 0.9997942969330128049 -0.005304596487760496019 -1.947286185036904094 -0.900517818345400789 0.01532951450406386078 -0.4345489123246439322 -27.39950820467201353
-0.4221913347868838096 0.02436073941092424533 0.9061793937890462169 90.5962113966258471 0.0271632183382928237 0.9995299992646554665 -0.0142148602457625433 -1.938818722301602682 -0.9060997173266172044 0.01861335725880600145 -0.4226546305441830631 -27.78079404480013537
-0.4094067943873796467 0.02901388975028662554 0.9118905275909321428 91.43426958508963764 0.0274404685241832931 0.9994336861811531358 -0.01947946940515765321 -1.964357384985632837 -0.9119392302386063465 0.01704767553362436516 -0.4099711060051658973 -28.11808790654372103
-0.4002102418708085585 0.02453667363824809516 0.9160948520617467894 92.10283945472563971 0.02102301352656843481 0.9996243082499337573 -0.01758969531364485903 -2.016070903752539056 -0.9161822188333994532 0.01221949757245986527 -0.4005757304007944164 -28.39618266083291331
-0.3871657461820215973 0.02108834468766956904 0.9217689686606030941 93.03665903779209145 0.02448798297780057157 0.9996209813854864956 -0.01258389366380919042 -2.068293847820505516 -0.9216849176661394694 0.01770020957520583582 -0.3875354232710229718 -28.78437695118825701
-0.3769704575518628697 0.02282154153262209995 0.9259441219121142819 93.94980395190616207 0.02236603782754189793 0.9996292513315414574 -0.01553197845326062185 -2.083885003196224162 -0.9259552359263850674 0.01485460355930872355 -0.3773411325670912309 -29.14549397036442713
-0.3703088483521181362 0.02670931870918420714 0.9285246550641035324 94.77146486621873578 0.01670517572365186332 0.9996164270564887877 -0.02209203459231704608 -2.116046052874983374 -0.9287585040406788339 0.007330290932638216378 -0.3706130004518529142 -29.45366122752674087
-0.3642754829314942544 0.03106624376005235472 0.9307729730336240515 95.67314861906049828 0.01126120100848493864 0.9995173867032974835 -0.02895343099087080083 -2.171749822726361412 -0.9312231865494978722 -6.540425304594742217e-05 -0.3644495305037939725 -29.78803427467024889
-0.3613934997474210209 0.03686884123540599273 0.9316842240508769191 96.46080605804181118 0.009412203780909750989 0.999311336912096726 -0.03589407308803139324 -2.215556672438091734 -0.9323659229203760113 -0.004202683676834670368 -0.3614916469104795804 -30.05282412430068817
-0.3579369814131426741 0.03344756964436923496 0.9331465287366477179 97.32079768673894193 0.002210724909121931231 0.9993858437035305631 -0.03497385075187212783 -2.256209331881277258 -0.9337431636784251365 -0.0104555050728100847 -0.3577911039309424335 -30.40496482535930767
-0.3528842331704197255 0.03342196210186815231 0.9350699211279209777 98.17016400967628442 0.004508448334841141762 0.9994110356933355588 -0.03402025522724616557 -2.316707418774567984 -0.9356561643387598659 -0.00778949802171400793 -0.3528270864187450506 -30.71607526638121755
-0.3474189189121188459 0.03026372862980223483 0.9372215686821165903 99.01056364398637299 0.005042105583095450247 0.9995249591513970522 -0.03040650158872419337 -2.343729367537916275 -0.9376965064853152176 -0.005838224569826400839 -0.3474064817983982256 -31.02521175135014175
-0.3417762703246035594 0.02614683828690014464 0.9394175810099246737 99.85753662702980193 0.004222838815203641162 0.9996455835031214932 -0.02628682453759190185 -2.375737249959746666 -0.939771895373179067 -0.005017204583459499399 -0.3417655610764934737 -31.34140494546085165
-0.3365920836334063693 0.02062223522344716273 0.9414247503481438795 100.6999010049317178 -0.003862624229701215346 0.9997215768833964677 -0.02328026978485680382 -2.445554841691173653 -0.9416426691354728984 -0.01147232534574542731 -0.3364187205626806287 -31.62186803364442156
-0.330215700963360892 0.02186746992991476374 0.943652199099016209 101.5593290563246143 -0.00434778031302381681 0.9996858266215843392 -0.02468738487073973698 -2.490627366688550559 -0.9438955212195863087 -0.01225495533909047932 -0.3300168887673911589 -31.89045622935427815
-0.3236836801337807379 0.01934274015376578892 0.9459676539092811698 102.4275320165616563 -0.01822636043207128201 0.9994780882733382832 -0.02667344969530304269 -2.532444769442264487 -0.9459898216722243403 -0.02587530861221959064 -0.3231622056537398202 -32.19703713790606514
