0.9999999962582232227 8.137513278152659075e-10 -7.656115742981431352e-10 -2.139041617443826482e-10 8.137513278152659075e-10 1.000000061056633971 6.754229727670312846e-11 4.50643937444095144e-09 -7.656115742981431352e-10 6.754229727670312846e-11 1.000000080766252131 2.697696344089450804e-08
0.999958418779170799 0.0005209948306264049981 0.009103943509484801327 0.004215893354623040205 -0.0005085258948847647207 0.9999989909737796445 -0.001371701539904633281 -0.003709151685550372054 -0.009104649946960164178 0.001367015044248767264 0.9999576981846711732 0.00221763444157761086
0.9994320242730758697 0.003546551567803468089 0.03351183964013078331 0.06472451530751752169 -0.003529708397424455649 0.9999936738580981199 -0.0005617019315583874576 0.002796785328470264426 -0.03351361922835113111 0.0004430959834217258471 0.9994382434553327199 0.1010818197504837201
0.9982009002940513964 0.005026252157181579534 0.05974690099104359303 0.09389351796609748946 -0.005071123167853503096 0.9999870231577170365 0.0005994409298481016401 -0.003802821377225601082 -0.05974311060550651503 -0.0009013462905443916321 0.9982134589516368228 0.3553862681457646833
0.9956700780463854095 0.004666327550003882343 0.09284026164674386017 0.09021766274173834144 -0.004969793062300094898 0.9999830974591283894 0.003037771743155723899 -0.007635729397184107606 -0.0928245130326692397 -0.003486015274190210761 0.9956764627244391042 0.5557297684775939217
0.9914081051614669349 0.001175663686851503376 0.1307997729384436647 0.1582854265899205637 -0.001861046919127161848 0.9999852330508542941 0.005117840934803275822 -0.00865288626331035815 -0.130791818101908347 -0.005317293490866538234 0.9913956763032680808 0.7263339868384796061
0.9851703987546756025 -0.001722826103905876309 0.1715701373502791782 0.2541720300529000109 0.0007883370703267125095 0.9999845443428917457 0.005514681845283440041 -0.01043746482466111243 -0.1715769774957542348 -0.005297646237132391453 0.9851565535697964782 0.9416076372463721977
0.9767383821382829012 -0.002009122283400442775 0.2144250273727822675 0.3477032963545608757 0.0005418280647998815558 0.9999760987199065587 0.006901487322574282809 -0.002449792966769560355 -0.2144337566804507822 -0.006624766128408633367 0.9767161483448522086 1.150750149459093929
0.9647571662739262699 -0.002029392050952559534 0.2631339766488500209 0.4183407092210358336 -0.0005806002785036623159 0.9999514712315702436 0.009840741876814090155 0.001126954841855071221 -0.2631411632229688213 -0.009646702023210284443 0.9647091921550167148 1.36840639917170237
0.9507456509160991942 -0.005960071689757557439 0.309914802783660015 0.4959302651355094738 0.0007555920008759610049 0.9998567812218343009 0.01691059572594173777 -0.001027712823201269374 -0.3099711880698601818 -0.01584350637012305746 0.9506140119614604478 1.582700911206129213
0.9338590468800719302 -0.01561195909242686294 0.3573003639502371209 0.6324013712939112741 0.007012672673883834328 0.9996540906985027508 0.02535041437590247748 -0.01381726538376396723 -0.3575725196774916514 -0.021168083536101754 0.9336455198041613279 1.821311052361922034
0.9129567921218257887 -0.02090483007973692464 0.4075204163907825139 0.8237754704619087986 0.009637341389859561958 0.9995129815986180111 0.02968237542112876076 -0.001831135186361526265 -0.407942427971970667 -0.0231713131444381791 0.9127136537537413608 2.037814217317933441
0.8876230808619500756 -0.02283612506803744252 0.4600041168140238668 1.033368084214751459 0.008294980646721503148 0.9994007434291535263 0.03360758066273389355 -6.008744576374049073e-05 -0.4604958965028221329 -0.02601513936894542245 0.8872806129226502581 2.284525174726691699
0.8600708573598436768 -0.02511733164279918162 0.5095559378155640751 1.246498921732429377 0.006601033382071794416 0.9992516583405263164 0.03811393205339654727 0.01151518103679650094 -0.5101319063442107948 -0.02941708684337809854 0.8595930510115080692 2.490245401945498038
0.8284401674036651064 -0.03025402613029526747 0.5592598691038433989 1.466997825855414161 0.007648040864758899951 0.9990580244752499395 0.04271642969264986128 0.01536527060386945129 -0.5600253710749294456 -0.03111076425811159021 0.8278912004869912744 2.734065761053123378
0.792596538588917876 -0.03596375014543477105 0.6086849421618081291 1.70353281360761466 0.009767997210631478022 0.9988799369705606557 0.04629881120454661797 0.02064624958567886498 -0.60966821955301298 -0.03075064514699744206 0.7920600928966030629 2.933698952810434246
0.7539581959394071609 -0.04029684209294352032 0.6556853143366646597 1.921396156891688856 0.01073943366505196971 0.9987395749322915961 0.04903109426746889848 0.03825193426358824977 -0.6568346314668839225 -0.0299257069376458601 0.7534406710632129966 3.138904841404674517
0.7150706225763758805 -0.04381626172968055427 0.6976776998677264308 2.203102842328452216 0.0119664577025801605 0.9986547676484549552 0.05045375231396723864 0.0471886305320939059 -0.6989498145123773654 -0.02772926591622469975 0.7146330286455691017 3.320896757087948181
0.6733360660638493256 -0.04567266497237698619 0.7379245135280056989 2.533163893849241788 0.01121559014095300719 0.9986062960977448721 0.05157323059084437805 0.06172614899670424149 -0.7392515080515097425 -0.02644985785422148544 0.6729098966354098987 3.551347597853176552
0.6306884425071809241 -0.04616611310706641991 0.7746617462196059289 2.839444427460848797 0.00697574239024441236 0.9985259138991549044 0.05382806401135381558 0.0770660439426891497 -0.7760048142059048359 -0.02854489766623114974 0.6300808111313201954 3.761820278854260735
0.589607701421920094 -0.04704105130201372692 0.8063187612482162203 3.216287014505863517 0.004442832902874935264 0.9984763727411699596 0.05500287719127069236 0.0985276358568855648 -0.8076775767833792585 -0.02884778109161753937 0.5889183684002913255 3.980305036406198482
0.5494383566805043362 -0.04805932443790026515 0.8341509721028220747 3.610735399923820754 0.002472769698952084674 0.9984336150483286154 0.05589565222216785062 0.1249855631538853429 -0.8355306277067143794 -0.02864855270018475814 0.5486965772185471435 4.207377810342358693
0.5108661926215035676 -0.050792845674654509 0.8581584202602835498 3.980073355397661494 0.0009439606713385777009 0.9982855712099980572 0.05852477631091312221 0.1298371341908944598 -0.8596597570068028604 -0.02908826251710540725 0.510038307325983431 4.425137468589413814
0.4739360142642203844 -0.05047570675015063124 0.8791114347572641652 4.418517787355380477 -0.001832449437706499184 0.9982970879175611101 0.05830684839266304931 0.1527378247016166757 -0.8805574116392628214 -0.02924464327378887077 0.4730364598152089761 4.615796108604916625
0.4365208813512046482 -0.0498773671811560057 0.8983105413040149978 4.876783268893493783 -0.003228224518508319204 0.9983689248427429774 0.05700167238040939471 0.1741622846172106998 -0.8996883683984749913 -0.02778236908169559941 0.4356478778659342299 4.807534734678609034
0.4024384642831945191 -0.04844914661476960871 0.9141641129185760217 5.352828497593042023 -0.001994054923360928395 0.9985498400289102294 0.05379928342870089059 0.1999721953648903039 -0.9154449028265759791 -0.02347379515381282922 0.4017582632969443068 4.998053952718083615
0.3739087168683339346 -0.04709451241484371303 0.9262690985622342721 5.869332916631392116 0.0003276871234337940648 0.9987166901787749573 0.05064570614238544238 0.2153106578613829258 -0.9274654871270355816 -0.01863334523786966748 0.3734443171659058147 5.170930062423694906
0.3475412475433145576 -0.04502307722593570927 0.9365831890551920003 6.421537056955257228 0.001383215652105974176 0.9988701492462327414 0.04750404009609377615 0.2467351400121076677 -0.9376637111924699397 -0.01521411752630892796 0.3472108625735241816 5.38921201300581032
0.3265289982770748223 -0.04421755859306341491 0.9441523649658607464 6.987964541047626987 0.002135110384805628293 0.9989371511230635825 0.04604488651391175358 0.2779144084485958288 -0.9451848089528827046 -0.01301912184439040117 0.3262763643211681885 5.544764531970969301
0.3129907560989017012 -0.04507460594752999566 0.9486860042804796667 7.555435228164926187 0.003483292833882536618 0.9989210024618029315 0.04631219794140836732 0.2923889886536681915 -0.9497498209895763877 -0.01119073938159501243 0.3128100552344980634 5.738206849078513194
0.3000220937904672924 -0.04627186973111562657 0.9528093860884934152 8.201175073656379766 0.004046133029592661155 0.9988756724923353314 0.04723496458489209737 0.3127811864056335156 -0.9539237086382159614 -0.01031634013863079284 0.2998719998737345849 5.915641874981158566
0.2893077379185267084 -0.04873320440445849666 0.9559948624446836796 8.827248421459707117 0.003200950168571746121 0.9987469579734304936 0.0499438687959234684 0.3473820716892765947 -0.9572308274782332926 -0.01138905648542051438 0.2891012225065333618 6.097665455538040291
0.2783673280355619117 -0.04956410828786622647 0.9591950270106236465 9.481033245861892667 0.0009331826113941868624 0.9986811844873119126 0.05133364486138458638 0.3873608929670024903 -0.9604742738555368531 -0.01339450614577448496 0.2780464717732457069 6.308937959822985775
0.2691121518798450518 -0.0516632971248488157 0.9617222176215097784 10.20667826963547675 0.0005783960721073859359 0.9985687699464652622 0.05348083136337228316 0.4058447355996174233 -0.9631087095805505038 -0.01383608596973997552 0.2687568786348948358 6.505698043344473547
0.2575718501794044824 -0.05365006133266372185 0.9647686167498292775 10.8775905251285181 -0.0001253642952135216389 0.9984555793887142094 0.05555683983764581058 0.4394012898426520874 -0.9662591774870469274 -0.0144308262791951105 0.2571673311378245286 6.721890950508660367
0.2471893102358191652 -0.0551093295221656565 0.967398820606156562 11.6365738302550259 -0.0008598989456766364991 0.99836853870136677 0.05709328935127664512 0.4661860119973429417 -0.9689668609948793865 -0.01494471675785230026 0.2467386477787929799 6.896324362185023205
0.2377178179011249781 -0.05660441565611539633 0.9696835829197455459 12.39081829931415513 -0.001181779977602512386 0.9982830412502790018 0.05856359906153774109 0.4960436968306984884 -0.971333575580805908 -0.01506756434026574644 0.2372427778165235868 7.055850286031255081
0.2271924046657882168 -0.05935127614189699558 0.9720396645752981124 13.17404124952064315 -0.002259606585006233501 0.9981063730708105153 0.06147100459371290793 0.5320757945475051987 -0.9738473075594954453 -0.01616217330261232946 0.2266280817949955784 7.235638091575276043
0.2166807568602412137 -0.06300968024292485925 0.9742070121010940609 13.9148270863861292 -0.004262229460395559541 0.9978444139900372045 0.06548649530901415328 0.5833525730805729781 -0.9762332489655730638 -0.01834195792800258698 0.2159451262056532872 7.387436335010804989
0.2033000369167292098 -0.06650045114231252497 0.97685559736184846 14.7203242473736271 -0.005748032480754524005 0.9975926571864358605 0.06910841234002221278 0.6236502880227916545 -0.9790996522044818073 -0.01966474122098485836 0.2024283820329948191 7.536079230764727299
0.1893076781558696298 -0.06948001005766341054 0.9794565864702137192 15.54307146675633788 -0.006346707239117229532 0.9973860477738488717 0.07197856087858774121 0.6488696015057131561 -0.9818973452337567132 -0.01984241918466058199 0.1883718720692926507 7.694146801918443579
0.177288335493976823 -0.07046973136252010494 0.9816327913398790184 16.32501486030161431 -0.005998726238439801121 0.9973372935599742473 0.07268053641628878514 0.674623584655270947 -0.9841407094593239702 -0.01877395844384150206 0.1763935442170109225 7.861514255737379386
0.163734470683850164 -0.06920066032319349691 0.9840743702133849524 17.1510676288010977 -0.007853271658744317985 0.9974136605806230849 0.07144534987691393557 0.7202191169839424756 -0.9864732253021850639 -0.01942627065070295575 0.1627675500060031255 8.016083456075188352
0.1457934465187876727 -0.06769484899877330208 0.9869963289007985807 18.00714761449221868 -0.00894073296616284402 0.9975253590206814014 0.06973767707969588669 0.7657499514570323962 -0.9892746886950773977 -0.01899176765604965525 0.144827421915010135 8.172888179697640254
0.1259955126419244342 -0.06602723695496665046 0.9898311018339711609 18.84823385393995565 -0.01191384302399121908 0.9976099733038517048 0.06806264537569670092 0.8146914053200680073 -0.9919593071336906265 -0.02036828102044373548 0.1249077448008374114 8.242545875873828365
0.1014505948896917559 -0.0646827569564959598 0.9927356111511781434 19.69442737119233655 -0.01540655305858733108 0.9976623190383180351 0.06657820562859180502 0.8505358104384528328 -0.9947213133453269851 -0.02204903320234181605 0.1002168997931946609 8.309204955705832063
0.06970220008540166379 -0.06468059349459934215 0.9954687843109919498 20.49062444932006599 -0.01962259504472290902 0.9976138725259203754 0.06619393674105365777 0.8780327359782509333 -0.9973748712395680283 -0.02414754463782017857 0.06826668226262529171 8.385437113905039652
0.0352504200471734086 -0.06475376577626693053 0.9972785139943831645 21.28083717730869751 -0.02279968730311601743 0.9975868892502598451 0.0655796827785268821 0.9163322507689086738 -0.9991184409819969803 -0.02504935042522367372 0.03368899206242660649 8.396929585274737207
0.001530575155079963142 -0.06436081763469937711 0.997925558057586759 22.08541367183333648 -0.02404031329847310799 0.9976359696326774218 0.0643790149124916361 0.9534155462970229644 -0.9997098567557596294 -0.02408898077198578375 -2.029738753882300532e-05 8.380579286791919102
-0.0311478724018290215 -0.06270162614843984017 0.9975461859134570064 22.9516860216088503 -0.0258967678291373779 0.9977460493630009308 0.06190557737896115048 0.9958206364692376855 -0.9991792853873944225 -0.02390499573962509561 -0.03270143685294056579 8.386515428118119786
-0.06384447931136603971 -0.06093714554923959636 0.9960976977466137194 23.82642527143898192 -0.0278165047377072136 0.9978549033557505554 0.05926175841766408159 1.02298257048702923 -0.9975721533300304644 -0.0239244210109975583 -0.06540258666118030362 8.337353532463749772
-0.09584728723996290001 -0.05789878880021748914 0.9937107748803778451 24.66348683249618645 -0.03044315326942982625 0.9980104541071221913 0.05521295125041764812 1.047877813738735897 -0.9949304438202869472 -0.02495967862516589031 -0.09741921864648976637 8.222699487833960319
-0.1287467225719724218 -0.05358405639099216022 0.9902288150190534655 25.52804611911956201 -0.0277236331328946789 0.9983433707081473818 0.05041861170710103257 1.069302057642034898 -0.991289945987313903 -0.02096151015671474105 -0.1300189847476102278 8.126593333926589224
-0.1603973525129914757 -0.04765579215683538733 0.9859014605093711081 26.34820525812801861 -0.02282422392025974453 0.9987458555014664396 0.04456335950315611777 1.098958756204156506 -0.9867886393326308347 -0.01535459158199020159 -0.1612839013067230987 7.955551629794148205
-0.1910923054154546052 -0.04140825466104028352 0.9806983029739804181 27.18281158837829281 -0.01619724586847857278 0.9991068383208678849 0.0390294370052823858 1.111610975962347592 -0.9814384614893998382 -0.008426387183595066693 -0.1915923332632833709 7.777102499989409168
-0.2196358797442850563 -0.03583518947652754305 0.9749235830477216425 28.01459055057045688 -0.01065039511240624404 0.9993537321627166126 0.03433379113099550156 1.129512338620362488 -0.9755238193071520403 -0.002842389668234128908 -0.219875600219948536 7.595543713410166653
-0.2482395737198148378 -0.02977677858238415506 0.9682409460832590575 28.84609048793648611 -0.002221862511031378034 0.9995423807433850838 0.0301697622841288933 1.129308900527582704 -0.9686961591831119156 0.005338029974133650692 -0.2481921402363630458 7.384526625225775298
-0.274342891038977299 -0.01997389802682001878 0.9614245121695135232 29.62643720964272376 0.003829379069989125549 0.9997537051313120093 0.02186291524361621413 1.135477381934420382 -0.9616243467435291459 0.009679593596743921863 -0.2741988405936648387 7.088806502872841975
-0.3005962593383048609 -0.004371956444039496771 0.9537414978375147179 30.40003760012880107 0.008089154225085793196 0.9999419005659789805 0.007133246140035291727 1.12453165150538803 -0.9537172135381454252 0.009859188484894426327 -0.3005434364828606375 6.810500530899552096
-0.3236833738466174948 0.01301779270622774494 0.9460759373322998877 31.18983092550137215 0.00929647251174764086 0.9999008991765215848 -0.01057778561649351176 1.105903699023679243 -0.9461198215806938538 0.005371314895155468276 -0.3237723237030104007 6.521143191175754694
-0.3501935422360702432 0.0279191661063868321 0.9362612190383454713 31.99465268656375727 0.009397866143551515672 0.9996101615833984377 -0.02629309993994009831 1.087764533482480589 -0.9366302521477515297 -0.0004088169336483585465 -0.3503194121429675789 6.211210221303183232
-0.3727867577181395164 0.03871520104474923674 0.9271090724609961642 32.76259050772519998 0.01323747045053904996 0.9992495026862696639 -0.03640498458596448661 1.051272492639950151 -0.9278226486692927599 -0.00129871796467166266 -0.373019482337521191 5.917165879100355852
-0.3955256172902793521 0.04373222844785314839 0.9174132343504304288 33.53850022925968233 0.01656650169276479775 0.999043018747289624 -0.04048110502756897822 1.007304595609811226 -0.9183055593420489382 -0.0008129868978473264599 -0.3958716060120222036 5.596240053461988495
-0.4197622482624511209 0.04280400723417961129 0.9066242521326575154 34.30675771303000943 0.01942979935186781026 0.9990822814631135085 -0.03817328789497154151 0.957879199194720754 -0.9074261398916086963 0.001591821429975909686 -0.4202087077944882121 5.267748059283700712
-0.4405683409100484837 0.03957220547605184297 0.896846496739286736 35.04175744305262441 0.02320201078995465238 0.9991962382250171304 -0.03269046261846328405 0.9066405125927812225 -0.89741922403580765 0.006406258515970310492 -0.4411323940033011759 4.897643430902918205
-0.4584177768726660496 0.03730051606275410631 0.887953756220708712 35.77319370742590365 0.02917735752477036357 0.9992119911549768307 -0.02691097652219012412 0.8625067552593945752 -0.8882577791693242464 0.01357167351582038925 -0.4591448808710514862 4.496124874666574733
-0.4729986115296510585 0.03895432638861530406 0.8802016431741974678 36.50789497926444227 0.033876200389576068 0.9990875466172305375 -0.02601152334436573205 0.8195106836553632812 -0.8804117070811235957 0.0175144721764955956 -0.4738866580270130191 4.104419327823976893
-0.4839113357061983201 0.04215878240301012408 0.8741009747511926387 37.16447836295402141 0.03621948637471854998 0.9989479674574311963 -0.02812879698687845847 0.7705575105464131935 -0.8743672137668843103 0.01804764398185370461 -0.4849292260508810681 3.692378915425114982
-0.4922214502912758971 0.04436087427866543254 0.8693389522172564332 37.8446312080692735 0.03759920248180486507 0.9988520724241060078 -0.0296809616531599138 0.7322826715380317264 -0.8696576335994108398 0.01807684465891436221 -0.4933243607789969953 3.317305913229265713
-0.503629325593089705 0.04394605859158770556 0.8628014270519979156 38.55113419603332403 0.03154413397293896748 0.9989748955216850579 -0.032469183041489387 0.6888826268361197824 -0.8633438045699201036 0.01086389038708275578 -0.5044993051080649549 2.884218618181342286
-0.5142520693861725167 0.04236230055468123701 0.8565922600095271511 39.24004824069912445 0.02999528883866349124 0.999056769993053706 -0.03140024042762382117 0.6442843152784343275 -0.857114429778300102 0.009546092975320439808 -0.515037692923628776 2.478868619520948613
-0.5241420444722213468 0.043823905758816388 0.8505025790207412228 39.94902720562814835 0.03237194472789368949 0.9989786717777031644 -0.03152447688201165388 0.6118779621428840354 -0.8510154096630879739 0.01100911806227414073 -0.5250254007782645393 2.057087287376623941
-0.5302939210357004995 0.04711434798542658148 0.8465037799057119061 40.5896789500026145 0.0362273385179077978 0.9988020530577433886 -0.03289621342006855687 0.5731918494728331925 -0.8470395443940330615 0.01322191634527171769 -0.5313654969501970804 1.656007563897214929
-0.5340779256316883217 0.05019183373100796069 0.8439440755771405733 41.29585664428158509 0.03696156857259575573 0.9986679828793568747 -0.03600311830772594951 0.5187441307861080375 -0.8446269377465267514 0.01196502542914682811 -0.535221706148017895 1.184929278782707707
-0.5338203748494056988 0.05187272186401412771 0.8440053801146486512 42.00760395135978342 0.03669796043909820393 0.9985974968191878576 -0.03816308631926011025 0.4853680692447535083 -0.8448012306364197643 0.01060104234928412395 -0.5349753257177003452 0.7739475202430786682
-0.5312799302487696274 0.05291074699769051509 0.845542513615582414 42.72691430616274744 0.03884329375607787488 0.9985196340827129369 -0.03807704014017929128 0.4382622765916944774 -0.8463054334341576501 0.01261408835934908594 -0.5325486817261199102 0.3125232162859807872
-0.5250357747074301251 0.05162666204146084542 0.8495129059436594687 43.48474451549387965 0.03689237237247650764 0.9986008856476469298 -0.03788596250356637829 0.388842119863533453 -0.8502802132948326097 0.0114490601310053234 -0.5262058320013781598 -0.1136189771468029686
-0.5171968904735940731 0.04994192340980297545 0.8544081201515963953 44.25286655557297166 0.03470989646044902316 0.9986987488716095873 -0.03736514694298083417 0.3464760182343681327 -0.8551623549111233569 0.01033127891141202848 -0.5182573785819613033 -0.6211252138337480799
-0.5113411980908099119 0.04979585017424635607 0.8579339181754359611 45.01485033976354089 0.03309965443680760316 0.9987203214547988317 -0.03823943659452366806 0.3094511620639743832 -0.8587401505776012245 0.008843916227680326259 -0.5123350831798302307 -1.072802426459869451
-0.5049004271696421187 0.04813120389148071998 0.8618346720362746183 45.80085794953944855 0.03027415818801267727 0.9988173731313684245 -0.03804540189318225685 0.2615955196363157209 -0.8626465607407463043 0.006882178845655948993 -0.5057604619011488722 -1.536072521817092973
-0.4998896321061366277 0.04584942374475607652 0.8648746976010412979 46.62812330105154501 0.02573670795245883505 0.9989432251221666004 -0.03808118936472760369 0.2096993116940408519 -0.8657066667085928646 0.003222635072080124157 -0.5005413862700550665 -2.023720978786662794
-0.4976914893764342596 0.04305096998798638858 0.8662850870650367074 47.4938393009916382 0.0212605561569661379 0.9990729154564053083 -0.03743555122707015875 0.1678259542727151554 -0.8670935506373323998 -0.0002136532098643328438 -0.4981453865383234647 -2.444579859464496518
-0.4984932569718012463 0.04067391676409363305 0.8659388903805211868 48.32221498109615254 0.01828609832743258862 0.9991698575228527002 -0.03640517228759423268 0.1172734758398296662 -0.8667007249916718337 -0.002313089920496125447 -0.4988232154860587908 -2.944419172832326126
-0.4997002618081540226 0.03920900243788031508 0.8653105563923099153 49.18290795582840502 0.01654144069299235895 0.9992248286040015248 -0.03572456836383223339 0.06643098550855124074 -0.8660404634473028995 -0.003538093629084454635 -0.4999614935739720156 -3.393996710314764353
-0.4996521502078576371 0.03859370245099058572 0.8653659985558056489 50.05710450059893191 0.01672059828924890232 0.9992506220715035026 -0.03491042860111607388 0.0229692767012280169 -0.866064781427287933 -0.002973634191909269465 -0.4999230434356594643 -3.901615799861026801
-0.5008179038407503114 0.03783033147845402122 0.8647255921097647402 50.91889535802715017 0.01610546756957508333 0.9992788026037170424 -0.03438910762753217415 -0.03154434549369067309 -0.8654028520009889869 -0.003295871528537233208 -0.5010660022019837179 -4.383965035457603854
-0.5013820023833892581 0.03743779427518413583 0.8644157307894051456 51.78453496972145587 0.01711652401412386282 0.9992971649955519897 -0.03335150338361186212 -0.06977289209466461251 -0.8650567422928645556 -0.001926051640928312181 -0.5016704302330236009 -4.913224635336011836
-0.5008784946964780493 0.03667379727482535795 0.8647403208930966034 52.67471481292049873 0.01610056729698297953 0.9993238796167959181 -0.0330556727491631841 -0.1296548466119052112 -0.8653678757746049444 -0.002634066585305378395 -0.5011303212318988232 -5.441775558116368039
-0.5009043296994852845 0.03547270146484846065 0.8647754600899445476 53.60192337094606785 0.01506667279035447948 0.9993657954382525466 -0.03226645966128429549 -0.1805805625480107479 -0.8653715404368568231 -0.003133121163534048712 -0.5011211212284747418 -5.962607652627818666
-0.5016363234009143524 0.03491675964347466105 0.864373689624605146 54.50991499330562107 0.01453152036916266314 0.9993842948731056497 -0.0319372543665409625 -0.231000856868446236 -0.8649565821689670919 -0.003460223692537180932 -0.5018348687194158497 -6.488776875211287987
-0.5006839684222764708 0.03400846402432738946 0.8649618746487330867 55.43070216315543774 0.0135318279983382226 0.9994134082191008517 -0.03146190144022682073 -0.2921752413257534542 -0.8655244124551265683 -0.004047955066167823607 -0.5008504797548462006 -6.974913267172150988
-0.498719562728496324 0.03304566922980941429 0.8661332681057416494 56.34094841953466926 0.01356503534306255712 0.99944821314200194 -0.03032129946870261786 -0.3291931999845662538 -0.8666572811068552484 -0.003372697528089365227 -0.4988926532005962255 -7.488829888588291794
-0.498059711594958876 0.03085829985127693312 0.8665935296885642902 57.2519979927031315 0.01354397343061635936 0.9995215975447195866 -0.02780753424598396764 -0.3950038130327794272 -0.8670369887457850533 -0.002112693448701197848 -0.4982393942854449476 -8.012276290357201347
-0.4954873027969743937 0.02973604290985315535 0.8681060749798159559 58.15799126876294878 0.0139531987016103913 0.9995574366356799745 -0.02627472637872236075 -0.4576407682639055396 -0.8685031356387941104 -0.0009059374457220124638 -0.4956829428105791746 -8.507438106979163805
-0.4915262779768262424 0.02890806098828698281 0.8703828463926246428 59.03171761245496185 0.01390577685474514262 0.9995820727176525367 -0.02534623058152132846 -0.5023515688029310811 -0.870751746115895342 -0.0003549894360778840341 -0.4917228563137148178 -9.012218808037587792
-0.4903019593272306409 0.02926495159012929004 0.8710611968252049975 59.91948975343218819 0.015386268048549364 0.9995710504539515595 -0.02492187758471834172 -0.5452149797045620083 -0.8714168391025718385 0.001183134958427854841 -0.4905419344191670472 -9.51661098665172922
-0.4887800560326095445 0.02919641134219645717 0.8719183928788772908 60.75391412690922976 0.01390474289125413591 0.999573664112471949 -0.02567625890452426493 -0.6005526195028796366 -0.8722962633850539493 -0.0004262428902182930322 -0.4889776516153565566 -10.0220589413480532
-0.4894805525821416259 0.03105443366206553021 0.8714611111139592969 61.6241214681477274 0.01403083557924319179 0.9995168450549852812 -0.02773687508769088692 -0.6457574584763907666 -0.8719013593312721078 -0.00134933408498009587 -0.4896797887706929586 -10.47638768894195138
-0.4925931968808265893 0.03270503935341412954 0.8696449734914084573 62.54428732289865422 0.01279373731161636586 0.9994578104883123926 -0.03034019574139673603 -0.7043962177734378605 -0.8701656845220728798 -0.003819365382232469981 -0.4927445492556578599 -10.97571760166461985
-0.4974654097655043516 0.03314599989375029837 0.8668503708857128176 63.4346834293890609 0.01192047352299146872 0.9994366628134691011 -0.03137485417424701328 -0.7489264318539550214 -0.8674019390307869948 -0.005274638510652687566 -0.4975802966863017152 -11.47709856056793321
-0.50141209784899754 0.03115917186638242353 0.8646473677402620739 64.30594923170978916 0.0100469142675262673 0.9994936731341182989 -0.0301923668498922694 -0.7909471947647312984 -0.8651502891097776482 -0.006451780744278917852 -0.5014712847236574289 -12.00952218695696594
-0.5078621765435648028 0.02927996235407634776 0.8609406189166715073 65.18548745864266891 0.0138209822497674592 0.999570560413873932 -0.02584177503855390745 -0.8526117647863534765 -0.861327489766408938 -0.001225015799386715331 -0.5080487701766138731 -12.50294099804889214
-0.5134404107923752347 0.02702923234144796391 0.8576994931508530318 66.07016418048976902 0.01089280571382403653 0.9996286345964775499 -0.02498122917532540413 -0.9188479417567763097 -0.8580561435058409181 -0.003483619329281833436 -0.5135441730085019696 -13.02330494951009854
-0.5178315930072568962 0.02916412019617148702 0.8549853509741505153 66.90230743990929341 0.01159425622747992622 0.9995662615947357166 -0.02707367796865998988 -0.9628308597547238223 -0.8554040379713896414 -0.004106687262391594921 -0.5179451379884345563 -13.52586246105750512
-0.5232909524841617976 0.03233818838093326098 0.8515402956652701194 67.7418622091130942 0.01400723440280598336 0.9994711597005655479 -0.02934826141659723289 -1.007335856098819704 -0.8520389836244754989 -0.003429955844417267169 -0.523467196002840085 -14.0346116363134179
-0.5284329712310735783 0.0321456638029745112 0.8483662565678958822 68.56542429243449988 0.01093347850530369467 0.9994577683612343444 -0.03106043220572465846 -1.057974528259470581 -0.8489046511181950194 -0.007137762957688946128 -0.5284979144755140856 -14.54430915467369623
-0.5313532579619409946 0.03207580795924481337 0.8465429177579836262 69.38370020931597537 0.01015237660194092187 0.9994523385121989456 -0.03149721306284595373 -1.10350065333602898 -0.847089544833468655 -0.008141724979607880414 -0.5313879143923974091 -15.04934578370164999
-0.5354551971080345751 0.0315187647463148965 0.8439753271289222036 70.20331457344974524 0.01037334520010218045 0.9994735032168000632 -0.03074462904374587746 -1.139715267675536214 -0.8444999571874416411 -0.007707524704800993928 -0.535500249256626315 -15.5589427809312113
-0.537869648407020895 0.02606821494674166698 0.842624912240743873 71.03246036479630732 0.01168553013218954703 0.9996563737796811955 -0.02346710205219078305 -1.190543317162308101 -0.8429470573977472236 -0.002775723812932256573 -0.5379894558220953416 -16.08667598920387221
-0.5387520426488929814 0.01788757273148710095 0.842274494718913691 71.88250396334832715 0.01224241477135070387 0.9998352890162458539 -0.01340299383826923374 -1.231259303182543174 -0.8423754576243981385 0.003090582751219713743 -0.5388823039927405079 -16.65458678096041822
-0.5393701063418662178 0.0148418029362233795 0.8419380395191958799 72.69848358969936442 0.01218314837511895454 0.9998776119936717555 -0.00982110247067144275 -1.268281944846376463 -0.8419807070292223417 0.004960246327248847564 -0.5394849264491732299 -17.19687396971499638
-0.5423536607363257378 0.01912077769621237794 0.8399327088454580093 73.52569092598851341 0.0145742193642328325 0.9998047337990814132 -0.01334947669764505011 -1.308286600062796401 -0.8400238986279885411 0.005001225345415387033 -0.5425264405294939474 -17.7136260165702808
-0.5445505222421901381 0.02439502884140755737 0.8383732247197069887 74.34023702384283183 0.01460837146982674542 0.9997012194897062498 -0.01960074902567710692 -1.349629257271158567 -0.8386008439392153013 0.001573668714318946079 -0.5447442055786606563 -18.18119475275222641
-0.5450969109236877275 0.03011157677345272649 0.8378321450137568016 75.11074301191696634 0.02035983189387145093 0.9995355689376390629 -0.02267698835992346465 -1.378535195888466625 -0.8381258176032791996 0.004696964666879850474 -0.5454568304201368178 -18.67807450053209095
-0.5441908786046257829 0.03083522392850038263 0.8383946142854306061 75.89168157846458485 0.0232270405243285398 0.9994950889531226679 -0.02168395421220148736 -1.416119291309243078 -0.8386398771208677383 0.007673214940407905443 -0.5446323343873182843 -19.18184842161393533
-0.5433659691854318963 0.02795025760208343785 0.8390305473378552037 76.73903126794664331 0.02398700467279042681 0.9995545034312847132 -0.01776345677362617392 -1.469285899413850238 -0.8391532032223394388 0.01047377111943465638 -0.543794357223443714 -19.74552388384754664
-0.5431709627230900672 0.02205539072249801044 0.8393324238689494621 77.52235545788447268 0.02114987654972243225 0.9996971997368895302 -0.01258227645057544489 -1.512992551655102824 -0.8393557287229655994 0.01091744930785284139 -0.5434729719489934663 -20.24569963029987463
-0.5422772292769830749 0.01617215688938450358 0.8400439993255206517 78.32572134592007274 0.01881604165776300588 0.9997978049249185428 -0.007101265016464266416 -1.541222876759884786 -0.8399889372095715734 0.01195544794787277779 -0.5424718921910569591 -20.76685358901611522
-0.5435436184204571752 0.00991134748889141784 0.8393224367379790163 79.1195487962349091 0.0102198557413402738 0.9999343701386944616 -0.005189613377268740592 -1.570503151459177849 -0.8393187361006914093 0.005756972352426053575 -0.5436092510180642323 -21.26596934559273677
-0.541456304987026793 0.005077756558690639868 0.8407135892321400128 79.93300819414110947 0.001714399397183286175 0.9999864113749497019 -0.004935586677892352982 -1.603607203141186099 -0.8407271746378487398 -0.001231086316638225564 -0.5414576653414433505 -21.76921030619818609
-0.5397760036668401984 0.005398491045251763328 0.8417914083983725204 80.71415308263534882 0.005045634016421704504 0.9999822830968737586 -0.003177607490510126701 -1.609084950566891825 -0.8417935965211044147 0.002532174443910212725 -0.5397936919766845865 -22.26848149566163215
-0.5354809431383042995 0.009510468748348615067 0.8444937915674713969 81.50137622866381548 0.01115333573180735983 0.9999290871784732859 -0.004188775440608237879 -1.637982296092848511 -0.8444736909605645714 0.00717591272099053247 -0.535549056683855107 -22.74712254204091266
-0.5299246350068228528 0.01209496871017392595 0.8479585172128634163 82.31370478403886182 0.0129762599604988562 0.9998969358883253999 -0.00615275565012973237 -1.659263170148990607 -0.8479454879172340087 0.007742832724323325984 -0.5300269786830325014 -23.26102542540624185
-0.5217366172099646704 0.01469977627583908542 0.8529799959710415713 83.13204417008203961 0.01777426145774210417 0.9998218677453767356 -0.006358500578989509551 -1.693797919327726165 -0.8529214683707949662 0.01184362625527902134 -0.5219049689959915916 -23.7673843602104391
-0.5136548877666008428 0.01677686959821963683 0.8578328790066294118 83.94033440367000765 0.02351873737036767192 0.9997084982427697497 -0.00546897151510125374 -1.739868952858840911 -0.8576745182677874002 0.01736598162624915578 -0.5138997393051669693 -24.25555115080974389
-0.5045492827721431706 0.01767929675178315022 0.8632018998357338102 84.77004417293433391 0.0256663000374875265 0.9996556518252391887 -0.00547183046615353462 -1.746032043119549071 -0.8630013424693971924 0.0193943902071518938 -0.5048293161205910096 -24.72433558361417028
-0.4930884464614286311 0.01329277224687318293 0.869877659957970506 85.54998511620026136 0.01826863402640745496 0.9998210559728827329 -0.004922922445257420926 -1.758743601697232206 -0.8697873859596249035 0.01346403980356492176 -0.4932430635871976055 -25.16029245364476807
-0.4820989831735559283 0.0116789600821181009 0.8760389433888277066 86.33422559741255498 0.02244455800276234578 0.9997476732876112715 -0.0009765700877535394165 -1.787650002402872085 -0.8758292464547630107 0.0191915028163807469 -0.482239477127178906 -25.62330213863835837
-0.4703756662967850111 0.009811170794531596032 0.8824117703417220238 87.15368492746908657 0.01988960029885010819 0.9998021112327121207 -0.0005140958244978209319 -1.813177633717044213 -0.8822421402436952942 0.01730899862018994012 -0.4704777355339401779 -26.03630479632646555
-0.458202551342353992 0.009146158748565270252 0.8888007817400781496 88.03845744960442232 0.01995199770572505735 0.9998010001499815225 -2.56675213849045871e-06 -1.836725583003921747 -0.8886238790198980331 0.01773217443854936334 -0.4582938639882941367 -26.46786796524396834
-0.4464700249231292606 0.01010346639931397443 0.8947415814605007567 88.837994480765758 0.02387873029545844322 0.9997147272368357429 0.0006264986037374789193 -1.864292985140431957 -0.8944799509327536757 0.02164500513778316176 -0.4465839276063593988 -26.87433673723673877
-0.4341164924813177284 0.01437512032125112284 0.9007420765991069889 89.64643775002397774 0.02242325226682763406 0.9997353740211035733 -0.005147990466385874223 -1.874017698817720623 -0.9005776641604598121 0.01796273860788296858 -0.4343239611136314182 -27.24797888754271113
-0.4230626039359624557 0.02159115071963302671 0.9058432081911209632 90.45937645560678675 0.02455736336714984397 0.9996221073741755614 -0.01235720313087911373 -1.906095780674967877 -0.9057676469911473127 0.0170172496322906 -0.4234329633612460286 -27.58632118509003561
-0.4102230294936753396 0.02955048339108119759 0.9115063896357805673 91.25759016582674121 0.02795228475285827657 0.9994127985835554728 -0.01982044193514884145 -1.9331775078312321 -0.9115567991317110597 0.01734788376087174552 -0.4108081591101827024 -27.95739632426712618
-0.3998835342372820123 0.02433949539601110504 0.9162427691705690158 92.02013422658669128 0.02135806231534823074 0.9996234189781326718 -0.01723297789563938559 -1.961338543027107972 -0.9163171149468352095 0.01267798537722319291 -0.4002527995334598243 -28.29490353025723692
-0.3874027015136159435 0.02081115000442953708 0.9216757063981640963 92.91070168124436179 0.02398557749667118086 0.9996343438203538767 -0.01248970951876924793 -2.002595432258030606 -0.9215985583199449716 0.01726837621397726494 -0.3877602218662757894 -28.6753165543084414
-0.3762953830711148751 0.02230355195683459898 0.9262312895928181966 93.78145963533479801 0.02311149819430870569 0.9996251472900009594 -0.01468147389412694133 -2.033042931522947239 -0.9262114811573095574 0.01588202126461869812 -0.3766698050611534399 -29.0141752916571356
-0.3695165971347165179 0.02689888646661045546 0.9288347540509322986 94.60963310546692639 0.01822258956661227183 0.9995985315788998848 -0.02169873321530974355 -2.056434924309418211 -0.929045470691045705 0.008907731737678845421 -0.3698584239321724421 -29.32766410358311759
-0.3639434271764897533 0.03161150820947582207 0.9308845044789660905 95.49401715264920654 0.01265789491465832417 0.9994995340343876267 -0.0289927801024092574 -2.09757067199125169 -0.9313350765492938166 0.001231305746975541564 -0.3641614295684119651 -29.6473286602652415
-0.3615234186804139882 0.03271059324196918389 0.9317890862713109623 96.37479242741730445 0.005580977386394772935 0.9994424615476695806 -0.03292021999433152046 -2.145393854067384698 -0.9323463604775109603 -0.006701137422420477309 -0.3615044210342927 -29.95614510547588694
-0.3578600178278185107 0.03220065793261579767 0.933219905460270116 97.21525364187334617 0.002387228496924191819 0.9994335811822514515 -0.03356992820831229685 -2.214789009101310047 -0.9337722283667235779 -0.009785526732678562906 -0.3577341978997082839 -30.2637148844803292
-0.3525624975009076789 0.03256598716480862271 0.9352214758149057783 98.07335083795940989 0.005636375915174810826 0.999450108853867758 -0.03267771895088051465 -2.251209171148544019 -0.9357713303114254533 -0.006249679170427794445 -0.3525521889208316217 -30.59463173417483262
-0.3470598393165340578 0.02919915069491020587 0.9373883639379508859 98.91247486096112596 0.004467512959698034455 0.9995554016109319262 -0.0294815632380840513 -2.286389815914628088 -0.9378323814014437598 -0.006044072700107223223 -0.3470359927957425983 -30.888341812643624
-0.3415616549711733008 0.02492653355125565989 0.9395288028646656686 99.75913097853481304 0.004291601942583913622 0.9996792453699678838 -0.0249621845484784867 -2.33522116358761167 -0.9398496074780674503 -0.004494042186839282936 -0.341559080260490644 -31.1904261528843918
-0.335945215773303163 0.02241267649268325127 0.9416148638819907823 100.6364452557970992 -0.001726536576413867461 0.9997005714299964652 -0.02441124070264299659 -2.364084581548634656 -0.9418799807162491211 -0.009826572804074028278 -0.335805935749231288 -31.49718059501003964
-0.3293450884667381007 0.02140751508839483508 0.9439669482121100241 101.4990146385109711 -0.001539866498048418023 0.9997295016106233501 -0.02320936316624605533 -2.404391476381284587 -0.944208403318280487 -0.009097473617554648062 -0.3292230441582041367 -31.79925966651954639
-0.3237390566291777905 0.01927365620226010809 0.945950113912356616 102.3323588359077263 -0.01720437198046132626 0.9995073383572743442 -0.02625285184829078203 -2.447393979015028531 -0.9459900107831680227 -0.02477355195747693237 -0.3232479792470286384 -32.06112654963587971
