1 0 0 0 0 1 0 0 0 0 1 0
0.9999992817350690233 -0.001198382625910288666 -2.020959973582311952e-05 -0.0228557326037278144 0.001198379361570629841 0.9999992690196729539 -0.0001607701016704284449 -0.01095516242232729212 2.040224905961096684e-05 0.0001607457674276734723 0.9999999868722732055 0.0003606214339586403324
0.9999968625964934521 -0.002502622591858356081 0.0001080617073187788998 -0.03847931782589308902 0.002502652170384352635 0.9999968306977844446 -0.0002744567373792431309 -0.03503800136610599886 -0.0001073745032071174465 0.0002747263171640696778 0.9999999564980823763 0.005592639478879072625
0.9999946309838649849 -0.003274736952374183302 -0.0001187490486665689142 -0.03709097959780266462 0.003274709724580910242 0.9999946119574318892 -0.0002287625949705953635 -0.04664564366240316756 0.0001194975461647110028 0.0002283724980760787413 0.9999999667831687145 -0.001668810286425613217
0.9999982545369294762 -0.001859224411313133759 -0.0001849531907786958901 -0.03614739026551186396 0.001859148894082604314 0.999998188695064627 -0.0004076419746912285347 -0.01153659730362797953 0.0001857107536824904501 0.0004072974076471224249 0.9999998998101637948 -0.001419997275081016875
0.9999982448235070764 -0.001867812943790278946 -0.0001470534328806592588 -0.03848424519632465124 0.001867828275485635152 0.9999982501793389655 0.0001041911396039583499 -0.01931541103602937501 0.0001468585660043435822 -0.0001044656272900610782 0.9999999837597469687 -0.003404598889761754725
0.9999982844359518452 -0.001848668670011219392 -0.000116401467567017099 -0.01593267272636620865 0.001848661578328887741 0.9999982893630696701 -6.100248495241690413e-05 -0.02599570052319510188 0.0001165140418290923032 6.078719337799463321e-05 0.9999999913646975269 -0.002691712634084055412
0.999999397654085187 -0.00109302967016395333 -9.988797185964038599e-05 0.0003725486956136737568 0.001093026854864652571 0.9999994022473662758 -2.823481291005623949e-05 -0.02705655330082700621 9.991877363958434871e-05 2.812561566721147606e-05 0.9999999946125941452 -0.003523705366768102674
0.9999999576837214077 0.0002708351382709056079 -0.0001062115020231281905 0.02213796715251040853 -0.0002708304156850314341 0.9999999623363921009 4.447584010274068656e-05 -0.01054779728395723731 0.0001062235436431237663 -4.444707291544519644e-05 0.9999999933705082666 -0.003770424233026417691
0.9999999309427700656 0.0003639099520944611473 7.539231951275689539e-05 0.01535326631943429755 -0.0003638949376739315789 0.9999999139760753497 -0.0001990686218522982236 -0.01397913414202918078 -7.546475607985545669e-05 0.0001990411732217604293 0.999999977343840718 0.002343716673366149326
0.9999992760328570984 0.001201431143037939332 6.705945273142463828e-05 0.007715860811400702436 -0.001201420173681354156 0.9999992649483467888 -0.0001633778821880993502 0.00463775711994650168 -6.725569071500741235e-05 0.0001632971973285331983 0.9999999844053485409 0.001930798198038684473
0.999999619123638106 0.0008680948901578532714 9.035397274006858243e-05 -0.009933602346153532631 -0.0008681153272312072244 0.9999995975602172793 0.0002263960736322411925 0.01266632724023663073 -9.015740310336348476e-05 -0.0002264744250719402121 0.9999999702904882604 -0.002160026485311204204
0.9999998152737588075 -0.000603561314984758508 -7.187619460251154209e-05 0.0009130125774184207413 0.0006035549273500185686 0.9999998139127893593 -8.885851799484803287e-05 -0.003220886004772429475 7.192981279123955433e-05 8.881512034893648724e-05 0.9999999934689881576 -0.002140613905599038011
0.9999982560891548244 -0.001859324054972490408 -0.0001753074663106443751 -0.01011687730797410784 0.001859349105801963919 0.9999982612070204002 0.000142842005212626648 -0.01977833343383500475 0.0001750415719109003584 -0.0001431677138896297094 0.9999999744317266126 -0.007824908047530177921
0.9999999243069394028 -0.0003635724726056060118 -0.0001385682962925398928 -0.02252894217415904801 0.0003635394069531168925 0.9999999054607594529 -0.0002385740383517607284 -0.005503852872358253392 0.0001386550221454214624 0.0002385236452571048884 0.9999999619406270135 -0.000954449166624679558
0.999999131457241841 -0.001316773974049505582 -5.648949564201651821e-05 -0.02999483877140186536 0.001316773490886847696 0.9999991330165214354 -8.589481130351315848e-06 -0.01142143231666796314 5.650075707176011822e-05 8.51508979964470892e-06 0.9999999983675788018 -0.001704566029380942581
0.9999990401513157989 -0.001385316896298065649 -2.436275665330968468e-05 -0.0300198175911930501 0.001385312345000058558 0.9999990231844871902 -0.0001858488047411739944 -0.01492611591613064378 2.46201923447557994e-05 0.0001858148763268932329 0.9999999824333387632 0.001588002236563542877
0.9999999515091272384 -0.0002961668254079404526 9.626502296656464527e-05 -0.01129377389731258188 0.0002961881739488106684 0.9999999315320374782 -0.0002218298581167251317 -0.01324076527242089296 -9.619931773063553516e-05 0.0002218583599213693359 0.999999970762279311 0.003805064633448283773
0.9999997438888105217 -0.000713968730043673238 4.970880981587127474e-05 -0.003237239518084447133 0.0007139823668239072369 0.999999707341050259 -0.0002748581338031974206 -0.006524542135981274346 -4.95125551554095609e-05 0.0002748935546226381928 0.9999999609910195097 0.00252565566285885626
0.9999999998491004849 -1.594815517921266729e-05 -6.888786916249638803e-06 -0.007870368236085922495 1.594668576250062776e-05 0.9999999771344310062 -0.0002132529968777931064 -0.00788531403669707337 6.892187750620245468e-06 0.0002132528869922930745 0.9999999772378517227 0.001749235398716861636
0.9999999556591928629 -0.000274155828016421914 -0.0001162763702883422886 -0.01272548380287715462 0.0002741231345304984265 0.9999999229215273955 -0.0002810933052951043016 0.004804089515384003806 0.0001163534246938003252 0.0002810614187881049818 0.9999999537331786259 -0.0001808965510658624813
0.9999999984038017153 -3.437182426059538586e-05 4.484388823058227679e-05 -0.01211869541691875177 3.436820251923545166e-05 0.9999999961481959021 8.076159244373269793e-05 0.01219099175863571499 -4.484666398111488572e-05 -8.076005111098872485e-05 0.9999999957332954548 -0.002069491106199475988
0.9999999948374624914 -5.628982442594574209e-06 -0.0001014563428333093071 -0.006237312489478227112 5.626103471749609552e-06 0.9999999995815546106 -2.837671311731204161e-05 0.01084154212586961943 0.0001014565025228752803 2.837614216693355054e-05 0.9999999944506863248 -0.003245460548287574989
0.9999997313053572423 0.0007294688979119570704 -7.255577295260136469e-05 -0.01376454823814720826 -0.0007294793813200316484 0.9999997234801826229 -0.0001445662150994747423 -0.002032011889968112026 7.24502963318883616e-05 0.0001446191041956718852 0.9999999869181345202 -0.001096956142697017456
0.9999984958927323753 -0.001733494337413220331 -5.665381724978642075e-05 -0.01391198842419653567 0.001733490850550484068 0.9999984956101357625 -6.15380883617754629e-05 -0.02787785571447601307 5.676040794806835725e-05 6.143978692803826812e-05 0.9999999965017043468 -0.001188220037114167673
0.9999990499352144901 -0.001365618261523949065 -0.000187657752935544434 -0.02038113905416091831 0.001365631683006748344 0.9999990649748110583 7.141155369635482266e-05 -0.01121295980027217642 0.0001875600565490069863 -7.166775722372301853e-05 0.9999999798424786812 -0.00573695170048654085
0.9999992168538666126 -0.001230723195046602757 0.0002271829014510661719 -0.004975568662746305409 0.0012307881773607639 0.9999992016483343349 -0.0002861173823229743981 -0.009539101025903010123 -0.0002268305887802874864 0.0002863967722804572087 0.999999933262384233 0.008218141912551671369
0.9999986958297762962 -0.001579882176012855884 0.0003351284177210386611 -0.02530632517106606166 0.00157998425227708311 0.9999987054508991946 -0.0003045427527627402563 -0.01846400121454506299 -0.000334646842213923081 0.0003050718532096400584 0.999999897471322452 0.01001006427112602348
0.9999983283123481392 -0.001808323118926913808 0.0002708136016381390587 0.0008020846932973286179 0.001808342908263376294 0.9999983622933071858 -7.284661740666855594e-05 -0.02264392863558314581 -0.0002706814279024990708 7.333621948586134737e-05 0.9999999606766809546 0.005235758778698964763
0.9999997287599308171 -0.000736532192853719893 6.274143298523080681e-07 0.001989147051978334534 0.0007365322299177437266 0.9999997268825999708 -6.127805269125089025e-05 -0.01631122821070177253 -5.822808999720447157e-07 6.127849818106308492e-05 0.9999999981223033352 -0.0009405879104138548715
0.9999995598617626991 0.0009377173968418946529 -3.10220000518962065e-05 -0.0002532516023532973594 -0.0009377178783292046361 0.9999995602222145896 -1.550993150760140058e-05 0.0002022137953635749384 3.100744247651121755e-05 1.553901456515767858e-05 0.9999999993985387858 -0.003471330887480849128
0.999999213412318011 0.00124492015325985343 -0.000152802347341096618 0.008229813971544000517 -0.001244980553676762773 0.9999991466714204247 -0.000395828058533923726 0.01192635413964381053 0.0001523094426231919995 0.0003960179831314444994 0.9999999099857913576 0.0008864504568154786719
0.9999996461087646837 0.0008363170668579767786 9.141175580947621254e-05 0.009017081515083940485 -0.0008363149202866463705 0.9999996500120642562 -2.351814542561658081e-05 0.002888368254383933287 -9.143139244286478467e-05 2.34416880874779782e-05 0.9999999955453938716 -0.0001527155245452274483
0.999999888197578235 0.0004561338534508657563 -0.0001246865623784635052 0.01797277115283205801 -0.000456130791211206536 0.9999998956700890673 2.458683376577623983e-05 0.003219022946139160277 0.0001246977642571552849 -2.452995763655758553e-05 0.9999999919243743873 -0.005114406987531096987
0.9999996718041272992 0.000774889098197759996 0.0002365132619637315946 0.01288844869421336067 -0.0007748956689612554764 0.9999996993848984106 2.769142518995146396e-05 0.002664263686579925339 -0.0002364917330807800766 -2.787468920408760388e-05 0.9999999716473305655 0.002945219619882472398
0.9999997840981406094 0.0006527771660323178869 7.540320744584925875e-05 -0.0145590812831582761 -0.0006527547454000751787 0.9999997428552145351 -0.0002969861060307283111 0.006166226664455111937 -7.559705380495337337e-05 0.0002969368221093971372 0.9999999530568034478 0.004959464154058007904
0.9999997814264374174 -0.0006405750583112446118 0.0001637396472136746746 -0.0006099515670018470191 0.0006405818902447029187 0.9999997939589830853 -4.167533059295744515e-05 0.007218018154558343211 -0.0001637129172992665411 4.178021013655210342e-05 0.9999999857262472647 0.005975194510685398995
0.9999999624531755726 -0.000123938200280033936 -0.0002444032938543910945 -0.005455138127724452543 0.0001239218255401893583 0.999999990076329115 -6.701285623208455729e-05 0.009979389907228309806 0.0002444115968818102958 6.698256681362213755e-05 0.9999999678881530407 -0.003388996769782550225
0.9999993648298010074 -0.001004542838063989061 -0.0005111102434499191364 0.007810861500437108959 0.00100465186571489784 0.999999472630662245 0.0002131033225620867643 -0.006427330536091348592 0.0005108959024896010974 -0.0002136166750648749537 0.9999998466766347738 -0.008233539575304092348
0.9999995168227594489 0.0004788442242129221796 -0.0008585234164625902501 0.009387938984729081449 -0.0004784297039842653012 0.9999997689226461928 0.0004829696394924494224 -0.006664519265390377034 0.0008587544852996121126 -0.0004825586630285099267 0.9999995148388176602 -0.01117599077082978912
0.9999992227241488729 0.0007261608783996015368 -0.001013529218521640662 -0.00125399456682269211 -0.0007257510307551561912 0.9999996547572953531 0.0004046859665753912375 0.002455692973596589404 0.001013822735725036393 -0.0004039500821477195959 0.9999994044937184912 -0.006209649584697557977
0.9999994168420800467 -0.0004564306161895968707 -0.0009787678951306939216 -0.0284554592070894799 0.0004561770006867855282 0.9999998623266133091 -0.0002593246968522912158 0.0009119794771254002147 0.000978886124111580597 0.0002588780542222711878 0.9999994873819231245 0.001863398873576514129
0.9999988843864022758 -0.001059162832190049504 -0.0010532806111165742 -0.01426628311428694909 0.001059367774636538802 0.9999994200447118731 0.0001940364859311046505 -0.01000995767945819966 0.00105307448402692681 -0.0001951520809984288616 0.9999994264747337214 -0.004277561329674661739
0.999999329076271648 0.000415680949885212348 -0.001081229094384864899 -0.01426743726684506254 -0.0004158329962435062957 0.9999999036850064638 -0.000140402624352300114 -0.005449007628539451024 0.001081170627550034728 0.0001408521408867916122 0.9999994056151976229 0.002733375221713359171
0.999998626071063379 0.0009072535647737767998 -0.001387352498378045113 -0.02953784589977526825 -0.000906464558948496266 0.9999994271458073625 0.0005692363837474446108 -0.002913057424136088376 0.001387868145365703633 -0.0005679780157865568649 0.999998875610860205 -0.003279218905132146727
0.9999970098942810859 0.001471069678801941068 -0.001953498527560610775 -0.02850706990002162267 -0.00146971482884488921 0.9999986785912472476 0.0006948050670467189249 0.01685437559633686314 0.001954518052857368363 -0.0006919319037520319914 0.9999978505424007569 -0.0125075771909836618
0.9999949134675507612 0.002457362088806790308 -0.002033325008474196061 -0.01101930719540355694 -0.002456631145498531111 0.9999969169906780531 0.000361901304022955604 0.03962895424543166206 0.002034208062258636204 -0.0003569043336554905081 0.9999978673061538093 -0.009193741173223291679
0.9999933520279360444 0.002772785150304474429 -0.002368029231815933864 0.001396482566907999382 -0.002773494523031110222 0.9999961099504165452 -0.0002963311748089702429 0.01299645296169519432 0.002367198357383724222 0.0003028969209124174312 0.9999971523086413905 -0.00724795911057750375
0.9999908904061171055 0.003311921674897036916 -0.002692634323552235958 0.02083386757270367859 -0.003311771412868905976 0.999994514254275102 6.026164011453280197e-05 -0.0009881441862083636604 0.002692819134277066838 -5.134370177741474396e-05 0.9999963730378897964 -0.0183420763025927136
0.9999873113681906345 0.004444247514321786677 -0.002371869863391820685 0.06150337808980126802 -0.004443748927231995147 0.9999901032921914013 0.0002154370998977759688 -0.005231664366940142787 0.002372803845484536267 -0.0002048943721347559874 0.9999971639060818429 -0.0239528820267837679
0.9999796459644473279 0.006213061107893513325 -0.001451043930435037561 0.111906915603017576 -0.006213490058996208425 0.9999806536571799187 -0.000291294775036382667 -0.01271122531156938101 0.001449206025804001055 0.0003003048930491001548 0.9999989048088332444 -0.0009925568758808551648
0.9999527494864999255 0.009521412066387327858 -0.001959976186403976015 0.09776418548387574847 -0.009523095697817939367 0.9999542917762798133 -0.0008514731521826875106 0.02778903730997117627 0.001951779372628564347 0.0008700979604275845903 0.9999977167408032885 -0.004507439283483906725
0.9999284645129361548 0.01185415999998046949 -0.001595226471914369497 0.114397360994849151 -0.0118562699875293838 0.9999288409680043843 -0.001319796335116852921 0.03666298892607358639 0.00157946788021895131 0.001338615358585465822 0.9999978566927716361 0.01142167633235653852
0.9999241360579842475 0.01222190512563661909 -0.001532045623889926158 0.1306347111543620931 -0.01222382313559254412 0.9999245063758894769 -0.001248878250092679346 -0.001803098907271377324 0.001516666292727372137 0.00126751096000761866 0.9999980465677534847 0.005783846834048009949
0.9999116691893301656 0.01319019422490129434 -0.001634807425045304999 0.1312278054940661243 -0.01319193087843397588 0.9999124249643206452 -0.001056106846165734501 -0.007529733737758331248 0.001620734002303553809 0.00107757982594260701 0.9999981060197126181 0.0008655754249370381861
0.9998815819984921971 0.01528113392252015111 -0.00181904541848553012 0.1442774040090557819 -0.01528311262867752644 0.99988262434761499 -0.001078886511828300266 -0.0156639785572023453 0.001802345297568368502 0.001106559428251109936 0.9999977635363291872 -0.001835260740038561697
0.9998615343107232212 0.01653010986494180337 -0.00191511713986983515 0.1870892955054808682 -0.01653149519873967424 0.9998630935470589343 -0.0007098091288710304311 -0.04659059968910572724 0.001903121725091871984 0.000741370594463528626 0.9999979142464954229 -0.006594564450240396856
0.9997909870988480607 0.02031024973116214716 -0.002340058069542364384 0.2089268808135739675 -0.02031207214384870771 0.9997934014882110532 -0.0007576713377184411203 -0.04774192051137785692 0.002324186122944491614 0.0008050444029633648099 0.9999969750266123336 -0.0109356374692678518
0.9997249775497065727 0.02334917495626591052 -0.002187531051301139923 0.2314760991667206835 -0.0233504350498909205 0.9997271888757783831 -0.0005522730435834239142 -0.06078395168258980685 0.002174039148577505774 0.0006032009578307734885 0.9999974548479535486 -0.004736260954369414175
0.9996408267741057063 0.02673228404503935965 -0.001898008460927936517 0.2644354540218825655 -0.02673283457120294304 0.9996425787173846 -0.0002652754159580830652 -0.07420054376600401791 0.001890238654539859193 0.0003159192823319129572 0.9999981635947318148 0.01354830130133657246
0.9994758109102933608 0.03227647921246653423 -0.002516405145996012359 0.2992529339098635721 -0.03227544780659884899 0.9994789109780874981 0.0004494206711891027945 -0.07837563047869409993 0.002529599591851037794 -0.0003679669868267257567 0.9999967328577636927 0.01340937012519091698
0.9992390640729580387 0.03890517240102681074 -0.002771351844368412885 0.3520556836977054571 -0.03890279684849592967 0.9992425889333417244 0.0009060127798774091643 -0.06087062643159930897 0.002804501375210548871 -0.0007975100244056724423 0.9999957493658647723 0.01885317161870376373
0.9989645774560861335 0.04543484106923512816 -0.002334139026840249907 0.4342400428028319048 -0.04543208641395061337 0.9989666847452527421 0.001219956209961102879 -0.06105302252380662154 0.002387155641888123996 -0.001112648233829140665 0.9999965317449102109 0.03752456557658039038
0.9985607496795790849 0.0535364114809895042 -0.003206531630155293276 0.4875471984139231885 -0.05352887309755764017 0.998563436185899822 0.002392416668148036104 -0.07886522866976679313 0.003330006646026595872 -0.002217331356977936697 0.9999919972166730897 0.02103515171874539152
0.9981644824171544972 0.06045884261213896327 -0.003520566842800337045 0.5746967593418407239 -0.06043809967327722771 0.9981555168655620314 0.005727151012999895201 -0.1143129707629672032 0.00386033013834604288 -0.00550386235686432107 0.9999774024198645472 0.007284843562927734856
0.9974551439334030656 0.0712193255392116753 -0.003323177776455169333 0.6290678316240849721 -0.07119580352124003919 0.9974396652266878105 0.006728431722023637054 -0.09352316731885190748 0.003793863698015373116 -0.006474712519698508709 0.9999718419515761791 0.01425450928311569609
0.996869333456405049 0.07903019686518519826 -0.002399999506821737672 0.7108344738745842051 -0.0790097388748715046 0.9968443102305110104 0.007673481868190272503 -0.1126569057124481854 0.002998862635615787576 -0.007459835420898841551 0.9999676783168472971 0.02645405159069347603
0.9957350069831636397 0.09225239582190766785 -0.001136368495334194031 0.8398316699640963057 -0.09224050529815235044 0.9957048522355741449 0.007970973395695113081 -0.09569915270017376185 0.00186682901751745664 -0.00783215804561055752 0.9999675855995372453 0.04076766538329695128
0.9943386224337656953 0.1062563065286097203 -0.0005488710405712964686 0.9738953992776235857 -0.1062474139334358414 0.9943008334566648676 0.008794294732310702772 -0.1134747528807539541 0.001480192209879610402 -0.008686190780758691957 0.9999611788068285545 0.02842829274473936477
0.9923090998097086057 0.1237842511074919022 0.0003310779412240856382 1.128543293638314182 -0.123782322888242452 0.9922699897255345958 0.008843304273768353221 -0.1218392465007840653 0.0007661430915073235825 -0.008816272899868197316 0.9999608424118008321 0.02926340775009705908
0.9903748880428376866 0.138410851757929193 0.0001313384226006114824 1.257369351926532985 -0.1384072818503465085 0.9903415780646902533 0.008184319589170671247 -0.1808061128493257952 0.00100272874469740079 -0.008123722790906369798 0.9999664992703910515 0.02381287503769090319
0.9879517914756978936 0.1547593062970165079 -0.0009026817963109981654 1.433109499165177381 -0.1547488014784589028 0.9879271198844553625 0.007267340489166458813 -0.2243898160798631913 0.002016472399929272914 -0.007040093129440328987 0.9999731851043752728 0.01124972304876170962
0.9847915263824021936 0.1737348354954561247 -0.001362534691361212951 1.571011039690833666 -0.1737225725389273112 0.9847730947483823716 0.006513036937608122912 -0.2469325014939666718 0.002473328905644990323 -0.006177280555415267001 0.9999778616794794406 0.01605108392319158292
0.9815176813235625408 0.1913556133962596439 -0.002463832575235080924 1.724858887317149758 -0.1913346192993167494 0.9814999838314638625 0.006988933854443935001 -0.3148653937458225638 0.003755623357459670405 -0.006388345683937700879 0.9999725417893330359 0.002348148322342281328
0.9778096985746621561 0.2094643297585029318 -0.003589976622420506126 1.89555403597238703 -0.2094310718660274406 0.9777909671096998157 0.007965599520732511221 -0.3690524772570266121 0.00517875567827264828 -0.007036987814326422022 0.9999618299175853098 -0.03212510637215933162
0.9738543951522757869 0.2271669218342216578 -0.001675311003890734597 2.085334690457739892 -0.2271442173150954869 0.9738216955513535611 0.008764120822968219857 -0.443496660280638999 0.003622372552321611629 -0.008154440376355053671 0.9999601909672407585 -0.02959178809518998865
0.9690156910327042405 0.2469990861210566435 0.0002049091836801015642 2.323050652955589435 -0.2469900595935180798 0.9689724860347865842 0.009393176755267414191 -0.5033995266784667688 0.00212155471320273634 -0.009152746195986195821 0.9999558621472603992 -0.02865022870272558586
0.9648100211310007834 0.2629427909894546667 0.001646751916284955146 2.492651854208751683 -0.262947021510126111 0.964771081910173578 0.008696170928997869545 -0.5493751224288888624 0.000697856827080170581 -0.00882316136931845206 0.9999608316425697696 -0.02359531526633783238
0.9607865928091904317 0.2772768428207365576 0.002583701505882515445 2.727418947310400021 -0.2772880533592069208 0.9607647738589052411 0.006510359138200978724 -0.6234375708827082363 -0.0006771575655486288241 -0.006971495335383709815 0.9999754695543386918 -0.0235267482251960286
0.9568956034421137735 0.2904278420816647777 0.001572468422716692855 2.971087262678645757 -0.290432084630010523 0.9568832323808865725 0.004866601049250890605 -0.7178960860254099963 -9.127222613972150783e-05 -0.005113524429759428933 0.9999869216831223095 -0.05435788259863618549
0.9540328133996907045 0.299695031523421751 0.002068583294490573127 3.22405914951685002 -0.2997011005785879534 0.9540251250529512284 0.003912937475067058621 -0.8544446930936007156 -0.0008007925162694146289 -0.004353027437992614164 0.9999902048937628907 -0.04565887872623930477
0.9514582694828048748 0.3077688587055469327 0.002343297648916971634 3.479613944361805267 -0.3077754252992122574 0.9514531931835433776 0.003332981057235045314 -0.9477588213952355956 -0.001203750254569105121 -0.003892401819433890728 0.999991700062255906 -0.06051459214653967522
0.949734043502192038 0.3130506539780845143 0.002129473378550344066 3.768707481366959655 -0.3130559301687678708 0.9497302153712033901 0.002915921318397577539 -1.054997514999304054 -0.001109594134764862235 -0.003435994013547680713 0.9999934813517511456 -0.06177768789221790152
0.9479742428831708922 0.3183399836425336304 0.002118878134857911551 4.053562484105247776 -0.318345068535963116 0.947970784139888667 0.002794594073840193579 -1.146180811510326247 -0.001119003535244310604 -0.003323737606375149096 0.9999938502807965701 -0.05748955515507645636
0.947665640151263311 0.3192496090897164462 0.003085704580736051573 4.355025855006538826 -0.3192582095840912904 0.9476634162705905862 0.002871423952283618831 -1.286201768298170123 -0.002007508370284742834 -0.003706286337637746797 0.9999911166364062742 -0.03562575004689530478
0.9474129166211255892 0.320000889516736664 0.002862888043461550396 4.686121999749090605 -0.3200118469230627261 0.9473999396265201378 0.005076635160838866012 -1.439158714687189589 -0.001087772192312580228 -0.005725827814673791274 0.9999830156795136427 -0.06677253024897165934
0.9480620024684901503 0.3180594087855401209 0.004080681123210973607 5.053268380416475303 -0.3180815553381507454 0.9480365494107609869 0.007129174917251747921 -1.565165155459611324 -0.001601133691984766389 -0.008056889246507803123 0.9999662608841209943 -0.07873606027737616031
0.9483526197485863118 0.3171828017423611867 0.004730633663608444818 5.403847434921345894 -0.3172128992890683175 0.9483168893478369776 0.008429347677355940663 -1.658951530847186717 -0.001812495687353100123 -0.009494611972499870586 0.9999532825101755673 -0.1044561566298163602
0.9490075915937794537 0.3152118081501334435 0.005109510749342840649 5.806463480054205206 -0.3152453264407483191 0.9489738607894044886 0.008306364771546068462 -1.790248953931025344 -0.002230527883755232567 -0.009493552610873446165 0.9999524474714707178 -0.1211580279253307579
0.9504482192163883347 0.3108360631561489229 0.005396705474900412303 6.224923018569824329 -0.3108720471489586079 0.9504169063714371646 0.008140908104296068828 -1.960844891504889276 -0.002598632296397270034 -0.009415196489374746264 0.9999522994549563393 -0.1362997292516363312
0.9509804046283198975 0.3092064998724134983 0.005254564644972370413 6.663155220136486534 -0.3092446605158438167 0.9509332082433572531 0.00968366678672360863 -2.134499678974638659 -0.002002487302712145992 -0.01083392341891727638 0.9999393062321110248 -0.1681084828562053879
0.9503683038809062067 0.3110661954783635608 0.006157029246807673752 7.139839600360064154 -0.3111240293618264263 0.9502610005822546002 0.01434814016079154035 -2.189783107092861059 -0.001387563400677924511 -0.0155516173766223828 0.9998781035030120945 -0.191013918749266709
0.9515216357655033041 0.3074756479648675378 0.008081001096755779586 7.5942337773074442 -0.3075773090755269945 0.9513215358389843779 0.01958403407915867631 -2.353145277381327283 -0.001666016806226864764 -0.02112016471386495009 0.9997755563277492818 -0.1961226018432493945
0.9526777612247472327 0.3038229487195110989 0.009833570012195836166 8.00469526781323637 -0.3039745492068163246 0.9523828439246588839 0.02379899225789857548 -2.477572850069885924 -0.002134643369799750154 -0.02566192567521080603 0.9996683994547010954 -0.2112059105060396236
0.9540991132175328238 0.2992718113276118808 0.01145709833281834122 8.45342964015057774 -0.2994708567248873798 0.9537805725209753671 0.02489629398168237417 -2.652134454516616113 -0.00347679881206178383 -0.02718459906363654074 0.9996243841782621598 -0.1932101417143581301
0.9558620896658622801 0.2936424059075644077 0.01008974689614972574 8.952433852773046041 -0.2938038559761525503 0.9555681463299546818 0.02384977847021792913 -2.813648949551691203 -0.002638134408134984021 -0.02576150563052260686 0.999664636302841858 -0.1865294723683867117
0.9579175614600977662 0.2869418302076063854 0.007637507672599343385 9.437081674738916348 -0.2870430754100833926 0.957620459792557166 0.02386059189987880039 -2.983700006524514947 -0.0004672316995157553511 -0.02504877369853748467 0.9996861210553732446 -0.1848456115753288331
0.960471101357881496 0.2783635768606672056 0.002997087538535019371 9.957373822130803021 -0.2783450038298198592 0.9601256932585923165 0.02612875786724445579 -3.129863630135421015 0.004395713748159839514 -0.02593014118825752792 0.9996540929134444253 -0.2202180453806367177
0.962882178328756333 0.2699160497168867079 -0.00179910035856629979 10.46186347265049932 -0.269744385399502018 0.9624688328419030992 0.02986155309741620606 -3.26904577106777694 0.009791690472740401108 -0.0282678600742264502 0.9995524252806903265 -0.2381017028857857487
0.9649967739641714948 0.2622310348958776793 -0.004013798223456194365 10.98816122104128823 -0.2619576981722085418 0.9645018585802359601 0.03338156921998455123 -3.378034440125850413 0.01262499928949447313 -0.03116166126360249422 0.9994346203030155529 -0.2565752599408187007
0.9671088549897897124 0.2543432482847050591 -0.003158267297552044828 11.54519303855968637 -0.2540474794039115358 0.9664534145545639054 0.0377845961251847412 -3.520630012218731508 0.01266257512740035472 -0.03573946764865216369 0.999280916280969489 -0.2673364065048788873
0.9685810168002605414 0.248682699685489228 -0.002780066781607605769 12.09517881107790416 -0.2483816167482957027 0.9678513478483964372 0.0396275274215417625 -3.641838505112375834 0.01254537188273723361 -0.03769195332135320126 0.9992106536157151497 -0.3032254305145395956
0.9704393179503179034 0.2413028911488930561 -0.004521603621208272229 12.68226210824008149 -0.2409519325247636845 0.969756915423607313 0.0389061846069783876 -3.812220316012600474 0.01377303120970759139 -0.03666660212340416142 0.9992326375274280803 -0.3207475580992134034
0.9718161017032329596 0.2355604167463186127 -0.009206222495256821681 13.24570779549228661 -0.2350348881911155097 0.9711879498423688917 0.03940263206901575138 -3.987523267628716894 0.01822267278204037916 -0.03612832881932245832 0.999181003649189492 -0.3300982435384022251
0.9724412578357928272 0.2326437353032802247 -0.01532620249371540073 13.81905114019463809 -0.2318967543048708613 0.971931600098352555 0.03965929995754417098 -4.119586328174220213 0.02412250819478447064 -0.03501224292148943928 0.9990957148561889767 -0.3159168018139321688
0.9726708311005302088 0.2313750853894181725 -0.01941711068215897645 14.41819465050035021 -0.2304081475417543989 0.9721679465071486614 0.04244489757851768741 -4.26757864150090338 0.02869738442055115232 -0.03681105330078422028 0.9989101093102952245 -0.3084377283803095837
0.9724310560152867877 0.2322629023894902389 -0.02077944827478288986 15.0937050029989912 -0.2312314369482101895 0.9719518571272821594 0.0429139836614259515 -4.446077118397251837 0.03016394973905348401 -0.03692602876613414187 0.9988626554915858158 -0.3268455491701106053
0.9723275574399453669 0.2329178155129406902 -0.01812214831496233511 15.73742241836498934 -0.2320381332085293125 0.9718432966390169181 0.04097452275388284437 -4.596664942993167635 0.0271555846921138766 -0.03563562816181841536 0.9989958339380310415 -0.3059079951177414713
0.9720064736666204075 0.2348186673800605195 -0.007975499986458965337 16.41867239979738002 -0.2343733468120142438 0.971430382869232667 0.03731146663790334966 -4.732238789297687376 0.01650907187932744435 -0.0343977424897126266 0.999271857833139765 -0.2977509346074427299
0.9721271761471929063 0.2344406896353222469 -0.002513252752724025579 17.13075636243917188 -0.2341854405645165393 0.9714702656968529082 0.03745266738817521618 -4.933469242064823845 0.01122197949061829771 -0.03582018858410017381 0.999295242291341812 -0.3142309092365710432
0.972164783830649859 0.2341573247763910071 -0.008122827898558159301 17.84476255992498395 -0.2336770654655739576 0.9715274809855704019 0.0391073236776700861 -5.091334326385494435 0.01704881681829316376 -0.03612064428268042804 0.9992020000488891496 -0.2899834400372556242
0.9723260192268382562 0.2327711855442218813 -0.01999218634435834599 18.5520841684390021 -0.2318131270210360417 0.971879236433649818 0.04139352521681218672 -5.240784740805818132 0.02906521073756624524 -0.03561355036335577678 0.9989428855321497158 -0.2867839944899125415
0.9728808918084901336 0.2290326846942795369 -0.03235428403855684226 19.26633195034446544 -0.227600627456955501 0.9728207272945282869 0.04263551251416100585 -5.453786616413453636 0.04123984402391746296 -0.03411542008939290327 0.9985666794846537186 -0.2706451999950842957
0.973911462665803529 0.2253265661664400898 -0.02691470727680643493 20.01283720318547665 -0.2240526369602197088 0.9736045217884048419 0.04352758923192876633 -5.590317121590270055 0.03601220292244385057 -0.03636170695680313036 0.9986896151997678439 -0.2615127483139877973
0.9757562296347652708 0.2186672640583867677 -0.00918738037565582609 20.78930948769556153 -0.2181204563750201164 0.9750495206625487965 0.0412540757560611801 -5.735576590599107405 0.01797906670826304038 -0.03824996581637227916 0.9991064474195661127 -0.2141093278853581916
0.9779356100390484974 0.2088947623835009371 0.002218302570624245459 21.53658680769827072 -0.2088245937562987764 0.9771994938831537469 0.03838539041126116935 -5.942224223128244276 0.005850782859664603944 -0.03800167632156289249 0.9992605470730244743 -0.2049118667663893389
0.9799996744622617717 0.1989681483254778227 0.003509131771762040962 22.27422213471019319 -0.1989565024422636219 0.9792727923836335169 0.03796193136686584757 -6.145662929029422017 0.004116817921948630332 -0.03790084496540605669 0.9992730246339615041 -0.1907849335261903867
0.9819559700547807468 0.1891014986269947962 -0.001759571197527642385 23.01932001627404034 -0.1889184391706416333 0.9813388069829483973 0.03583251666590119705 -6.306444194826791971 0.008502718100882017405 -0.03485353821792257223 0.9993562601287834246 -0.1794044581092178459
0.9837692982419713461 0.1793185354888025829 -0.006544514240977203877 23.76250976813827975 -0.1789733087212615203 0.9831921347751113593 0.03608020068851058165 -6.436354968687480138 0.01290436367525829922 -0.03432330034408444253 0.9993274680762189721 -0.1909650904308028974
0.9854496571004187633 0.169883090747885046 -0.005358059220746181836 24.53019172992432573 -0.169594859645707835 0.9848865575852312482 0.03515753503398107854 -6.591543667493395375 0.01124975121590826924 -0.03373728154221677239 0.9993674193867445599 -0.1626411057165223495
0.986917451078450414 0.1612248160410745257 -0.0007095416379865054782 25.27442738691398461 -0.1610981148293171572 0.9862982761451687397 0.03554022891750531488 -6.709497259401578262 0.006429786563681780774 -0.03496096631373644958 0.9993679946241801337 -0.1741262078511737199
0.9877918492138398898 0.1557209430018155483 0.00427206476168052237 26.01714102515733629 -0.155775244245763167 0.9871896867292598854 0.03450500971683151397 -6.815568044772227552 0.001155814377621307721 -0.03474924928701501881 0.9993953941094152471 -0.1715824069341542468
0.9887428457903688628 0.1495095965802174798 0.005870726427239483097 26.74858535230586654 -0.1496228064259088608 0.9881714601052804525 0.03361816816296088473 -6.935605105148389349 -0.0007750455456737047116 -0.03411811782350744615 0.9994175070212565348 -0.1725981499610313441
0.9895296201283160231 0.1442391957440933847 0.005117157395250193468 27.49514050332212634 -0.1443282860559155778 0.989065786551158066 0.03030207448510664064 -7.024447962779579058 -0.0006904584509298129346 -0.03072335081068232332 0.9995276879517102087 -0.1675610939280324785
0.9906263401104485888 0.1365857408986543287 0.001946705561575374057 28.24101277599909565 -0.1365902235907049955 0.9902905620081645655 0.02584015512714220655 -7.191742972830456715 0.001601592588339982191 -0.02586383924940797649 0.9996641919767166318 -0.1755517051107543802
0.9914126697299803226 0.1307668992685415976 0.0009676541552058026121 28.99600149966421725 -0.1307503895307424446 0.9911035221888991886 0.02486250072533412181 -7.27474918172021745 0.002292146686428614584 -0.02477551937799127302 0.9996904119291725177 -0.1644742136604144811
0.992097587629897637 0.1254665047096374664 0.0007299416990432318385 29.72874124344277647 -0.125435191412719832 0.9916821128125470342 0.02885480692877924469 -7.383140915165020246 0.002896441643088188637 -0.02871834472230795979 0.9995833468511862163 -0.1640908129684432726
0.9926999929913846721 0.120587608236716437 0.002313580483362642423 30.4386248980983467 -0.1206006229513890138 0.9922051837059830959 0.0313745624784357996 -7.474864872214009637 0.001487836900234590625 -0.0314245471999926862 0.9995050195845109897 -0.1659177895620450038
0.9931526558050641773 0.1167835158096164755 0.003068012792139358184 31.17278998279897806 -0.1168234186435192917 0.9928746598752197228 0.02349890708326133476 -7.57461226794352438 -0.0003018671706214300044 -0.02369641772107719882 0.9997191548947131912 -0.1662213368426193605
0.9939457237961490943 0.1098543290512486725 0.001981044181530696672 31.90072986790736564 -0.1098714437095994617 0.9937109378463215847 0.02160643102764602669 -7.69548362322407975 0.0004049747121902691092 -0.02169327991070248499 0.9997645910924223278 -0.1833539852253481539
0.9944035746609226623 0.1056479727177147554 -0.0001912124883843333391 32.62804766099442588 -0.1056136978927447873 0.994123924239310619 0.02373541810150930562 -7.737581950951752496 0.002697687713348004192 -0.02358238994823088491 0.9997182569931044593 -0.1835290776423123549
0.994884563876222594 0.101017466422444982 -0.0004195693130633331314 33.37198897540794462 -0.1009914745446210127 0.9947071997828225154 0.01892904565790939561 -7.811107273420026864 0.002329512850668820703 -0.01878984241036235625 0.9998207415292365008 -0.1759041959437298852
0.9954958602663638301 0.09460328722602973084 0.006181443080823185825 34.07137695758910212 -0.09469636602668701775 0.9953598028332846237 0.0170722337444329797 -7.894353605328459977 -0.004537670533638828163 -0.0175806982146375218 0.9998351507105628366 -0.1932546716776161189
0.9960224154413842568 0.08734228826230523712 0.01762590761960654978 34.78534114498756935 -0.08767699502805895162 0.9959638247032416292 0.01920428143254412565 -7.984461467197887075 -0.01587742048193764577 -0.02067328139398799669 0.9996602037468755864 -0.195447214671116809
0.9962327347970342251 0.0838066929723505355 0.02228847980146377375 35.47662310032472988 -0.08431595329371605052 0.9961739708014257788 0.02298347053627792028 -8.0399202395051379 -0.02027703476827863449 -0.0247761601294113655 0.9994873604754828111 -0.2016776817216286988
0.9966960985261849038 0.07947885968835811943 0.01673314212333969556 36.19354525783610654 -0.07987003364318352727 0.996512119357832904 0.02417382259380670972 -8.121765012019373842 -0.01475347106678064416 -0.02543043129005859854 0.9995677206952430227 -0.2130121127326621289
0.9969915163102185396 0.07710935737050612915 0.007878033470274589667 36.8845398935059734 -0.07726827033088383423 0.9967589620350988389 0.0223871838958310844 -8.170152954407672752 -0.006126239101165789624 -0.02292855443807726573 0.9997183356255178177 -0.216324304375579618
0.9971265686221664204 0.07566467772207020881 0.003669154262135567585 37.59053197219598985 -0.07572993184170738468 0.9968556078716114266 0.02332111657211837288 -8.198380276520108367 -0.001893032232807698037 -0.02353196974618217141 0.9997212925755009083 -0.2428893870224873019
0.9973445004022756244 0.07206947367643874724 0.01048515528432166118 38.30124304172001359 -0.07233335626833616028 0.997002706947295203 0.02744973425597609443 -8.284866673930665115 -0.008475440300845125605 -0.02813526797041137478 0.999568193575575914 -0.2620200306316748384
0.9973758130757977014 0.06929286529777600734 0.02097585064343790093 38.9776707481360063 -0.06995394972591947869 0.9970167428759065809 0.032619922483996866 -8.343303906542963944 -0.01865294639286445635 -0.03400166531131532111 0.9992476941914463229 -0.2655600683954293384
0.9971969519895679257 0.0696372754833455565 0.02736583282072825932 39.70081615353630156 -0.07047869191526955068 0.9970287020040063952 0.03108892674440143569 -8.358422108606809786 -0.02511957262032790336 -0.03293049109052095108 0.9991419267691198369 -0.286764757161254602
0.9971300810224937861 0.06967462443344459022 0.02961500008666966693 40.3878360746606262 -0.07050876589445161102 0.9971146829979496973 0.02812157324794862731 -8.440824716312278042 -0.02757019136887545532 -0.03012898371928216315 0.9991657164294253102 -0.3079242637468396215
0.9971134043936734637 0.07087525837990284183 0.02723153554320028799 41.07715998519968537 -0.07160216787677614603 0.9970754307171081354 0.0267154452637282068 -8.479005621610774313 -0.02525843094502377983 -0.02858816555631549586 0.9992720993084517334 -0.3306507945911240087
0.9972605831928916809 0.07083205325398293783 0.02131078228499786592 41.76504526936479778 -0.07148164962392049293 0.996946174971622856 0.0314435681259828681 -8.528370581126729633 -0.01901849039268678487 -0.03288076095949096084 0.9992783158769673602 -0.3431855293529441076
