1 0 0 0 0 1 0 0 0 0 1 0
0.9999996991052424455 0.0007663648533913258775 0.0001203093352730551983 -0.01155790332550331138 -0.0007663615150652039378 0.9999997059587870663 -2.779150450431416456e-05 0.01205419179611089825 -0.000120330598329427299 2.769929569753980819e-05 0.9999999923766480503 0.001535211294914041839
0.9999992781906744677 -0.001064484663504154487 0.0005572167722496503212 -0.03494693815749942006 0.001064425952173128024 0.9999994279174350131 0.0001056512894449923698 0.04032820676346640654 -0.0005573289176529435968 -0.0001050580971915377187 0.9999998391736238945 0.01017597266400706475
0.9999999815061287878 0.0001004690760061697721 0.0001639930086269994784 -0.05392355040512993719 -0.0001005008832490240261 0.9999999761399029907 0.0001939581551192966007 0.06349573852838497068 -0.0001639735179174816985 -0.0001939746329744731254 0.9999999677432630518 0.005330952301474152846
0.9999984316861312283 -0.001758936068645154237 0.0002068071184900851351 -0.0486330475282189395 0.001758914028968330216 0.9999984474165575232 0.0001067047944687243421 0.06360594002918876222 -0.0002069944843164655982 -0.0001063408711801125888 0.9999999729224509082 0.005124434389044247966
0.9999996822154825216 0.000644104890556175297 0.0004697848698883319942 -0.02696851973841213335 -0.0006440957409687991407 0.9999997923777040887 -1.962715507720732855e-05 0.05886662087223210049 -0.0004697974142970916841 1.932456240613466704e-05 0.9999998894584692932 0.008090633470249179726
0.9999995876319781596 0.0008641945918168189534 0.0002791121299613961711 -0.01816841905847694366 -0.0008641978015725935991 0.9999996265162638398 1.137947986025472426e-05 0.02431367731070366994 -0.0002791021916326021329 -1.162068325682600769e-05 0.9999999609834624437 -0.0002431471840058795249
0.9999976579648519603 0.00216346718203684488 5.894542554807201954e-05 0.006042822249938765641 -0.002163462311870000855 0.9999976563045485101 -8.256049355628017816e-05 0.01818364201144698905 -5.912390431628805458e-05 8.243277399007203877e-05 0.9999999948546008932 -0.000148330767696511082
0.9999995242969141884 -0.0009480766131594419019 0.0002292524393060025114 0.001318175085421713095 0.000948073532434949985 0.9999995504864346296 1.354643251633280456e-05 -0.006815207522251669203 -0.0002292651793097816304 -1.332907790230088441e-05 0.9999999736299062247 0.004477732659106657166
0.9999990240960936472 0.00132533346879261057 0.0004419253974089978215 -0.00798393719664546031 -0.001325349794733808031 0.999999121051891926 3.665194758101822755e-05 -0.02230384991930452199 -0.0004418764329266802997 -3.723761754698307638e-05 0.9999999016792840978 0.00687410852648842087
0.999999849315499123 -0.0001359737656550908226 0.000531864751642777806 -0.008315248489109547045 0.0001359749007609165354 0.9999999907532122201 -2.098040587921654032e-06 -0.03406480896472393466 -0.0005318644614462581053 2.170360528602311123e-06 0.999999858557732102 0.00925267599540501029
0.9999958674532314351 0.00286571839033869253 0.0002296400803312272695 0.003385229981302844554 -0.002865711511358645051 0.9999958933819278473 -3.027893019311317933e-05 -0.03083305582763745667 -0.0002297259081742174833 2.962072284234353164e-05 0.9999999731743095532 0.002408006648815487743
0.9999993043246744318 0.001083702755025993955 0.000465766578720184512 -0.002281775425545144471 -0.001083677027134041879 0.9999994112824980297 -5.548655855246924733e-05 -0.02862068211571407866 -0.0004658264354516180369 5.498177941047368265e-05 0.9999998899913619121 0.00636761867787123681
0.9999952912842107189 0.003055151538483196708 0.0002888918194912848858 0.003072367390389193088 -0.003055104041174094408 0.9999953195938872108 -0.000164710706887956712 -0.02823429182073692451 -0.0002893936835298003998 0.0001638273367468605552 0.9999999447059483293 0.00386867475515053098
0.9999974392599145778 0.002235684374159357512 0.0003509828950723123376 0.009385390191096250334 -0.002235664845008288656 0.9999974993288904823 -5.602380231800110097e-05 -0.01869215602460805314 -0.0003511072689189500672 5.523897873589236239e-05 0.9999999368361685015 0.006647857124590426589
0.9999973572075701034 0.002272732665772559009 0.000346791155385456015 0.004149911327554215573 -0.002272694600957812176 0.9999974113633364192 -0.0001101175596189471326 -0.02673369415216895681 -0.0003470405254439777273 0.0001093291182145897248 0.9999999338050066244 0.006232849278448473855
0.9999897852169511436 0.004489335496310748255 0.0005247175977589744371 0.0003042358273059379793 -0.004489252962266931934 0.9999899107133792819 -0.0001583644167321050452 -0.01868983212733377891 -0.0005254232547301237273 0.0001560072090438524312 0.9999998497960658206 0.009896255018895107336
0.9999988489982647444 0.001404483036567850517 0.0005739595331584529045 -0.0007938406973913639253 -0.001404457683719921622 0.999999012755465988 -4.457250290489685722e-05 -0.01084602072835701495 -0.0005740215678442683227 4.376634972537997686e-05 0.9999998342918594574 0.009815883453027050842
0.9999940155731588121 0.003443297956080715143 0.0003354356192588740814 -0.005016981304075952136 -0.003443318477175915434 0.9999940699240080777 6.061916224034191248e-05 0.01001526428804894869 -0.0003352249002627200178 -6.177381113509734182e-05 0.9999999419041295523 0.002757414472552475581
0.9999983273313934884 0.001811714173486801823 0.0002510501318739934997 -0.01182043262291837191 -0.001811789341670285228 0.9999983138546136852 0.0002995117878004040397 0.0349046550541999151 -0.0002505070788158875379 -0.0002999661367695935694 0.9999999236332571817 -0.001027244662532862847
0.9999997199833106087 0.0007209495338408309414 -0.0002006615808894048915 -0.01524909059380820733 -0.0007209405966911803989 0.9999997391273933722 4.460718900865759016e-05 0.04997536725486502462 0.000200693688074416967 -4.446251143804079832e-05 0.9999999788725640881 -0.005651028731460680868
0.9999926267214863662 0.003824314296689292157 0.0003480270424226216699 -0.02955935978984149462 -0.003824248535454227542 0.9999926695939579391 -0.0001894240962894357561 0.05439981330263635173 -0.0003487489085226642884 0.0001880917577055334197 0.9999999214978416706 0.00577730626445593573
0.9999998340299818267 0.0005627772141652486685 -0.000123376724106225087 -0.04900735578880439924 -0.0005627714199749555245 0.9999998405399767032 4.699308601530752938e-05 0.04716296659718063194 0.0001234031510706025175 -4.692364532164706916e-05 0.9999999912849169004 -0.003374801681919004526
0.9999995985053958814 0.0008850837930178312484 0.0001400561547325627294 -0.03732523061949949428 -0.0008850893507149783625 0.9999996075232766568 3.96249157789798758e-05 0.04434871336254032903 -0.0001400210283930263672 -3.974886208084587712e-05 0.9999999894070696893 0.001735970115273777377
0.9999999094046367887 -0.0004205982240667355981 6.548169247903646618e-05 -0.01362929303631494997 0.0004205912418391394791 0.9999999058690818288 0.000106605978726751567 0.02979136808190950905 -6.55265246005120065e-05 -0.0001065784280423867273 0.9999999921736566488 0.001005628349719136626
0.9999995692551648663 0.0007787954474708874784 0.0005049427053977757589 0.01844203388339325789 -0.0007787058006339362976 0.9999996810179995199 -0.0001777109318816641513 0.007775045199147060347 -0.0005050809447948566983 0.0001773176535199170523 0.9999998567258342463 0.01346342431423747966
0.9999907438290399631 0.004279631801772281266 0.0004438557024038076418 0.005932048429578103653 -0.004279246164548211433 0.9999904688508790551 -0.0008661753069333686479 -0.009151546103132712426 -0.0004475583833383817351 0.0008642679216545220673 0.999999526366114333 0.01791838921186837685
0.9999998139417527465 0.0002214921735558869468 0.0005683816296216513296 0.008662241156872852593 -0.0002213954374949575693 0.9999999609990061211 -0.0001702528898161703946 -0.03798415247228548869 -0.000568419317136822466 0.0001701270210396619621 0.9999998239781228149 0.01265391915170177399
0.9999990774654445858 -0.001210547867900985206 0.0006161510523250695193 0.009140848916407606078 0.001210581151730991557 0.9999992658072678342 -5.364886156348088283e-05 -0.05457436950195209552 -0.0006160856554364640492 5.439471292111617233e-05 0.9999998087398218605 0.01493546369997733256
0.9999960221339915245 0.00273616417469644841 0.0006849246693026097036 0.001803252148281517253 -0.002736115572591200917 0.9999962542449192249 -7.188674569120859258e-05 -0.04955602627463729509 -0.0006851187976807455353 7.001242668163570881e-05 0.9999997628552185214 0.01259786799852444933
0.9999601410027741943 0.008906372124819367589 0.0006268502900915694492 -0.0333532612667478412 -0.008906016761161497652 0.9999601796514446805 -0.0005674300841747659599 -0.04249539198081911384 -0.0006318790721790039974 0.0005618247277903205697 0.9999996425408428369 0.01478632687610973405
0.9999966873417623914 0.002549728336452480263 0.0003524073096455963838 -0.03894993755062520213 -0.002549723817429724003 0.9999967493608714619 -1.327197120557128962e-05 -0.01458170901431876838 -0.0003524400040176699114 1.23733859292268355e-05 0.999999937816469564 0.007097815287779050096
0.9999998437547230612 0.0004537167363567265205 0.0003265450239261716162 -0.02479061891132637585 -0.0004537023252754892157 0.9999998961000663433 -4.420471263165779162e-05 0.002916237756783798298 -0.0003265650464161120713 4.405655148821778353e-05 0.9999999457071439002 0.007994282165426788711
0.9999996456663412525 0.0005786748383979293652 0.0006113940000191580909 -0.01956138801588005668 -0.0005785808079461927846 0.9999998207698831409 -0.0001539624962451228215 0.02188713025127969614 -0.0006114829846615739547 0.000153608700856523679 0.9999998012464434982 0.01002998328166239753
0.9999998652448703895 0.0003574749945887823041 0.0003764596516723348507 -0.02024206988157307985 -0.0003574534477319901899 0.9999999344717988015 -5.730122919838123404e-05 0.01932636508396035763 -0.0003764801107602086766 5.716665467632440399e-05 0.9999999274973472296 0.007664940491518657667
0.9999997189658488272 0.0007493245848496648967 -2.410165841704926029e-05 0.007764751289583171102 -0.000749330973245903773 0.9999996838328777393 -0.0002661526576936898967 0.03050476720609843553 2.390221606716431548e-05 0.0002661706430148620944 0.9999999642909358499 0.003951442433545417771
0.9999914655772637051 0.004121460626039776844 0.0002869406630702250427 -0.009044005967125946094 -0.004121418386839513504 0.9999914960200964043 -0.0001476413564353012823 0.0240765724176934745 -0.0002875467209699159444 0.0001464574938768425634 0.999999947933541522 0.006070008630248571214
0.9999969887428397097 0.002445966759665722193 0.0001993786934827336955 -0.01692442332795357496 -0.002445942958970570916 0.9999970015332111384 -0.0001195308680571691574 0.01814243252604413534 -0.0001996704641823646826 0.000119042839207494 0.9999999729802536708 0.00274800385895927193
0.9999998006438699516 0.0004796628108049381663 0.0004106529049339544424 -0.02291891339207486125 -0.0004795988325154592106 0.9999998728430581352 -0.0001558808113152323951 0.003894343899412565022 -0.0004107276229446928995 0.000155683831585661707 0.9999999035326775365 0.0111700578389038515
0.9999993917325498138 0.0009379582613116777207 0.0005803178701778906887 -0.004795566790440613375 -0.0009379316848168996147 0.9999995590809005463 -4.606689842640785673e-05 0.03336389687079947819 -0.0005803608231326099582 4.552257188770770401e-05 0.9999998305544908206 0.01423758244623314975
0.9999944705370310549 0.003323212630873530801 0.0001230982246652612816 -0.01372331287850612341 -0.003323215835524793039 0.9999944777692092446 2.583789883887291637e-05 0.009228813926522937139 -0.0001230116800566781715 -2.62468379387006777e-05 0.9999999920896149863 0.003010578060071475871
0.9999941213694073516 0.003374663270457012657 0.0006073503420074715959 -0.01207020028379212663 -0.003374616371955997673 0.9999943029062552391 -7.822643334923649254e-05 -0.01131093694250314557 -0.0006076108697470397613 7.617639907728076729e-05 0.9999998125030760132 0.0119255429614011782
0.9999995883874032154 -0.0003014466006640760683 0.0008557774074960678703 -0.01378806156627115226 0.000301619578695938161 0.9999999341092293825 -0.0002020078381114229606 -0.0119728662225840176 -0.0008557164565321287962 0.0002022658741835586056 0.9999996134188563479 0.01724383845273848651
0.9999986000154129639 -0.001585051204580235429 0.0005362647602036852128 -0.01975878703907710948 0.001585110624289046057 0.9999987376177120746 -0.0001103960642711486023 -0.02838069808253388185 -0.000536089099817896363 0.0001112459486871908264 0.9999998501163966935 0.01015431738181052715
0.9999976373747231362 -0.002166356051255006673 0.0001792942577957567824 -0.02697009476440565684 0.002166316587100222332 0.9999976293310814945 0.0002200105939704087761 -0.01734738884376187812 -0.0001797704540300205521 -0.0002196216660431835272 0.9999999597244529914 0.002403012331492599372
0.9999956463272597906 0.002948011532122302332 0.0001286644177733417592 0.01108838955861889825 -0.002948002403432866889 0.999995652105159949 -7.108168028692356049e-05 0.007546926511655111317 -0.0001288734079671921171 7.070206780771766733e-05 0.9999999891964310716 -0.003841227814954018775
0.9999989157232360704 0.001438808457328763588 -0.0003136599676448966509 0.02008676221129051392 -0.001438827941770317708 0.9999989629705589023 -6.190283294864510721e-05 0.03935291055592504 0.0003135705760506965587 6.235406855450397183e-05 0.9999999488927306945 -0.01048943755424862172
0.99999757169771053 0.00219674506030000322 0.0001758118949402171221 -0.01644351938840969349 -0.002196761969505667354 0.9999975825034143062 9.604257568895750979e-05 0.05601610443350267532 -0.000175600488861838176 -9.642855935314247745e-05 0.9999999799330003825 -4.899315553920195743e-05
0.9999999347423234042 0.000320386486571775579 -0.0001669366593114966627 -0.0411310486115490509 -0.0003203736838045888433 0.999999945737872209 7.671346263511617911e-05 0.06362362261478013425 0.0001669612282099247559 -7.665997551646819503e-05 0.9999999831235980574 -0.008798633428980510984
0.9999992486551411153 -0.001223450371158124475 -7.653981044281818198e-05 -0.04760546196988404977 0.001223456809404093381 0.9999992480378340209 8.412610821581143448e-05 0.05596335577457926813 7.643682876945581152e-05 -8.421968816036929327e-05 0.9999999935322276823 -0.00312091026570001772
0.9999987039321804883 -0.001609501069029151046 -4.050022187837891229e-05 -0.04743743605302850469 0.001609498059684105102 0.9999987020022859108 -7.422761750137379781e-05 0.0479471253246707349 4.061963873890344235e-05 7.41623362688174101e-05 0.9999999964249963735 0.001040790269879090417
0.9999985495529740698 -0.001678601386859776253 0.000288425609197508117 -0.03894551320978226205 0.001678558182453466965 0.9999985799745905179 0.000149970765534197559 0.04826344931242400327 -0.0002886769407608284223 -0.0001494864088431991213 0.9999999471597172951 0.0002809147512140264778
0.9999992482941140182 0.001225910151368788141 -2.35692123537808922e-05 -0.03215169879536681347 -0.001225912156263508435 0.9999992449365887603 -8.523870918794827507e-05 0.03998796383468133236 2.34646995586479356e-05 8.526753889744691207e-05 0.9999999960894273565 -0.001819321258520475906
0.999999884777403536 0.0003602385346660767415 0.0003172906834648429549 -0.01429687148618870654 -0.0003602617477721985033 0.9999999324334715167 7.310626218737586936e-05 0.04818731925520974846 -0.000317264326333847684 -7.322056146005940104e-05 0.9999999469910468841 0.001846168562353212202
0.9999996389725982482 0.000835743817576013303 0.0001535804170323147447 -0.015579870167891436 -0.0008357613367260180231 0.9999996442485553638 0.0001140427579876848561 0.05327371910824878209 -0.0001534850518659319849 -0.000114171073389758126 0.9999999817036522298 0.002478461111257405144
0.9999982444051919162 -0.001826361598394291019 -0.0004190344209699983758 -0.02555578371412821695 0.001826405676777435871 0.9999983266248960723 0.0001048318244336040266 0.007851670135681245583 0.0004188422589497955246 -0.0001055969672366220913 0.9999999067102169903 -0.00715501687075651132
0.9999937739071734777 -0.003526779218850783701 0.0001182168778902733831 -0.04094062129902412833 0.003526693153113195749 0.9999935216351688583 0.0007205019756182015882 0.005109120008315984167 -0.0001207571634329604118 -0.0007200805750521816579 0.9999997334508009539 -0.008673542939700986526
0.9999883880620907828 -0.004773847210463610415 -0.0006588807119309752526 -0.05075638816008309906 0.00477378792041107617 0.9999886012206646857 -9.15293913349169699e-05 0.009311174700010632979 0.0006593101488246313037 8.838297171769997915e-05 0.9999997787492644896 -0.01302277485064353042
0.999989342049729335 -0.003704247378486241835 -0.002755782703398215131 -0.07643750195880866238 0.003703057550922358998 0.9999930482899767048 -0.0004367338948734663653 0.04289852345739050138 0.002757381316381154936 0.0004265244182368133031 0.9999961074550224316 -0.02074543624983408649
0.9999967556645711353 -0.0001014452954633117643 -0.002545264069601516597 -0.1265990385542322683 9.974815838232324204e-05 0.9999997726470528647 -0.000666900402932092207 0.1268681458021829189 0.002545331144836649254 0.0006666443538799480054 0.9999965384313430627 -0.007035106961859172343
0.999990424700441749 0.003483818643401197842 -0.002648304191359561639 -0.1440078729751760878 -0.003483656910774698186 0.9999939298918623098 6.568072113786602368e-05 0.2078073399911124497 0.002648516935587550639 -5.64543090272225925e-05 0.9999964910793202044 -0.02108967022973374378
0.9999971461740194689 0.0004319275808146052597 -0.002349698359735769276 -0.1270764632157349028 -0.0004316401885529323355 0.9999998993014816984 0.0001228160167853711187 0.2498665040622608524 0.002349751170749641606 -0.0001218014420467927197 0.9999972319130909781 -0.01584490502600884726
0.9999932812245850844 -0.002830193412957061287 -0.002329701897923540637 -0.1341967877366171957 0.002830897349716673776 0.9999959483267019111 0.0002989153315269585756 0.2570757212012149684 0.002328846470530248746 -0.0003055084701104395796 0.9999972415655412616 -0.01506451485244399667
0.9999967077975269181 -0.001909054276110695378 -0.001714615373311382087 -0.1420447756393022343 0.001911720358321391004 0.9999969642286117288 0.00155462498123196775 0.304554245769569798 0.001711642304662920524 -0.001557897728207610025 0.9999973216140577437 -0.01645936299831401994
0.9999893104066628347 0.003858255286873299959 -0.002548124515834053992 -0.134386326326131178 -0.003854676617948104601 0.9999915796728621187 0.001407853523914809248 0.4114468703944753614 0.002553534918093830226 -0.001398016278542354518 0.9999957624959753266 -0.03218067748406996942
0.9999947951770803423 0.001590641611556901317 -0.002807040792845550727 -0.1443906082194724994 -0.001584796651105685938 0.9999965742444595351 0.002083247205647573933 0.5168951984148573153 0.002810344876302465263 -0.002078787773866751839 0.9999938902828694465 -0.03222423356262608951
0.9999868412962787945 0.003462936078872077932 -0.003784878862609608943 -0.1412788708041423091 -0.003448235968444261865 0.9999865137462827791 0.003883554333515649559 0.6848472409446364484 0.003798276319188770202 -0.003870452075544534524 0.9999852962407667079 -0.05053073848303384769
0.9999845982617449058 0.005511017213040325831 -0.0006572127313116833116 -0.1832342284955976175 -0.005507259249320673941 0.9999692163360334174 0.005588960176990236291 0.8291314135741827407 0.0006879933556341981133 -0.005585254656395185167 0.999984165672419989 -0.03400087258147969915
0.9999929956433691869 0.003437731203369464791 0.001480090664131540439 -0.1484528828698132297 -0.003446883689354989736 0.9999746761447877441 0.006226239792924733417 0.9322180035679359378 -0.001458649043714062982 -0.006231297882489716077 0.9999795214251474551 -0.01350123627747432109
0.9999749113555518321 -0.005741624631896155052 0.004148542640818022632 -0.0617960630170073244 0.005711127563250060178 0.9999568547257133844 0.007326097802706992186 0.9044810453050233789 -0.00419042735440759706 -0.007302221144620733156 0.9999645583144146643 -0.02570617712537393018
0.9998504602194882018 -0.01606919744793739932 0.006390468860490285639 0.06186876355138537509 0.01602094038702054149 0.9998432851332827997 0.00753224023783544399 0.8358012896204835007 -0.006510504434621630643 -0.007428732547624490416 0.9999512124422583748 -0.02013250867750522935
0.9998615160231449916 -0.01249714236329634194 0.01098954997484485017 0.054503228114843566 0.01241763902097992901 0.9998964462610417936 0.007273169576200342115 0.7756504328563400552 -0.01107930580148165818 -0.007135698094162446284 0.9999131616273816414 0.01857969878925333496
0.9993659305320590214 -0.03392127947848307817 0.01082052172191643596 0.08903201407645132404 0.03383920906030703224 0.9993977833757966556 0.007679746982620494836 0.6636579075928761284 -0.01107451226757445034 -0.007308719592847779528 0.999911965022895588 -0.008198420780801735433
0.9993834557306576771 -0.03280289946221012776 0.012517116230215862 0.105699922826188758 0.03270526526633033698 0.9994336063397532 0.007926672856520105767 0.5626531519578197305 -0.01277004446772075398 -0.007512410105116768336 0.9998902388055925794 0.00419497906505863008
0.9995021571817748196 -0.02891138703994705281 0.01263208171304635273 0.2010879233564415447 0.02881331005416196481 0.9995537627031939598 0.007878364653265388512 0.5072085483911382697 -0.01285421925678208351 -0.007510470378975887991 0.9998891747998800428 -0.003769075894068168661
0.99960796652515016 -0.02442514836215391172 0.01368668648508318021 0.3514420041232254599 0.02431774651107993998 0.9996725937119209648 0.007959433767765871845 0.4738459642821116757 -0.01387661572852141693 -0.007623484030767180286 0.9998746531576623298 0.0009735218897266167959
0.9996666553421510448 -0.02182830723519153457 0.01378779171161860842 0.5449581492102426594 0.02173121781817782469 0.9997382621852838325 0.0071527124147190849 0.412631040037345409 -0.01394031452929970528 -0.006850702591329658163 0.999879360475467216 -0.009639504361751590616
0.9997944320011682429 -0.01383540757353004733 0.01482144516353557824 0.6635574389779645976 0.01373370264016525628 0.9998815902831947877 0.006941961145162031666 0.395636090760763226 -0.01491573502221404599 -0.006736980779527939646 0.9998660579991318631 0.001434012911077765882
0.9997922291450720422 -0.01359244274785637203 0.0151902613958448951 0.8036840093551040898 0.01349077866792770287 0.9998860408260907828 0.006775267674284135219 0.3904550543205864144 -0.01528062276416886772 -0.006568931516727772625 0.9998616662852255477 0.01120723029899481533
0.9997924314000971036 -0.01387820970461223907 0.01491607892433450752 0.830327258032541593 0.01378107901961142696 0.9998832871520079157 0.006594993188050364726 0.2912003825860969286 -0.01500586472474662626 -0.006388064612228937407 0.9998669994826174801 0.0004675883664165660439
0.9998250890734313723 -0.01211769559334219086 0.01424614729715428796 0.8541712228220319503 0.01202611706141260353 0.9999065796816930529 0.006496492721708119027 0.2641409073895703008 -0.01432353893876516134 -0.006324030579077013353 0.9998774139210788725 0.002445703203762852104
0.9997531506246198907 -0.01779257613427450563 0.01330646649761746229 0.7293797311744754097 0.01769867228639248821 0.9998178593229378741 0.007141790965633926409 0.1927703784733349468 -0.01343111370829139749 -0.006904521229163771562 0.9998859598830013296 0.002759618576836655839
0.9996018923996274896 -0.02560612868323480784 0.01184832836062797018 0.6343197679737133665 0.02552155851180120533 0.9996480924162681747 0.007234734248394535452 0.12190768667850857 -0.01202941238017671798 -0.006929466240180773284 0.9999036332244292113 -0.00123918722729689755
0.9994218298008969992 -0.03174201294561538461 0.01218403593179576659 0.601312974218447982 0.03165212761491977694 0.9994708017296302094 0.007500620466276965333 0.08799364268232456876 -0.01241567295299524781 -0.007110633170870614417 0.9998976397417055351 0.00673154629983527264
0.9994618451982193452 -0.03029029153887586451 0.01259040235499369643 0.6206677601726386939 0.03019620251076928635 0.9995151182499669718 0.007597219470509868587 0.06080471001194533154 -0.01281441949131275661 -0.007212948651168175213 0.999891876167046556 -0.002332013722040467314
0.9993939206352659976 -0.03204048337540525704 0.01360877740070963633 0.7101113700456532785 0.03194206424265480515 0.9994624098347972829 0.007388901077824306697 0.06811454570876826486 -0.01383820541796512531 -0.00694973037535552042 0.9998800954707119937 0.0005693788662822418453
0.9994685408246698488 -0.02936553886532372939 0.01415277460268753347 0.8398634239531834744 0.02926368203217408898 0.999544695182991827 0.007351139058655534013 0.09928863805807741638 -0.01436220093596824766 -0.00693306993250760676 0.9998728217756425174 -0.00854261018956545097
0.9994003494140717425 -0.03090799060374384635 0.01560889835542892193 0.8790527139284338709 0.03078742630525704155 0.9994946851861942205 0.007906242220483727587 0.09900168291250732722 -0.01584537700812436653 -0.007420943429879709244 0.9998469150955464624 -0.003159710219488734515
0.9992899714899823316 -0.033671851865837224 0.01690441573895197502 0.8901020851460859085 0.03353096398862478317 0.9994011080264161295 0.008549837984731554347 0.1064399035391680598 -0.0171821806981465805 -0.007976946000614822813 0.9998205543991178779 -0.0006780564061796261893
0.9992582771421611998 -0.03357108201648820178 0.01886472939434578541 0.9269255697128410132 0.03341122003088171227 0.9994035920235745385 0.008726432628773789224 0.1116856975284119813 -0.01914643410475381363 -0.008089666409608108413 0.9997839623430921918 0.00703952201190427302
0.9991722025604637958 -0.03528455536290445865 0.02024622886647292966 0.9438471234170944246 0.0351060537149871163 0.9993421123546050167 0.009105353765589319429 0.1395959862138100305 -0.02055418748167660292 -0.008387051178943770793 0.9997535610086567548 -0.005122397535975973561
0.9991721859737676681 -0.0333920214077924743 0.02323608578706991626 1.005270005527049371 0.03318337892270718792 0.9994059383009540332 0.00930773076864530903 0.1874530820047834445 -0.02353308606355264745 -0.008528973859209759353 0.999686676146698594 -0.0007561744719344976398
0.9989498304333704892 -0.03749256842103941556 0.0263352157829418107 1.043773347812278818 0.03725008968326887909 0.9992594901388611728 0.009638578007754158503 0.2054499266175919825 -0.02667708934139657179 -0.008647466716722009353 0.9996066997692913958 0.0007402365562991022885
0.998853393575214743 -0.03901778716679635967 0.02774005097118266774 1.085509420349923371 0.03876059161047797075 0.9992009590535102515 0.009749869976112013684 0.2332571066683718497 -0.02809830388623085762 -0.008663469925608728583 0.9995676213281246003 -0.005088577196758079825
0.9991846235232393347 -0.02871049161820778475 0.02838654233546848357 1.140493260938196807 0.02846200723616033532 0.9995532762883284628 0.009119320443834327133 0.2622834233283828365 -0.02863568156708131557 -0.008303946791098705191 0.9995554222797650157 -0.009703601859598159213
0.9990418229239702574 -0.03291331424626147556 0.02884700667447580649 1.188105779135751439 0.03264962618974058539 0.9994210898647988284 0.009564885944327477726 0.267311498800814229 -0.02914511894675703499 -0.008613877105266197487 0.9995380748939955984 -0.00210795164145173488
0.9987820701596229478 -0.03968664403769849719 0.02931461431919175561 1.196857477553969318 0.03942302090669430603 0.9991772877264026853 0.009516990821670533174 0.2772592068634832652 -0.0296681942532452704 -0.008349729141381049408 0.9995249272894685122 -0.005901017412131679199
0.9988972816516867859 -0.03681476578179709858 0.02913578091114204724 1.266112211884026451 0.03655263185513121099 0.9992867706147359197 0.009479197161963447832 0.2554458664923905942 -0.02946397483935076639 -0.00840375480386893782 0.9995305153380074081 -0.02263680770227070177
0.9991536631914443856 -0.028044480420904596 0.03009093632706033583 1.341489381202494169 0.02779114236910322153 0.999574975254018061 0.008804615366349032718 0.2375824455281906888 -0.03032506779774674088 -0.007960902200794364378 0.9995083863075944208 -0.01152662331944027431
0.9987129409895657561 -0.04102864684887396612 0.02981797507750302834 1.354954558773075801 0.04075475019131096638 0.9991217417543577506 0.009736297580823843542 0.199371172678916353 -0.03019125431008202326 -0.008508542265799801455 0.9995079253671254049 -0.0226010202544928776
0.9986241848524853859 -0.04305205553009183728 0.02993756740857689627 1.397626238897395012 0.04279307709997070414 0.9990412420119910708 0.009238469107717672477 0.1821584330080979752 -0.03030659961172086497 -0.00794463805167862705 0.999509075869850494 -0.02017642319171644716
0.9989109757448576543 -0.03578546197889648922 0.0299376560106714984 1.46606827199863976 0.0355384483451258934 0.9993300657803784182 0.008742900926199078868 0.1206675224196037538 -0.0302304684991344455 -0.007669441853320745593 0.9995135308918940975 -0.01871970297892083801
0.9988600786651887775 -0.03791442508701376585 0.02900068308323355826 1.526301758452007107 0.03765857345685531127 0.9992472168905852659 0.009318335774926651133 0.05754432272587239883 -0.02933215120252110827 -0.008215589250982946803 0.9995359568315146381 -0.02216756774552201825
0.9988494783721826309 -0.0389746022346353152 0.02794100814699642527 1.54820688920017302 0.0387282305474659222 0.9992064523544990085 0.009305360379835465531 0.006550314924963097224 -0.02828150834522247248 -0.008212548556218330145 0.9995662611012492427 -0.01959901313939819631
0.998757401717278448 -0.0414256378074061779 0.02770503649520080977 1.576064958766958402 0.04118639389276453761 0.9991095714350609613 0.009151241716778307778 -0.025843079608016295 -0.02805946316416008807 -0.007998799853631513579 0.9995742522333399549 -0.00997850251793640404
0.998722800709281433 -0.04243130938550686293 0.02742902344671169224 1.576171825671019544 0.04217886698367022402 0.9990628155029289692 0.009717708543390811762 -0.03764207256622136011 -0.02781565248889043482 -0.008548371961480958139 0.9995765177380996347 -0.01819812085606781205
0.998657368532837042 -0.04349155662608668316 0.02814151341540022111 1.536614515496701694 0.04320175373162545018 0.9990077143019731043 0.01082567502095415669 -0.01528929919370866294 -0.02858441445230672576 -0.009595377396810388787 0.9995453266275780013 -0.02010632325239506552
0.9988998793648153907 -0.03667666937388983084 0.029220761944131559 1.597004400061462714 0.03635931042118051987 0.9992746749162385589 0.01131921449315420949 0.08284686984836342472 -0.02961471848006441698 -0.01024431523744611175 0.9995088906331260903 -0.0197610086950259882
0.9988789132269781934 -0.03614132259660165353 0.03057321558912956885 1.66179891605564567 0.03578584892263434597 0.9992862813888169216 0.0120954886216596523 0.1588933504116200046 -0.03098854187239882124 -0.01098784005520095364 0.9994593426665958624 -0.01955491962771852693
0.9988102563291781921 -0.03733500496580482997 0.03137147200634012728 1.720919454495335676 0.03693812956297209266 0.9992312046084153021 0.01313675459176691894 0.2075862182415252888 -0.03183781456115260255 -0.01196232172358488097 0.9994214608577060011 -0.02998121784014590174
0.9987718746367574285 -0.03735843829846211689 0.03254365564096001889 1.714534369036369466 0.03690575249990004497 0.9992149704330889337 0.01440167680575340885 0.2192230290144988047 -0.03305613206340862059 -0.01318294164066779323 0.9993665504621941365 -0.0302663923289605008
0.9986085734651695134 -0.0409276783350634929 0.03325420496659950431 1.713002453374297573 0.04043022259965064341 0.999062185683660231 0.01549665246207301492 0.2889736540953142807 -0.03385726070434132151 -0.01413061509946221539 0.9993267791941278233 -0.03178739755253005145
0.9986652672107296791 -0.03844508680445982846 0.03449143904680334466 1.664360048603949149 0.03790989496619474181 0.9991524366495210252 0.0160389588495318397 0.333013549094215211 -0.03507882453238540116 -0.01470998429375238933 0.9992762843335689649 -0.02716935848886036994
0.9989273956175137581 -0.02973234225090584312 0.03549712818082897958 1.668531243540803288 0.02919922735760159538 0.9994542988004074813 0.01544376026442281086 0.3974787524409058026 -0.03593693652122136734 -0.01439070650318717212 0.9992504411606776271 -0.02512577945335110752
0.9987875919773602229 -0.03384653562901866058 0.0357457429350637873 1.712891565173337405 0.03328947180794514238 0.9993166125693996316 0.01606607947100010744 0.502080589861855886 -0.03626509587487834058 -0.01485664392566623734 0.9992317663847821718 -0.02740501890887543646
0.9989135155400151733 -0.02958847989046691287 0.03600430987061425253 1.658074836792106321 0.02903889877866191668 0.9994550907500581172 0.0156927987151947966 0.5460064010675864665 -0.03644901684833767169 -0.01463022322332872133 0.9992284151980592721 -0.03164771335768828964
0.9986698841633073753 -0.03750530953673931328 0.03538098672733139965 1.66925785777373914 0.03695833222471871932 0.9991888840183862364 0.01598923804498663531 0.5665373009177903096 -0.03595196996568542774 -0.01466034824433927464 0.9992459807499558533 -0.03996341354547817276
0.9987289671243340106 -0.03542059728964052495 0.03585849291877791362 1.662934577477408915 0.03485422770206801635 0.9992594959029509338 0.01629854775962526203 0.5590333062433687772 -0.03640924385445720723 -0.01502801169235308543 0.9992239617956132358 -0.03025628829097800482
0.9989189025611684425 -0.02999966343875777944 0.03551121371555838319 1.68834314966077681 0.0294536938283599288 0.9994412757936141922 0.01579924554838144785 0.541036509675763444 -0.03596534478989509703 -0.0147362286082321093 0.999244383291970184 -0.0261049161477317701
0.9988184203085732626 -0.03386518803333918304 0.03485559197249295943 1.698931001164484034 0.03333704660112362522 0.9993220411636224432 0.01562367973576689849 0.4945298910716419138 -0.03536106016794245827 -0.01444323661918901248 0.9992702278862115595 -0.03235127248727512339
0.9989181087372065448 -0.03069546342203795589 0.03493423195361102657 1.744639067105407726 0.03017403160674200779 0.9994266836403919996 0.0153568175141597027 0.4324001241456394418 -0.03538558821720647757 -0.01428609648834130476 0.9992716185270389406 -0.02824863827144750289
0.9988854009625328656 -0.03147500234296973093 0.035174990709735586 1.760702172428281198 0.03093755193695846284 0.9993976823665863263 0.01572069847187871489 0.3834107819667686989 -0.03564861321381145726 -0.01461494809452917008 0.9992575141914752379 -0.02115711610164308989
0.9986585129788055903 -0.03847700765735152101 0.03465103658906868583 1.808220683561299946 0.03793914262630210948 0.9991511721939005941 0.01604856879399154182 0.3136573928208619133 -0.03523912473007766166 -0.0147124092279437655 0.9992706085455368425 -0.02810389620398372201
0.9988299577588007905 -0.03349850454526623333 0.03487930155239585273 1.833556014336685802 0.03295743599374360844 0.9993290970898917047 0.01597382616094718613 0.2515342630145461778 -0.03539100021573958477 -0.01480560376116573686 0.9992638646528737567 -0.02853877093076142082
0.9987372945378215627 -0.03640288669748577288 0.03462147222985519079 1.869364273269947585 0.03587194771222815964 0.9992309290097015628 0.01583521006301710429 0.1872978931231976119 -0.03517129321767668848 -0.01457327521522606625 0.9992750371058497505 -0.03790721185231153006
0.9988570198089796737 -0.03320641205081359404 0.03438005493065840468 1.872379199168950237 0.0326904330769583959 0.9993458997152950829 0.0154631273508378294 0.129335095741503231 -0.03487104190534621312 -0.01432155441769175641 0.9992891991388161976 -0.03806161232881088985
0.9988157283052060409 -0.03438594763296395906 0.03442016117806340897 1.913681786759698245 0.03385906036852901618 0.9993021086427377186 0.01577528741856806804 0.1108031731273018822 -0.03493858785213149742 -0.01459117087697846954 0.9992829393176577701 -0.03772872543161789882
0.998786910857200283 -0.03515513608503340048 0.03447931419233676159 1.940999366561315442 0.03462815348778763846 0.9992759301570173225 0.01576408560158320746 0.08120306784693767654 -0.03500853733530314565 -0.01455100737648786988 0.9992810768237193608 -0.03593876431143262079
0.9986390317845037501 -0.03907860056521091779 0.03453906736398008187 1.932893217591918678 0.03853585040406237727 0.9991251976648838351 0.01624277146125632093 0.07130285309441734831 -0.0351435972852037759 -0.01488967323253181235 0.9992713471329416342 -0.0320882045105285521
0.9986490022597452887 -0.0386672607914480479 0.03471330045532068642 1.940232167442537348 0.03813125850315580295 0.9991450769063345838 0.01597255204405959028 0.0401416652114429881 -0.03530123808849671557 -0.01462731132918241791 0.9992696654820951707 -0.02738415673262629968
0.9987644808433857602 -0.03564576739151082557 0.03462500646516081249 1.967491818892831423 0.03511425634586285566 0.9992577762506876793 0.01583936879448478996 0.02320311930247360641 -0.03516391341871883541 -0.01460396759791571242 0.9992748487395647361 -0.03170613620630243629
0.9986841588853480056 -0.03803101884962777068 0.03440337769353735142 1.979779581441436509 0.03749467236172033396 0.9991670704769938238 0.01610325491661244654 -0.00761873879965880782 -0.03498714529583932253 -0.0147921222169577482 0.9992782859566029519 -0.03601929226391734074
0.9986229976333742542 -0.03955430043817863978 0.03446107825620094156 2.013048664905267238 0.03902419674818580209 0.999111404781676149 0.01592208853588354678 -0.06908253927090186874 -0.03506024338039581689 -0.01455534788426339834 0.9992792008153054129 -0.02982314383932831159
0.9985035598130239665 -0.04256537702595474676 0.03433408975577024319 2.062245940544656264 0.04202400600833198357 0.9989830005772970534 0.0163385273691302145 -0.1091641727920496102 -0.0349946275838255022 -0.01487122174599194054 0.9992768499290128892 -0.02797370328741933393
0.9987486636281038832 -0.03638296907142208464 0.03431306547985014249 2.095397443184005226 0.03585631561785203314 0.9992313962632337621 0.01584112849961218442 -0.1819586709672371128 -0.03486303961776023724 -0.01459096581368720877 0.9992855808952885166 -0.03267043995620190489
0.9987586054136210478 -0.03615089223883388714 0.03426895245809252061 2.140410341912768022 0.03562157564778954677 0.9992383337388073272 0.01593285082026277971 -0.2631775223044129919 -0.03481883772625950918 -0.01469235778315247827 0.9992856364234223854 -0.03289242675698417218
0.9987053891289064955 -0.0372784182727430996 0.03461019005960466743 2.142530569416221109 0.03673644128693898808 0.999194227146324665 0.01616571430621412814 -0.3101198567953603047 -0.03518493436757880871 -0.01487333078167984296 0.9992701358616737917 -0.02666165059063291959
0.9986526709609481189 -0.03864014324345609736 0.03463787107617301991 2.192271441152067624 0.03810618209624625635 0.9991464639537748216 0.01594560926135720619 -0.3296203943153247495 -0.03522444703060802901 -0.01460420825629905363 0.9992727132432840387 -0.02507368424341678559
0.9985437088580945142 -0.04152325310182700124 0.03444242952758429233 2.15283522587317977 0.04098528102151150626 0.9990287124256511664 0.01618142418742352096 -0.3535915580064208363 -0.03508088139583617759 -0.01474622666946431328 0.9992756779585421079 -0.02853403719599405947
0.9981759433829489048 -0.04976337975941533959 0.03418175078137675182 2.11622019080146373 0.04920221208095004739 0.9986430058355482142 0.01706719725327888321 -0.3533667505912940765 -0.03498468776337944341 -0.01535424796795104713 0.999269892817469807 -0.02828558999748857772
0.9986250982083421102 -0.03932872464024329828 0.03465782229960379102 2.12157601497138959 0.03878839411462555592 0.9991172920830414528 0.01612752748126466268 -0.2996550560547470154 -0.03526150465291399971 -0.0147610324443239703 0.9992691019994515145 -0.0256417372814687558
0.9986899982209804794 -0.03753870436376692543 0.03477259162138741921 2.083966844108969596 0.03700588788196020745 0.9991894689057516654 0.01584201659857983197 -0.2847770311652315089 -0.0353390961322706601 -0.01453447290174618434 0.9992696820088271537 -0.02563349873508133023
0.998588274497780648 -0.04025666974160286432 0.0346534064250619625 2.081378448198799802 0.03971816439309511226 0.9990813576299263365 0.01609062626457580941 -0.2400468357905451988 -0.03526932736512111005 -0.01469154102396007938 0.9992698500252837901 -0.02584041110407429842
