0.000000000000 255000 1.000000000000 -0.000000000000 0.000000000000 -0.000000000000 -0.000000000000 1.000000000000 -0.000000000000 0.000000000000 0.000000000000 -0.000000000000 1.000000000000 -0.000000000000 -0.000000000000 0.000000000000 -0.000000000000 1.000000000000 0.000000000000 0.000000000000 0.000000000000 0.000000000000 0.000000000000 0.000000000000
0.000000000000 99573000 1.000000000000 -0.000000000000 0.000000000000 -0.000000000000 -0.000000000000 1.000000000000 -0.000000000000 0.000000000000 0.000000000000 -0.000000000000 1.000000000000 -0.000000000000 -0.000000000000 0.000000000000 -0.000000000000 1.000000000000 0.000000000000 0.000000000000 0.000000000000 0.000000000000 0.000000000000 0.000000000000
0.000000000000 100268000 1.000000000000 -0.000000000000 0.000000000000 -0.000000000000 -0.000000000000 1.000000000000 -0.000000000000 0.000000000000 0.000000000000 -0.000000000000 1.000000000000 -0.000000000000 -0.000000000000 0.000000000000 -0.000000000000 1.000000000000 0.232950077766 -0.242577367181 -0.030882308862 -0.000558754469 -0.002423079822 0.015433507983
0.000000000000 199579000 0.999998796421 -0.001532719230 -0.000240682387 0.023153469209 0.001532732583 0.999998823835 0.000055306366 -0.024073094701 0.000240597335 -0.000055675201 0.999999969507 -0.003063518656 -0.000000000000 0.000000000000 -0.000000000000 1.000000000000 0.232950077766 -0.242577367181 -0.030882308862 -0.000558754469 -0.002423079822 0.015433507983
0.000000000000 200270000 0.999999305326 0.000993542248 -0.000634209028 0.022657646378 -0.000993672865 0.999999485157 -0.000205670822 -0.028755293380 0.000634004359 0.000206300875 0.999999777739 -0.007131922096 -0.000000000000 -0.000000000000 -0.000000000000 1.000000000000 0.246806101350 -0.233757493690 -0.061023560191 -0.002025477969 0.001548578062 -0.001427348348
0.000000000000 299575000 0.999999240132 0.001135301912 -0.000480441673 0.047159558161 -0.001135304181 0.999999355532 -0.000004450816 -0.051975682896 0.000480436310 0.000004996260 0.999999884578 -0.013189144698 -0.000000000000 -0.000000000000 -0.000000000000 1.000000000000 0.246806101350 -0.233757493690 -0.061023560191 -0.002025477969 0.001548578062 -0.001427348348
0.000000000000 300386000 0.999997587890 -0.002163664283 -0.000377851723 0.043969031052 0.002163562305 0.999997623022 -0.000270090776 -0.057234423019 0.000378435211 0.000269272618 0.999999892140 -0.008306408498 -0.000000000000 0.000000000000 -0.000000000000 1.000000000000 0.203288118665 -0.124283799450 0.060029579400 -0.001523535048 0.004322290845 -0.041600653483
0.000000000000 399573000 0.999998072754 0.001962646783 0.000050061279 0.063868190659 -0.001962640850 0.999998067021 -0.000118299904 -0.069785025124 -0.000050293363 0.000118201423 0.999999991750 -0.002365794621 -0.000000000000 0.000000000000 -0.000000000000 1.000000000000 0.203288118665 -0.124283799450 0.060029579400 -0.001523535048 0.004322290845 -0.041600653483
0.000000000000 400589000 0.999990578000 0.004330093045 -0.000306928880 0.046384764815 -0.004330242965 0.999990504656 -0.000489482730 -0.062091665445 0.000304806460 0.000490807194 0.999999833101 -0.006616532816 -0.000000000000 -0.000000000000 -0.000000000000 1.000000000000 0.039976290774 -0.034673784371 0.029825816338 -0.007754681455 0.002003684725 0.051951221927
0.000000000000 499575000 0.999999664235 -0.000812314799 -0.000108045555 0.050668348360 0.000812344707 0.999999631668 0.000277056697 -0.065278277126 0.000107820458 -0.000277144375 0.999999955783 -0.003624932927 -0.000000000000 0.000000000000 -0.000000000000 1.000000000000 0.039976290774 -0.034673784371 0.029825816338 -0.007754681455 0.002003684725 0.051951221927
0.000000000000 500518000 0.999999910374 0.000136780916 -0.000400678323 0.029311886565 -0.000136885557 0.999999956533 -0.000261144675 -0.070026394612 0.000400642586 0.000261199498 0.999999885630 -0.005955133473 -0.000000000000 -0.000000000000 -0.000000000000 1.000000000000 -0.047583266213 0.225237705630 -0.043275118987 -0.005669609122 -0.001397438778 0.015765935175
0.000000000000 599576000 0.999998839421 -0.001424952562 -0.000539135492 0.024691427540 0.001425114305 0.999998939602 0.000299739731 -0.047677237153 0.000538707805 -0.000300507712 0.999999809744 -0.010205075685 -0.000000000000 0.000000000000 -0.000000000000 1.000000000000 -0.047583266213 0.225237705630 -0.043275118987 -0.005669609122 -0.001397438778 0.015765935175
0.000000000000 600344000 0.999998833601 -0.001388107445 -0.000637145403 0.021190013215 0.001388218787 0.999999021226 0.000174341385 -0.039338487858 0.000636902775 -0.000175225679 0.999999781825 -0.005832358765 -0.000000000000 0.000000000000 -0.000000000000 1.000000000000 -0.060017708914 0.303328489794 0.122842897739 0.003752719309 0.007215148048 -0.010559478108
0.000000000000 699580000 0.999999939017 -0.000340221151 0.000078843573 0.015208824177 0.000340236738 0.999999922563 -0.000197770337 -0.009256592823 -0.000078776281 0.000197797151 0.999999977335 0.006335981652 -0.000000000000 0.000000000000 -0.000000000000 1.000000000000 -0.060017708914 0.303328489794 0.122842897739 0.003752719309 0.007215148048 -0.010559478108
0.000000000000 700313000 0.999991305735 -0.004163142632 -0.000238111024 -0.000938012444 0.004163169318 0.999991327736 0.000111687332 -0.025616531969 0.000237643988 -0.000112677657 0.999999965415 -0.001961933040 -0.000000000000 0.000000000000 -0.000000000000 1.000000000000 -0.101012540477 0.149444737344 0.042549340862 0.000595364899 0.003602057262 -0.040287171813
0.000000000000 799585000 0.999999979413 -0.000163767983 0.000119804359 -0.011038495536 0.000163761656 0.999999985196 0.000052820353 -0.010756788770 -0.000119813007 -0.000052800732 0.999999991428 0.002263122855 -0.000000000000 0.000000000000 -0.000000000000 1.000000000000 -0.101012540477 0.149444737344 0.042549340862 0.000595364899 0.003602057262 -0.040287171813
0.000000000000 800290000 0.999999905981 0.000427768322 0.000071080666 -0.008633576142 -0.000427765013 0.999999907425 -0.000046553937 -0.002816590839 -0.000071100574 0.000046523526 0.999999996390 0.002913054559 -0.000000000000 0.000000000000 -0.000000000000 1.000000000000 0.147553556623 0.193949130743 -0.148827989018 -0.000668426046 -0.006049612802 -0.010480796621
0.000000000000 899579000 0.999998781682 0.001468388367 -0.000529593676 0.006026661188 -0.001468377953 0.999998921731 0.000020052048 0.016441502822 0.000529622549 -0.000019274380 0.999999859564 -0.011865176980 -0.000000000000 0.000000000000 -0.000000000000 1.000000000000 0.147553556623 0.193949130743 -0.148827989018 -0.000668426046 -0.006049612802 -0.010480796621
0.000000000000 900324000 0.999996908164 -0.002466237023 -0.000318335060 0.001986385983 0.002466251108 0.999996957836 0.000043861621 0.016718687500 0.000318225918 -0.000044646580 0.999999948369 -0.002950877816 -0.000000000000 0.000000000000 -0.000000000000 1.000000000000 0.119918586642 0.112794578297 -0.078994108014 0.001642807856 -0.002489313555 -0.022987791268
0.000000000000 999584000 0.999999823084 -0.000184470898 -0.000565510244 0.013942159113 0.000184404085 0.999999976012 -0.000118195852 0.027897676709 0.000565532034 0.000118091549 0.999999833114 -0.010786260338 -0.000000000000 0.000000000000 -0.000000000000 1.000000000000 0.119918586642 0.112794578297 -0.078994108014 0.001642807856 -0.002489313555 -0.022987791268
0.000000000000 1000273000 0.999999548679 -0.000434575438 -0.000844858580 0.005566870829 0.000434610766 0.999999904690 0.000041632027 0.028323549501 0.000844840407 -0.000041999193 0.999999642240 -0.007174579625 -0.000000000000 0.000000000000 -0.000000000000 1.000000000000 0.055270983108 0.115677686743 -0.041757711392 0.000802762551 0.006304192856 -0.011492374972
0.000000000000 1099566000 0.999999726445 0.000706537655 -0.000218892857 0.011087982731 -0.000706545874 0.999999749694 -0.000037469887 0.039800790947 0.000218866329 0.000037624535 0.999999975341 -0.011323332749 -0.000000000000 -0.000000000000 -0.000000000000 1.000000000000 0.055270983108 0.115677686743 -0.041757711392 0.000802762551 0.006304192856 -0.011492374972
0.000000000000 1100316000 0.999984988592 -0.005465731739 -0.000385183938 -0.002214579573 0.005465770965 0.999985057476 0.000100859223 0.030603719666 0.000384626913 -0.000102963036 0.999999920730 -0.001375128741 -0.000000000000 0.000000000000 -0.000000000000 1.000000000000 -0.026957206866 0.004305778569 -0.020898474948 0.001451582170 0.003129101133 -0.052391779223
0.000000000000 1199570000 0.999999961941 -0.000265660650 -0.000074453622 -0.004730649909 0.000265657522 0.999999963830 -0.000042021738 0.031049492426 0.000074464783 0.000042001958 0.999999996345 -0.003443871827 -0.000000000000 0.000000000000 -0.000000000000 1.000000000000 -0.026957206866 0.004305778569 -0.020898474948 0.001451582170 0.003129101133 -0.052391779223
0.000000000000 1200255000 0.999994860542 -0.003153563659 -0.000577862737 0.003875625397 0.003153695040 0.999995001421 0.000226586093 0.033081629919 0.000577145295 -0.000228407331 0.999999807367 -0.005252178539 -0.000000000000 0.000000000000 -0.000000000000 1.000000000000 -0.034027133661 -0.089642935638 -0.022578381703 0.003477341767 0.002250203211 -0.041681668571
0.000000000000 1299575000 0.999999450962 0.000986233578 -0.000354145572 0.000613137077 -0.000986275016 0.999999506803 -0.000116854081 0.024171206592 0.000354030152 0.000117203302 0.999999930463 -0.007485274963 -0.000000000000 -0.000000000000 -0.000000000000 1.000000000000 -0.034027133661 -0.089642935638 -0.022578381703 0.003477341767 0.002250203211 -0.041681668571
0.000000000000 1300305000 0.999969098594 -0.007837337417 -0.000614816727 -0.009854155852 0.007837587511 0.999969203450 0.000405428939 0.030405172283 0.000611620310 -0.000410235090 0.999999728814 -0.003848331504 -0.000000000000 0.000000000000 -0.000000000000 1.000000000000 0.132008302290 -0.044901771317 -0.000734701256 0.004910984233 0.006528708757 -0.096348790620
0.000000000000 1399577000 0.999998507645 0.001727278715 0.000034870250 0.003517909915 -0.001727275945 0.999998505111 -0.000079327833 0.025979810670 -0.000035007220 0.000079267484 0.999999996246 -0.003905466450 -0.000000000000 0.000000000000 -0.000000000000 1.000000000000 0.132008302290 -0.044901771317 -0.000734701256 0.004910984233 0.006528708757 -0.096348790620
0.000000000000 1400274000 0.999980651983 -0.006186581179 -0.000649517263 -0.013008765383 0.006186480490 0.999980851235 -0.000156916026 0.021895105044 0.000650475599 0.000152894764 0.999999776752 -0.007291686773 -0.000000000000 0.000000000000 -0.000000000000 1.000000000000 0.070477119714 -0.065936281887 0.012893477158 -0.004232785825 0.006013731199 -0.079568158072
0.000000000000 1499583000 0.999998527658 0.001715223779 -0.000051861367 -0.005866224909 -0.001715209914 0.999998493592 0.000266213350 0.015418746139 0.000052317904 -0.000266124005 0.999999963220 -0.006013451956 -0.000000000000 0.000000000000 -0.000000000000 1.000000000000 0.070477119714 -0.065936281887 0.012893477158 -0.004232785825 0.006013731199 -0.079568158072
0.000000000000 1500272000 0.999995226117 -0.003020364266 -0.000652029108 0.001451404902 0.003020387264 0.999995438032 0.000034290038 0.028885792294 0.000651922565 -0.000036259255 0.999999786841 -0.003827931384 -0.000000000000 0.000000000000 -0.000000000000 1.000000000000 -0.114389357910 -0.043515815741 -0.048465609976 -0.001503600793 0.006140718917 -0.015056925968
0.000000000000 1599587000 0.999998836235 -0.001525046229 -0.000041995892 -0.009873091938 0.001525053937 0.999998820151 0.000184140146 0.024569352797 0.000041715020 -0.000184203978 0.999999982164 -0.008642751113 -0.000000000000 0.000000000000 -0.000000000000 1.000000000000 -0.114389357910 -0.043515815741 -0.048465609976 -0.001503600793 0.006140718917 -0.015056925968
0.000000000000 1600295000 0.999963200488 -0.008565716300 -0.000475577929 0.000488615811 0.008565790634 0.999963301009 0.000154485299 0.020113661077 0.000474237198 -0.000158553315 0.999999874980 -0.006066908955 -0.000000000000 0.000000000000 -0.000000000000 1.000000000000 -0.019213216605 -0.028698927962 -0.077197246766 0.000010442123 -0.001016770166 -0.082112970980
0.000000000000 1699586000 0.999999749370 -0.000412715035 -0.000575261961 -0.001265711527 0.000412805836 0.999999902356 0.000157732303 0.017267274823 0.000575196806 -0.000157969735 0.999999822097 -0.013731930897 -0.000000000000 0.000000000000 -0.000000000000 1.000000000000 -0.019213216605 -0.028698927962 -0.077197246766 0.000010442123 -0.001016770166 -0.082112970980
0.000000000000 1700277000 0.999995111817 -0.003082291514 -0.000525186854 0.002352171007 0.003082359797 0.999995241164 0.000129256585 0.015082087856 0.000524785948 -0.000130874768 0.999999853736 -0.005411292689 -0.000000000000 0.000000000000 -0.000000000000 1.000000000000 -0.032091522995 -0.085226308957 -0.088733361030 0.001740262787 -0.000986407712 -0.033789975882
0.000000000000 1799586000 0.999999768569 0.000273375878 -0.000622999650 -0.000797457973 -0.000273401873 0.999999961759 -0.000041641826 0.006617380135 0.000622988243 0.000041812146 0.999999805069 -0.014221413166 -0.000000000000 -0.000000000000 -0.000000000000 1.000000000000 -0.032091522995 -0.085226308957 -0.088733361030 0.001740262787 -0.000986407712 -0.033789975882
0.000000000000 1800268000 0.999979369273 -0.006418957752 -0.000240850371 -0.000338474112 0.006419014188 0.999979370472 0.000234279189 -0.005823428055 0.000239341574 -0.000235820377 0.999999943552 -0.002552202673 -0.000000000000 0.000000000000 -0.000000000000 1.000000000000 0.108901524766 -0.084096305883 -0.004075268821 0.005978989046 -0.001905623399 -0.059922178518
0.000000000000 1899586000 0.999999797983 -0.000467676832 -0.000430479962 0.010418339634 0.000467522930 0.999999826792 -0.000357544659 -0.014204066783 0.000430647102 0.000357343327 0.999999843424 -0.002961937796 -0.000000000000 0.000000000000 -0.000000000000 1.000000000000 0.108901524766 -0.084096305883 -0.004075268821 0.005978989046 -0.001905623399 -0.059922178518
0.000000000000 1900325000 0.999963276762 -0.008547020233 -0.000627353162 0.014354903122 0.008547108727 0.999963463206 0.000138514041 -0.025526498000 0.000626146359 -0.000143871010 0.999999793621 -0.008672023111 -0.000000000000 0.000000000000 -0.000000000000 1.000000000000 -0.046260320650 -0.186668829414 0.195607656455 0.008894113072 0.007603692545 -0.135704179373
0.000000000000 1999589000 0.999987870955 0.004923689699 0.000123377168 0.009293865132 -0.004923596967 0.999987604498 -0.000740974506 -0.044216534605 -0.000127023967 0.000740358059 0.999999717867 0.010705145063 -0.000000000000 0.000000000000 -0.000000000000 1.000000000000 -0.046260320650 -0.186668829414 0.195607656455 0.008894113072 0.007603692545 -0.135704179373
0.000000000000 2000297000 0.999993908614 -0.003470325491 -0.000373597532 0.009694496509 0.003470295489 0.999993975232 -0.000080923034 -0.043170924484 0.000373876110 0.000079626047 0.999999926938 -0.006320665053 -0.000000000000 0.000000000000 -0.000000000000 1.000000000000 0.115088835959 -0.136294547516 0.241096772838 -0.000729568182 0.011570335503 -0.055375122281
0.000000000000 2099596000 0.999997642358 0.002028429181 0.000775082915 0.020854427417 -0.002028422364 0.999997942703 -0.000009581060 -0.056788483337 -0.000775100755 0.000008008842 0.999999699577 0.017606147657 -0.000000000000 0.000000000000 -0.000000000000 1.000000000000 0.115088835959 -0.136294547516 0.241096772838 -0.000729568182 0.011570335503 -0.055375122281
0.000000000000 2100280000 0.999992833837 -0.003578407403 -0.001235830075 0.026956908298 0.003578188960 0.999993582254 -0.000178924596 -0.054170481404 0.001236462409 0.000174501281 0.999999220355 -0.012702103129 -0.000000000000 0.000000000000 -0.000000000000 1.000000000000 0.056592053937 -0.002395144766 0.139945889489 -0.007394827057 0.017863892603 0.004950600048
0.000000000000 2199596000 0.999991570985 -0.004070412154 0.000538242218 0.032593862714 0.004070113219 0.999991562860 0.000555326266 -0.054397947250 -0.000540498084 -0.000553130878 0.999999700954 0.001183767994 -0.000000000000 0.000000000000 -0.000000000000 1.000000000000 0.056592053937 -0.002395144766 0.139945889489 -0.007394827057 0.017863892603 0.004950600048
0.000000000000 2200285000 0.999999546748 0.000899955963 -0.000310778267 0.047855227793 -0.000900052932 0.999999546273 -0.000312023409 -0.053008358439 0.000310497318 0.000312302984 0.999999903029 -0.003819922620 -0.000000000000 -0.000000000000 -0.000000000000 1.000000000000 0.022217443651 0.116877741407 0.144858063248 -0.005341395374 0.008738350877 0.029458292873
0.000000000000 2299599000 0.999997793211 -0.002025612602 0.000557196297 0.050202537275 0.002025490947 0.999997924752 0.000218810946 -0.041255571847 -0.000557638367 -0.000217681867 0.999999820827 0.010548914522 -0.000000000000 0.000000000000 -0.000000000000 1.000000000000 0.022217443651 0.116877741407 0.144858063248 -0.005341395374 0.008738350877 0.029458292873
0.000000000000 2300288000 0.999999155386 -0.001142024332 -0.000620490557 0.049188187101 0.001141804443 0.999999285264 -0.000354618007 -0.047181792301 0.000620895095 0.000353909228 0.999999744619 -0.008765441452 -0.000000000000 0.000000000000 -0.000000000000 1.000000000000 -0.237784587904 0.058032539046 0.141813535427 -0.006339198166 0.009677219182 -0.005172524129
0.000000000000 2399597000 0.999999744636 -0.000628305357 0.000340529393 0.025549478526 0.000628211726 0.999999764863 0.000274996893 -0.041438889646 -0.000340702095 -0.000274782898 0.999999904208 0.005309984001 -0.000000000000 0.000000000000 -0.000000000000 1.000000000000 -0.237784587904 0.058032539046 0.141813535427 -0.006339198166 0.009677219182 -0.005172524129
0.000000000000 2400316000 0.999998529464 0.001714538963 -0.000037755152 0.034785732590 -0.001714540517 0.999998529327 -0.000041174027 -0.036982394301 0.000037684502 0.000041238699 0.999999998440 -0.001287768328 -0.000000000000 -0.000000000000 -0.000000000000 1.000000000000 -0.427435396158 0.143848859855 0.005667134692 0.001316297901 -0.000561410849 0.026067988279
0.000000000000 2499591000 0.999999614278 -0.000873358996 -0.000093213244 -0.007570593961 0.000873342952 0.999999603841 -0.000172018708 -0.022666480243 0.000093363441 0.000171937235 0.999999980860 -0.000728302499 -0.000000000000 0.000000000000 -0.000000000000 1.000000000000 -0.427435396158 0.143848859855 0.005667134692 0.001316297901 -0.000561410849 0.026067988279
0.000000000000 2500319000 0.999994725661 -0.003206338150 -0.000517731966 -0.001664087879 0.003206353054 0.999994859246 0.000027959282 -0.017166263850 0.000517639658 -0.000029619166 0.999999865586 -0.005244151741 -0.000000000000 0.000000000000 -0.000000000000 1.000000000000 -0.336903787894 0.188788651462 -0.165794292279 -0.002983915870 0.000249843831 -0.048906473210
0.000000000000 2599596000 0.999998519450 0.001648929237 -0.000492067373 -0.035148855630 -0.001648768618 0.999998587432 0.000326644870 0.001661483693 0.000492605292 -0.000325833081 0.999999825586 -0.021700921292 -0.000000000000 0.000000000000 -0.000000000000 1.000000000000 -0.336903787894 0.188788651462 -0.165794292279 -0.002983915870 0.000249843831 -0.048906473210
0.000000000000 2600293000 0.999968140954 -0.007859008449 -0.001397520053 0.003670578564 0.007858671736 0.999969089839 -0.000246264232 0.000672608309 0.001399412248 0.000235273735 0.999998993145 -0.009184361677 -0.000000000000 0.000000000000 -0.000000000000 1.000000000000 -0.193890237432 0.170405873087 -0.176026139557 -0.022298993066 0.019109428597 -0.072101886341
0.000000000000 2699600000 0.999999626458 -0.000700479201 0.000506372533 -0.015552850679 0.000699479671 0.999997812170 0.001971391391 0.017598081255 -0.000507752344 -0.001971036457 0.999997928599 -0.026674003070 -0.000000000000 0.000000000000 -0.000000000000 1.000000000000 -0.193890237432 0.170405873087 -0.176026139557 -0.022298993066 0.019109428597 -0.072101886341
0.000000000000 2700286000 0.999998932905 -0.001439999028 -0.000246152362 -0.003901441097 0.001440134626 0.999998810884 0.000551582911 0.025128397914 0.000245357790 -0.000551936815 0.999999817583 -0.005540457636 -0.000000000000 0.000000000000 -0.000000000000 1.000000000000 -0.096545222176 0.258656108613 -0.143640972713 0.007691359953 -0.006498334780 -0.024536650338
0.000000000000 2799606000 0.999999105835 0.000997085326 -0.000891150794 -0.013389550198 -0.000997273675 0.999999480476 -0.000210935863 0.050848828409 0.000890940010 0.000211824395 0.999999580678 -0.019783416984 -0.000000000000 -0.000000000000 -0.000000000000 1.000000000000 -0.096545222176 0.258656108613 -0.143640972713 0.007691359953 -0.006498334780 -0.024536650338
0.000000000000 2800518000 0.999991622008 -0.004051613024 -0.000583392183 -0.005603236332 0.004051477046 0.999991765337 -0.000234074809 0.045373495097 0.000584335760 0.000231709248 0.999999802431 -0.002673517999 -0.000000000000 0.000000000000 -0.000000000000 1.000000000000 -0.074701920883 0.185338965101 -0.247387559834 -0.005758400240 -0.000650301250 -0.106205840010
0.000000000000 2899612000 0.999978842051 0.006472750916 -0.000647260694 -0.012430243971 -0.006472529865 0.999978994122 0.000343032270 0.063826110366 0.000649467460 -0.000338835598 0.999999731691 -0.027220005348 -0.000000000000 0.000000000000 -0.000000000000 1.000000000000 -0.074701920883 0.185338965101 -0.247387559834 -0.005758400240 -0.000650301250 -0.106205840010
0.000000000000 2900302000 0.999996764970 -0.002443989697 -0.000704957082 -0.006280102005 0.002443975309 0.999997013262 -0.000021271097 0.048371302580 0.000705006963 0.000019548130 0.999999751291 -0.004557038585 -0.000000000000 0.000000000000 -0.000000000000 1.000000000000 0.087887357404 0.023783237140 -0.161941246756 -0.001842414553 0.000399659350 0.005883024526
0.000000000000 2999613000 0.999995193544 -0.003028243027 -0.000665307181 0.002418683354 0.003028350973 0.999995401525 0.000161301742 0.050729820405 0.000664815660 -0.000163315750 0.999999765674 -0.020648675317 -0.000000000000 0.000000000000 -0.000000000000 1.000000000000 0.087887357404 0.023783237140 -0.161941246756 -0.001842414553 0.000399659350 0.005883024526
0.000000000000 3000302000 0.999929650307 -0.011846586635 -0.000593988957 0.017997780247 0.011846855110 0.999929722056 0.000450524363 0.050295759175 0.000588610037 -0.000457529570 0.999999722102 -0.006657152108 -0.000000000000 0.000000000000 -0.000000000000 1.000000000000 0.298833126716 -0.150241659597 -0.163698661627 -0.002205409970 -0.000793129524 -0.059229194495
0.000000000000 3099601000 0.999981982967 -0.005965365728 -0.000669441718 0.047924318665 0.005965816397 0.999981977732 0.000673236025 0.035179724786 0.000665413554 -0.000677217662 0.999999549300 -0.022919084526 -0.000000000000 0.000000000000 -0.000000000000 1.000000000000 0.298833126716 -0.150241659597 -0.163698661627 -0.002205409970 -0.000793129524 -0.059229194495
0.000000000000 3100347000 0.999994789940 -0.003226659727 -0.000093590982 0.035399200665 0.003226682907 0.999994763346 0.000248593476 0.026898707182 0.000092788365 -0.000248894169 0.999999964721 -0.001987653981 -0.000000000000 0.000000000000 -0.000000000000 1.000000000000 0.070471320913 -0.245723917785 -0.103013346562 0.004763038026 -0.005217764300 -0.013640093943
0.000000000000 3199599000 0.999998059284 -0.001872847772 -0.000611448842 0.042417179288 0.001872711311 0.999998221460 -0.000223671413 0.002460734911 0.000611866657 0.000222525912 0.999999788051 -0.012184866713 -0.000000000000 0.000000000000 -0.000000000000 1.000000000000 0.070471320913 -0.245723917785 -0.103013346562 0.004763038026 -0.005217764300 -0.013640093943
0.000000000000 3200288000 0.999997804746 -0.002064977442 -0.000355487049 0.027626559164 0.002064919064 0.999997854521 -0.000164508339 0.008338554619 0.000355825992 0.000163773926 0.999999923283 -0.004279152182 -0.000000000000 0.000000000000 -0.000000000000 1.000000000000 -0.057295448809 -0.225503596161 -0.074594865492 -0.004188799571 0.000584355549 -0.032446195236
0.000000000000 3299608000 0.999999285822 0.001157567919 -0.000297307026 0.021926168733 -0.001157492841 0.999999298208 0.000252574570 -0.014141602262 0.000297599190 -0.000252230259 0.999999923907 -0.011688130108 -0.000000000000 0.000000000000 -0.000000000000 1.000000000000 -0.057295448809 -0.225503596161 -0.074594865492 -0.004188799571 0.000584355549 -0.032446195236
0.000000000000 3300338000 0.999996514903 -0.002553038520 -0.000672441078 0.021025199927 0.002552949927 0.999996732430 -0.000132573670 -0.016006801398 0.000672777347 0.000130856500 0.999999765124 -0.007364198806 -0.000000000000 0.000000000000 -0.000000000000 1.000000000000 -0.028465558550 -0.117393211277 -0.053463632862 -0.005740043635 0.001227675316 -0.039778533416
0.000000000000 3399610000 0.999998874556 0.001395861713 -0.000549959954 0.018111740212 -0.001395619988 0.999998929467 0.000439670153 -0.027743737997 0.000550573084 -0.000438902123 0.999999752117 -0.012661597672 -0.000000000000 0.000000000000 -0.000000000000 1.000000000000 -0.028465558550 -0.117393211277 -0.053463632862 -0.005740043635 0.001227675316 -0.039778533416
0.000000000000 3400300000 0.999997682113 -0.002019432982 -0.000746765985 0.023548154871 0.002019304469 0.999997946272 -0.000172806459 -0.018655229261 0.000747113422 0.000171298111 0.999999706239 -0.007903972056 -0.000000000000 0.000000000000 -0.000000000000 1.000000000000 -0.065697485234 -0.012554533303 0.005078819402 -0.004612451284 0.007458832011 -0.033468906746
0.000000000000 3499613000 0.999999149198 0.001304442269 -0.000005812496 0.016953622021 -0.001304440550 0.999999108169 0.000286524080 -0.019972886059 0.000006186245 -0.000286516254 0.999999958935 -0.007405729081 -0.000000000000 0.000000000000 -0.000000000000 1.000000000000 -0.065697485234 -0.012554533303 0.005078819402 -0.004612451284 0.007458832011 -0.033468906746
0.000000000000 3500349000 0.999999682642 -0.000645014726 -0.000467623041 -0.011312365207 0.000644829939 0.999999714003 -0.000395205719 -0.028595193702 0.000467877821 0.000394904056 0.999999812571 0.000333245306 -0.000000000000 0.000000000000 -0.000000000000 1.000000000000 0.071880558606 -0.038597475688 -0.086663368384 -0.013327377509 0.009904230070 0.002102638333
0.000000000000 3599603000 0.999999502569 -0.000853972103 0.000515358365 -0.004175421570 0.000853493803 0.999999205555 0.000927598166 -0.032432990281 -0.000516150099 -0.000927157850 0.999999436984 -0.008220489025 -0.000000000000 0.000000000000 -0.000000000000 1.000000000000 0.071880558606 -0.038597475688 -0.086663368384 -0.013327377509 0.009904230070 0.002102638333
0.000000000000 3600319000 0.999957678288 -0.009186347755 -0.000502641231 0.004739005042 0.009186417225 0.999957794720 0.000136076237 -0.024228505574 0.000501369973 -0.000140687950 0.999999864418 -0.003492071625 -0.000000000000 0.000000000000 -0.000000000000 1.000000000000 0.091248847460 0.004275798225 -0.051794326623 -0.000168821996 0.004318804685 -0.102039512917
0.000000000000 3699596000 0.999999552174 0.000943615103 -0.000072402376 0.013551615078 -0.000943603817 0.999999542677 0.000155749152 -0.023896762116 0.000072549310 -0.000155680763 0.999999985250 -0.008637564224 -0.000000000000 0.000000000000 -0.000000000000 1.000000000000 0.091248847460 0.004275798225 -0.051794326623 -0.000168821996 0.004318804685 -0.102039512917
0.000000000000 3700342000 0.999973700177 -0.007246987294 -0.000283070985 0.013926596578 0.007246927076 0.999973717956 -0.000213180943 -0.023694249115 0.000284608465 0.000211123942 0.999999937212 -0.000565682405 -0.000000000000 0.000000000000 -0.000000000000 1.000000000000 0.063605291557 0.114040522223 -0.043995777255 -0.006670758912 0.001685023673 -0.096739484711
0.000000000000 3799600000 0.999997220102 0.002355129898 -0.000114675872 0.020065581467 -0.002355077971 0.999997125161 0.000450862372 -0.012539704949 0.000115737382 -0.000450591048 0.999999891786 -0.004923480109 -0.000000000000 0.000000000000 -0.000000000000 1.000000000000 0.063605291557 0.114040522223 -0.043995777255 -0.006670758912 0.001685023673 -0.096739484711
0.000000000000 3800307000 0.999998564246 -0.001613011338 -0.000519326214 0.030691605825 0.001612781526 0.999998601504 -0.000442634705 -0.007421268953 0.000520039463 0.000441796510 0.999999767187 -0.001934546345 -0.000000000000 0.000000000000 -0.000000000000 1.000000000000 -0.156253224916 0.071949429587 -0.185841770177 -0.012040688839 0.002190663290 -0.022828843835
0.000000000000 3899602000 0.999999740870 0.000653749173 -0.000301450974 0.015165176203 -0.000653521759 0.999999502288 0.000753878870 -0.000342349165 0.000301943671 -0.000753681670 0.999999670397 -0.020388092812 -0.000000000000 0.000000000000 -0.000000000000 1.000000000000 -0.156253224916 0.071949429587 -0.185841770177 -0.012040688839 0.002190663290 -0.022828843835
0.000000000000 3900304000 0.999990737886 -0.004253328990 -0.000658281903 0.001037772607 0.004253284037 0.999990952319 -0.000069673344 -0.038678253949 0.000658572291 0.000066872838 0.999999780905 -0.008589396552 -0.000000000000 0.000000000000 -0.000000000000 1.000000000000 0.079077773282 0.107197509311 -0.113758030135 -0.002278770742 0.001570190994 -0.066774691801
0.000000000000 3999605000 0.999997047790 0.002377467097 -0.000502058248 0.008666820166 -0.002377386807 0.999997161138 0.000160459519 -0.028068752145 0.000502438310 -0.000159265459 0.999999861095 -0.019878929533 -0.000000000000 0.000000000000 -0.000000000000 1.000000000000 0.079077773282 0.107197509311 -0.113758030135 -0.002278770742 0.001570190994 -0.066774691801
0.000000000000 4000309000 0.999993537942 -0.003579036376 -0.000338487584 0.017059721262 0.003578811090 0.999993375688 -0.000663846079 -0.017555374582 0.000340861272 0.000662630406 0.999999722367 0.002224675838 -0.000000000000 0.000000000000 -0.000000000000 1.000000000000 -0.066494604419 0.168686719426 -0.105566066519 -0.012840778356 0.004341704795 -0.005151049851
0.000000000000 4099608000 0.999995290822 -0.003067532349 0.000092627291 0.010450855533 0.003067475166 0.999995108444 0.000611297303 -0.000815774159 -0.000094502012 -0.000611010292 0.999999808868 -0.008252181834 -0.000000000000 0.000000000000 -0.000000000000 1.000000000000 -0.066494604419 0.168686719426 -0.105566066519 -0.012840778356 0.004341704795 -0.005151049851
0.000000000000 4100347000 0.999970558936 -0.007628722363 -0.000826956454 0.014925646706 0.007628848553 0.999970888729 0.000149548486 0.002794618814 0.000825791516 -0.000155852808 0.999999646889 -0.007847321015 -0.000000000000 0.000000000000 -0.000000000000 1.000000000000 -0.058358974521 0.173657666158 -0.081977250642 0.001539794272 0.004409736515 -0.085714403122
0.000000000000 4199611000 0.999999537683 0.000879567607 -0.000388579379 0.009224102221 -0.000879566946 0.999999613179 0.000001871829 0.019931847039 0.000388580875 -0.000001530046 0.999999924501 -0.015988296971 -0.000000000000 0.000000000000 -0.000000000000 1.000000000000 -0.058358974521 0.173657666158 -0.081977250642 0.001539794272 0.004409736515 -0.085714403122
0.000000000000 4200300000 0.999998532299 -0.000727085918 -0.001551368804 0.015135870484 0.000726674043 0.999999700584 -0.000266039003 0.005609287954 0.001551561773 0.000264911273 0.999998761238 -0.014206413768 -0.000000000000 0.000000000000 -0.000000000000 1.000000000000 -0.026690645927 0.128449668789 -0.060717080590 -0.009406286528 0.014010444916 -0.020716707973
0.000000000000 4299609000 0.999999102817 0.001329999582 -0.000159582391 0.012485869349 -0.001329892403 0.999998891340 0.000669855131 0.018321057432 0.000160473121 -0.000669642302 0.999999762914 -0.020266591863 -0.000000000000 0.000000000000 -0.000000000000 1.000000000000 -0.026690645927 0.128449668789 -0.060717080590 -0.009406286528 0.014010444916 -0.020716707973
0.000000000000 4300346000 0.999999312006 0.000761879276 -0.000891923745 0.017274931772 -0.000761651379 0.999999677221 0.000255823287 0.025289306202 0.000892118364 -0.000255143776 0.999999569513 -0.007362805035 -0.000000000000 0.000000000000 -0.000000000000 1.000000000000 0.050694091322 0.061896619063 -0.056043602199 0.002924815881 0.007166380326 -0.016587941466
0.000000000000 4399610000 0.999997083552 0.002408392344 -0.000180373531 0.022346513786 -0.002408398446 0.999997099239 -0.000033624328 0.031403770501 0.000180292028 0.000034058641 0.999999983167 -0.012931808137 -0.000000000000 -0.000000000000 -0.000000000000 1.000000000000 0.050694091322 0.061896619063 -0.056043602199 0.002924815881 0.007166380326 -0.016587941466
0.000000000000 4400469000 0.999994484522 0.003320119961 -0.000087913203 0.041333346631 -0.003320144874 0.999994447757 -0.000284769834 0.025298108495 0.000086967244 0.000285060147 0.999999955589 -0.001358137701 -0.000000000000 -0.000000000000 -0.000000000000 1.000000000000 -0.288411769740 -0.162526656888 -0.020948201698 -0.001317413992 -0.001858997707 0.023276442177
0.000000000000 4499606000 0.999999450494 0.001012516312 -0.000271702811 0.012701485117 -0.001012558337 0.999999475415 -0.000154579526 0.009247641013 0.000271546154 0.000154854556 0.999999951141 -0.003432168780 -0.000000000000 -0.000000000000 -0.000000000000 1.000000000000 -0.288411769740 -0.162526656888 -0.020948201698 -0.001317413992 -0.001858997707 0.023276442177
0.000000000000 4500430000 0.999974732095 -0.007090873264 -0.000504666559 -0.003898852916 0.007090987232 0.999974833456 0.000224397596 0.002527916418 0.000503062684 -0.000227970510 0.999999847479 -0.000655543186 -0.000000000000 0.000000000000 -0.000000000000 1.000000000000 -0.144761409491 -0.204163705332 0.090632445947 0.003126090955 0.007566405199 -0.083552879227
0.000000000000 4599600000 0.999999255687 0.001194977674 0.000246279784 -0.018314644647 -0.001194956883 0.999999282464 -0.000084549051 -0.017628331153 -0.000246380642 0.000084254694 0.999999966099 0.008338484188 -0.000000000000 0.000000000000 -0.000000000000 1.000000000000 -0.144761409491 -0.204163705332 0.090632445947 0.003126090955 0.007566405199 -0.083552879227
0.000000000000 4600640000 0.999998998196 -0.001414901519 -0.000040755328 -0.021168084000 0.001414902106 0.999998998922 0.000014372544 -0.027108470873 0.000040734951 -0.000014430195 0.999999999066 0.000962288144 -0.000000000000 0.000000000000 -0.000000000000 1.000000000000 0.023042714022 -0.247999116745 0.192525486656 -0.000969555617 0.007160316817 0.000483237777
0.000000000000 4699609000 0.999998707107 -0.001462771183 0.000667895292 -0.018878232857 0.001462697802 0.999998924169 0.000110344060 -0.051652793244 -0.000668055982 -0.000109366989 0.999999770870 0.020034426723 -0.000000000000 0.000000000000 -0.000000000000 1.000000000000 0.023042714022 -0.247999116745 0.192525486656 -0.000969555617 0.007160316817 0.000483237777
0.000000000000 4700375000 0.999986709839 -0.005146692592 -0.000302820055 0.006501746775 0.005146732025 0.999986747091 0.000129583482 -0.050526288973 0.000302149115 -0.000131140293 0.999999945754 -0.003518276172 -0.000000000000 0.000000000000 -0.000000000000 1.000000000000 0.205846732531 -0.109538523899 0.072087553456 0.004568984665 0.002562838307 -0.059449716675
0.000000000000 4799617000 0.999999715130 0.000753216573 -0.000049048201 0.026599998419 -0.000753232368 0.999999664216 -0.000322814908 -0.061494808897 0.000048805035 0.000322851761 0.999999946692 0.003606231957 -0.000000000000 -0.000000000000 -0.000000000000 1.000000000000 0.205846732531 -0.109538523899 0.072087553456 0.004568984665 0.002562838307 -0.059449716675
0.000000000000 4800378000 0.999997604265 0.002117017950 -0.000556507238 0.035204757597 -0.002117100634 0.999997747984 -0.000148029411 -0.061516479325 0.000556192604 0.000149207238 0.999999834193 -0.002727188506 -0.000000000000 -0.000000000000 -0.000000000000 1.000000000000 0.116891793902 -0.043941811354 0.232465593270 -0.001447858152 0.014574362049 0.049121847754
0.000000000000 4899620000 0.999995800943 -0.002757815217 0.000890253501 0.047128088532 0.002757819450 0.999996197202 -0.000003527326 -0.065675427220 -0.000890240388 0.000005982469 0.999999603718 0.020292760803 -0.000000000000 0.000000000000 -0.000000000000 1.000000000000 0.116891793902 -0.043941811354 0.232465593270 -0.001447858152 0.014574362049 0.049121847754
0.000000000000 4900323000 0.999998187232 0.001858548037 -0.000413922390 0.039077041862 -0.001858692561 0.999998211713 -0.000349046470 -0.063913673462 0.000413272930 0.000349815192 0.999999853417 -0.004961311848 -0.000000000000 -0.000000000000 -0.000000000000 1.000000000000 0.169628493654 0.158477110538 0.162661858043 -0.005336067753 0.009873614057 0.012793608403
0.000000000000 4999622000 0.999999666456 0.000588234903 0.000566627723 0.055995248555 -0.000588337502 0.999999810564 0.000180918512 -0.048114965571 -0.000566521194 -0.000181251820 0.999999823101 0.011173976077 -0.000000000000 0.000000000000 -0.000000000000 1.000000000000 0.169628493654 0.158477110538 0.162661858043 -0.005336067753 0.009873614057 0.012793608403
0.000000000000 5000312000 0.999999218437 -0.001149471387 -0.000491773245 0.040435797447 0.001149336297 0.999999301729 -0.000274895057 -0.055907801727 0.000492088886 0.000274329629 0.999999841296 -0.005801819434 -0.000000000000 0.000000000000 -0.000000000000 1.000000000000 0.142622014925 0.161065776131 0.095955811836 -0.007017145469 0.010727455330 -0.055561959130
0.000000000000 5099621000 0.999990294343 0.004368269127 0.000573973491 0.054333365279 -0.004368511529 0.999990369071 0.000421749558 -0.040174572043 -0.000572125647 -0.000424252875 0.999999746341 0.003710513076 -0.000000000000 0.000000000000 -0.000000000000 1.000000000000 0.142622014925 0.161065776131 0.095955811836 -0.007017145469 0.010727455330 -0.055561959130
0.000000000000 5100355000 0.999999780799 0.000606948872 -0.000264602894 0.032313204154 -0.000606908358 0.999999804101 0.000153166281 -0.053931285724 0.000264695807 -0.000153005658 0.999999953263 -0.004179569467 -0.000000000000 0.000000000000 -0.000000000000 1.000000000000 0.133162775257 0.113555550467 0.078946582834 0.006104001779 -0.000485098118 -0.021591445583
0.000000000000 5199617000 0.999996169300 0.002750158222 -0.000313075298 0.045427691553 -0.002750299620 0.999996115715 -0.000452113111 -0.042742618830 0.000311830699 0.000452972430 0.999999848789 0.003629448730 -0.000000000000 -0.000000000000 -0.000000000000 1.000000000000 0.133162775257 0.113555550467 0.078946582834 0.006104001779 -0.000485098118 -0.021591445583
0.000000000000 5200356000 0.999991024412 -0.004209841507 -0.000477839192 0.034752824248 0.004209809455 0.999991136397 -0.000068062650 -0.041175125233 0.000478121489 0.000066050428 0.999999883519 -0.003951713030 -0.000000000000 0.000000000000 -0.000000000000 1.000000000000 -0.048901380450 0.026814888741 0.116552869478 -0.003075664466 0.010099840460 -0.060121107909
0.000000000000 5299620000 0.999998316871 0.001757951858 0.000525223875 0.029662105023 -0.001758076582 0.999998426474 0.000237101180 -0.038704999508 -0.000524806236 -0.000238024165 0.999999833961 0.007597757877 -0.000000000000 0.000000000000 -0.000000000000 1.000000000000 -0.048901380450 0.026814888741 0.116552869478 -0.003075664466 0.010099840460 -0.060121107909
0.000000000000 5300320000 0.999997356183 0.002246654529 -0.000490071264 0.020936628691 -0.002246617695 0.999997473486 0.000075697502 -0.046024137983 0.000490240092 -0.000074596300 0.999999877050 -0.007999719979 -0.000000000000 0.000000000000 -0.000000000000 1.000000000000 -0.135749749990 -0.044585939386 0.124162252196 0.002977996439 0.003480374009 0.052503011732
0.000000000000 5399625000 0.999995587623 -0.002967149984 -0.000144069752 0.007706576054 0.002967118004 0.999995573523 -0.000221687633 -0.050376561217 0.000144726894 0.000221259183 0.999999965049 0.004311068798 -0.000000000000 0.000000000000 -0.000000000000 1.000000000000 -0.135749749990 -0.044585939386 0.124162252196 0.002977996439 0.003480374009 0.052503011732
0.000000000000 5400351000 0.999999194798 -0.000744355110 -0.001027783836 0.019594705776 0.000743587995 0.999999444863 -0.000746558794 -0.056395751208 0.001028338970 0.000745793945 0.999999193155 -0.008983709760 -0.000000000000 0.000000000000 -0.000000000000 1.000000000000 -0.079924997776 0.063243311769 0.130607801413 -0.012741248194 0.017612928549 0.001849052599
