0.000000000000 255000 1.000000000000 -0.000000000000 0.000000000000 -0.000000000000 -0.000000000000 1.000000000000 -0.000000000000 0.000000000000 0.000000000000 -0.000000000000 1.000000000000 -0.000000000000 -0.000000000000 0.000000000000 -0.000000000000 1.000000000000 0.000000000000 0.000000000000 0.000000000000 0.000000000000 0.000000000000 0.000000000000
0.000000000000 99231000 1.000000000000 -0.000000000000 0.000000000000 -0.000000000000 -0.000000000000 1.000000000000 -0.000000000000 0.000000000000 0.000000000000 -0.000000000000 1.000000000000 -0.000000000000 -0.000000000000 0.000000000000 -0.000000000000 1.000000000000 0.000000000000 0.000000000000 0.000000000000 0.000000000000 0.000000000000 0.000000000000
0.000000000000 100266000 1.000000000000 -0.000000000000 0.000000000000 -0.000000000000 -0.000000000000 1.000000000000 -0.000000000000 0.000000000000 0.000000000000 -0.000000000000 1.000000000000 -0.000000000000 -0.000000000000 0.000000000000 -0.000000000000 1.000000000000 0.462167431735 0.220843326053 -0.007332914781 -0.003248835134 0.000410372283 -0.024218663220
0.000000000000 199229000 0.999997126941 0.002396753706 0.000040997118 0.045763817959 -0.002396766764 0.999997076080 0.000321466966 0.021800469204 -0.000040226521 -0.000321564302 0.999999947489 -0.000730127222 -0.000000000000 0.000000000000 -0.000000000000 1.000000000000 0.462167431735 0.220843326053 -0.007332914781 -0.003248835134 0.000410372283 -0.024218663220
0.000000000000 200395000 0.999998263625 0.001862593656 -0.000059097583 0.026911861399 -0.001862560395 0.999998109774 0.000557958795 0.023905561467 0.000060136721 -0.000557847753 0.999999842595 -0.005820201396 -0.000000000000 0.000000000000 -0.000000000000 1.000000000000 0.235551280514 0.223612461424 0.004331121203 0.005732650820 -0.000982337938 -0.012952028291
0.000000000000 299227000 0.999995049577 0.003142695952 -0.000155832698 0.050237218519 -0.003142697311 0.999995061679 -0.000008475224 0.045959508592 0.000155805293 0.000008964917 0.999999987822 -0.005368608317 -0.000000000000 -0.000000000000 -0.000000000000 1.000000000000 0.235551280514 0.223612461424 0.004331121203 0.005732650820 -0.000982337938 -0.012952028291
0.000000000000 300312000 0.999996713029 0.002547059002 0.000293975672 0.030352316814 -0.002547253571 0.999996535701 0.000663388470 0.036042770563 -0.000292284964 -0.000664135120 0.999999736747 -0.000116054645 -0.000000000000 0.000000000000 -0.000000000000 1.000000000000 0.138807800708 0.212373143695 0.035359429194 0.008792592676 -0.003534351000 -0.014710931966
0.000000000000 399228000 0.999991989306 0.004002282670 -0.000055297061 0.044149792824 -0.004002294011 0.999991969465 -0.000206516465 0.056994303001 0.000054470080 0.000206736126 0.999999977147 0.003435053681 -0.000000000000 -0.000000000000 -0.000000000000 1.000000000000 0.138807800708 0.212373143695 0.035359429194 0.008792592676 -0.003534351000 -0.014710931966
0.000000000000 400390000 0.999996336389 0.002705899983 0.000072899437 0.030811770349 -0.002705912285 0.999996324700 0.000169189946 0.021734945535 -0.000072441358 -0.000169386585 0.999999983030 -0.001472382093 -0.000000000000 0.000000000000 -0.000000000000 1.000000000000 0.108778215800 -0.208228811921 0.058470916732 -0.004815794973 0.002287630901 0.017133059537
0.000000000000 499230000 0.999999443056 0.001012369624 0.000298320406 0.041544361052 -0.001012562024 0.999999279024 0.000645500276 0.001215421217 -0.000297666706 -0.000645801984 0.999999747167 0.004293276124 -0.000000000000 0.000000000000 -0.000000000000 1.000000000000 0.108778215800 -0.208228811921 0.058470916732 -0.004815794973 0.002287630901 0.017133059537
0.000000000000 500264000 0.999998857254 0.001496238176 0.000216246285 0.043650780834 -0.001496294060 0.999998847141 0.000258495835 0.008450633271 -0.000215859264 -0.000258819107 0.999999943209 -0.000987855629 -0.000000000000 0.000000000000 -0.000000000000 1.000000000000 -0.103733486524 0.218417990192 0.088566866072 0.007333443888 -0.001402780996 -0.007509078796
0.000000000000 599233000 0.999997489566 0.002239392903 0.000077335983 0.033398147747 -0.002239356518 0.999997383406 -0.000467401271 0.030036275005 -0.000078382476 0.000467226914 0.999999887778 0.007796886570 -0.000000000000 0.000000000000 -0.000000000000 1.000000000000 -0.103733486524 0.218417990192 0.088566866072 0.007333443888 -0.001402780996 -0.007509078796
0.000000000000 600400000 0.999997519962 0.002218506632 0.000195696980 0.028853167192 -0.002218631880 0.999997332667 0.000642131069 0.022137956972 -0.000194271886 -0.000642563656 0.999999774685 -0.002667959691 -0.000000000000 0.000000000000 -0.000000000000 1.000000000000 -0.260333792911 0.077228728227 0.108088033020 0.011765895916 -0.001599804106 0.007485178080
0.000000000000 699228000 0.999998905914 0.001478770286 0.000037546130 0.003105194969 -0.001478750540 0.999998771143 -0.000520585956 0.029779033914 -0.000038315911 0.000520529866 0.999999863790 0.008046909466 -0.000000000000 0.000000000000 -0.000000000000 1.000000000000 -0.260333792911 0.077228728227 0.108088033020 0.011765895916 -0.001599804106 0.007485178080
0.000000000000 700316000 0.999999303939 0.001176540392 0.000088731228 0.013546742296 -0.001176571911 0.999999244469 0.000356004282 0.017761217837 -0.000088312307 -0.000356108433 0.999999932694 -0.001602727822 -0.000000000000 0.000000000000 -0.000000000000 1.000000000000 -0.280794349878 0.187915897279 0.103520364666 0.006629435013 0.000226521773 0.001688491515
0.000000000000 799234000 0.999999484262 0.001009516983 0.000111133701 -0.014233425407 -0.001009483631 0.999999445546 -0.000299752118 0.036347188778 -0.000111436244 0.000299639776 0.999999948899 0.008655090762 -0.000000000000 0.000000000000 -0.000000000000 1.000000000000 -0.280794349878 0.187915897279 0.103520364666 0.006629435013 0.000226521773 0.001688491515
0.000000000000 800407000 0.999999683224 -0.000786736360 0.000120820292 -0.013742695868 0.000786753210 0.999999680782 -0.000139479358 0.015320416242 -0.000120710519 0.000139574370 0.999999982974 0.002930512487 -0.000000000000 0.000000000000 -0.000000000000 1.000000000000 -0.170101427529 -0.096855882855 0.017087655177 -0.001924325281 -0.000294429924 -0.010440263951
0.000000000000 899237000 0.999999965766 0.000245076987 0.000091675825 -0.030543105769 -0.000245081626 0.999999968688 0.000050592731 0.005771681579 -0.000091663424 -0.000050615197 0.999999994518 0.004616641391 -0.000000000000 0.000000000000 -0.000000000000 1.000000000000 -0.170101427529 -0.096855882855 0.017087655177 -0.001924325281 -0.000294429924 -0.010440263951
0.000000000000 900272000 0.999999674965 -0.000799142268 0.000106961662 -0.013078456126 0.000799080189 0.999999513015 0.000579173102 0.019032435178 -0.000107424451 -0.000579087442 0.999999826559 -0.001157523748 -0.000000000000 0.000000000000 -0.000000000000 1.000000000000 -0.046243617263 -0.102370816473 -0.024149961051 0.007682130665 -0.003690165388 -0.008794688758
0.000000000000 999235000 0.999999964163 0.000071283097 -0.000258056592 -0.017641864051 -0.000071329810 0.999999981073 -0.000181011355 0.008916619549 0.000258043684 0.000181029756 0.999999950321 -0.003542472747 -0.000000000000 -0.000000000000 -0.000000000000 1.000000000000 -0.046243617263 -0.102370816473 -0.024149961051 0.007682130665 -0.003690165388 -0.008794688758
0.000000000000 1000398000 0.999999834643 -0.000572553359 0.000053821732 -0.012432114940 0.000572524624 0.999999694382 0.000532400915 0.008257635968 -0.000054126543 -0.000532370012 0.999999856826 -0.002490965244 -0.000000000000 0.000000000000 -0.000000000000 1.000000000000 0.095645985504 -0.260987469429 0.011308377524 0.007468583132 -0.002445527413 0.012725729100
0.000000000000 1099238000 0.999998307252 -0.001830331142 -0.000188100963 -0.002972100740 0.001830292409 0.999998303820 -0.000205882613 -0.017546778200 0.000188477477 0.000205537985 0.999999961115 -0.001378530449 -0.000000000000 0.000000000000 -0.000000000000 1.000000000000 0.095645985504 -0.260987469429 0.011308377524 0.007468583132 -0.002445527413 0.012725729100
0.000000000000 1100275000 0.999999488927 -0.000968419707 -0.000290359777 0.004408590605 0.000968228742 0.999999315374 -0.000657102637 -0.009155615516 0.000290995930 0.000656821166 0.999999741954 0.001067014829 -0.000000000000 0.000000000000 -0.000000000000 1.000000000000 0.111887733324 -0.070784080784 0.021987092239 -0.008702208523 0.004046797688 -0.002025271508
0.000000000000 1199240000 0.999999699107 -0.000767897123 0.000110088149 0.015479943085 0.000767874638 0.999999684349 0.000204133771 -0.016160931663 -0.000110244868 -0.000204049176 0.999999973105 0.003249897236 -0.000000000000 0.000000000000 -0.000000000000 1.000000000000 0.111887733324 -0.070784080784 0.021987092239 -0.008702208523 0.004046797688 -0.002025271508
0.000000000000 1200295000 0.999999107453 0.001334978152 0.000054090742 -0.004084343868 -0.001334980191 0.999999108204 0.000037671844 0.000350222463 -0.000054040403 -0.000037744020 0.999999997828 0.002029075800 -0.000000000000 0.000000000000 -0.000000000000 1.000000000000 0.064148410957 0.058097491610 0.002248925624 -0.001032818653 0.000361513042 0.014784116119
0.000000000000 1299242000 0.999999987799 -0.000127869531 0.000089731471 0.002258314710 0.000127856970 0.999999982030 0.000139971431 0.006097682926 -0.000089749367 -0.000139959956 0.999999986178 0.002251303635 -0.000000000000 0.000000000000 -0.000000000000 1.000000000000 0.064148410957 0.058097491610 0.002248925624 -0.001032818653 0.000361513042 0.014784116119
0.000000000000 1300329000 0.999998048341 0.001975676832 -0.000003939027 0.008018567683 -0.001975678642 0.999997908075 -0.000529659699 0.013439151708 0.000002892582 0.000529666447 0.999999859723 0.006507717805 -0.000000000000 -0.000000000000 -0.000000000000 1.000000000000 0.043204038495 0.127696566671 0.026787154867 -0.007814159522 0.003617961218 0.002353214871
0.000000000000 1399247000 0.999998418408 0.001742952131 0.000353977190 0.012290442475 -0.001743038327 0.999998451299 0.000243345109 0.026079102448 -0.000353552503 -0.000243961720 0.999999907742 0.009138553050 -0.000000000000 0.000000000000 -0.000000000000 1.000000000000 0.043204038495 0.127696566671 0.026787154867 -0.007814159522 0.003617961218 0.002353214871
0.000000000000 1400270000 0.999999916518 0.000393784098 0.000109077382 0.016245656044 -0.000393780439 0.999999921905 -0.000033567235 0.008651521181 -0.000109090592 0.000033524280 0.999999993488 0.000108891990 -0.000000000000 0.000000000000 -0.000000000000 1.000000000000 0.127014476284 -0.063776285698 0.017053812424 -0.005498057000 0.000597737154 0.000611092373
0.000000000000 1499245000 0.999999930310 0.000333286668 0.000168224432 0.028816732039 -0.000333372528 0.999999814067 0.000510615401 0.002341095880 -0.000168054219 -0.000510671447 0.999999855486 0.001792481899 -0.000000000000 0.000000000000 -0.000000000000 1.000000000000 0.127014476284 -0.063776285698 0.017053812424 -0.005498057000 0.000597737154 0.000611092373
0.000000000000 1500285000 0.999997973855 0.002009627684 0.000116972476 0.028774129798 -0.002009644792 0.999997969957 0.000146323668 0.015445991200 -0.000116678183 -0.000146558445 0.999999982453 0.000125471877 -0.000000000000 0.000000000000 -0.000000000000 1.000000000000 0.025192872417 -0.082538251109 0.031799570881 0.002786369533 -0.001221068474 0.014002917280
0.000000000000 1599244000 0.999999805360 0.000623910331 -0.000003875466 0.031251221794 -0.000623910827 0.999999797004 -0.000129335355 0.007319177304 0.000003794771 0.000129337748 0.999999991629 0.003279102058 -0.000000000000 -0.000000000000 -0.000000000000 1.000000000000 0.025192872417 -0.082538251109 0.031799570881 0.002786369533 -0.001221068474 0.014002917280
0.000000000000 1600410000 0.999996685725 0.002569744679 0.000157960644 0.032691081902 -0.002569771778 0.999996683410 0.000171588493 0.013655110830 -0.000157519181 -0.000171993847 0.999999972803 0.000070555486 -0.000000000000 0.000000000000 -0.000000000000 1.000000000000 -0.053311454096 0.024089190509 -0.033718119286 -0.000285700935 -0.002694031466 0.023969037852
0.000000000000 1699242000 0.999999973912 0.000200879925 -0.000108737016 0.027387353196 -0.000200858188 0.999999959851 0.000199883313 0.016107019359 0.000108777164 -0.000199861467 0.999999974111 -0.003254308511 -0.000000000000 0.000000000000 -0.000000000000 1.000000000000 -0.053311454096 0.024089190509 -0.033718119286 -0.000285700935 -0.002694031466 0.023969037852
0.000000000000 1700373000 0.999999731576 -0.000730839682 -0.000052168529 0.021192399367 0.000730848578 0.999999718360 0.000170703847 0.010440102056 0.000052043757 -0.000170741928 0.999999984069 -0.002008454879 -0.000000000000 0.000000000000 -0.000000000000 1.000000000000 -0.200372617119 0.057012779712 -0.036389510760 -0.001033271332 -0.000894783517 -0.020775732916
0.000000000000 1799240000 0.999999114722 0.001323217964 -0.000140177546 0.001409658956 -0.001323179652 0.999999087317 0.000273058066 0.016053196245 0.000140538733 -0.000272872344 0.999999952895 -0.005606537125 -0.000000000000 0.000000000000 -0.000000000000 1.000000000000 -0.200372617119 0.057012779712 -0.036389510760 -0.001033271332 -0.000894783517 -0.020775732916
0.000000000000 1800264000 0.999999998298 -0.000057709130 -0.000008608613 0.011588290187 0.000057711907 0.999999946190 0.000322937203 -0.001750650121 0.000008589976 -0.000322937700 0.999999947819 -0.002599111015 -0.000000000000 0.000000000000 -0.000000000000 1.000000000000 -0.168627608264 0.167333982423 0.001443397217 0.000971269777 -0.000831205866 -0.015593301385
0.000000000000 1899239000 0.999998892299 0.001485671470 -0.000090453560 -0.005091473067 -0.001485650916 0.999998870682 0.000226881484 0.014806587932 0.000090790529 -0.000226746851 0.999999970171 -0.002455355293 -0.000000000000 0.000000000000 -0.000000000000 1.000000000000 -0.168627608264 0.167333982423 0.001443397217 0.000971269777 -0.000831205866 -0.015593301385
0.000000000000 1900260000 0.999999995590 -0.000052043302 0.000078175490 0.009805380958 0.000052009511 0.999999905253 0.000432190571 0.004359672072 -0.000078197976 -0.000432186503 0.999999903550 -0.002740864891 -0.000000000000 0.000000000000 -0.000000000000 1.000000000000 -0.039104340740 0.071226448117 0.019967274046 0.004423551874 -0.001440713970 -0.001373264803
0.000000000000 1999246000 0.999999994405 0.000083921066 -0.000064405999 0.005935920978 -0.000083921432 0.999999996462 -0.000005679962 0.011409788366 0.000064405522 0.000005685367 0.999999997910 -0.000759809806 -0.000000000000 -0.000000000000 -0.000000000000 1.000000000000 -0.039104340740 0.071226448117 0.019967274046 0.004423551874 -0.001440713970 -0.001373264803
0.000000000000 2000268000 0.999999955028 -0.000279519229 0.000108685527 0.015236147156 0.000279489027 0.999999922358 0.000277795607 -0.012934442255 -0.000108763168 -0.000277765218 0.999999955509 -0.001633588140 -0.000000000000 0.000000000000 -0.000000000000 1.000000000000 -0.050614102731 0.164390873941 0.036664070167 -0.000067250968 0.000151818881 -0.011187478333
0.000000000000 2099243000 0.999999649711 0.000827765388 0.000124023129 0.010221259144 -0.000827800624 0.999999616953 0.000284322984 0.003322175189 -0.000123787729 -0.000284425551 0.999999951889 0.001995106205 -0.000000000000 0.000000000000 -0.000000000000 1.000000000000 -0.050614102731 0.164390873941 0.036664070167 -0.000067250968 0.000151818881 -0.011187478333
0.000000000000 2100313000 0.999999919075 -0.000252107845 -0.000313514985 0.016331795019 0.000252037108 0.999999942781 -0.000225643541 -0.018125982025 0.000313571854 0.000225564505 0.999999925397 -0.000517895869 -0.000000000000 0.000000000000 -0.000000000000 1.000000000000 -0.085071793901 0.120062110791 0.052331613347 -0.002927831302 0.005432108244 -0.005790378310
0.000000000000 2199247000 0.999999923485 0.000320805330 0.000223863153 0.007909364482 -0.000320819675 0.999999946486 0.000064046480 -0.006254007469 -0.000223842594 -0.000064118295 0.999999972892 0.004656538352 -0.000000000000 0.000000000000 -0.000000000000 1.000000000000 -0.085071793901 0.120062110791 0.052331613347 -0.002927831302 0.005432108244 -0.005790378310
0.000000000000 2200272000 0.999999356732 -0.001133225252 0.000048340753 0.007076523466 0.001133235322 0.999999336090 -0.000208798105 -0.011618409252 -0.000048104106 0.000208852752 0.999999977033 0.001850422631 -0.000000000000 0.000000000000 -0.000000000000 1.000000000000 -0.016685994772 0.015852125008 0.028133058817 -0.004793998977 0.001075317603 -0.023011217281
0.000000000000 2299253000 0.999999333112 0.001144464817 0.000154842322 0.005400566038 -0.001144505900 0.999999309810 0.000265489742 -0.010062005008 -0.000154538371 -0.000265666783 0.999999952770 0.004639565864 -0.000000000000 0.000000000000 -0.000000000000 1.000000000000 -0.016685994772 0.015852125008 0.028133058817 -0.004793998977 0.001075317603 -0.023011217281
0.000000000000 2300291000 0.999999359188 -0.001124026056 0.000134865127 0.007924070739 0.001123962036 0.999999256094 0.000473837171 -0.000236594492 -0.000135397632 -0.000473685284 0.999999878645 -0.003178655015 -0.000000000000 0.000000000000 -0.000000000000 1.000000000000 0.117997595423 0.046093603162 0.086369759509 0.006652224907 -0.001263784644 -0.007972866917
0.000000000000 2399258000 0.999999943854 -0.000334953157 0.000009905582 0.019603475479 0.000334954980 0.999999926869 -0.000184574330 0.004313594247 -0.000009843757 0.000184577638 0.999999982917 0.005372212428 -0.000000000000 0.000000000000 -0.000000000000 1.000000000000 0.117997595423 0.046093603162 0.086369759509 0.006652224907 -0.001263784644 -0.007972866917
0.000000000000 2400290000 0.999999917946 -0.000397862661 0.000076250385 0.012425659921 0.000397862101 0.999999920826 0.000007359290 0.018351002048 -0.000076253307 -0.000007328953 0.999999997066 0.000602293684 -0.000000000000 0.000000000000 -0.000000000000 1.000000000000 0.030222147403 0.192557657278 0.011804375425 -0.001095666960 -0.000395314800 -0.043068205786
0.000000000000 2499265000 0.999992530789 0.003864837540 0.000037385740 0.015535596288 -0.003864841837 0.999992524794 0.000115561701 0.037350100184 -0.000036938833 -0.000115705327 0.999999992624 0.001768166843 -0.000000000000 0.000000000000 -0.000000000000 1.000000000000 0.030222147403 0.192557657278 0.011804375425 -0.001095666960 -0.000395314800 -0.043068205786
0.000000000000 2500290000 0.999999034296 0.001331232584 0.000399031689 0.016552538605 -0.001331304307 0.999999097698 0.000179531134 0.008349896428 -0.000398792331 -0.000180062193 0.999999904271 0.005361241709 -0.000000000000 0.000000000000 -0.000000000000 1.000000000000 0.077710708749 0.057320444436 0.007417592151 0.005075660146 -0.004273150423 -0.000694855717
0.000000000000 2599267000 0.999999019745 0.001399977599 -0.000023920218 0.024242516626 -0.001399985250 0.999998967901 -0.000322859381 0.014019063509 0.000023468198 0.000322892553 0.999999947595 0.006109664544 -0.000000000000 -0.000000000000 -0.000000000000 1.000000000000 0.077710708749 0.057320444436 0.007417592151 0.005075660146 -0.004273150423 -0.000694855717
0.000000000000 2600322000 0.999995387554 0.003035584597 0.000100479593 0.006855070546 -0.003035650330 0.999995174182 0.000660635363 0.011956193922 -0.000098473694 -0.000660937337 0.999999776732 -0.001253202128 -0.000000000000 0.000000000000 -0.000000000000 1.000000000000 -0.037286183110 -0.049285967396 -0.140946152265 0.007561957728 -0.006598451399 0.036482500719
0.000000000000 2699271000 0.999999682023 -0.000574134711 -0.000553464765 0.003136600270 0.000574085853 0.999999831303 -0.000088432002 0.007103568818 0.000553515443 0.000088114237 0.999999842928 -0.015189307661 -0.000000000000 0.000000000000 -0.000000000000 1.000000000000 -0.037286183110 -0.049285967396 -0.140946152265 0.007561957728 -0.006598451399 0.036482500719
0.000000000000 2700309000 0.999996253135 0.002697963827 -0.000463364196 0.021343639159 -0.002697812011 0.999996307122 0.000327952213 0.020168811388 0.000464247288 -0.000326700915 0.999999838870 -0.008665516801 -0.000000000000 0.000000000000 -0.000000000000 1.000000000000 0.081222356505 -0.035810890110 -0.027069457108 0.000453404232 0.002608569839 0.022593952225
0.000000000000 2799268000 0.999999872077 0.000462005564 -0.000205903984 0.029337574255 -0.000461947422 0.999999853446 0.000282335405 0.016682095017 0.000206034394 -0.000282240252 0.999999938945 -0.011350007582 -0.000000000000 0.000000000000 -0.000000000000 1.000000000000 0.081222356505 -0.035810890110 -0.027069457108 0.000453404232 0.002608569839 0.022593952225
0.000000000000 2800409000 0.999997272742 0.002298704291 -0.000412876573 0.006259150485 -0.002298645091 0.999997347772 0.000143801310 0.026435541233 0.000413206035 -0.000142851861 0.999999904427 -0.003220198504 -0.000000000000 0.000000000000 -0.000000000000 1.000000000000 -0.141728972819 -0.076754851574 -0.040834673920 0.001422206483 0.002877862954 0.009920335308
0.000000000000 2899266000 0.999999123199 0.001317991051 -0.000128451741 -0.007775440121 -0.001317990684 0.999999131446 0.000002940860 0.018847782431 0.000128455506 -0.000002771559 0.999999991746 -0.007253590827 -0.000000000000 0.000000000000 -0.000000000000 1.000000000000 -0.141728972819 -0.076754851574 -0.040834673920 0.001422206483 0.002877862954 0.009920335308
0.000000000000 2900287000 0.999997547981 0.002211722828 -0.000110970658 -0.000092238365 -0.002211727171 0.999997553367 -0.000039026221 0.017332617917 0.000110884072 0.000039271562 0.999999993081 0.000948132644 -0.000000000000 -0.000000000000 -0.000000000000 1.000000000000 -0.037571920910 -0.020606460596 -0.000137748138 -0.002028432943 0.002230853733 0.029807911272
0.000000000000 2999267000 0.999999721170 -0.000738671054 0.000109658007 -0.003859016930 0.000738653313 0.999999714115 0.000161745952 0.015287352125 -0.000109777453 -0.000161664907 0.999999980907 0.000931659897 -0.000000000000 0.000000000000 -0.000000000000 1.000000000000 -0.037571920910 -0.020606460596 -0.000137748138 -0.002028432943 0.002230853733 0.029807911272
0.000000000000 3000320000 0.999995856058 -0.002877905257 -0.000074350030 0.003416726571 0.002877894693 0.999995848799 -0.000141797811 -0.001611435027 0.000074757802 0.000141583252 0.999999987183 0.003536219431 -0.000000000000 0.000000000000 -0.000000000000 1.000000000000 -0.063878389652 0.028611767363 -0.001309469298 -0.003179239702 0.002131959266 -0.039214993273
0.000000000000 3099271000 0.999999488201 0.001002456444 0.000136669979 -0.002904149657 -0.001002480037 0.999999482609 0.000172671131 0.001219833705 -0.000136496813 -0.000172808051 0.999999975753 0.003406654288 -0.000000000000 0.000000000000 -0.000000000000 1.000000000000 -0.063878389652 0.028611767363 -0.001309469298 -0.003179239702 0.002131959266 -0.039214993273
0.000000000000 3100289000 0.999999976630 -0.000210641832 0.000048690540 -0.005296681081 0.000210646694 0.999999972827 -0.000099866225 -0.008126599098 -0.000048669502 0.000099876479 0.999999993828 0.005539945746 -0.000000000000 0.000000000000 -0.000000000000 1.000000000000 -0.059148925434 -0.076934024110 -0.129818994844 -0.010017388271 0.002096745506 0.020898820869
0.000000000000 3199273000 0.999997369616 -0.002279369175 0.000255415363 -0.011126954702 0.002279140510 0.999997004915 0.000892008996 -0.015759692336 -0.000257447816 -0.000891424523 0.999999569541 -0.007296503658 -0.000000000000 0.000000000000 -0.000000000000 1.000000000000 -0.059148925434 -0.076934024110 -0.129818994844 -0.010017388271 0.002096745506 0.020898820869
0.000000000000 3200304000 0.999997888242 -0.002047299048 -0.000179106128 -0.005238283785 0.002047313268 0.999997901112 0.000079247910 -0.000410596919 0.000178943508 -0.000079614429 0.999999980820 -0.001889303369 -0.000000000000 0.000000000000 -0.000000000000 1.000000000000 -0.076300904149 -0.050354009545 0.041241478200 0.001131054881 0.001770494129 -0.024471958613
0.000000000000 3299273000 0.999999929802 0.000374675346 -0.000003824301 -0.012796733735 -0.000374675470 0.999999929282 -0.000032470666 -0.005372292191 0.000003812135 0.000032472097 0.999999999466 0.002193605333 -0.000000000000 -0.000000000000 -0.000000000000 1.000000000000 -0.076300904149 -0.050354009545 0.041241478200 0.001131054881 0.001770494129 -0.024471958613
0.000000000000 3300314000 0.999999950332 0.000179574767 0.000259015140 -0.015646481960 -0.000179592951 0.999999981410 0.000070185332 0.004829249200 -0.000259002532 -0.000070231845 0.999999963993 0.005406906259 -0.000000000000 0.000000000000 -0.000000000000 1.000000000000 -0.046896759391 -0.162618310520 -0.005834707146 0.001916730607 -0.002714359592 0.012848139004
0.000000000000 3399271000 0.999999403887 -0.001091848892 -0.000009559375 -0.020284528750 0.001091847744 0.999999396814 -0.000119330616 -0.011286835610 0.000009689660 0.000119320107 0.999999992834 0.004824080906 -0.000000000000 0.000000000000 -0.000000000000 1.000000000000 -0.046896759391 -0.162618310520 -0.005834707146 0.001916730607 -0.002714359592 0.012848139004
0.000000000000 3400425000 0.999999911962 0.000269404538 -0.000321711025 -0.017173532712 -0.000269443366 0.999999956422 -0.000120653544 0.000924887239 0.000321678506 0.000120740217 0.999999940972 -0.000529614005 -0.000000000000 -0.000000000000 -0.000000000000 1.000000000000 0.086783218576 -0.072461570204 -0.048969858881 -0.001883241162 0.001722809376 0.021131132147
0.000000000000 3499265000 0.999998333793 -0.001819202952 -0.000151369375 -0.008590752303 0.001819212807 0.999998343119 0.000064993113 -0.006264713004 0.000151250889 -0.000065268377 0.999999986432 -0.005367131876 -0.000000000000 0.000000000000 -0.000000000000 1.000000000000 0.086783218576 -0.072461570204 -0.048969858881 -0.001883241162 0.001722809376 0.021131132147
0.000000000000 3500311000 0.999999195532 -0.001265673320 0.000083706136 0.009464231845 0.001265631785 0.999999076868 0.000494407477 -0.005999933891 -0.000084331817 -0.000494301138 0.999999874277 -0.003594580368 -0.000000000000 0.000000000000 -0.000000000000 1.000000000000 0.103124412554 -0.003095752162 -0.027533225659 0.003991059620 -0.003224602334 -0.012386522253
0.000000000000 3599266000 0.999999971588 -0.000039867378 -0.000235021242 0.019662966245 0.000039890779 0.999999994248 0.000099563825 -0.006322168278 0.000235017272 -0.000099573198 0.999999967426 -0.006316923726 -0.000000000000 0.000000000000 -0.000000000000 1.000000000000 0.103124412554 -0.003095752162 -0.027533225659 0.003991059620 -0.003224602334 -0.012386522253
0.000000000000 3600286000 0.999999994221 0.000107251560 -0.000007410135 0.008704039642 -0.000107249660 0.999999961471 0.000256036539 0.002638587647 0.000007437595 -0.000256035743 0.999999967195 -0.002578275821 -0.000000000000 0.000000000000 -0.000000000000 1.000000000000 -0.163670630325 -0.199106546275 -0.068673688378 0.004330483204 -0.003160075972 -0.010776744456
0.000000000000 3699260000 0.999999259763 0.001173878514 -0.000320129939 -0.007500873670 -0.001173933745 0.999999296080 -0.000172392728 -0.017065804171 0.000319927346 0.000172768411 0.999999933899 -0.009378068256 -0.000000000000 -0.000000000000 -0.000000000000 1.000000000000 -0.163670630325 -0.199106546275 -0.068673688378 0.004330483204 -0.003160075972 -0.010776744456
0.000000000000 3700303000 0.999999551790 -0.000873690882 -0.000364807820 0.014180662078 0.000873529727 0.999999520932 -0.000441680452 -0.018588624046 0.000365193537 0.000441361583 0.999999835917 -0.005683627018 -0.000000000000 0.000000000000 -0.000000000000 1.000000000000 -0.175905354701 0.174326786354 0.183326782056 -0.010278813963 0.012316038857 -0.020159348377
0.000000000000 3799264000 0.999999006652 0.001121224384 0.000854137989 -0.003242941106 -0.001121715769 0.999999205542 0.000575037544 -0.001344453500 -0.000853492565 -0.000575995073 0.999999469890 0.012462132246 -0.000000000000 0.000000000000 -0.000000000000 1.000000000000 -0.175905354701 0.174326786354 0.183326782056 -0.010278813963 0.012316038857 -0.020159348377
0.000000000000 3800292000 0.999998321424 0.001829121257 0.000107068451 -0.003598593709 -0.001829049413 0.999998104639 -0.000667305156 0.005614259226 -0.000108288830 0.000667108202 0.999999771620 0.002904123559 -0.000000000000 0.000000000000 -0.000000000000 1.000000000000 -0.084833489623 0.016586378927 0.107823996676 -0.009162712389 0.008152960035 0.016663981876
0.000000000000 3899265000 0.999999565783 0.000179998604 0.000914349039 -0.011998837721 -0.000180218488 0.999999954863 0.000240404617 0.007250483534 -0.000914305725 -0.000240569295 0.999999553086 0.013576322118 -0.000000000000 0.000000000000 -0.000000000000 1.000000000000 -0.084833489623 0.016586378927 0.107823996676 -0.009162712389 0.008152960035 0.016663981876
0.000000000000 3900373000 0.999999442558 0.000324532089 0.001004770374 -0.008590428811 -0.000323650924 0.999999563043 -0.000877020326 0.001680042703 -0.001005054556 0.000876694642 0.999999110636 0.008906287079 -0.000000000000 0.000000000000 -0.000000000000 1.000000000000 -0.015944274394 0.100666958248 0.046165779897 -0.007961860104 -0.002963838494 0.016235847942
0.000000000000 3999273000 0.999998925319 -0.001281333628 0.000712421899 -0.010181281566 0.001281396794 0.999999175120 -0.000088214234 0.011629740298 -0.000712308280 0.000089127034 0.999999742337 0.013464089969 -0.000000000000 0.000000000000 -0.000000000000 1.000000000000 -0.015944274394 0.100666958248 0.046165779897 -0.007961860104 -0.002963838494 0.016235847942
0.000000000000 4000329000 0.999998876397 -0.000140922159 0.001492429594 -0.003714636779 0.000142603653 0.999999355178 -0.001126635946 0.003327407720 -0.001492269864 0.001126847506 0.999998251671 0.012000036367 -0.000000000000 0.000000000000 -0.000000000000 1.000000000000 0.100750954971 -0.117058695557 -0.117003761160 -0.014593037942 -0.009683249252 0.011813878960
0.000000000000 4099274000 0.999998998641 -0.001310233804 0.000534793204 0.006251090629 0.001310063616 0.999999091159 0.000318456492 -0.008244518355 -0.000535209970 -0.000317755560 0.999999806291 0.000427858956 -0.000000000000 0.000000000000 -0.000000000000 1.000000000000 0.100750954971 -0.117058695557 -0.117003761160 -0.014593037942 -0.009683249252 0.011813878960
0.000000000000 4100296000 0.999995600976 0.002405680902 0.001735144822 0.021940536119 -0.002407307914 0.999996664191 0.000936202730 -0.000954330627 -0.001732886829 -0.000940375640 0.999998056397 0.000773621112 -0.000000000000 0.000000000000 -0.000000000000 1.000000000000 0.131579250771 -0.000270214933 -0.054167298836 0.013740446373 -0.015258481621 0.039403590554
0.000000000000 4199270000 0.999998859140 -0.001493842681 0.000223948929 0.034969842812 0.001493936627 0.999998795909 -0.000419920630 -0.000867537156 -0.000223321364 0.000420254716 0.999999886757 -0.004545790187 -0.000000000000 0.000000000000 -0.000000000000 1.000000000000 0.131579250771 -0.000270214933 -0.054167298836 0.013740446373 -0.015258481621 0.039403590554
0.000000000000 4200322000 0.999997517760 0.001177461218 0.001891575903 0.022545773164 -0.001177520851 0.999999306260 0.000030412310 -0.000402798759 -0.001891538781 -0.000032639605 0.999998210506 0.008211494524 -0.000000000000 0.000000000000 -0.000000000000 1.000000000000 -0.166911925714 0.210136911704 -0.080162320785 0.004562906040 -0.016949050558 0.002385685371
0.000000000000 4299267000 0.999999534154 0.000941084293 0.000214598990 0.006021163650 -0.000940993925 0.999999468722 -0.000420815625 0.020390649822 -0.000214994899 0.000420613492 0.999999888431 0.000308296642 -0.000000000000 0.000000000000 -0.000000000000 1.000000000000 -0.166911925714 0.210136911704 -0.080162320785 0.004562906040 -0.016949050558 0.002385685371
0.000000000000 4300289000 0.999997983484 0.000721449602 0.001874176842 0.013805979032 -0.000722920825 0.999999431021 0.000784438241 0.014158583626 -0.001873609843 -0.000785791540 0.999997936057 0.001337853310 -0.000000000000 0.000000000000 -0.000000000000 1.000000000000 0.009565818226 -0.176174477513 -0.082996607723 0.013038370484 -0.016012973778 0.022987504508
0.000000000000 4399269000 0.999998751391 -0.001553626260 0.000288896351 0.014744750110 0.001553771627 0.999998666071 -0.000503636318 -0.003243114146 -0.000288113503 0.000504084568 0.999999831445 -0.006847476582 -0.000000000000 0.000000000000 -0.000000000000 1.000000000000 0.009565818226 -0.176174477513 -0.082996607723 0.013038370484 -0.016012973778 0.022987504508
0.000000000000 4400324000 0.999997705419 -0.000274070346 0.002124627619 0.027759706063 0.000275762881 0.999999644871 -0.000796374806 0.017881169250 -0.002124408602 0.000796958872 0.999997425869 0.008384300977 -0.000000000000 0.000000000000 -0.000000000000 1.000000000000 0.036333355311 -0.302443152356 -0.104316514666 -0.004594216600 -0.014901039238 0.012772565191
0.000000000000 4499269000 0.999998604338 -0.001538690445 0.000650963648 0.031346216309 0.001538912040 0.999998758058 -0.000340046562 -0.012005258360 -0.000650439613 0.000341047863 0.999999730307 -0.001895068615 -0.000000000000 0.000000000000 -0.000000000000 1.000000000000 0.036333355311 -0.302443152356 -0.104316514666 -0.004594216600 -0.014901039238 0.012772565191
0.000000000000 4500293000 0.999994675814 0.001503461189 0.002896195334 0.032350823565 -0.001499801135 0.999998074547 -0.001265503199 0.008360296708 -0.002898092392 0.001261152744 0.999995005265 0.015904575193 -0.000000000000 0.000000000000 -0.000000000000 1.000000000000 -0.075865665248 -0.510942817418 -0.070523697161 -0.011444028695 -0.019086490169 0.060057777190
0.000000000000 4599273000 0.999989621542 -0.004442342741 0.001011138018 0.024918181934 0.004442467488 0.999990124853 -0.000121160779 -0.042028578563 -0.001010589795 0.000125651469 0.999999481460 0.008997261035 -0.000000000000 0.000000000000 -0.000000000000 1.000000000000 -0.075865665248 -0.510942817418 -0.070523697161 -0.011444028695 -0.019086490169 0.060057777190
0.000000000000 4600302000 0.999995786184 -0.000623200877 0.002835354541 0.017490786480 0.000625769239 0.999999394660 -0.000905037573 -0.026807293980 -0.002834788804 0.000906808037 0.999995570826 0.011938622186 -0.000000000000 0.000000000000 -0.000000000000 1.000000000000 -0.129226132106 -0.259388980856 -0.056788130655 -0.010986192981 -0.016212496537 0.037038609930
0.000000000000 4699275000 0.999990040567 -0.004289615751 0.001232056777 0.004831321636 0.004289385135 0.999990782541 0.000189760537 -0.052429138483 -0.001232859421 -0.000184473881 0.999999223013 0.006379060325 -0.000000000000 0.000000000000 -0.000000000000 1.000000000000 -0.129226132106 -0.259388980856 -0.056788130655 -0.010986192981 -0.016212496537 0.037038609930
0.000000000000 4700305000 0.999983312176 -0.004117212190 0.004052645097 0.000731171122 0.004113342737 0.999991076800 0.000962669402 -0.010207587855 -0.004056572448 -0.000945983419 0.999991324630 0.011927558845 -0.000000000000 0.000000000000 -0.000000000000 1.000000000000 -0.041235682655 -0.056211210802 -0.094307378307 0.013245258440 -0.034075829176 -0.027132022033
0.000000000000 4799278000 0.999998744521 -0.001430869019 0.000680860207 -0.003409427591 0.001431110704 0.999998913085 -0.000354614694 -0.015776925679 -0.000680352060 0.000355588636 0.999999705339 0.002572053580 -0.000000000000 0.000000000000 -0.000000000000 1.000000000000 -0.041235682655 -0.056211210802 -0.094307378307 0.013245258440 -0.034075829176 -0.027132022033
0.000000000000 4800321000 0.999988356409 -0.002657031047 0.004028303809 -0.002019382157 0.002659115749 0.999996333347 -0.000512246129 -0.000963801460 -0.004026927985 0.000522951891 0.999991755152 0.021394663355 -0.000000000000 0.000000000000 -0.000000000000 1.000000000000 -0.378769644075 0.037866728317 -0.060517933230 -0.009271170678 -0.026996126613 0.013225517789
0.000000000000 4899274000 0.999991215050 -0.003965891791 0.001357028316 -0.039550146878 0.003965340517 0.999992054493 0.000408686407 0.002772893412 -0.001358638340 -0.000403301737 0.999998995724 0.015349859468 -0.000000000000 0.000000000000 -0.000000000000 1.000000000000 -0.378769644075 0.037866728317 -0.060517933230 -0.009271170678 -0.026996126613 0.013225517789
0.000000000000 4900317000 0.999992881291 -0.000939576246 0.003654389649 -0.045691485803 0.000943954714 0.999998838549 -0.001196599220 0.012529862744 -0.003653261109 0.001200040280 0.999992606766 0.034117041550 -0.000000000000 0.000000000000 -0.000000000000 1.000000000000 -0.317109053684 -0.150564536148 -0.201021707910 -0.019829786827 -0.025951508026 0.070803844373
0.000000000000 4999274000 0.999967833654 -0.007946600655 0.001087747518 -0.077168016308 0.007945751987 0.999968125994 0.000782317825 -0.002752827838 -0.001093929614 -0.000773649689 0.999999102392 0.014057047978 -0.000000000000 0.000000000000 -0.000000000000 1.000000000000 -0.317109053684 -0.150564536148 -0.201021707910 -0.019829786827 -0.025951508026 0.070803844373
0.000000000000 5000437000 0.999989964454 -0.003752858152 0.002446844389 -0.093107841558 0.003752854308 0.999992957999 0.000006162318 0.019211184183 -0.002446850284 0.000003020395 0.999997006453 0.014029660729 -0.000000000000 0.000000000000 -0.000000000000 1.000000000000 -0.380690062149 -0.141039183554 -0.258604094941 -0.005854989844 -0.020179636130 0.049794483832
0.000000000000 5099275000 0.999962280346 -0.008673789402 0.000450845501 -0.130795933463 0.008673521876 0.999962209068 0.000591991976 0.004720704898 -0.000455963277 -0.000588059228 0.999999723142 -0.011760632082 -0.000000000000 0.000000000000 -0.000000000000 1.000000000000 -0.380690062149 -0.141039183554 -0.258604094941 -0.005854989844 -0.020179636130 0.049794483832
0.000000000000 5100402000 0.999968237196 -0.007246110919 0.003319408875 -0.090533685753 0.007243758237 0.999973504259 0.000720240542 -0.014545665211 -0.003324539868 -0.000696172669 0.999994231373 0.022291669468 -0.000000000000 0.000000000000 -0.000000000000 1.000000000000 -0.140700147202 -0.282514728668 -0.352939544078 -0.002909978890 -0.027628869757 0.046083545200
0.000000000000 5199271000 0.999930209313 -0.011799816540 0.000583808555 -0.104326602921 0.011799218852 0.999929869777 0.001016839727 -0.042920326069 -0.000595766135 -0.001009880276 0.999999312602 -0.012861126595 -0.000000000000 0.000000000000 -0.000000000000 1.000000000000 -0.140700147202 -0.282514728668 -0.352939544078 -0.002909978890 -0.027628869757 0.046083545200
0.000000000000 5200429000 0.999921111619 -0.012111232013 0.003329954564 -0.110570961756 0.012107631260 0.999926095601 0.001099363812 -0.037437154417 -0.003343023116 -0.001058959223 0.999993851382 0.016409947577 -0.000000000000 0.000000000000 -0.000000000000 1.000000000000 -0.068058459909 -0.012676299624 -0.554742280548 -0.004853640222 -0.035426047621 -0.005117183765
0.000000000000 5299272000 0.999932693249 -0.011600851000 -0.000170962521 -0.117278077734 0.011601106534 0.999931459283 0.001578310178 -0.038637853033 0.000152641062 -0.001580187302 0.999998739854 -0.038802962549 -0.000000000000 0.000000000000 -0.000000000000 1.000000000000 -0.068058459909 -0.012676299624 -0.554742280548 -0.004853640222 -0.035426047621 -0.005117183765
0.000000000000 5300390000 0.999929892875 -0.011432527316 0.003083286281 -0.131090315344 0.011426462452 0.999932760449 0.001977507582 -0.007644449763 -0.003105686872 -0.001942137890 0.999993291382 0.008133032875 -0.000000000000 0.000000000000 -0.000000000000 1.000000000000 0.008922972872 0.160864372046 -0.273221899428 0.014397537797 -0.031660880868 0.016056581988
0.000000000000 5399272000 0.999915284510 -0.013016196169 -0.000049394699 -0.130190850088 0.013016221645 0.999915130668 0.000556268566 0.008062586864 0.000042150006 -0.000556864374 0.999999844063 -0.019292284764 -0.000000000000 0.000000000000 -0.000000000000 1.000000000000 0.008922972872 0.160864372046 -0.273221899428 0.014397537797 -0.031660880868 0.016056581988
0.000000000000 5400396000 0.999923776132 -0.011993824080 0.002930888946 -0.131757729713 0.011989531778 0.999927031083 0.001477713508 -0.015359646525 -0.002948398518 -0.001442460885 0.999994613112 0.014013012112 -0.000000000000 0.000000000000 -0.000000000000 1.000000000000 0.008910128736 0.431279214837 -0.293176351412 0.008149294465 -0.026471310933 0.024270697446
