0.000000000000 272000 1.000000000000 -0.000000000000 0.000000000000 -0.000000000000 -0.000000000000 1.000000000000 -0.000000000000 0.000000000000 0.000000000000 -0.000000000000 1.000000000000 -0.000000000000 -0.000000000000 0.000000000000 -0.000000000000 1.000000000000 0.000000000000 0.000000000000 0.000000000000 0.000000000000 0.000000000000 0.000000000000
0.000000000000 99571000 1.000000000000 -0.000000000000 0.000000000000 -0.000000000000 -0.000000000000 1.000000000000 -0.000000000000 0.000000000000 0.000000000000 -0.000000000000 1.000000000000 -0.000000000000 -0.000000000000 0.000000000000 -0.000000000000 1.000000000000 0.000000000000 0.000000000000 0.000000000000 0.000000000000 0.000000000000 0.000000000000
0.000000000000 100308000 1.000000000000 -0.000000000000 0.000000000000 -0.000000000000 -0.000000000000 1.000000000000 -0.000000000000 0.000000000000 0.000000000000 -0.000000000000 1.000000000000 -0.000000000000 -0.000000000000 0.000000000000 -0.000000000000 1.000000000000 0.047607186298 0.124969489112 -0.013195326937 0.000110549959 -0.000903930505 -0.010499152688
0.000000000000 199570000 0.999999452914 0.001042171068 -0.000089732070 0.004732128399 -0.001042172052 0.999999456879 -0.000010926704 0.012402321699 0.000089720633 0.000011020214 0.999999995914 -0.001309520392 -0.000000000000 -0.000000000000 -0.000000000000 1.000000000000 0.047607186298 0.124969489112 -0.013195326937 0.000110549959 -0.000903930505 -0.010499152688
0.000000000000 200275000 0.999999751101 0.000695357869 0.000119481428 0.002787689964 -0.000695353142 0.999999757458 -0.000039596076 0.006882593813 -0.000119508933 0.000039512985 0.999999992078 0.002583091112 -0.000000000000 0.000000000000 -0.000000000000 1.000000000000 -0.118314741064 -0.047649953045 -0.005892496202 -0.001193379614 0.000537114734 -0.008643373197
0.000000000000 299572000 0.999998778197 0.001553619696 0.000172832277 -0.008956642725 -0.001553633330 0.999998790008 0.000078777839 0.002154001461 -0.000172709678 -0.000079046260 0.999999981962 0.001997611438 -0.000000000000 0.000000000000 -0.000000000000 1.000000000000 -0.118314741064 -0.047649953045 -0.005892496202 -0.001193379614 0.000537114734 -0.008643373197
0.000000000000 300273000 0.999999786062 -0.000648216177 -0.000087697724 -0.007903501902 0.000648222210 0.999999787539 0.000068776858 0.005875342981 0.000087653123 -0.000068833691 0.999999993789 -0.001434009585 -0.000000000000 0.000000000000 -0.000000000000 1.000000000000 0.049961102743 0.067161511398 0.088947366302 0.000599553643 0.016611836586 -0.015340299283
0.000000000000 399572000 0.999998397412 0.000875000829 0.001561904740 -0.002923433366 -0.000875014577 0.999999617142 0.000008118779 0.012552507461 -0.001561897038 -0.000009485455 0.999998780193 0.007407885895 -0.000000000000 0.000000000000 -0.000000000000 1.000000000000 0.049961102743 0.067161511398 0.088947366302 0.000599553643 0.016611836586 -0.015340299283
0.000000000000 400272000 0.999992370764 0.003848507923 0.000668880768 -0.019714119768 -0.003848705340 0.999992550456 0.000294108740 0.016523181032 -0.000667743905 -0.000296680822 0.999999733049 0.000931520289 -0.000000000000 0.000000000000 -0.000000000000 1.000000000000 -0.108005119238 -0.019458156490 0.322711361589 0.008054052345 0.030498392441 0.028749196231
0.000000000000 499573000 0.999992669481 0.000993981874 0.003697699787 -0.030432008538 -0.000992141773 0.999999383109 -0.000499435107 0.014505762318 -0.003698193936 0.000495762803 0.999993038766 0.033065575143 -0.000000000000 0.000000000000 -0.000000000000 1.000000000000 -0.108005119238 -0.019458156490 0.322711361589 0.008054052345 0.030498392441 0.028749196231
0.000000000000 500303000 0.999997231001 0.001153011753 0.002051475915 0.000216565136 -0.001153481694 0.999999308769 0.000227906397 0.023555249623 -0.002051211719 -0.000230272105 0.999997869750 0.005800976428 -0.000000000000 0.000000000000 -0.000000000000 1.000000000000 0.064844183910 -0.068721812326 0.263062055331 0.006894755503 0.020182885754 -0.007769981778
0.000000000000 599571000 0.999989926884 0.001924547524 0.004054904175 0.006706882122 -0.001922702425 0.999998046321 -0.000458878065 0.016717753654 -0.004055779385 0.000451077068 0.999991673557 0.031921635913 -0.000000000000 0.000000000000 -0.000000000000 1.000000000000 0.064844183910 -0.068721812326 0.263062055331 0.006894755503 0.020182885754 -0.007769981778
0.000000000000 600340000 0.999988120691 0.003958380320 0.002844240204 0.003869912527 -0.003958884612 0.999992148846 0.000171694746 0.009737553488 -0.002843538241 -0.000182952725 0.999995940401 0.010847382534 -0.000000000000 0.000000000000 -0.000000000000 1.000000000000 -0.172562482208 -0.185042462281 0.143552663277 0.005021525097 0.014634378693 0.046011316345
0.000000000000 699570000 0.999990584729 -0.000607204567 0.004296714636 -0.013229816429 0.000608543364 0.999999766699 -0.000310285575 -0.008654515694 -0.004296525227 0.000312897391 0.999990720940 0.025099151554 -0.000000000000 0.000000000000 -0.000000000000 1.000000000000 -0.172562482208 -0.185042462281 0.143552663277 0.005021525097 0.014634378693 0.046011316345
0.000000000000 700340000 0.999990054905 0.001712346255 0.004118004546 0.002906972088 -0.001712103844 0.999998532403 -0.000062390780 0.002022439002 -0.004118105337 0.000055339708 0.999991519037 0.015640813016 -0.000000000000 0.000000000000 -0.000000000000 1.000000000000 -0.232445454646 -0.053722962274 0.022725362317 -0.003758008249 0.013016767654 0.033717872612
0.000000000000 799576000 0.999984035001 -0.001633843242 0.005409278974 -0.020136113853 0.001632101048 0.999998614830 0.000326473654 -0.003331379793 -0.005409804888 -0.000317639952 0.999985316450 0.017907354957 -0.000000000000 0.000000000000 -0.000000000000 1.000000000000 -0.232445454646 -0.053722962274 0.022725362317 -0.003758008249 0.013016767654 0.033717872612
0.000000000000 800290000 0.999992514132 -0.000309444713 0.003856931977 -0.019987987970 0.000307345292 0.999999804309 0.000544904808 0.004235991452 -0.003857099840 -0.000543715319 0.999992413548 -0.002591175878 -0.000000000000 0.000000000000 -0.000000000000 1.000000000000 -0.567878749685 -0.124647472384 -0.006138947207 0.004671926559 0.033857498404 -0.011738788096
0.000000000000 899579000 0.999973577701 0.000855040054 0.007218919977 -0.076383911688 -0.000855600778 0.999999631192 0.000074586171 -0.008082667740 -0.007218853541 -0.000080760713 0.999973940476 -0.003039619743 -0.000000000000 0.000000000000 -0.000000000000 1.000000000000 -0.567878749685 -0.124647472384 -0.006138947207 0.004671926559 0.033857498404 -0.011738788096
0.000000000000 900294000 0.999975188900 0.001368143511 0.006910120692 -0.058993612659 -0.001365242185 0.999998977928 -0.000424565888 0.009953757824 -0.006910694497 0.000415121366 0.999976034701 0.011949524739 -0.000000000000 0.000000000000 -0.000000000000 1.000000000000 -0.514828731227 0.061372109094 -0.160688789878 -0.003434289524 0.007196484658 0.004190447933
0.000000000000 999583000 0.999970477848 0.000952252562 0.007624739229 -0.110113031415 -0.000951665945 0.999999543921 -0.000080563726 0.016013521963 -0.007624812469 0.000073305143 0.999970928008 -0.003949130421 -0.000000000000 0.000000000000 -0.000000000000 1.000000000000 -0.514828731227 0.061372109094 -0.160688789878 -0.003434289524 0.007196484658 0.004190447933
0.000000000000 1000314000 0.999968572034 0.001826003234 0.007714963179 -0.140811002304 -0.001824123302 0.999998304860 -0.000250703171 0.017137115880 -0.007715407886 0.000236622248 0.999970207802 0.004525516304 -0.000000000000 0.000000000000 -0.000000000000 1.000000000000 -0.447070019390 0.086700743756 -0.041368838305 -0.003138883622 -0.005498499531 0.004100750235
0.000000000000 1099582000 0.999973294400 0.001418883642 0.007169187926 -0.185201060258 -0.001419378300 0.999998990640 0.000063910293 0.025678178327 -0.007169090009 -0.000074084376 0.999974299000 0.000323245101 -0.000000000000 0.000000000000 -0.000000000000 1.000000000000 -0.447070019390 0.086700743756 -0.041368838305 -0.003138883622 -0.005498499531 0.004100750235
0.000000000000 1100283000 0.999971182846 0.000710424539 0.007558357956 -0.197029764731 -0.000711158187 0.999999742673 0.000094377214 0.027059406370 -0.007558288963 -0.000099749683 0.999971430751 0.008380582279 -0.000000000000 0.000000000000 -0.000000000000 1.000000000000 -0.329477651832 0.224560552700 0.041347737408 -0.006378567445 0.003322881277 -0.041843733872
0.000000000000 1199574000 0.999957039629 0.004864979167 0.007889922271 -0.229579974045 -0.004870617779 0.999987896536 0.000695602730 0.050249154396 -0.007886442683 -0.000734001642 0.999968632140 0.012531951009 -0.000000000000 0.000000000000 -0.000000000000 1.000000000000 -0.329477651832 0.224560552700 0.041347737408 -0.006378567445 0.003322881277 -0.041843733872
0.000000000000 1200265000 0.999966441428 0.001924545252 0.007963174249 -0.245393631005 -0.001932379416 0.999997656447 0.000976222056 0.033618904011 -0.007961276804 -0.000991577169 0.999967816905 0.003006742477 -0.000000000000 0.000000000000 -0.000000000000 1.000000000000 -0.515229028927 0.203957603203 -0.063279010779 -0.009861712735 -0.003399740655 -0.006877470639
0.000000000000 1299572000 0.999967516327 0.002608027227 0.007626564415 -0.296529740555 -0.002622971900 0.999994658336 0.001950209694 0.054058295748 -0.007621437477 -0.001970150608 0.999969015619 -0.003411752197 -0.000000000000 0.000000000000 -0.000000000000 1.000000000000 -0.515229028927 0.203957603203 -0.063279010779 -0.009861712735 -0.003399740655 -0.006877470639
0.000000000000 1300345000 0.999961728092 0.005348839426 0.006923313417 -0.317698506958 -0.005365657243 0.999982693749 0.002412866471 0.034995959274 -0.006910287565 -0.002449922252 0.999973122542 -0.005551031581 -0.000000000000 0.000000000000 -0.000000000000 1.000000000000 -0.650101875934 0.053982991088 0.057899965437 0.000603163598 0.010637592945 0.018487951022
0.000000000000 1399578000 0.999962036973 0.003511676477 0.007974505644 -0.382281762743 -0.003530651893 0.999990966621 0.002366680074 0.039710943565 -0.007966122592 -0.002394745431 0.999965402444 0.000566290007 -0.000000000000 0.000000000000 -0.000000000000 1.000000000000 -0.650101875934 0.053982991088 0.057899965437 0.000603163598 0.010637592945 0.018487951022
0.000000000000 1400299000 0.999941953743 0.007789333327 0.007444154119 -0.406108348314 -0.007810499015 0.999965525676 0.002818432982 0.025745737590 -0.007421943773 -0.002876411940 0.999968320001 0.002733279507 -0.000000000000 0.000000000000 -0.000000000000 1.000000000000 -0.971942573419 -0.344142350887 0.009745098799 0.014057971863 0.009616215530 -0.020798580921
0.000000000000 1499578000 0.999916158666 0.009852022958 0.008403170947 -0.502579589960 -0.009864179632 0.999950358684 0.001406459076 -0.007486970042 -0.008388897335 -0.001489231544 0.999963703637 0.004147231103 -0.000000000000 0.000000000000 -0.000000000000 1.000000000000 -0.971942573419 -0.344142350887 0.009745098799 0.014057971863 0.009616215530 -0.020798580921
0.000000000000 1500270000 0.999910064918 0.010877613029 0.007844718654 -0.505283502899 -0.010889832177 0.999939553917 0.001516597288 -0.001408985624 -0.007827747513 -0.001601888562 0.999968079652 0.004771923976 -0.000000000000 0.000000000000 -0.000000000000 1.000000000000 -1.024459052375 -0.221135128320 0.091312310863 -0.000364402408 0.005219845867 0.004227100149
0.000000000000 1599577000 0.999910356332 0.010457013447 0.008362426018 -0.607009845483 -0.010470379665 0.999943973148 0.001556185697 -0.023602486168 -0.008345684443 -0.001643603970 0.999963823404 0.014128665821 -0.000000000000 0.000000000000 -0.000000000000 1.000000000000 -1.024459052375 -0.221135128320 0.091312310863 -0.000364402408 0.005219845867 0.004227100149
0.000000000000 1600305000 0.999858542281 0.014846593803 0.007904054638 -0.624467130761 -0.014860538110 0.999888116636 0.001708396064 -0.003694779104 -0.007877806444 -0.001825612904 0.999967303117 0.006873558657 -0.000000000000 0.000000000000 -0.000000000000 1.000000000000 -1.219141567086 -0.251381875581 0.032908540353 0.004985128091 0.014474622602 0.010658421203
0.000000000000 1699573000 0.999861346836 0.013786374365 0.009339324701 -0.745459224969 -0.013798383671 0.999904050239 0.001222670423 -0.029378278169 -0.009321572403 -0.001351368481 0.999955640062 0.011116376460 -0.000000000000 0.000000000000 -0.000000000000 1.000000000000 -1.219141567086 -0.251381875581 0.032908540353 0.004985128091 0.014474622602 0.010658421203
0.000000000000 1700339000 0.999678098286 0.024106091865 0.007911772425 -0.777971984362 -0.024118366232 0.999708044275 0.001459664789 0.010079261052 -0.007874275724 -0.001650013945 0.999967636094 0.005324755648 -0.000000000000 0.000000000000 -0.000000000000 1.000000000000 -1.448589892858 -0.303601340326 0.075033237193 0.006368033293 0.031193123791 0.031911452366
0.000000000000 1799018000 0.999720085268 0.020953690903 0.010986079791 -0.920865844264 -0.020964405883 0.999779851900 0.000861057779 -0.022561061680 -0.010965618888 -0.001091133392 0.999939280472 0.015339676625 -0.000000000000 0.000000000000 -0.000000000000 1.000000000000 -1.448589892858 -0.303601340326 0.075033237193 0.006368033293 0.031193123791 0.031911452366
0.000000000000 1800277000 0.999549567567 0.028241750461 0.010152118339 -0.939800169585 -0.028253125446 0.999600321595 0.000978759136 0.015406523369 -0.010120418885 -0.001265147344 0.999947986909 0.015478529829 -0.000000000000 0.000000000000 -0.000000000000 1.000000000000 -1.539300304464 -0.287299457284 -0.030716311549 0.003049151136 0.023396672634 0.045137452943
0.000000000000 1899036000 0.999639510994 0.023782904391 0.012458792847 -1.091780078712 -0.023793812805 0.999716622060 0.000728044587 -0.017499489788 -0.012437947286 -0.001024224320 0.999922121183 0.014791866976 -0.000000000000 0.000000000000 -0.000000000000 1.000000000000 -1.539300304464 -0.287299457284 -0.030716311549 0.003049151136 0.023396672634 0.045137452943
0.000000000000 1900318000 0.999367973913 0.033605276494 0.011590431775 -1.108511558980 -0.033607801741 0.999435098007 0.000023116213 0.004175495247 -0.011583107491 -0.000412630537 0.999932828422 0.019674014884 -0.000000000000 0.000000000000 -0.000000000000 1.000000000000 -1.535687242923 -0.009572554236 0.087040487516 0.016647849941 0.021250428073 -0.008443894960
0.000000000000 1999255000 0.999312937002 0.034440992924 0.013692039578 -1.260391123279 -0.034421808673 0.999406057533 -0.001634397426 0.004176414417 -0.013740197564 0.001161969725 0.999904923879 0.030782642076 -0.000000000000 0.000000000000 -0.000000000000 1.000000000000 -1.535687242923 -0.009572554236 0.087040487516 0.016647849941 0.021250428073 -0.008443894960
0.000000000000 2000259000 0.999114698634 0.039948899457 0.013187281930 -1.277754189460 -0.039930898036 0.999201121210 -0.001625655034 0.013781170600 -0.013241690020 0.001097635829 0.999911722524 0.020613610972 -0.000000000000 0.000000000000 -0.000000000000 1.000000000000 -1.995486385969 0.161092549667 0.111836623634 0.005015187367 0.021955164800 -0.036714799994
0.000000000000 2099575000 0.998931196580 0.043594906267 0.015360619983 -1.475788745856 -0.043566554180 0.999048157757 -0.002175738730 0.034786658148 -0.015440850222 0.001504204011 0.999879651515 0.034734870430 -0.000000000000 0.000000000000 -0.000000000000 1.000000000000 -1.995486385969 0.161092549667 0.111836623634 0.005015187367 0.021955164800 -0.036714799994
0.000000000000 2100290000 0.998753141633 0.047629229156 0.014953882684 -1.500669659841 -0.047591986254 0.998862831182 -0.002836781238 0.035162915877 -0.015071991298 0.002121559194 0.999884160323 0.028508745719 -0.000000000000 0.000000000000 -0.000000000000 1.000000000000 -2.229789642940 0.261825648839 -0.032240281237 -0.004151178855 0.015977105755 0.030141821361
0.000000000000 2199129000 0.998865472311 0.044656204107 0.016540606370 -1.721150666354 -0.044622861144 0.999001069898 -0.002379623038 0.056253762419 -0.016630348392 0.001638834108 0.999860363118 0.027847253553 -0.000000000000 0.000000000000 -0.000000000000 1.000000000000 -2.229789642940 0.261825648839 -0.032240281237 -0.004151178855 0.015977105755 0.030141821361
0.000000000000 2200276000 0.998512866730 0.052133174735 0.015943245155 -1.752591030123 -0.052084773018 0.998636754347 -0.003436464276 0.056701660181 -0.016100664388 0.002600953491 0.999866992978 0.026669301273 -0.000000000000 0.000000000000 -0.000000000000 1.000000000000 -2.443047991902 -0.000220715093 0.007550534349 -0.019988316277 0.009242038109 0.094012790796
0.000000000000 2299160000 0.998938973991 0.042848844424 0.016879063168 -1.994590975427 -0.042832858326 0.999081396244 -0.001307641578 0.039317210556 -0.016919588928 0.000583275615 0.999856683380 0.029032924610 -0.000000000000 0.000000000000 -0.000000000000 1.000000000000 -2.443047991902 -0.000220715093 0.007550534349 -0.019988316277 0.009242038109 0.094012790796
0.000000000000 2300318000 0.998197155420 0.057801381164 0.016169083032 -1.996277082371 -0.057760423230 0.998325998184 -0.002989123345 0.084546865540 -0.016314791416 0.002049801341 0.999864803809 0.020330198692 -0.000000000000 0.000000000000 -0.000000000000 1.000000000000 -3.245792104096 -0.195226543806 -0.024865442182 -0.039299685929 0.007787617982 0.108154533123
0.000000000000 2399190000 0.998745293425 0.047122855056 0.016949200367 -2.317858559513 -0.047147767931 0.998887349263 0.001073061795 0.042254650784 -0.016879776091 -0.001870832383 0.999855776172 0.019285165278 -0.000000000000 0.000000000000 -0.000000000000 1.000000000000 -3.245792104096 -0.195226543806 -0.024865442182 -0.039299685929 0.007787617982 0.108154533123
0.000000000000 2400320000 0.998177677562 0.058105311449 0.016281793438 -2.340387295674 -0.058080156148 0.998309891368 -0.002014015474 0.092045298230 -0.016371300435 0.001064696183 0.999865414415 0.025422747159 -0.000000000000 0.000000000000 -0.000000000000 1.000000000000 -3.369297706422 -0.057075457765 0.243381886976 -0.015338019932 0.013610534002 0.125121985580
0.000000000000 2499216000 0.998797200441 0.045748403601 0.017641880831 -2.674461043428 -0.045750455842 0.998952858326 -0.000287459539 0.055432507720 -0.017636558097 -0.000520010307 0.999844328587 0.052754954027 -0.000000000000 0.000000000000 -0.000000000000 1.000000000000 -3.369297706422 -0.057075457765 0.243381886976 -0.015338019932 0.013610534002 0.125121985580
0.000000000000 2500327000 0.998282558806 0.056065111405 0.016989292738 -2.653391697745 -0.056046123952 0.998426911362 -0.001592060728 0.075153621707 -0.017051826136 0.000637142451 0.999854404038 0.043867166582 -0.000000000000 0.000000000000 -0.000000000000 1.000000000000 -3.721614515803 0.288399563851 0.019040735496 -0.020246269353 0.006370724429 0.029908891372
0.000000000000 2599578000 0.998433636084 0.053100833476 0.017623161451 -3.022987213465 -0.053117320821 0.998588168754 0.000468457703 0.095443928648 -0.017573405027 -0.001403819049 0.999844590288 0.047379948377 -0.000000000000 0.000000000000 -0.000000000000 1.000000000000 -3.721614515803 0.288399563851 0.019040735496 -0.020246269353 0.006370724429 0.029908891372
0.000000000000 2600310000 0.998688056302 0.048166133589 0.017383606494 -2.984872802888 -0.048127388991 0.998837715511 -0.002640549477 0.046111362148 -0.017490586857 0.001800457633 0.999845406912 0.034653408775 -0.000000000000 0.000000000000 -0.000000000000 1.000000000000 -3.774757541020 0.367797080874 -0.108337194580 -0.020446659343 -0.009273560220 -0.040051333394
0.000000000000 2699265000 0.998504985810 0.052123687415 0.016459481250 -3.358151023592 -0.052119482795 0.998640621463 -0.000684600238 0.095132764004 -0.016472790473 -0.000174282899 0.999864299192 0.020879818567 -0.000000000000 0.000000000000 -0.000000000000 1.000000000000 -3.774757541020 0.367797080874 -0.108337194580 -0.020446659343 -0.009273560220 -0.040051333394
0.000000000000 2700300000 0.997903988954 0.062227751260 0.017757696976 -3.323132828824 -0.062159311800 0.998056625595 -0.004380874654 0.134156403107 -0.017995799100 0.003267886070 0.999832722077 0.050334390132 -0.000000000000 0.000000000000 -0.000000000000 1.000000000000 -3.955173340306 0.228510373234 -0.165458889554 -0.001807287420 0.002773545710 0.142672316759
0.000000000000 2799290000 0.998677369737 0.048127183510 0.018091030437 -3.716354042432 -0.048063318125 0.998836485150 -0.003948845893 0.107073998508 -0.018260028085 0.003074108079 0.999828545919 0.034900307411 -0.000000000000 0.000000000000 -0.000000000000 1.000000000000 -3.955173340306 0.228510373234 -0.165458889554 -0.001807287420 0.002773545710 0.142672316759
0.000000000000 2800286000 0.998173455835 0.057104135838 0.019719780340 -3.745990591781 -0.056980960923 0.998352425550 -0.006753109772 0.122841818439 -0.020072921031 0.005617122886 0.999782739285 0.079775282878 -0.000000000000 0.000000000000 -0.000000000000 1.000000000000 -3.947058483457 0.023069430175 -0.384521300552 -0.003136553604 0.010200397562 0.132052730608
0.000000000000 2899322000 0.998812529030 0.044048791697 0.020814317241 -4.138114791652 -0.043929012236 0.999015555665 -0.006177493263 0.073591696532 -0.021065937818 0.005255805272 0.999764273604 0.045645827773 -0.000000000000 0.000000000000 -0.000000000000 1.000000000000 -3.947058483457 0.023069430175 -0.384521300552 -0.003136553604 0.010200397562 0.132052730608
0.000000000000 2900321000 0.998122590335 0.057225790081 0.021828962708 -4.153075990360 -0.057042079096 0.998331673356 -0.008948250461 0.104913186270 -0.022304615570 0.007686281511 0.999721673868 0.095573299418 -0.000000000000 0.000000000000 -0.000000000000 1.000000000000 -4.406436189593 0.046382923974 -0.276422199694 -0.005720946194 0.001470786797 0.050696969840
0.000000000000 2999569000 0.998393733973 0.052202971464 0.022018213692 -4.590879682315 -0.052031950509 0.998611174688 -0.008270303130 0.087565256795 -0.022419368638 0.007111368218 0.999723361912 0.068722357240 -0.000000000000 0.000000000000 -0.000000000000 1.000000000000 -4.406436189593 0.046382923974 -0.276422199694 -0.005720946194 0.001470786797 0.050696969840
0.000000000000 3000304000 0.997710937071 0.063891245573 0.022153888781 -4.579789927388 -0.063693949014 0.997924255844 -0.009500550359 0.140729049687 -0.022714904972 0.008067734339 0.999709430162 0.099496782537 -0.000000000000 0.000000000000 -0.000000000000 1.000000000000 -4.561470249386 -0.156549264211 -0.232151677926 -0.034891071972 -0.005729166552 0.091596225913
0.000000000000 3099405000 0.998261019736 0.054826613339 0.021655921730 -5.032897294410 -0.054712121203 0.998485062986 -0.005844894086 0.081885016956 -0.021943570120 0.004649888516 0.999748397482 0.073375419587 -0.000000000000 0.000000000000 -0.000000000000 1.000000000000 -4.561470249386 -0.156549264211 -0.232151677926 -0.034891071972 -0.005729166552 0.091596225913
0.000000000000 3100302000 0.998218553837 0.055298758699 0.022400135305 -5.032516477567 -0.055125863043 0.998445211563 -0.008264304639 0.090467856497 -0.022822313622 0.007014755434 0.999714926970 0.117270153438 -0.000000000000 0.000000000000 -0.000000000000 1.000000000000 -4.683742031285 -0.142661678714 -0.330916913393 -0.019002964092 -0.024914464339 -0.014202856566
0.000000000000 3199448000 0.998193109437 0.056689500717 0.019920260551 -5.496999902567 -0.056572067286 0.998377937728 -0.006410511752 0.083914965227 -0.020251357358 0.005271998338 0.999781020303 0.071292139313 -0.000000000000 0.000000000000 -0.000000000000 1.000000000000 -4.683742031285 -0.142661678714 -0.330916913393 -0.019002964092 -0.024914464339 -0.014202856566
0.000000000000 3200279000 0.998057684772 0.058808576629 0.020552595520 -5.525590912713 -0.058652372053 0.998245421564 -0.008122658317 0.097915298452 -0.020994216353 0.006901423075 0.999755776797 0.105798913693 -0.000000000000 0.000000000000 -0.000000000000 1.000000000000 -4.672033852659 -0.123002902317 -0.227950392379 -0.013130909786 -0.012959433160 0.009737341626
0.000000000000 3299503000 0.998140022251 0.057835980363 0.019274214791 -5.989369532548 -0.057714502767 0.998309964414 -0.006800817768 0.080266058418 -0.019634972645 0.005675766675 0.999791104942 0.075661298270 -0.000000000000 0.000000000000 -0.000000000000 1.000000000000 -4.672033852659 -0.123002902317 -0.227950392379 -0.013130909786 -0.012959433160 0.009737341626
0.000000000000 3300295000 0.997941682119 0.060864525002 0.020196749399 -5.994174767693 -0.060690026443 0.998114778867 -0.009143790070 0.106771406108 -0.020715206500 0.007899227989 0.999754211002 0.127184577285 -0.000000000000 0.000000000000 -0.000000000000 1.000000000000 -4.791635853704 0.083810836472 -0.289892532816 0.040350232008 -0.056184736724 0.003865326290
0.000000000000 3399563000 0.998065571736 0.060425395077 0.014624846863 -6.470410441219 -0.060234772950 0.998097723846 -0.013141757182 0.112315867135 -0.015391122235 0.012235411065 0.999806685351 0.064086073092 -0.000000000000 0.000000000000 -0.000000000000 1.000000000000 -4.791635853704 0.083810836472 -0.289892532816 0.040350232008 -0.056184736724 0.003865326290
0.000000000000 3400330000 0.997990985364 0.061340777384 0.015852512829 -6.491590029831 -0.061139468110 0.998046043812 -0.012886421917 0.126193474147 -0.016612000852 0.011891318704 0.999791297205 0.104751552765 -0.000000000000 0.000000000000 -0.000000000000 1.000000000000 -4.755575747138 0.099487802608 -0.325675643173 0.036459955007 -0.067741133978 0.031839912877
0.000000000000 3499602000 0.998269044218 0.058092417022 0.009175316938 -6.964516577132 -0.057936157087 0.998184493725 -0.016465666985 0.114562975113 -0.010115189486 0.015905583040 0.999822331902 0.027611493241 -0.000000000000 0.000000000000 -0.000000000000 1.000000000000 -4.755575747138 0.099487802608 -0.325675643173 0.036459955007 -0.067741133978 0.031839912877
0.000000000000 3500302000 0.997739134943 0.066309102951 0.010941730656 -6.949792305215 -0.066111037729 0.997657623679 -0.017566917950 0.163161639562 -0.012080947576 0.016803832351 0.999785818025 0.076810290658 -0.000000000000 0.000000000000 -0.000000000000 1.000000000000 -5.000460626314 0.083787386457 -0.261224198820 -0.034049734492 -0.061597793771 0.069210917104
0.000000000000 3599583000 0.998224523368 0.059358536214 0.004936104277 -7.447480674555 -0.059283694312 0.998141131692 -0.014132402978 0.122156982878 -0.005765807463 0.013814680729 0.999887948753 0.006368921257 -0.000000000000 0.000000000000 -0.000000000000 1.000000000000 -5.000460626314 0.083787386457 -0.261224198820 -0.034049734492 -0.061597793771 0.069210917104
0.000000000000 3600304000 0.998078080695 0.061670820366 0.006070811352 -7.479075694466 -0.061574767864 0.997991127609 -0.014908292189 0.137333047036 -0.006978022477 0.014505830855 0.999870435643 0.034877251767 -0.000000000000 0.000000000000 -0.000000000000 1.000000000000 -5.050907872075 0.112933210223 -0.128941141858 0.060556445982 -0.051141150170 -0.038237182963
0.000000000000 3699591000 0.997860709750 0.065369308584 0.000925976783 -7.980016124748 -0.065335670820 0.997643753186 -0.020933032467 0.177833645928 -0.002292172812 0.020827751321 0.999780451259 -0.016226701638 -0.000000000000 0.000000000000 -0.000000000000 1.000000000000 -5.050907872075 0.112933210223 -0.128941141858 0.060556445982 -0.051141150170 -0.038237182963
0.000000000000 3700302000 0.997541898164 0.070029846467 0.002445815207 -8.005678680521 -0.069964735251 0.997335677798 -0.020651431231 0.209862483788 -0.003885515326 0.020429547097 0.999783744805 0.021517690021 -0.000000000000 0.000000000000 -0.000000000000 1.000000000000 -5.044270850992 0.057433660924 -0.211454739074 -0.026893631376 -0.005818495790 0.119547242791
0.000000000000 3799386000 0.998302727887 0.058200185115 0.002098081500 -8.507437927037 -0.058153307264 0.998146092543 -0.017960256009 0.117773649447 -0.003139482075 0.017807762189 0.999836500263 -0.004632155532 -0.000000000000 0.000000000000 -0.000000000000 1.000000000000 -5.044270850992 0.057433660924 -0.211454739074 -0.026893631376 -0.005818495790 0.119547242791
0.000000000000 3800296000 0.997826894041 0.065792668762 0.003579701778 -8.508127246484 -0.065718628509 0.997677696454 -0.017896252817 0.176270023925 -0.004748830858 0.017622109272 0.999833441064 0.031424921708 -0.000000000000 0.000000000000 -0.000000000000 1.000000000000 -5.227558660871 0.025140691862 -0.232883599914 -0.030258053281 0.028504426736 0.096247967528
0.000000000000 3899401000 0.998391305139 0.056318406247 0.006560407025 -9.027411819689 -0.056216141238 0.998308186394 -0.014849594065 0.095224166285 -0.007385613511 0.014456904831 0.999868216624 0.032705213207 -0.000000000000 0.000000000000 -0.000000000000 1.000000000000 -5.227558660871 0.025140691862 -0.232883599914 -0.030258053281 0.028504426736 0.096247967528
0.000000000000 3900310000 0.998113138684 0.060967973314 0.007284820987 -9.077553580852 -0.060848132056 0.998023970564 -0.015673512877 0.126053694811 -0.008226008281 0.015200671383 0.999850625032 0.065935863639 -0.000000000000 0.000000000000 -0.000000000000 1.000000000000 -5.347356791492 0.047058841132 -0.310056262022 -0.032751553482 0.011155846875 0.096779258084
0.000000000000 3999425000 0.998641413714 0.051406754296 0.008524812495 -9.608302143000 -0.051299537853 0.998606923489 -0.012351913849 0.041277602967 -0.009147908580 0.011897813767 0.999887372556 0.045262306064 -0.000000000000 0.000000000000 -0.000000000000 1.000000000000 -5.347356791492 0.047058841132 -0.310056262022 -0.032751553482 0.011155846875 0.096779258084
0.000000000000 4000253000 0.998070571137 0.061393605020 0.009271477338 -9.622044638340 -0.061272136790 0.998038225196 -0.012861815581 0.144436313219 -0.010042922013 0.012268916395 0.999874298804 0.093321311699 -0.000000000000 0.000000000000 -0.000000000000 1.000000000000 -5.508124312088 0.089465353721 -0.405344329054 -0.029100899431 -0.000028220468 0.091193308069
0.000000000000 4099460000 0.998584207557 0.052361756311 0.009371600331 -10.169436909895 -0.052268925114 0.998584063742 -0.009890758711 0.063995149340 -0.009876228240 0.009386911973 0.999907168691 0.052778452326 -0.000000000000 0.000000000000 -0.000000000000 1.000000000000 -5.508124312088 0.089465353721 -0.405344329054 -0.029100899431 -0.000028220468 0.091193308069
0.000000000000 4100355000 0.998234449867 0.058380219581 0.010942260272 -10.176210956800 -0.058248444280 0.998230018381 -0.011997880721 0.119666887614 -0.011623331583 0.011339328223 0.999868150207 0.107630857338 -0.000000000000 0.000000000000 -0.000000000000 1.000000000000 -5.236018899635 -0.009871843815 -0.462486058620 0.009219558818 -0.007185035106 0.095995484589
0.000000000000 4199496000 0.998751587470 0.048869049782 0.010348067387 -10.696041275680 -0.048735243221 0.998729576653 -0.012810495198 0.019291132625 -0.010960957688 0.012290186834 0.999864395163 0.054409027008 -0.000000000000 0.000000000000 -0.000000000000 1.000000000000 -5.236018899635 -0.009871843815 -0.462486058620 0.009219558818 -0.007185035106 0.095995484589
0.000000000000 4200303000 0.998491033875 0.053556245632 0.012140173966 -10.718926818691 -0.053367769601 0.998456922266 -0.015351076393 0.075994468397 -0.012943586752 0.014680018131 0.999808461971 0.132112964671 -0.000000000000 0.000000000000 -0.000000000000 1.000000000000 -5.560888278587 -0.018545732943 -0.578196136738 -0.019001719277 -0.048113767136 0.075096752725
0.000000000000 4299525000 0.998911228494 0.046048845628 0.007474048795 -11.271313171085 -0.045946005648 0.998854140893 -0.013392900565 -0.007627505222 -0.008082212199 0.013034916068 0.999882377487 0.022188069821 -0.000000000000 0.000000000000 -0.000000000000 1.000000000000 -5.560888278587 -0.018545732943 -0.578196136738 -0.019001719277 -0.048113767136 0.075096752725
0.000000000000 4300288000 0.998382059817 0.055898665910 0.010421217998 -11.278500661935 -0.055744797790 0.998339565721 -0.014513064316 0.074684951759 -0.011215175184 0.013908654356 0.999840371849 0.124324157928 -0.000000000000 0.000000000000 -0.000000000000 1.000000000000 -5.448274707142 -0.034011810388 -0.567582751680 -0.039642552349 -0.043548205060 0.112445340217
0.000000000000 4399577000 0.998981120006 0.044696949897 0.006237350461 -11.819865969935 -0.044630031737 0.998948565995 -0.010484405740 -0.057355116127 -0.006699413257 0.010195350240 0.999925583579 0.017995394502 -0.000000000000 0.000000000000 -0.000000000000 1.000000000000 -5.448274707142 -0.034011810388 -0.567582751680 -0.039642552349 -0.043548205060 0.112445340217
0.000000000000 4400263000 0.998918352154 0.045791657824 0.008077735043 -11.831654372750 -0.045703727554 0.998897156748 -0.010753582162 -0.042339796502 -0.008561250922 0.010372767972 0.999909551243 0.090771586373 -0.000000000000 0.000000000000 -0.000000000000 1.000000000000 -5.621050848190 -0.172915491400 -0.346616922651 -0.053362805878 -0.025664118957 -0.016079870052
0.000000000000 4499581000 0.998862320942 0.047367048071 0.005516027426 -12.390139001947 -0.047336950384 0.998864028970 -0.005464865733 -0.039862785812 -0.005768615936 0.005197536553 0.999969853888 0.025694908458 -0.000000000000 0.000000000000 -0.000000000000 1.000000000000 -5.621050848190 -0.172915491400 -0.346616922651 -0.053362805878 -0.025664118957 -0.016079870052
0.000000000000 4500347000 0.998721743158 0.050070820992 0.006913221353 -12.432331675049 -0.050023263386 0.998724294313 -0.006888909156 -0.001305021835 -0.007249335454 0.006534281468 0.999952374016 0.086021544855 -0.000000000000 0.000000000000 -0.000000000000 1.000000000000 -5.852172340408 -0.176902559853 -0.492741869529 -0.050759164139 -0.031285867037 0.046835660614
0.000000000000 4599479000 0.998960602942 0.045420574176 0.003832128836 -13.012414001066 -0.045413817193 0.998966580044 -0.001832256586 -0.077698594592 -0.003911390784 0.001656320545 0.999990978771 -0.002084667505 -0.000000000000 0.000000000000 -0.000000000000 1.000000000000 -5.852172340408 -0.176902559853 -0.492741869529 -0.050759164139 -0.031285867037 0.046835660614
0.000000000000 4600252000 0.998426530180 0.055819373824 0.005353628618 -13.038718180560 -0.055801174895 0.998435798749 -0.003490652922 0.055017745480 -0.005540100526 0.003186421718 0.999979576793 0.073886049978 -0.000000000000 0.000000000000 -0.000000000000 1.000000000000 -6.129916481015 -0.288172792344 -0.455508936607 -0.037920968541 -0.049980781761 0.191338711208
0.000000000000 4699451000 0.999320629786 0.036852378851 0.000425507061 -13.645280613534 -0.036852518851 0.999320662038 0.000326002139 -0.226747492003 -0.000413204043 -0.000341461670 0.999999856333 -0.037133341381 -0.000000000000 0.000000000000 -0.000000000000 1.000000000000 -6.129916481015 -0.288172792344 -0.455508936607 -0.037920968541 -0.049980781761 0.191338711208
0.000000000000 4700297000 0.998601989308 0.052849625488 0.000991985529 -13.655338742883 -0.052848568181 0.998601971745 -0.001063423378 0.002373947436 -0.001046800232 0.001009511686 0.999998942547 0.017954720712 -0.000000000000 0.000000000000 -0.000000000000 1.000000000000 -6.237965733462 -0.148627731892 -0.537097786357 -0.030181247901 -0.059041840089 0.032255553851
0.000000000000 4799410000 0.998754408865 0.049658832994 -0.004861180713 -14.273227173486 -0.049649997561 0.998764829514 0.001921735775 -0.057147422055 0.004950607482 -0.001677984467 0.999986337834 -0.116914123932 -0.000000000000 0.000000000000 -0.000000000000 1.000000000000 -6.237965733462 -0.148627731892 -0.537097786357 -0.030181247901 -0.059041840089 0.032255553851
0.000000000000 4800258000 0.998348955695 0.057246710573 -0.004709223970 -14.293229082592 -0.057246242497 0.998360061727 0.000234239634 0.068807107669 0.004714910582 0.000035732484 0.999988884109 -0.072338159988 -0.000000000000 0.000000000000 -0.000000000000 1.000000000000 -6.445550255834 -0.114170819185 -0.391691582653 -0.014804663897 -0.027347556646 -0.027458425649
0.000000000000 4899388000 0.998172882370 0.059965641560 -0.007417461407 -14.931644621072 -0.059954479929 0.998199633243 0.001718292927 0.097100014636 0.007507145794 -0.001270443363 0.999971013948 -0.150901414050 -0.000000000000 0.000000000000 -0.000000000000 1.000000000000 -6.445550255834 -0.114170819185 -0.391691582653 -0.014804663897 -0.027347556646 -0.027458425649
0.000000000000 4900304000 0.998173774273 0.060001027612 -0.006999502804 -14.940328458529 -0.060001919054 0.998198258294 0.000082756167 0.114385523307 0.006991856962 0.000337378565 0.999975499756 -0.104135435764 -0.000000000000 0.000000000000 -0.000000000000 1.000000000000 -6.416363530400 0.105241965356 -0.356246666008 0.016036775638 -0.029527938954 -0.209108397296
0.000000000000 4999446000 0.996690731565 0.080677035867 -0.009939894142 -15.570298748016 -0.080694143207 0.996738020846 -0.001331560198 0.441323330967 0.009800044085 0.002129244949 0.999949711461 -0.183675143759 -0.000000000000 -0.000000000000 -0.000000000000 1.000000000000 -6.416363530400 0.105241965356 -0.356246666008 0.016036775638 -0.029527938954 -0.209108397296
0.000000000000 5000266000 0.997169204993 0.074694382968 -0.008621239253 -15.594753775495 -0.074712796914 0.997203407657 -0.001833503595 0.356061565238 0.008460176741 0.002472430219 0.999961155495 -0.124169664815 -0.000000000000 -0.000000000000 -0.000000000000 1.000000000000 -6.720144736362 0.202431383950 -0.402757780804 -0.040020991918 0.004570989583 -0.127023829370
0.000000000000 5099002000 0.996157763761 0.087195194273 -0.008167483962 -16.252507200904 -0.087179797772 0.996190112487 0.002223205847 0.575204879762 0.008330219632 -0.001502624165 0.999964174139 -0.158586909619 -0.000000000000 0.000000000000 -0.000000000000 1.000000000000 -6.720144736362 0.202431383950 -0.402757780804 -0.040020991918 0.004570989583 -0.127023829370
0.000000000000 5100280000 0.996229034487 0.086504744568 -0.006681318207 -16.251765555103 -0.086499573887 0.996251324225 0.001059573879 0.561074213602 0.006747930279 -0.000477647084 0.999977118383 -0.087186478715 -0.000000000000 0.000000000000 -0.000000000000 1.000000000000 -6.825730584301 0.224242734440 -0.500135974503 -0.022565594576 0.009822422882 -0.148402848245
0.000000000000 5199053000 0.994860410908 0.101096569208 -0.005678600458 -16.915910050571 -0.101078531943 0.994872711743 0.003379024993 0.826083957129 0.005991092471 -0.002787673595 0.999978167605 -0.122040722641 -0.000000000000 0.000000000000 -0.000000000000 1.000000000000 -6.825730584301 0.224242734440 -0.500135974503 -0.022565594576 0.009822422882 -0.148402848245
0.000000000000 5200260000 0.995193043887 0.097850068788 -0.004021123781 -16.922042697087 -0.097841709116 0.995199499935 0.002226047378 0.767004676082 0.004219639265 -0.001821913243 0.999989437583 -0.041559512271 -0.000000000000 0.000000000000 -0.000000000000 1.000000000000 -6.825453985148 0.247294898823 -0.478863678303 -0.042704365037 -0.010364728625 -0.286012869867
0.000000000000 5299352000 0.992015934745 0.126016449730 -0.004923373802 -17.569350608345 -0.125983084198 0.992010536447 0.006584684799 1.279995130636 0.005713817288 -0.005911850430 0.999966200587 -0.111049791296 -0.000000000000 0.000000000000 -0.000000000000 1.000000000000 -6.825453985148 0.247294898823 -0.478863678303 -0.042704365037 -0.010364728625 -0.286012869867
0.000000000000 5300260000 0.993151843459 0.116793936425 -0.002931253536 -17.569926037309 -0.116774119302 0.993139104636 0.006206762703 1.121990482045 0.003636054761 -0.005821963271 0.999976441647 -0.023142947627 -0.000000000000 0.000000000000 -0.000000000000 1.000000000000 -6.739565805011 0.298302016600 -0.583712988597 -0.016865351311 -0.004841986312 -0.340238006009
0.000000000000 5399427000 0.988645570749 0.150232731182 -0.003172052773 -18.189762423419 -0.150203667551 0.988622850671 0.007982317105 1.754803940088 0.004335169155 -0.007415228490 0.999963109667 -0.092016400067 -0.000000000000 0.000000000000 -0.000000000000 1.000000000000 -6.739565805011 0.298302016600 -0.583712988597 -0.016865351311 -0.004841986312 -0.340238006009
0.000000000000 5400275000 0.989862633636 0.142023751379 -0.001104796319 -18.180304088306 -0.142013948535 0.989844025408 0.006390914251 1.593754741076 0.002001237652 -0.006169230724 0.999978967599 0.010321889607 -0.000000000000 0.000000000000 -0.000000000000 1.000000000000 -6.645248496445 0.365197464780 -0.418599684801 0.018847410462 -0.036100037876 -0.354763715966
