0.000000000000 337000 1.000000000000 -0.000000000000 0.000000000000 -0.000000000000 -0.000000000000 1.000000000000 -0.000000000000 0.000000000000 0.000000000000 -0.000000000000 1.000000000000 -0.000000000000 -0.000000000000 0.000000000000 -0.000000000000 1.000000000000 0.000000000000 0.000000000000 0.000000000000 0.000000000000 0.000000000000 0.000000000000
0.000000000000 99479000 1.000000000000 -0.000000000000 0.000000000000 -0.000000000000 -0.000000000000 1.000000000000 -0.000000000000 0.000000000000 0.000000000000 -0.000000000000 1.000000000000 -0.000000000000 -0.000000000000 0.000000000000 -0.000000000000 1.000000000000 0.000000000000 0.000000000000 0.000000000000 0.000000000000 0.000000000000 0.000000000000
0.000000000000 100303000 1.000000000000 -0.000000000000 0.000000000000 -0.000000000000 -0.000000000000 1.000000000000 -0.000000000000 0.000000000000 0.000000000000 -0.000000000000 1.000000000000 -0.000000000000 -0.000000000000 0.000000000000 -0.000000000000 1.000000000000 -0.274203559344 0.615341654084 0.060690406883 -0.001949073477 0.003702787273 0.010241699456
0.000000000000 199481000 0.999999416688 -0.001015791605 0.000367138611 -0.027224981211 0.001015720616 0.999999465436 0.000193492642 0.061015417514 -0.000367334963 -0.000193119619 0.999999913885 0.006018282497 -0.000000000000 0.000000000000 -0.000000000000 1.000000000000 -0.274203559344 0.615341654084 0.060690406883 -0.001949073477 0.003702787273 0.010241699456
0.000000000000 200342000 0.999999952805 0.000290413877 0.000100250280 -0.028849914287 -0.000290420693 0.999999955517 0.000067986756 0.067959791374 -0.000100230531 -0.000068015867 0.999999992664 0.004336112030 -0.000000000000 0.000000000000 -0.000000000000 1.000000000000 -0.297215137458 0.729346231680 0.010647524566 -0.006492842958 0.008774962959 -0.018640750197
0.000000000000 299482000 0.999997242903 0.002138108715 0.000970915950 -0.058119004016 -0.002138799206 0.999997460222 0.000710694711 0.140350374485 -0.000969393942 -0.000712769346 0.999999276117 0.005362500589 -0.000000000000 0.000000000000 -0.000000000000 1.000000000000 -0.297215137458 0.729346231680 0.010647524566 -0.006492842958 0.008774962959 -0.018640750197
0.000000000000 300326000 0.999997011015 -0.002430530653 0.000265482622 -0.068378477750 0.002430385364 0.999996897431 0.000546219455 0.130504217400 -0.000266809401 -0.000545572597 0.999999815582 0.008287568930 -0.000000000000 0.000000000000 -0.000000000000 1.000000000000 -0.191496385153 0.859372037447 -0.112320097696 0.007726515660 -0.001571968869 -0.028253239791
0.000000000000 399482000 0.999999925133 0.000370969408 0.000110068777 -0.086881666961 -0.000370945138 0.999999906904 -0.000220437159 0.215931489833 -0.000110150542 0.000220396313 0.999999969646 -0.002729038375 -0.000000000000 0.000000000000 -0.000000000000 1.000000000000 -0.191496385153 0.859372037447 -0.112320097696 0.007726515660 -0.001571968869 -0.028253239791
0.000000000000 400322000 0.999996924191 -0.002479905515 -0.000040945250 -0.065185634400 0.002479918734 0.999996871853 0.000326016847 0.214451534893 0.000040136631 -0.000326117385 0.999999946018 0.007581922567 -0.000000000000 0.000000000000 -0.000000000000 1.000000000000 -0.311248038575 0.732902547344 -0.105778905341 0.001147775823 0.007876889469 -0.020113427958
0.000000000000 499484000 0.999999607779 -0.000485627887 0.000740679928 -0.095547440569 0.000485471353 0.999999859792 0.000211503144 0.287287739710 -0.000740782536 -0.000211143482 0.999999703330 -0.002816002127 -0.000000000000 0.000000000000 -0.000000000000 1.000000000000 -0.311248038575 0.732902547344 -0.105778905341 0.001147775823 0.007876889469 -0.020113427958
0.000000000000 500331000 0.999995473921 0.003003459804 0.000177105286 -0.085107955506 -0.003003614265 0.999995103327 0.000878421306 0.276169971683 -0.000174466115 -0.000878949287 0.999999598505 0.009960546324 -0.000000000000 0.000000000000 -0.000000000000 1.000000000000 -0.357520525316 0.558079496800 -0.313786141644 0.020507121881 -0.010009513509 -0.015545384105
0.000000000000 599489000 0.999989339898 0.004544759329 -0.000815630921 -0.120085207667 -0.004545699475 0.999989001776 -0.001154531882 0.331677057286 0.000810374881 0.001158227187 0.999999000901 -0.020637711055 -0.000000000000 -0.000000000000 -0.000000000000 1.000000000000 -0.357520525316 0.558079496800 -0.313786141644 0.020507121881 -0.010009513509 -0.015545384105
0.000000000000 600333000 0.999999746123 -0.000266969875 -0.000660666685 -0.122490906372 0.000267237392 0.999999882335 0.000404863932 0.326127294246 0.000660558521 -0.000405040384 0.999999699802 0.003445450315 -0.000000000000 0.000000000000 -0.000000000000 1.000000000000 -0.445791383265 0.478328766590 -0.333036502512 0.004782650532 0.001536358778 0.001094830405
0.000000000000 699491000 0.999999800272 -0.000375556651 -0.000508342640 -0.166734648859 0.000375521401 0.999999927081 -0.000069437548 0.373547877514 0.000508368681 0.000069246640 0.999999868383 -0.029389850703 -0.000000000000 0.000000000000 -0.000000000000 1.000000000000 -0.445791383265 0.478328766590 -0.333036502512 0.004782650532 0.001536358778 0.001094830405
0.000000000000 700316000 0.999978285288 0.006580337639 0.000357924487 -0.129113423729 -0.006580702589 0.999977818344 0.001028189486 0.379961557168 -0.000351150713 -0.001030522554 0.999999407358 0.014413254940 -0.000000000000 0.000000000000 -0.000000000000 1.000000000000 -0.370862809441 0.520833388459 -0.632127144188 0.020525030117 -0.023400316900 0.121624404254
0.000000000000 799494000 0.999983046575 -0.005482087694 -0.001962976658 -0.170740811546 0.005480098793 0.999984466835 -0.001017155869 0.429842973521 0.001968522304 0.001006381319 0.999997556055 -0.047803725879 -0.000000000000 0.000000000000 -0.000000000000 1.000000000000 -0.370862809441 0.520833388459 -0.632127144188 0.020525030117 -0.023400316900 0.121624404254
0.000000000000 800339000 0.999856311267 -0.016884770809 -0.001503773574 -0.143355505783 0.016885749806 0.999857220268 0.000640727366 0.428161347547 0.001492740331 -0.000666027645 0.999998664066 -0.000481396715 -0.000000000000 0.000000000000 -0.000000000000 1.000000000000 -0.120821843313 0.437795942042 -0.437670149473 0.003094744762 0.015664484624 -0.312917968440
0.000000000000 899497000 0.999900002058 0.014141486814 0.000065076512 -0.141342707235 -0.014141509122 0.999899940430 0.000356156129 0.475999594135 -0.000060033423 -0.000357040794 0.999999934459 -0.043519879765 -0.000000000000 0.000000000000 -0.000000000000 1.000000000000 -0.120821843313 0.437795942042 -0.437670149473 0.003094744762 0.015664484624 -0.312917968440
0.000000000000 900325000 0.999997628242 -0.001953018808 -0.000963964474 -0.157295316396 0.001953758396 0.999997797350 0.000766891652 0.465149436940 0.000962464597 -0.000768773187 0.999999241325 0.000731606512 -0.000000000000 0.000000000000 -0.000000000000 1.000000000000 0.017510196843 0.468373218644 -0.434766868992 0.013644324980 0.000348777303 -0.082125819252
0.000000000000 999497000 0.999980401025 0.006191546925 -0.000928608238 -0.151576651023 -0.006192085792 0.999980661491 -0.000578547693 0.512884930427 0.000925008175 0.000584286376 0.999999401484 -0.041718194722 -0.000000000000 -0.000000000000 -0.000000000000 1.000000000000 0.017510196843 0.468373218644 -0.434766868992 0.013644324980 0.000348777303 -0.082125819252
0.000000000000 1000356000 0.999999277501 -0.000352746202 -0.001149159929 -0.149747006090 0.000353721132 0.999999577641 0.000848291775 0.499603670001 0.001148860212 -0.000848697644 0.999998979916 0.002424347906 -0.000000000000 0.000000000000 -0.000000000000 1.000000000000 0.063578882006 0.351459104290 -0.310241028444 0.009083034761 0.016001684621 -0.072131158745
0.000000000000 1099494000 0.999976800095 0.006797470938 0.000440069419 -0.139762987140 -0.006797449740 0.999976895839 -0.000049646116 0.535493064150 -0.000440396720 0.000046653615 0.999999901937 -0.027636479455 -0.000000000000 0.000000000000 -0.000000000000 1.000000000000 0.063578882006 0.351459104290 -0.310241028444 0.009083034761 0.016001684621 -0.072131158745
0.000000000000 1100316000 0.999996248229 -0.002268731374 -0.001535052448 -0.156937287295 0.002270011128 0.999997077026 0.000832459200 0.496758598467 0.001533159335 -0.000835940663 0.999998475312 -0.001962748682 -0.000000000000 0.000000000000 -0.000000000000 1.000000000000 -0.214960400187 0.057404492179 -0.431913263787 0.019415316804 0.006650121154 -0.117268680503
0.000000000000 1199494000 0.999955793410 0.009361742218 -0.000876931013 -0.172449987604 -0.009362686637 0.999955586817 -0.001079116123 0.504411416865 0.000866789659 0.001087278849 0.999999033250 -0.043726752306 -0.000000000000 -0.000000000000 -0.000000000000 1.000000000000 -0.214960400187 0.057404492179 -0.431913263787 0.019415316804 0.006650121154 -0.117268680503
0.000000000000 1200336000 0.999989213748 0.004444086663 -0.001349993115 -0.146945924821 -0.004442932820 0.999989763323 0.000856503424 0.493527155280 0.001353785671 -0.000850496257 0.999998721959 -0.001803673932 -0.000000000000 0.000000000000 -0.000000000000 1.000000000000 0.069280534861 0.049199767893 -0.318160760985 0.013923334449 0.012497796253 0.014565508928
0.000000000000 1299496000 0.999995495099 0.002999578622 -0.000110950452 -0.140813505746 -0.002999636497 0.999995363167 -0.000525189951 0.498221677936 0.000109374589 0.000525520397 0.999999855933 -0.032489593825 -0.000000000000 -0.000000000000 -0.000000000000 1.000000000000 0.069280534861 0.049199767893 -0.318160760985 0.013923334449 0.012497796253 0.014565508928
0.000000000000 1300331000 0.999993291402 -0.003277503227 -0.001635580223 -0.133778724913 0.003279151326 0.999994117557 0.001005991432 0.490484397297 0.001632273462 -0.001011347999 0.999998156428 -0.006870360727 -0.000000000000 0.000000000000 -0.000000000000 1.000000000000 0.077537907287 -0.011677246428 -0.142769234997 0.018025709561 0.021068794805 -0.122662671175
0.000000000000 1399495000 0.999960416349 0.008885865111 0.000455122559 -0.120148924619 -0.008885510955 0.999960223244 -0.000774354512 0.490894674523 -0.000461985265 0.000770279864 0.999999596619 -0.019885562758 -0.000000000000 0.000000000000 -0.000000000000 1.000000000000 0.077537907287 -0.011677246428 -0.142769234997 0.018025709561 0.021068794805 -0.122662671175
0.000000000000 1400355000 0.999972586050 0.007340573573 -0.000971147614 -0.099490168167 -0.007339774568 0.999972724188 0.000823764749 0.473488071266 0.000977168031 -0.000816614162 0.999999189142 -0.002291190675 -0.000000000000 0.000000000000 -0.000000000000 1.000000000000 0.063937731948 -0.172769823075 -0.060861122251 0.010935174361 0.018239529550 0.026219133798
0.000000000000 1499493000 0.999988412536 0.004740814703 0.000836342849 -0.094368671779 -0.004740598338 0.999988729371 -0.000260496990 0.456113525082 -0.000837568391 0.000256529206 0.999999616336 -0.007645654363 -0.000000000000 0.000000000000 -0.000000000000 1.000000000000 0.063937731948 -0.172769823075 -0.060861122251 0.010935174361 0.018239529550 0.026219133798
0.000000000000 1500294000 0.999979396975 -0.006287024473 -0.001295742694 -0.112882103669 0.006288236621 0.999979793084 0.000933543592 0.453529546485 0.001289847299 -0.000941672295 0.999998724773 -0.005307499519 -0.000000000000 0.000000000000 -0.000000000000 1.000000000000 -0.074654835209 -0.208881481002 -0.070490925777 0.019077728927 0.011983463874 -0.087268969685
0.000000000000 1599491000 0.999997186400 0.002369751571 -0.000107096631 -0.116456747489 -0.002369852556 0.999996737935 -0.000952847260 0.433817422062 0.000104838270 0.000953098382 0.999999540306 -0.011324065748 -0.000000000000 -0.000000000000 -0.000000000000 1.000000000000 -0.074654835209 -0.208881481002 -0.070490925777 0.019077728927 0.011983463874 -0.087268969685
0.000000000000 1600344000 0.999997947431 0.001815778122 -0.000898934824 -0.106476087250 -0.001815052580 0.999998026946 0.000807271632 0.441695520066 0.000900398877 -0.000805638361 0.999999270114 -0.004979980219 -0.000000000000 0.000000000000 -0.000000000000 1.000000000000 -0.517618344647 -0.334557345971 0.013988973235 0.014704027256 0.003307385437 0.192397509639
0.000000000000 1699488000 0.999850899181 -0.017258383153 -0.000572379275 -0.165882032211 0.017258001812 0.999850848706 -0.000664616398 0.405933337163 0.000583764109 0.000654639180 0.999999615333 -0.002930409900 -0.000000000000 0.000000000000 -0.000000000000 1.000000000000 -0.517618344647 -0.334557345971 0.013988973235 0.014704027256 0.003307385437 0.192397509639
0.000000000000 1700287000 0.999990293650 -0.004307012867 -0.000928572458 -0.137200787430 0.004307872965 0.999990292092 0.000926257279 0.405153482357 0.000924574042 -0.000930248461 0.999999139900 -0.000578321634 -0.000000000000 0.000000000000 -0.000000000000 1.000000000000 -0.253381259018 -0.338598072491 0.081759226124 0.025570970975 0.012575781296 -0.098951090616
0.000000000000 1799488000 0.999984773252 0.005509414330 0.000315624141 -0.158512323399 -0.005508900154 0.999983533974 -0.001607419968 0.373005009906 -0.000324474887 0.001605656750 0.999998658290 0.008703625825 -0.000000000000 0.000000000000 -0.000000000000 1.000000000000 -0.253381259018 -0.338598072491 0.081759226124 0.025570970975 0.012575781296 -0.098951090616
0.000000000000 1800346000 0.999989477764 -0.004569979163 -0.000399563701 -0.145188810879 0.004570125866 0.999989489568 0.000367018843 0.353017699467 0.000397882233 -0.000368841037 0.999999852823 0.008251256936 -0.000000000000 0.000000000000 -0.000000000000 1.000000000000 -0.157248563748 -0.532281503037 -0.035337669340 0.002923964854 0.014686263648 -0.135678117403
0.000000000000 1899488000 0.999960002706 0.008880911297 0.001059435468 -0.156361902251 -0.008880993264 0.999960560560 0.000072689736 0.302271876820 -0.001058748134 -0.000082095668 0.999999436156 0.005062247630 -0.000000000000 0.000000000000 -0.000000000000 1.000000000000 -0.157248563748 -0.532281503037 -0.035337669340 0.002923964854 0.014686263648 -0.135678117403
0.000000000000 1900278000 0.999951831495 -0.009811886531 -0.000248138353 -0.143637329123 0.009812158901 0.999951230870 0.001121347086 0.299839506593 0.000237123721 -0.001123727845 0.999999340504 0.004301676747 -0.000000000000 0.000000000000 -0.000000000000 1.000000000000 -0.127577282846 -0.598819898043 -0.049444111031 0.027928184255 0.000831772770 -0.231591937612
0.000000000000 1999493000 0.999913322036 0.013165065853 -0.000171624843 -0.150049424492 -0.013165330512 0.999911980387 -0.001644855795 0.243792781555 0.000149955102 0.001646972720 0.999998632496 0.000161310953 -0.000000000000 -0.000000000000 -0.000000000000 1.000000000000 -0.127577282846 -0.598819898043 -0.049444111031 0.027928184255 0.000831772770 -0.231591937612
0.000000000000 2000351000 0.999993029128 0.003715876313 -0.000366004676 -0.135435828622 -0.003715581297 0.999992774434 0.000803451710 0.241463593520 0.000368987558 -0.000802086189 0.999999610253 0.000178356951 -0.000000000000 0.000000000000 -0.000000000000 1.000000000000 0.115949198417 -0.394027904772 -0.116429389078 0.012248519690 0.004175676898 0.047810044342
0.000000000000 2099495000 0.999999474339 -0.001024259024 0.000047059480 -0.124992939949 0.001024278312 0.999999390691 -0.000411669629 0.201787512225 -0.000046637795 0.000411717614 0.999999914157 -0.011041839170 -0.000000000000 0.000000000000 -0.000000000000 1.000000000000 0.115949198417 -0.394027904772 -0.116429389078 0.012248519690 0.004175676898 0.047810044342
0.000000000000 2100291000 0.999849450685 -0.017339452863 -0.000647564605 -0.112189611878 0.017339785535 0.999849523681 0.000511696376 0.206218060211 0.000638594627 -0.000522847972 0.999999659413 -0.000659379951 -0.000000000000 0.000000000000 -0.000000000000 1.000000000000 0.117449632348 -0.395391182060 -0.147358328220 0.004061762229 0.009144849250 -0.283212073898
0.000000000000 2199498000 0.999942118144 0.010755847680 0.000268520670 -0.095259879848 -0.010755878618 0.999942147362 0.000114039282 0.169907498208 -0.000267278546 -0.000116920857 0.999999957446 -0.015108560540 -0.000000000000 0.000000000000 -0.000000000000 1.000000000000 0.117449632348 -0.395391182060 -0.147358328220 0.004061762229 0.009144849250 -0.283212073898
0.000000000000 2200341000 0.999930905059 -0.011733440238 -0.000715183283 -0.086872181329 0.011733775870 0.999931047868 0.000466918931 0.178975487754 0.000709655405 -0.000475278469 0.999999635250 -0.004915465748 -0.000000000000 0.000000000000 -0.000000000000 1.000000000000 -0.029016331647 -0.463584285626 -0.017586354217 0.001972445774 0.012565771474 -0.165642484398
0.000000000000 2299495000 0.999988858210 0.004689907447 0.000536864758 -0.087182621337 -0.004690054406 0.999988964423 0.000272803235 0.134438752042 -0.000535579411 -0.000275318121 0.999999818677 -0.006520218359 -0.000000000000 0.000000000000 -0.000000000000 1.000000000000 -0.029016331647 -0.463584285626 -0.017586354217 0.001972445774 0.012565771474 -0.165642484398
0.000000000000 2300339000 0.999965176639 -0.008340527560 -0.000284797452 -0.076087535938 0.008340573579 0.999965203886 0.000160778739 0.146353093302 0.000283446562 -0.000163148514 0.999999946520 0.006027247038 -0.000000000000 0.000000000000 -0.000000000000 1.000000000000 0.021947395514 -0.434094166077 -0.094937765720 0.001118718810 0.004865608097 -0.148084161414
0.000000000000 2399491000 0.999979868825 0.006342102629 0.000199196314 -0.072069819165 -0.006342112802 0.999979887326 0.000050482134 0.104398621761 -0.000198872145 -0.000051744443 0.999999978886 -0.003336388921 -0.000000000000 0.000000000000 -0.000000000000 1.000000000000 0.021947395514 -0.434094166077 -0.094937765720 0.001118718810 0.004865608097 -0.148084161414
0.000000000000 2400351000 0.999923067870 -0.012375657660 -0.000837519739 -0.090291675352 0.012375763702 0.999923409916 0.000121550519 0.105932623900 0.000835951326 -0.000131906114 0.999999641893 0.000408118481 -0.000000000000 0.000000000000 -0.000000000000 1.000000000000 0.108530396167 -0.354132682052 -0.100189448709 -0.001604385842 0.016933297183 -0.261311378849
0.000000000000 2499493000 0.999908105642 0.013530098971 0.000846576853 -0.077220937622 -0.013530340733 0.999908421405 0.000280503491 0.072990601092 -0.000842704085 -0.000291932188 0.999999602313 -0.009398573096 -0.000000000000 0.000000000000 -0.000000000000 1.000000000000 0.108530396167 -0.354132682052 -0.100189448709 -0.001604385842 0.016933297183 -0.261311378849
0.000000000000 2500342000 0.999992726823 -0.003780139436 -0.000506801049 -0.077598339234 0.003780096720 0.999992851778 -0.000085215318 0.077374763331 0.000507119552 0.000083298941 0.999999867945 0.001678615634 -0.000000000000 0.000000000000 -0.000000000000 1.000000000000 0.285503762473 -0.267419079815 -0.040646089902 -0.004806540009 0.014032274116 -0.095265431974
0.000000000000 2599502000 0.999983554761 0.005666132236 0.000886088086 -0.048679486806 -0.005666479256 0.999983869477 0.000389613495 0.051453570997 -0.000883866191 -0.000394628087 0.999999531524 -0.002294739967 -0.000000000000 0.000000000000 -0.000000000000 1.000000000000 0.285503762473 -0.267419079815 -0.040646089902 -0.004806540009 0.014032274116 -0.095265431974
0.000000000000 2600342000 0.999990821303 -0.004262669382 -0.000432387790 -0.047586169040 0.004262524996 0.999990859520 -0.000334300283 0.062258853150 0.000433808849 0.000332454150 0.999999850642 0.004819228838 -0.000000000000 0.000000000000 -0.000000000000 1.000000000000 0.254023612389 -0.230361121831 -0.029573022972 -0.011750626070 0.014663332675 -0.051321824288
0.000000000000 2699502000 0.999999135682 0.000826031385 0.001022891771 -0.022133068273 -0.000826879912 0.999999314189 0.000829392207 0.039597485700 -0.001022205965 -0.000830237299 0.999999132900 0.001878084026 -0.000000000000 0.000000000000 -0.000000000000 1.000000000000 0.254023612389 -0.230361121831 -0.029573022972 -0.011750626070 0.014663332675 -0.051321824288
0.000000000000 2700314000 0.999795324307 -0.020228893216 -0.000318390733 -0.048079096069 0.020228887442 0.999795374893 -0.000021345016 0.057895648745 0.000318757369 0.000014899957 0.999999949086 0.006250453872 -0.000000000000 0.000000000000 -0.000000000000 1.000000000000 0.146439452294 -0.129780732304 -0.071192192818 -0.003581413658 0.010004312091 -0.387754166036
0.000000000000 2799507000 0.999833570453 0.018230991215 0.000679966316 -0.031539919697 -0.018231216764 0.999833744084 0.000326994917 0.046553050678 -0.000673891827 -0.000339337109 0.999999715360 -0.000790404262 -0.000000000000 0.000000000000 -0.000000000000 1.000000000000 0.146439452294 -0.129780732304 -0.071192192818 -0.003581413658 0.010004312091 -0.387754166036
0.000000000000 2800312000 0.999844308213 0.017645345163 -0.000033579499 -0.004648105380 -0.017645349246 0.999844300834 -0.000125454218 0.040283061428 0.000031360588 0.000126027208 0.999999991567 -0.001331966879 -0.000000000000 -0.000000000000 -0.000000000000 1.000000000000 0.081623816107 -0.012502566613 -0.030252011761 -0.013075740911 0.007997158613 0.348726871725
0.000000000000 2899509000 0.999856131792 -0.016945970645 0.000741482270 0.002075908382 0.016945085641 0.999855720708 0.001183993386 0.038994528080 -0.000761439207 -0.001171258567 0.999999024181 -0.004383240105 -0.000000000000 0.000000000000 -0.000000000000 1.000000000000 0.081623816107 -0.012502566613 -0.030252011761 -0.013075740911 0.007997158613 0.348726871725
0.000000000000 2900331000 0.999977093457 -0.006767319946 -0.000126265267 -0.026441784864 0.006767317148 0.999977101192 -0.000022572608 0.024965110908 0.000126415132 0.000021717614 0.999999991774 0.001914746651 -0.000000000000 0.000000000000 -0.000000000000 1.000000000000 0.167464030612 0.080038582566 -0.034478037192 -0.011411561209 0.010802576655 -0.028034280558
0.000000000000 2999503000 0.999991601037 -0.003987715806 0.000946560801 -0.009753244392 0.003986666364 0.999991439378 0.001107998736 0.032953271459 -0.000950971082 -0.001104215808 0.999998938180 -0.001517909538 -0.000000000000 0.000000000000 -0.000000000000 1.000000000000 0.167464030612 0.080038582566 -0.034478037192 -0.011411561209 0.010802576655 -0.028034280558
0.000000000000 3000350000 0.999953069886 0.009680011661 0.000394208850 -0.031715728408 -0.009680181223 0.999953053270 0.000430520080 0.011882595595 -0.000390022904 -0.000434315889 0.999999829626 0.003029026994 -0.000000000000 0.000000000000 -0.000000000000 1.000000000000 0.036731931772 -0.006597602875 -0.045134081863 0.005020286744 -0.003245934350 0.156183128656
0.000000000000 3099502000 0.999983144983 -0.005805593588 0.000069521434 -0.028249219308 0.005805598016 0.999983145347 -0.000063669945 0.010763709722 -0.000069150620 0.000064072486 0.999999995556 -0.001450117582 -0.000000000000 0.000000000000 -0.000000000000 1.000000000000 0.036731931772 -0.006597602875 -0.045134081863 0.005020286744 -0.003245934350 0.156183128656
0.000000000000 3100362000 0.999999950099 0.000002445215 -0.000315905968 -0.020313008808 -0.000002498479 0.999999985783 -0.000168604893 0.007514620043 0.000315905552 0.000168605674 0.999999935888 -0.001381788618 -0.000000000000 -0.000000000000 -0.000000000000 1.000000000000 0.177172010892 0.018125416520 -0.042842333216 -0.004986556126 0.003665186857 -0.012778569151
0.000000000000 3199502000 0.999999193335 0.001269278253 0.000047558810 -0.002738854696 -0.001269293688 0.999999141331 0.000325930217 0.009324435386 -0.000047145073 -0.000325990320 0.999999945754 -0.005629134709 -0.000000000000 0.000000000000 -0.000000000000 1.000000000000 0.177172010892 0.018125416520 -0.042842333216 -0.004986556126 0.003665186857 -0.012778569151
0.000000000000 3200360000 0.999991564679 0.004105727511 0.000116501611 0.018340701954 -0.004105733703 0.999991570037 0.000052962858 0.024926324385 -0.000116283177 -0.000053440736 0.999999991811 0.001773478617 -0.000000000000 0.000000000000 -0.000000000000 1.000000000000 0.068489092199 0.127237718291 0.044567835276 -0.001487924172 0.003307683138 0.066032433383
0.000000000000 3299502000 0.999996922700 -0.002440863215 0.000443596265 0.024927211766 0.002440773660 0.999997000842 0.000202311966 0.037683138418 -0.000444088751 -0.000201228625 0.999999881146 0.006180292317 -0.000000000000 0.000000000000 -0.000000000000 1.000000000000 0.068489092199 0.127237718291 0.044567835276 -0.001487924172 0.003307683138 0.066032433383
0.000000000000 3300300000 0.999996176089 -0.002657830253 0.000764032698 0.013360823595 0.002657386454 0.999996300191 0.000581293029 0.031762484414 -0.000765574849 -0.000579260476 0.999999539176 0.003596738353 -0.000000000000 0.000000000000 -0.000000000000 1.000000000000 -0.078397045074 0.075705603178 0.113967301006 0.010905312155 -0.006062053578 -0.094539015550
0.000000000000 3399503000 0.999977402561 0.006720698980 0.000163012296 0.005910608885 -0.006720615909 0.999977288940 -0.000504902350 0.039172362138 -0.000166401891 0.000503795397 0.999999859250 0.014946800770 -0.000000000000 0.000000000000 -0.000000000000 1.000000000000 -0.078397045074 0.075705603178 0.113967301006 0.010905312155 -0.006062053578 -0.094539015550
0.000000000000 3400352000 0.999988835750 0.004722904608 0.000150155924 -0.010795978164 -0.004722908030 0.999988846756 0.000022444425 0.029252843859 -0.000150048246 -0.000023153347 0.999999988475 0.005265065278 -0.000000000000 0.000000000000 -0.000000000000 1.000000000000 -0.013433184145 0.110721999682 -0.015561466943 -0.008297494768 0.008866209566 -0.008774478013
0.000000000000 3499504000 0.999983831685 0.005592514873 0.001029634115 -0.012093729021 -0.005593385503 0.999984000180 0.000844643098 0.040244784462 -0.001024893962 -0.000850388582 0.999999113215 0.003703590270 -0.000000000000 0.000000000000 -0.000000000000 1.000000000000 -0.013433184145 0.110721999682 -0.015561466943 -0.008297494768 0.008866209566 -0.008774478013
0.000000000000 3500297000 0.999999684153 0.000490384451 0.000625473243 -0.004216644236 -0.000490647016 0.999999791558 0.000419700550 0.044432614564 -0.000625267298 -0.000420007304 0.999999716317 0.009087258293 -0.000000000000 0.000000000000 -0.000000000000 1.000000000000 -0.094958487165 0.037899786285 0.003625504928 0.003190273445 -0.002918341341 -0.046095694163
0.000000000000 3599510000 0.999987122335 0.005063744731 0.000337125102 -0.013428603285 -0.005063779036 0.999987173890 0.000100981329 0.048230197775 -0.000336609435 -0.000102687155 0.999999938075 0.009459065329 -0.000000000000 0.000000000000 -0.000000000000 1.000000000000 -0.094958487165 0.037899786285 0.003625504928 0.003190273445 -0.002918341341 -0.046095694163
0.000000000000 3600353000 0.999999637237 0.000804812912 0.000278930495 0.014243434185 -0.000804876042 0.999999650483 0.000226292539 0.045938073427 -0.000278748275 -0.000226516962 0.999999935495 0.003893353287 -0.000000000000 0.000000000000 -0.000000000000 1.000000000000 -0.310268252097 -0.100684181690 0.007384637866 -0.004166350669 0.001329492096 0.026185642095
0.000000000000 3699511000 0.999998310898 -0.001791759103 0.000409635263 -0.016627921884 0.001791496591 0.999998190267 0.000640313694 0.035953084717 -0.000410781810 -0.000639578752 0.999999711099 0.004608838285 -0.000000000000 0.000000000000 -0.000000000000 1.000000000000 -0.310268252097 -0.100684181690 0.007384637866 -0.004166350669 0.001329492096 0.026185642095
0.000000000000 3700333000 0.999999233839 -0.001134805441 0.000494507829 0.005089475496 0.001134621120 0.999999286806 0.000372856878 0.051926363764 -0.000494930597 -0.000372295514 0.999999808220 0.005589652818 -0.000000000000 0.000000000000 -0.000000000000 1.000000000000 -0.238800415861 -0.032460841138 0.087152178380 0.001453192003 0.000879590771 -0.002294978881
0.000000000000 3799505000 0.999999419214 -0.000907233317 0.000581807340 -0.018580605107 0.000907100435 0.999999562451 0.000228617961 0.048707252366 -0.000582014496 -0.000228090071 0.999999804617 0.014240578654 -0.000000000000 0.000000000000 -0.000000000000 1.000000000000 -0.238800415861 -0.032460841138 0.087152178380 0.001453192003 0.000879590771 -0.002294978881
0.000000000000 3800366000 0.999997157664 -0.002315614541 0.000567973250 -0.016631785034 0.002315422873 0.999997262322 0.000337884914 0.046120222044 -0.000568754106 -0.000336568856 0.999999781620 0.008834801611 -0.000000000000 0.000000000000 -0.000000000000 1.000000000000 -0.192201023227 -0.019486557954 0.126863926151 0.000170875296 0.005718594988 0.008231613283
0.000000000000 3899502000 0.999994452087 -0.003131842039 0.001134619644 -0.035713990091 0.003131478956 0.999995045181 0.000321639811 0.044166797455 -0.001135621347 -0.000318084989 0.999999304593 0.021427121875 -0.000000000000 0.000000000000 -0.000000000000 1.000000000000 -0.192201023227 -0.019486557954 0.126863926151 0.000170875296 0.005718594988 0.008231613283
0.000000000000 3900328000 0.999998159795 -0.001872426164 0.000417644744 -0.010797413766 0.001872416691 0.999998246760 0.000023073291 0.047324637428 -0.000417687215 -0.000022291244 0.999999912520 0.008489999074 -0.000000000000 0.000000000000 -0.000000000000 1.000000000000 -0.195607620442 -0.024598007158 0.009214946113 -0.010828634657 0.009903865978 -0.059253884505
0.000000000000 3999506000 0.999991000616 0.004003722454 0.001403173023 -0.029917441973 -0.004005255833 0.999991383029 0.001091693122 0.045014263591 -0.001398790096 -0.001097303364 0.999998419655 0.009374344245 -0.000000000000 0.000000000000 -0.000000000000 1.000000000000 -0.195607620442 -0.024598007158 0.009214946113 -0.010828634657 0.009903865978 -0.059253884505
0.000000000000 4000364000 0.999989877801 0.004498453488 0.000090620284 -0.026523266466 -0.004498482554 0.999989829565 0.000323141959 0.042261819681 -0.000089165724 -0.000323546342 0.999999943684 -0.000089588889 -0.000000000000 0.000000000000 -0.000000000000 1.000000000000 -0.079675970518 0.029933724321 0.021671761091 0.001042929696 0.006176878414 0.080019838247
0.000000000000 4099512000 0.999993853103 -0.003435479991 0.000700881153 -0.034768499762 0.003435324540 0.999994074418 0.000222877092 0.044986454289 -0.000701642689 -0.000220467967 0.999999729546 0.002082396705 -0.000000000000 0.000000000000 -0.000000000000 1.000000000000 -0.079675970518 0.029933724321 0.021671761091 0.001042929696 0.006176878414 0.080019838247
0.000000000000 4100324000 0.999998236100 -0.001753656832 0.000672670265 -0.036665023465 0.001753518599 0.999998441360 0.000206033022 0.048347047985 -0.000673030527 -0.000204853118 0.999999752532 0.008574036761 -0.000000000000 0.000000000000 -0.000000000000 1.000000000000 -0.185082198955 0.144391321803 0.002732488595 -0.002532037016 0.000303909732 -0.038617022268
0.000000000000 4199515000 0.999997595618 0.002076783181 0.000704080506 -0.054810269841 -0.002077103521 0.999997739509 0.000454551190 0.062846735460 -0.000703134910 -0.000456012546 0.999999648827 0.008832491374 -0.000000000000 0.000000000000 -0.000000000000 1.000000000000 -0.185082198955 0.144391321803 0.002732488595 -0.002532037016 0.000303909732 -0.038617022268
0.000000000000 4200373000 0.999999752935 0.000689045004 0.000139091212 -0.063567846944 -0.000689081748 0.999999727656 0.000264299182 0.069289226217 -0.000138909061 -0.000264394962 0.999999955400 0.004940455504 -0.000000000000 0.000000000000 -0.000000000000 1.000000000000 -0.072949076783 0.222676870414 -0.079667954312 0.002536998702 -0.000516581880 0.019717595994
0.000000000000 4299515000 0.999999195060 -0.001265782041 0.000087605393 -0.070957088578 0.001265780907 0.999999198815 0.000012998503 0.091234042213 -0.000087621776 -0.000012887603 0.999999996078 -0.002941211972 -0.000000000000 0.000000000000 -0.000000000000 1.000000000000 -0.072949076783 0.222676870414 -0.079667954312 0.002536998702 -0.000516581880 0.019717595994
0.000000000000 4300344000 0.999996902862 0.002487777553 -0.000072317807 -0.061911157601 -0.002487757143 0.999996866058 0.000280961142 0.103511488769 0.000073016549 -0.000280780363 0.999999957915 0.002911431384 -0.000000000000 0.000000000000 -0.000000000000 1.000000000000 0.167525663695 0.329468652106 -0.079355955172 -0.003991316948 0.011816031380 -0.004033740404
0.000000000000 4399522000 0.999995227068 0.002887273560 0.001099769580 -0.045249450640 -0.002888018756 0.999995600765 0.000676608306 0.136208727683 -0.001097811189 -0.000679781231 0.999999166354 -0.004943629053 -0.000000000000 0.000000000000 -0.000000000000 1.000000000000 0.167525663695 0.329468652106 -0.079355955172 -0.003991316948 0.011816031380 -0.004033740404
0.000000000000 4400380000 0.999984664115 0.005523168562 0.000407607828 -0.008865806539 -0.005523422461 0.999984550828 0.000624427968 0.133628667311 -0.000404152709 -0.000626669782 0.999999721973 0.000945465569 -0.000000000000 0.000000000000 -0.000000000000 1.000000000000 -0.108296689068 0.241869091515 0.074274197975 0.016414514915 -0.005276803621 0.071979420266
0.000000000000 4499526000 0.999998692024 -0.001613351873 -0.000114219710 -0.020644295921 0.001613236630 0.999998196769 -0.001001960806 0.157496045909 0.000115836019 0.001001775232 0.999999491514 0.008538628453 -0.000000000000 0.000000000000 -0.000000000000 1.000000000000 -0.108296689068 0.241869091515 0.074274197975 0.016414514915 -0.005276803621 0.071979420266
0.000000000000 4500348000 0.999996098446 -0.002791304079 -0.000108230188 -0.030578438103 0.002791335560 0.999996061635 0.000291823347 0.150039575177 0.000107415194 -0.000292124315 0.999999951563 0.002201360385 -0.000000000000 0.000000000000 -0.000000000000 1.000000000000 -0.350978635457 0.144377110579 0.138643730816 0.004509359274 0.013876245064 -0.056405817308
0.000000000000 4599526000 0.999995267654 0.002802839047 0.001268370594 -0.064495333780 -0.002802640035 0.999996060011 -0.000158654219 0.164620571394 -0.001268810279 0.000155098682 0.999999183032 0.016087625614 -0.000000000000 0.000000000000 -0.000000000000 1.000000000000 -0.350978635457 0.144377110579 0.138643730816 0.004509359274 0.013876245064 -0.056405817308
0.000000000000 4600377000 0.999998127460 0.001712616228 0.000901123226 -0.028791584524 -0.001713239797 0.999998293196 0.000691674360 0.144863928263 -0.000899937115 -0.000693216905 0.999999354782 0.008149921481 -0.000000000000 0.000000000000 -0.000000000000 1.000000000000 -0.323649482641 0.063894040171 0.300215932033 0.015872277799 0.009303381589 -0.128038620257
0.000000000000 4699531000 0.999894542715 0.014407731771 0.001822282534 -0.058979036932 -0.014406111015 0.999895822068 -0.000899431370 0.151720080477 -0.001835051458 0.000873084514 0.999997935153 0.038191336214 -0.000000000000 0.000000000000 -0.000000000000 1.000000000000 -0.323649482641 0.063894040171 0.300215932033 0.015872277799 0.009303381589 -0.128038620257
0.000000000000 4700319000 0.999964127045 0.008459391806 -0.000428151680 -0.056234677004 -0.008459227194 0.999964146047 0.000384831041 0.152694083571 0.000431391765 -0.000381195404 0.999999834296 -0.000747572164 -0.000000000000 0.000000000000 -0.000000000000 1.000000000000 -0.469629524231 -0.059047008087 0.232992725285 0.005323859683 0.027843157928 0.030822186705
0.000000000000 4799532000 0.999982690162 0.005401143490 0.002333886460 -0.103255563790 -0.005400830350 0.999985405546 -0.000140452842 0.146586171493 -0.002334611004 0.000127845486 0.999997266620 0.022667761507 -0.000000000000 0.000000000000 -0.000000000000 1.000000000000 -0.469629524231 -0.059047008087 0.232992725285 0.005323859683 0.027843157928 0.030822186705
0.000000000000 4800391000 0.999994643686 0.003272798140 0.000037297594 -0.078127232476 -0.003272816022 0.999994524320 0.000489904135 0.139218884630 -0.000035694033 -0.000490023579 0.999999879301 0.004086879416 -0.000000000000 0.000000000000 -0.000000000000 1.000000000000 -0.347234118487 -0.189831726502 0.255091543005 0.006813472136 0.025335221866 -0.071870864180
0.000000000000 4899531000 0.999942693283 0.010397463297 0.002550079951 -0.111582299974 -0.010397000175 0.999945930758 -0.000194800612 0.121063464142 -0.002551967502 0.000168276267 0.999996729567 0.029702678793 -0.000000000000 0.000000000000 -0.000000000000 1.000000000000 -0.347234118487 -0.189831726502 0.255091543005 0.006813472136 0.025335221866 -0.071870864180
0.000000000000 4900318000 0.999989775077 -0.004519336463 -0.000159185617 -0.093055104310 0.004519354936 0.999989780949 0.000115880908 0.130562825990 0.000158660285 -0.000116599140 0.999999980616 0.005189311232 -0.000000000000 0.000000000000 -0.000000000000 1.000000000000 -0.062938274189 -0.063718639092 0.105160192128 -0.002458819496 0.022714460979 -0.103333621524
0.000000000000 4999527000 0.999981375387 0.005731728590 0.002096703720 -0.097964438699 -0.005732474441 0.999983508021 0.000349888944 0.125223016825 -0.002094663673 -0.000361901727 0.999997740703 0.015806197926 -0.000000000000 0.000000000000 -0.000000000000 1.000000000000 -0.062938274189 -0.063718639092 0.105160192128 -0.002458819496 0.022714460979 -0.103333621524
0.000000000000 5000373000 0.999999626885 -0.000861042887 0.000069541157 -0.069982511547 0.000860999032 0.999999432011 0.000628218806 0.133868345837 -0.000070082041 -0.000628158696 0.999999800253 0.002274075111 -0.000000000000 0.000000000000 -0.000000000000 1.000000000000 0.143144257976 0.018214997889 0.005524162345 0.006412968232 0.015077262028 -0.161201411700
0.000000000000 5099523000 0.999884439574 0.015121001516 0.001569334853 -0.053623546555 -0.015120987594 0.999885671116 -0.000020736482 0.136660545847 -0.001569468989 -0.000002995808 0.999998768378 0.003000211377 -0.000000000000 0.000000000000 -0.000000000000 1.000000000000 0.143144257976 0.018214997889 0.005524162345 0.006412968232 0.015077262028 -0.161201411700
0.000000000000 5100347000 0.999986194424 -0.005247913981 -0.000265256628 -0.075126159542 0.005248032757 0.999986128143 0.000449081007 0.144289634789 0.000262896210 -0.000450466882 0.999999863983 0.002245014815 -0.000000000000 0.000000000000 -0.000000000000 1.000000000000 0.073674564478 -0.207733782985 0.030567449840 0.004393648032 0.022312883602 -0.214125779610
0.000000000000 5199517000 0.999870313258 0.015985778411 0.001952320301 -0.064949869093 -0.015985799960 0.999872218925 -0.000004567501 0.125173473196 -0.001952143846 -0.000026642493 0.999998094210 0.005490015830 -0.000000000000 0.000000000000 -0.000000000000 1.000000000000 0.073674564478 -0.207733782985 0.030567449840 0.004393648032 0.022312883602 -0.214125779610
0.000000000000 5200387000 0.999892580000 -0.014656510539 0.000123125846 -0.043294621572 0.014656422905 0.999892354358 0.000684809754 0.123680371594 -0.000133149513 -0.000682931607 0.999999757938 0.002639866680 -0.000000000000 0.000000000000 -0.000000000000 1.000000000000 0.023197463924 -0.065412631309 -0.014521860230 0.005480888884 0.008639234630 -0.223798822595
0.000000000000 5299520000 0.999971171825 0.007528488257 0.000988626971 -0.038311025854 -0.007528619516 0.999971651207 0.000129115118 0.118099739968 -0.000987626903 -0.000136554393 0.999999502973 0.001300890196 -0.000000000000 0.000000000000 -0.000000000000 1.000000000000 0.023197463924 -0.065412631309 -0.014521860230 0.005480888884 0.008639234630 -0.223798822595
0.000000000000 5300303000 0.999973467852 -0.007283266565 0.000132744369 -0.026928221718 0.007283148420 0.999973099260 0.000869773488 0.109833925637 -0.000139075590 -0.000868783614 0.999999612936 -0.002503084624 -0.000000000000 0.000000000000 -0.000000000000 1.000000000000 -0.365863491974 -0.082039959210 0.140725333209 0.012354115425 0.010476447544 -0.127385854649
0.000000000000 5399524000 0.999984966793 0.005355793670 0.001175441158 -0.061885144832 -0.005355368802 0.999985593550 -0.000364303739 0.102249391970 -0.001177375359 0.000358003341 0.999999242810 0.011635989319 -0.000000000000 0.000000000000 -0.000000000000 1.000000000000 -0.365863491974 -0.082039959210 0.140725333209 0.012354115425 0.010476447544 -0.127385854649
0.000000000000 5400384000 0.999975686622 -0.006940267109 -0.000677390335 -0.035068246614 0.006940349808 0.999975908305 0.000119810499 0.103598789791 0.000676542499 -0.000124508912 0.999999763394 -0.003884958841 -0.000000000000 0.000000000000 -0.000000000000 1.000000000000 -0.281376653693 -0.088389414713 -0.003431612589 -0.004501193014 0.021332346430 -0.171341256713
