1 0 0 0 0 1 0 0 0 0 1 0
0.9999999907636569763 -0.0001333585901318598891 2.623303901962155659e-05 0.8346220634569057051 0.0001333591740422212764 0.9999999908599538356 -2.225809649997889531e-05 0.3893448903839183961 -2.623007047148211585e-05 2.226159471081175413e-05 0.9999999994082023891 -0.1030656728596332783
0.9999998936176200948 -0.0003784929238452028333 -0.0002636434242444598034 0.8341610912824918289 0.0003785062905389273056 0.9999999270836866794 5.065184413895489659e-05 0.3888030843162708639 0.0002636242336559669794 -5.07516294450269191e-05 0.9999999639632670689 -0.1079260746226548273
0.9999991869395286059 -0.0005877066913219991182 -0.001131689501049663741 0.8340285809089752478 0.0005878673599737152793 0.99999981717431774 0.0001416449721690251739 0.3877935455827942191 0.001131606048449822774 -0.0001423101403223893532 0.9999993496075760824 -0.1158425593651656316
0.9999974086832553732 0.0002548033335740818289 -0.002262233859608483565 0.8369299313037166232 -0.0002548219350709809506 0.9999999675014128453 -7.934393353698884058e-06 0.3868463123905765411 0.002262231764379203126 8.510839602861054924e-06 0.9999974411142309449 -0.1173601934505864031
0.9999951148697769909 -0.0002681358352460816289 -0.003114215752868161515 0.8435629478596473607 0.0002681674086320026207 0.9999999639958717657 9.720908764066726285e-06 0.3856654690100509431 0.003114213034219547559 -1.055599244452914353e-05 0.9999951507711167809 -0.1179456312743945301
0.9999923068867354603 -0.0002387677205926497042 -0.003915246776486388039 0.854955842113180875 0.0002395448437488731331 0.9999999517034418028 0.0001980186400826006925 0.384218342114833411 0.003915199306934116427 -0.0001989549938800857273 0.9999923157861251299 -0.1196731711352346517
0.9999878932663076592 0.0001433810009598859131 -0.004918613900313339136 0.8722495230770349606 -0.0001430997941475541341 0.9999999881067280771 5.752384389100180821e-05 0.3837466382165982681 0.004918622089641242444 -5.681929482851672252e-05 0.9999879018909714201 -0.1188219854103014783
0.9999781927781807855 -0.0007531128085911920587 -0.006561005195928346426 0.8991938760116277018 0.0007540481231577226282 0.9999997058938961958 0.0001400840785022822394 0.3830767563373689844 0.00656089776718287148 -0.0001450283373117268438 0.9999784665617904578 -0.1223616757565531565
0.9999663031248037237 -0.001797019250484037118 -0.008010202040311003788 0.9378790274740371746 0.001800371758847329204 0.9999982947295597002 0.000411338671366127701 0.3825326322595298811 0.008009449197239330853 -0.000425746152074292462 0.9999678332145344184 -0.1194782723013998738
0.9999659777747286205 -0.002367783062388279479 -0.007901702120457673381 0.9900209246317308587 0.002368941551706269921 0.999997184634345726 0.0001372563548259488303 0.3815877408158462325 0.007901354881004751113 -0.0001559703555416827234 0.9999687716445412322 -0.1139413632357232364
0.9999644346502104542 -0.003073528596806538067 -0.007853843431693730351 1.054344461903041319 0.003068861714887427018 0.9999951072935242546 -0.0006061986373416970632 0.3805015892781513642 0.007855668173990327033 0.0005820747182528731092 0.9999689743519858398 -0.1064715191849496811
0.999963232897119636 -0.00341415091361335285 -0.007866157097336630433 1.131374807577501418 0.003401528541325225113 0.9999929066831649838 -0.001617463117805305415 0.3790944900544184204 0.007871623563373454993 0.001590646690495309398 0.9999677531728623503 -0.1019933856289806789
0.9999531779666167575 -0.005749832897682476823 -0.007783398750695345696 1.221725751769380031 0.005732391831144065773 0.9999810130108292006 -0.002261261092856098765 0.3789770687477404532 0.007796252840809507999 0.002216537724596698376 0.9999671521615886016 -0.1019794457969365187
0.9999350709009995342 -0.008086791983200093681 -0.008028560122059602566 1.325933575031034151 0.00807127914823189789 0.9999655004744844033 -0.001962731190292833251 0.3809360855243210109 0.008044155339399654964 0.001897803002021561727 0.9999658443710170985 -0.101542986500429866
0.999898911388969247 -0.01169792801439370825 -0.008082418160697622811 1.443427578173268166 0.01168508340934320405 0.9999303910250213479 -0.001634604008478858679 0.3844967660314199676 0.008100977031877332896 0.001539995038273114228 0.9999660007152298968 -0.1028712528958210942
0.9998347206262055975 -0.01597413416610116849 -0.008680925524431273507 1.576236433253416003 0.01596197774682082959 0.9998715220906309042 -0.00146784828061822495 0.3895906169983931466 0.008703257822638582955 0.001329040935530798311 0.9999612427256689973 -0.1038032145630933822
0.9996700723405457234 -0.02378921049860850331 -0.009686068887895691801 1.724887174967597359 0.02377948602271195977 0.9997166029990997016 -0.001117914324095400057 0.3956294957288699066 0.009709918184197665475 0.0008872157535042400232 0.9999524640386976415 -0.1064009929482396533
0.999530323225239492 -0.02837794064155022694 -0.01156829452395368926 1.893010263184219166 0.02836806843840301851 0.9995970283986842508 -0.001016616739038179963 0.4037894778606986312 0.01159248231926050983 0.0006879690869958999307 0.9999325682525862513 -0.1076002452688197414
0.9993288989210129536 -0.03432413990301540208 -0.01279082488481624903 2.079553210010831599 0.03433178093714797652 0.9994104190793150488 0.0003782239966079819723 0.4148758638980382107 0.01277030144513008857 -0.0008171019680266919903 0.9999181225207264267 -0.1100085798000264015
0.9990994572402932539 -0.03982168341437489212 -0.01464609409353397063 2.287363555803057835 0.03984526090445361657 0.9992049884780275226 0.001321432586583456709 0.4271122048439607299 0.01458182860986135219 -0.00190382002042320639 0.9998918670254911545 -0.1105296054821188062
0.9988827356240066457 -0.04436569573390763271 -0.01627776134323250662 2.517770462497807671 0.04440129191409425413 0.9990120969612663604 0.001831775480992666816 0.4391972254542088616 0.01618041249969519313 -0.002552482536611761117 0.999865830541398215 -0.1122737984904028374
0.9986499694459329834 -0.04908523291876528555 -0.0169964241812140468 2.772572984192502865 0.04912045210175972759 0.9987914814181203527 0.001660672127546377295 0.4516355774096535436 0.01689436920858322644 -0.002493302209328417639 0.9998541712335539122 -0.1148581078082375057
0.9985917736110707654 -0.05012808794479074043 -0.01736791511078123948 3.051311172656968829 0.050137924524990371 0.9987422947538627804 0.0001311263309305966648 0.4615976355305262402 0.01733949828058317655 -0.001001732892351886364 0.9998491577886086112 -0.1086219689612587247
0.99866441630706837 -0.04868129584681560318 -0.01730650272982195773 3.353398983752085893 0.04869254774989342088 0.998813788099529698 0.0002291198205362868516 0.472186519066422894 0.01727481970056042593 -0.001071511522395767737 0.9998502050144163489 -0.1042537097713318317
0.9986888076443338758 -0.04804778210010557382 -0.01766567635839520409 3.680080269782962432 0.04805110309799726781 0.9988448505549158973 -0.0002366664177723200888 0.4841466105852889612 0.01765664115862430536 -0.0006124991334186068561 0.999843921753694076 -0.1027628603579663902
0.9986456362415390142 -0.0488160455853315009 -0.01799685831312122439 4.028220492416314968 0.04884011310356440455 0.9988062041287147919 0.0008999700101399084893 0.4987392526616135635 0.01793144076093049558 -0.001777719718896137368 0.999837638391773198 -0.1043927233719321723
0.9986537879780628124 -0.04817351361776308488 -0.01923341734548222881 4.399381652298356649 0.04824097329461016215 0.9988310430984208566 0.003058731519624943197 0.5169439897035186249 0.01906358446502154358 -0.00398245259100884607 0.9998103419242598822 -0.1079884246140737636
0.998661037018848452 -0.04696404644432129738 -0.02169127663402615688 4.790957472356245361 0.04709699911136230877 0.9988742883479796442 0.005659395022578000457 0.5367419044865948674 0.02140107042048492239 -0.006673411338504099503 0.9997486983067117583 -0.1114418333793170957
0.9983811920449077171 -0.05196753572534222598 -0.02311645737617197202 5.205105310991891443 0.05216104002660890138 0.9986078503197131084 0.007847750198871090294 0.5577607653738598792 0.02267644756860297608 -0.009040824656891485039 0.9997019766986517952 -0.1066089250348684486
0.9983280898849192786 -0.05304446938382744586 -0.02296321437684244876 5.639704468627669165 0.05320999307818190249 0.9985611500487513448 0.006657796177035929866 0.5767219315124516577 0.02257701449147926989 -0.007868537418307990777 0.9997141414102074242 -0.1017157414047537844
0.9982268386523193149 -0.05520102927008999072 -0.02227161785140622033 6.094485886853591161 0.05535582660900642549 0.9984462150974416916 0.006394373935478750957 0.5956957550730854756 0.02188403652505689634 -0.007615899494858238347 0.9997315074660066969 -0.1050501689655233689
0.9981479524890169985 -0.05697069626550194804 -0.02133083938824385448 6.566235790449272969 0.0571202209368856656 0.9983463625913188144 0.006466889577258558633 0.6193538249920852445 0.02092714271238434523 -0.007673334849138907163 0.9997515564529961818 -0.1037880444584994011
0.9981339320612567789 -0.05808777079222491452 -0.01882722901343820282 7.055399201823654209 0.05828550178600572229 0.9982485669162440844 0.01012911305192078573 0.6495511063890908598 0.01820587678438010878 -0.01120756592909498243 0.9997714421388805839 -0.1020850011808748237
0.9981953276657123952 -0.05836883018542427665 -0.01411267122574959634 7.556799271857452815 0.05856437265851303225 0.9981873625666182193 0.01386374651432749003 0.6840088195857055853 0.01327787940357224271 -0.01466522673141538134 0.9998042953715794434 -0.1030064735788085023
0.9981800561513298753 -0.05955163280773834861 -0.00949623776346788899 8.068575464515458151 0.05969256207239526796 0.998099235883005087 0.01532035779590369684 0.7137588268482250031 0.008565835333535809157 -0.01585933036712364533 0.9998375408561859246 -0.1022717735982878601
0.9982890464272842213 -0.05823587141802883532 -0.005250053665088459318 8.589091523334033695 0.05832077386067831271 0.9981390521473009203 0.01780786103885903873 0.7426300241850402051 0.00420322728330473766 -0.01808357980795022649 0.9998276436575127546 -0.09366335675380672854
0.9983017035664202288 -0.05809268623036299012 -0.004352983221167861308 9.114661127329689805 0.05816467120913568212 0.998129948036433734 0.01880100677940408152 0.769073800561269838 0.003252641928696896421 -0.01902226693448102329 0.9998137694996789282 -0.09875911159322227351
0.9982140342774058483 -0.05938259202732422415 -0.00651533082370402486 9.644612009766909466 0.05948107117902427798 0.9980990019843830607 0.01613643111640214109 0.7922337046386300763 0.005544722086974747041 -0.01649515086002287592 0.9998485715622558168 -0.09694710772003836685
0.9982745688978195142 -0.05796627915690416577 -0.009369929166031472356 10.18408686176374722 0.05809263173141467063 0.9982154310431999855 0.01382748587981985459 0.8147454925205128706 0.00855167997476657081 -0.01434795135000955894 0.9998604927997040148 -0.1004786311143474609
0.998464929173307203 -0.05426107963346783053 -0.01111397534426981568 10.73529932181413571 0.05438084177067693814 0.9984621526175789796 0.01077282871779429961 0.8329045374979351379 0.01051233842944439278 -0.01136067899734859686 0.9998802056813925754 -0.104151983025000977
0.9984856858761705922 -0.05349418868784802661 -0.01283381771033552388 11.29996649855110924 0.05364660331703702961 0.9984897761466939858 0.0118409831969012256 0.8564342945812484231 0.01218101198331572252 -0.01251154295655566677 0.999847530496479564 -0.1059496425958863647
0.9986580344307767199 -0.05033960680897871243 -0.01216775464804013308 11.87756068214800642 0.05050486368512105417 0.9986301372733634718 0.01367873069881167698 0.881329280919020297 0.01146250456945683768 -0.01427490510303645876 0.9998324049926039514 -0.1107346836402998413
0.99879408933585756 -0.04800982387141829177 -0.01026761508775900569 12.46855050495140027 0.0481315688703513947 0.9987694191317135761 0.0119582392256594762 0.9014930312642639443 0.009680866998032883544 -0.01243801508018361861 0.9998757805822838796 -0.1056577768052584382
0.9987771269359492221 -0.04869643877265130566 -0.008538592415154229801 13.0704891958752043 0.0487644660089494239 0.9987786787756307572 0.007948438718861399604 0.9173433849815531005 0.008141103391600158778 -0.008355098686843906441 0.9999319550656936562 -0.1060039566546186612
0.9987585554588205294 -0.04932298115047498155 -0.006970755213029404367 13.68378390242227383 0.04935317576445276411 0.9987724406276640154 0.004227988247651865393 0.9332350901314887537 0.006753661212492027659 -0.004566768341961262821 0.9999667657913126062 -0.1060543351766500553
0.9987792162505892968 -0.04922583214555556475 -0.004110308435647387106 14.30819976257123649 0.04923304103208885063 0.9987859200029854945 0.001671428886448897986 0.9552618483308535913 0.004023040714586541278 -0.001871751417092794171 0.9999901557965664711 -0.1066005440404976939
0.9985342127579566185 -0.05412404662431984786 0.0001163136121520490446 14.93858880580547677 0.05412403820979744956 0.9985342172229926261 7.431507076441567171e-05 0.9828083224985806332 -0.000120165354017567918 -6.7910778293360578e-05 0.9999999904742068457 -0.1181420885104808721
0.9981420737410233723 -0.06081616194061807701 0.003714172152989753204 15.57363957938306953 0.06081724091094603546 0.9981489024547091082 -0.0001781472414427817295 1.019735880085260504 -0.003696462626549707267 0.0004037019596180458497 0.9999930865704913518 -0.1243272682675783947
0.9974057393872552968 -0.07170537926931998263 0.006334794488021566229 16.21081208558624809 0.07169792123215704138 0.9974254140474744235 0.001396962136754615084 1.06548222659662839 -0.00641865471496143921 -0.0009391464566816640257 0.9999789592164342045 -0.1232945807683684669
0.9965394381340140217 -0.08286417253985793596 0.006532775277644170889 16.84505817692411256 0.08286071071558452628 0.9965608179056002491 0.0007992715616262498993 1.116305630015587136 -0.006576538850471358964 -0.0002551952304887229956 0.9999783417715318867 -0.1276127716674472223
0.9953509023229617503 -0.09618652147332441837 0.004973362215593163382 17.47947418202279835 0.09619515045670352926 0.9953613244258023851 -0.001525406806299222252 1.174288924028135117 -0.004803568827232398281 0.001996728367664186987 0.9999864693096340851 -0.1225358275103876349
0.9935000331742884772 -0.1137772820035662658 0.003523376586276188559 18.11155500921974237 0.11379022995044899 0.9934978249158831209 -0.003722291664174759863 1.244122258362298838 -0.003076954746450606855 0.004099022723796396858 0.9999868650948361415 -0.1355299535438767855
0.9910864107575735327 -0.133202901406068025 0.002171052435017468366 18.74234770057393007 0.1332142397538562673 0.9910666920509169087 -0.006385783746344988326 1.329193784769525877 -0.001301052832276987804 0.006618078592635716004 0.9999772538899418528 -0.1380751502944728148
0.9872577258120054378 -0.1591167433932722253 0.002011167926046768684 19.36801087882786021 0.1591248082803757846 0.9872466235017894887 -0.004837331294164828183 1.436594972043002238 -0.001215818342042898582 0.005095719403128246353 0.9999862776206099868 -0.1511467667341578891
0.9821876177308891398 -0.1878939748513088759 0.001826962149723792943 19.97844719057699336 0.1878964800232632848 0.9821879622061059356 -0.001311370384188147512 1.563899865769265762 -0.001548021636877499642 0.00163129151067743219 0.9999974712553122425 -0.1609911877578316108
0.976515864555666524 -0.2154455053987539559 -2.178473643337340633e-05 20.59544442375256423 0.2154454892710997993 0.9765158219104702608 -0.0003011830922559366203 1.709046472003863393 8.616168333197839441e-05 0.0002894166445243248837 0.9999999544070841129 -0.1573120076240138165
0.9705479124842704142 -0.2408998670698162814 -0.002000904337975626182 21.20636193221260157 0.2408983102574886181 0.9705498572647098809 -0.000989281829475316182 1.867421360523445539 0.00218029528083777107 0.0004781309404506808771 0.9999975088485431041 -0.1558884078000984941
0.9637277434543650712 -0.2668119409598607161 -0.006342291193984465544 21.81128866287626522 0.2668288413727471498 0.9637419163393593502 0.001971827126456954498 2.046307067970063009 0.005586224846425547584 -0.003592610718001917891 0.9999779433768497539 -0.1529844806410762259
0.9563052675721324114 -0.2922101786725730954 -0.009666783018932183918 22.41136832320743011 0.292238886123260766 0.9563438902236498507 0.001672444119086044772 2.239160488341545019 0.008756063683415495763 -0.004424377022650012245 0.9999518769604532897 -0.1575505344921959705
0.9472844182160089499 -0.3202110355216816751 -0.01082237198075615935 23.01055758152553921 0.3202378664373944916 0.9473368316243977461 0.0007977139042301651609 2.44546096602447971 0.009996994787586612613 -0.004221395264580683065 0.9999411182250869112 -0.1584703104578076283
0.9385125510136113069 -0.3450289465568896485 -0.01221546674370899144 23.60804638325082294 0.3450582212287307549 0.9385812316020502033 0.0003092682376354724647 2.669570091838678216 0.01135850132666939988 -0.004505299348713692406 0.9999253405756804991 -0.153802853825706326
0.9283613524797992289 -0.371450722988840687 -0.01302150578641413439 24.20100509034384473 0.3715243811854768152 0.928415836092261082 0.00369722569724116731 2.917813684814111852 0.01071603502358074202 -0.008270168328114493525 0.9999083812576020636 -0.1575454261625764962
0.9185759811558675825 -0.3950787139088802746 -0.01144450346849401612 24.79450791534852883 0.3951885227350597218 0.9185479680563897187 0.009780689032929732254 3.187219329955832237 0.006648183362126915477 -0.01350704244395427821 0.9998866743098443477 -0.1605692193490365072
0.9071152975317733347 -0.4207702505586413677 -0.009707380113121220552 25.3859349004140249 0.4208717927099266953 0.9070138326427013009 0.01388673813140676311 3.471209261760115794 0.002961601758327357409 -0.01668243506254288647 0.9998564523347384103 -0.1570151304375571599
0.8960011362092769049 -0.4439690344745583217 -0.008570900735236301748 25.97933358604849374 0.4440482059978803075 0.8959042547297011438 0.01329500309450206731 3.771512672771025088 0.001776136748361778353 -0.01571823097384729764 0.9998748834495763127 -0.151519157758149503
0.8849446339586174437 -0.4656129909415526735 -0.008805537707039070086 26.56851352061113047 0.4656954201523360592 0.8848204926607394771 0.01484827992548228004 4.086832392228467725 0.0008777681856438091521 -0.01724060422571780174 0.9998509844416538783 -0.1561310548638688012
0.8732913239283032203 -0.4871367115655789171 -0.007751631868541813269 27.15556122592143851 0.4871975644669575556 0.8731501655904194692 0.01572645881588859498 4.421309293035447396 -0.000892596782530221994 -0.01751035620702931159 0.9998462835338673971 -0.1640701212088688243
0.8611781924536953126 -0.5082552469162808784 -0.006980316916620044922 27.74265425669222296 0.5082868509825418935 0.860959260415485983 0.01984008626671627043 4.778904335003325343 -0.004074059454331290138 -0.02063385293370507273 0.9997787986113092495 -0.1796686360431095641
0.8478111777772107116 -0.5302622071244116331 -0.006180496061524895154 28.32794084056989448 0.530249596990041705 0.8475180280236473962 0.02342129515646754895 5.155189870995665835 -0.007181345829109272993 -0.02313404137749454706 0.9997065791529168299 -0.1918943181675770715
0.8359903691171371998 -0.5487073586277063653 -0.006351167703527918658 28.91340984192023456 0.5486859117452007606 0.8356771435677732285 0.0242380273690967589 5.547991058639622608 -0.007992058291239032691 -0.0237475536890193635 0.9996860410639215599 -0.1963381576212797908
0.8228573290150942299 -0.5682040123208397242 -0.007072232224980417453 29.49798577703118951 0.5682146354700047253 0.8226103416439706217 0.02107970251402331921 5.95169316937957138 -0.006159880180221099719 -0.02136413356279846451 0.9997527842788317409 -0.2055708016851424125
0.8098475712460140308 -0.5865561758567777728 -0.009938003381208272355 30.07792503597600131 0.5866291026988593726 0.8096108748046908499 0.01991299235962104217 6.376067514742009834 -0.003634173037052546018 -0.02195641050481597634 0.9997523237402755614 -0.2153071258122747356
0.7960536576170026413 -0.6051071643959682334 -0.01199557381965100748 30.65936605678554017 0.6052222686610249092 0.7958222274203594626 0.019312893633526413 6.822460710548440943 -0.002140026026524099057 -0.02263408801715680388 0.9997415257696548041 -0.2325070367846417407
0.7820601648844769382 -0.6230832711596826501 -0.01221211291358790911 31.24115618149528828 0.6232000470286115368 0.7818467151212367128 0.01836887143153469182 7.284792539165696468 -0.00189733613289393469 -0.02197615196255447642 0.9997566948315562696 -0.2484038456504723547
0.7667790021518616772 -0.6418128084454322035 -0.01123747188572045592 31.82285508040946098 0.6419090454796940737 0.7666138109510427512 0.01600131839777317252 7.770580313751624502 -0.001655049951937001681 -0.01948290980592645369 0.9998088202427255489 -0.2557494670826830907
0.7532055592918897036 -0.6576822831644324463 -0.01163614469705898276 32.40406590593526914 0.6577851351448623651 0.7530790456100584507 0.01380822383576449895 8.276027148139259992 -0.0003184874357094121824 -0.01805451396916471843 0.9998369532534244764 -0.2708248123877140534
0.7374827858256923774 -0.6752477330584181203 -0.0126348569538116684 32.980730901767906 0.6753658590611021362 0.7373622667984576218 0.01333581330476853004 8.801478679859942034 0.0003114890616015871384 -0.01836808376797718564 0.9998312439973343624 -0.278578940328566671
0.7214357791702881162 -0.6923727863601025767 -0.01226137190151314893 33.5515914210619357 0.6924806277717321379 0.7213474564945534517 0.01133257118690329801 9.347312043199416109 0.0009983455449898484806 -0.01666648483592883881 0.9998606060793606698 -0.2861152251135541391
0.7052192493833320253 -0.7088798547570770436 -0.01245639670189791111 34.12166039078110202 0.7089857254323637115 0.705162550784708575 0.00922052622946899561 9.915398785105756119 0.002247539177566761862 -0.01533390003843384392 0.9998799028269628186 -0.2913004110151965476
0.6877360248454252867 -0.7258299749082922636 -0.01378432640502987895 34.68534363007359644 0.7259518458697563625 0.6876980918662456421 0.00807786616739492036 10.50780735986132441 0.003616297568807757493 -0.0155621967650001955 0.9998723620661496003 -0.2943275861068034294
0.6695819636734343661 -0.74263218040485246 -0.0125474519470042626 35.24020030636734191 0.7427324190570766538 0.6695477216743663806 0.007375776724426765657 11.12077712958003062 0.002923628712894888251 -0.01425808640035938595 0.9998940740735235977 -0.3051457709913809602
0.6498973733853579127 -0.7599829400368612875 -0.007702916314046906292 35.78813809964208303 0.7600212563438856206 0.649849430369577985 0.007962898580081147551 11.75100748749766666 -0.001045931295237506695 -0.01102944700624247654 0.999938626779894979 -0.319163493307488555
0.6307165052259126048 -0.7760126856511501137 -0.001000871670428796862 36.32627567446385797 0.7759801169447907432 0.6306770524408815692 0.01006546724352267753 12.39922633188300871 -0.007179703473002097512 -0.007125112839166588934 0.9999488410039130137 -0.3286404235483683101
0.6093064748106667983 -0.7928989881709997967 0.007537526862513492174 36.8473364532552452 0.7928399551921460064 0.6093530898045305122 0.009675608331665903547 13.0597059419334478 -0.01226479533927403442 8.064165571872382819e-05 0.9999247813171794341 -0.3321904995066444766
0.582430981859266339 -0.8127935503848420229 0.01186574158045678763 37.34433461520649189 0.8127096882264188693 0.582545729192340378 0.01197647956126807536 13.74068900588428832 -0.01664674242510964797 0.002667930390341489814 0.9998578739571261087 -0.3363599661220534887
0.5565629318353801924 -0.8306862288884129253 0.01407451746785910555 37.81562269080498595 0.8305776583688252446 0.5567271636782824551 0.01398637341464955934 14.43400792335230776 -0.01945395397766203766 0.0039056827677237658 0.9998031252785485323 -0.3540345957033107505
0.5297334169581461305 -0.8479944143301290094 0.01696998004561611414 38.26388512478444426 0.8479144283025860096 0.5299569379798978463 0.01366624173903435192 15.14209742248776536 -0.02058225532214107839 0.00714962599529017119 0.999762598627285004 -0.3797404456649360327
0.501871997914186907 -0.8647446635912062751 0.01847063886696440407 38.68818980716574174 0.8646487152751171079 0.5021434436596197148 0.01531538973542145333 15.86386626486024376 -0.02251881175177596409 0.008284248921281019487 0.9997120957241131256 -0.4001105629426754406
0.4736917538130881455 -0.8804649757363582907 0.01993862761211619497 39.0886331485854015 0.8803675813248826865 0.4740098146150503178 0.01635901588670810383 16.59918049212799929 -0.0238546457038588712 0.009804190439785325298 0.999667361539909316 -0.419631172115021045
0.4443664161069645901 -0.8955398266753419323 0.02338604444001676774 39.46430785708999167 0.8954739518216203731 0.4447823188713940779 0.01717819630682587348 17.34203173165875711 -0.02578545801846997276 0.013308180104131739 0.9995789125912439843 -0.4398608926902038974
0.4182437324191872197 -0.9079415660217429185 0.0267262601583644413 39.8211064503976786 0.9078808105324448485 0.4187838717585370407 0.01930032698894991461 18.10073689873023284 -0.02871609581782468348 0.01619201793830770536 0.999456454477165801 -0.4580051450464285301
0.3882088101060738872 -0.9210583765523340238 0.03074714196157571355 40.15302167512861331 0.9210236215301413898 0.3889122634344772678 0.02151139079127387804 18.87217958315194011 -0.03177118725401115173 0.01996793261834464012 0.9992956886364614544 -0.4823385756136072677
0.3590465179030623011 -0.932763622498788747 0.03221214871167555477 40.45768012418533743 0.9327718977014182178 0.359804298097109454 0.02185071919505632634 19.64704014677982258 -0.03197162554798869266 0.02220116244216733051 0.9992421746233670632 -0.5126906626643157328
0.3299735373305924258 -0.9435270171762123459 0.02956742329145181994 40.73374375449134277 0.9435425592130914918 0.3306197015412409845 0.02044631767313281889 20.42930174293982049 -0.02906722579033162515 0.0211513784737645677 0.9993536489018857161 -0.5425644517639994779
0.2989822092279978971 -0.9538807745921307202 0.02685342489632602803 40.98074345398191554 0.9539301757796746495 0.2994992516530019522 0.01781622845192287752 21.21710771097865944 -0.02503713845680028902 0.02028955698897196014 0.9994806029008698189 -0.5589423012233789567
0.2688673879454990256 -0.9628350642794634151 0.02567034657588804572 41.20286060986065024 0.9629222434776312234 0.2693139254900940305 0.0158354839876022925 22.01210066541220556 -0.02216034104814306946 0.02046090249910303624 0.99954503187878041 -0.5829546448283458027
0.2406501947713430845 -0.9702796928675070376 0.02539293928341161341 41.40093561972651059 0.9703574167804802642 0.2411038092195846305 0.01659629111939373361 22.81091922946249895 -0.02222537863857725407 0.02064632627715085392 0.999539774974277484 -0.6161247419612252418
0.211411037109136779 -0.9770382133516801737 0.02648967797078893155 41.57732181135222049 0.9771226375746263626 0.2119164099150341318 0.01796625581273970235 23.62168247924719822 -0.02316731593527339428 0.02208539923298039054 0.9994876240419763302 -0.6381237933857133449
0.1810226148381999245 -0.9831972562771288393 0.02353652833929857982 41.72499080844202268 0.983286437567895466 0.1814088246073811694 0.01544733147199762839 24.43247851756916589 -0.01945750786144188199 0.020346832768131283 0.999603627336419609 -0.6565101853873835935
0.1532622735639437295 -0.9879077425494083853 0.02343006002858057102 41.8539211025957627 0.9881286194061398298 0.1534648599425816329 0.007097060893070021234 25.24088285604693027 -0.01060693228634089144 0.02206420118055063551 0.9997002870929552198 -0.6736505092004655415
0.1218852604233304771 -0.99204457093661913 0.03148892768444321033 41.96343727698013026 0.9925302005529775817 0.1216537043317899025 -0.00917481403731756559 26.04578870952574832 0.005271079756825607088 0.03237198630811270739 0.9994619903831584162 -0.6575995923042123881
0.09175586926608580995 -0.9952646217611660351 0.03208103997423452508 42.04261431356298573 0.99566069991507411 0.09119523474275981201 -0.01852565261571463562 26.86535388352070086 0.01551228867221579426 0.03364166807422624972 0.9993135679401803362 -0.6668225456981640153
0.0639867887409684144 -0.9975665347098717772 0.02768934259886456431 42.09426307765762942 0.9979248367361309713 0.06376055940323277493 -0.008978379015923101253 27.70164797976043047 0.007191042468614861245 0.02820638033363092462 0.9995762547283169042 -0.6939453079017872117
0.03315184768998447051 -0.9991710196088134932 0.02362686116741025133 42.12013048943695281 0.9993665668415231407 0.03344585198852312313 0.01215894996079840661 28.55571695722075631 -0.01293909093126207471 0.02320880347294555432 0.9996469033449895125 -0.7207607841831178419
0.002111439626434341577 -0.9997262117916455582 0.02330328902600836347 42.12544599036979776 0.9996313647827997917 0.002740868936484841534 0.02701151939358576587 29.40673774026252119 -0.02706799521909538167 0.02323766542057896511 0.9993634646817044498 -0.7149638883206317352
-0.02406679704299996558 -0.9994433361953606321 0.0231042639956090777 42.10747029077912629 0.999323412585473192 -0.02340810855528840939 0.02836860081830430008 30.25401125929939639 -0.02781198192534123023 0.02377137329965574308 0.9993304836103183986 -0.7190478873167531759
-0.04935131813121551581 -0.9984948022003824475 0.0239285891253640387 42.07100254533440165 0.998593885770925449 -0.04886356633725563725 0.02055731465265817071 31.09402782653687325 -0.01935713562579278665 0.02490947337106001747 0.9995022858586872783 -0.7354870660208262523
-0.07237161427086391541 -0.9971048812592976374 0.02332820646151448352 42.01287954684825365 0.9973140451541668838 -0.07208286873053015853 0.0129905878931351141 31.93877559609519778 -0.01127141455458890301 0.02420569776847831742 0.9996434561429788923 -0.761682053288344374
-0.09496004880226371903 -0.9952630221048265335 0.02083520967590764272 41.93183588404640005 0.9954372036043875882 -0.09473854795195046918 0.01137458624447008904 32.79232957838045337 -0.009346807569893372455 0.02182027412117702042 0.9997182167118533469 -0.7941143288065278805
-0.1130055847643594014 -0.9934213405649131579 0.01854124921024262115 41.83505101541090454 0.9935207898606690513 -0.1127504712272222598 0.01427485035549903337 33.65479252610996497 -0.01209040639092715842 0.02003425437221064212 0.9997261878759862164 -0.8225061223527452281
-0.1309144664239372258 -0.9912492072404104348 0.01692370013306454535 41.72357975150978859 0.9912842655209820331 -0.1306273512409594773 0.0170880086112550067 34.52296256261780627 -0.01472777686764533897 0.01901326518589232378 0.9997107523356482117 -0.8427480052624396478
-0.1463156373358998064 -0.9891194886126503105 0.01530919715853481383 41.59976586976353019 0.9891171872939124032 -0.1460384409218029589 0.01788752562286548969 35.39353851436099774 -0.01545716891183747214 0.0177598147450497082 0.9997227940331522289 -0.8529130415677419474
-0.157032950276723593 -0.9874985802310675131 0.01368234515767544242 41.46475745771726906 0.9874892361379765671 -0.1568001459212331472 0.01669499178542131063 36.26689435850049392 -0.01434088696780469463 0.01613283238323943991 0.9997670081975454925 -0.8666204176157330519
-0.1632907146076416627 -0.986515569154071903 0.01109839355688886121 41.32384085207957014 0.9864872997372988728 -0.1631128390069722656 0.01539510338057019367 37.14311703476912641 -0.01337721869218814683 0.01346230172382895454 0.9998198920067343787 -0.8836382773401842972
-0.1659341662826463448 -0.9860877857278593783 0.009835207085287279299 41.18147945856668457 0.9860406877050014174 -0.1657704701503635025 0.01561772763161681059 38.02159144671547608 -0.01377006355580756743 0.01228942897187955581 0.9998296631352833197 -0.9095068835136331797
-0.1689087061747780449 -0.9855803595379851734 0.0100600134859967303 41.03684832210131361 0.9855181004068739314 -0.1687254815321723722 0.01690519601079561174 38.9091865067714906 -0.01496404854273510922 0.01276976016660153444 0.9998064865145145363 -0.9322283774328886663
-0.1730640606175317675 -0.9848426942547754415 0.01156280656097348307 40.89085811851731478 0.9847878508429346311 -0.1728452501493606963 0.01781595725632465974 39.8015443071012669 -0.01554733915258656 0.01447021332946158388 0.9997744211428267747 -0.9526379138604390562
-0.1762562317633213915 -0.984263118966044237 0.012643314748487176 40.74361903652115302 0.9842302414976266123 -0.1760257224126107189 0.01748647393394667585 40.69665153022562265 -0.01498574276165231742 0.0155260327306590163 0.9997671578030197237 -0.9697665762548308699
-0.1774198547831304928 -0.9840462610564147949 0.01323447126346075087 40.591793399483592 0.9840436579846917331 -0.1772038307387577838 0.0160275248125458375 41.59627356976298529 -0.0134266268600873942 0.01586689863836410197 0.9997839602727980335 -0.9846618690708821564
-0.1772996897467660204 -0.9840874215501500544 0.01169473225335996777 40.43657169382842653 0.9840732877008026014 -0.1771172063206514213 0.01514132289138256718 42.50344957535388346 -0.01282904709765579805 0.0141930254683422935 0.9998169700393273462 -1.006043688715929862
-0.1792771868944929015 -0.9837454094006938821 0.01023033441574481076 40.27767398681754685 0.9837092937383418167 -0.179111105357536049 0.01533744927992136339 43.41982468935058392 -0.01325577881565732398 0.01281332980386064996 0.9998300370099549861 -1.025427505973397935
-0.1799817097007150313 -0.9836114324552892585 0.0107300566849082863 40.11872181302393869 0.9835746755785703677 -0.1798017463713841302 0.01588047739554580839 44.34415570911332338 -0.01369093618849620032 0.0134120074953122323 0.9998163212916801879 -1.053008551951061023
-0.1789054461173651411 -0.9838167353389688508 0.009872822115291206985 39.960630275119712 0.9837646688506086479 -0.1787337540807967251 0.01616544071276934322 45.27511620575437234 -0.01413922454731447731 0.01260461896127223168 0.9998205868604835844 -1.084245483862639414
-0.1803277408211914068 -0.9835536058912892621 0.01020834112713540041 39.8025017651680173 0.9835100662244542491 -0.1801549489169749219 0.01587904329271790441 46.21331356203594964 -0.0137788071143704529 0.01290343826136846651 0.9998218070013976666 -1.104188949598237546
-0.1808457275487851401 -0.9834535619758572045 0.01067306255720007306 39.63980507270539988 0.9834338880304129837 -0.1806845042989255745 0.0145223200500895766 47.15306512728709976 -0.01235357036391488555 0.01312255094297384503 0.9998375807880062194 -1.123615536997489617
-0.1808647726242884612 -0.9834608009933822892 0.009632597418130814382 39.4749940516416018 0.983432454681698931 -0.1807208407414726548 0.01416279634902251408 48.10647104611506109 -0.01218774393778709018 0.01203455986526303853 0.9998533033733280062 -1.143840727311141059
-0.1801636436970741606 -0.9835901796381858464 0.00956138113012345095 39.30699515471386007 0.9835623193392507568 -0.1800220193338051278 0.01404409238695163327 49.06727190524622984 -0.0120923722150720718 0.01193444905728230886 0.9998556613131274196 -1.16981162754301149
-0.182649244421509982 -0.9831350833567401581 0.009201162175915654148 39.1372815887512786 0.9830971174177798311 -0.182506050796343855 0.01454644793668815814 50.03670955609146631 -0.01262185553331733254 0.01170253373668910662 0.9998518587606054497 -1.19945129181980592
-0.1824422294722556348 -0.9831712007479695981 0.009445788743581096103 38.96589323764089841 0.983128541410500767 -0.1822889193199319635 0.01513343838102882907 51.0146168001744087 -0.01315689816232974881 0.01204740274776451223 0.9998408653969786952 -1.218818566232519496
-0.1820317549120560319 -0.9832397339175978912 0.01020126704330227146 38.79515868289898606 0.9832095421382964773 -0.181871688677839094 0.0148890935141446426 51.99934604363672008 -0.01278422668130283976 0.01274027092030517727 0.9998371112561477148 -1.235920016177034952
-0.1838075914103245445 -0.9829030461996079993 0.01078754427414946836 38.62096818125921516 0.9828878804333013308 -0.18364762878768226 0.01431652674339105834 52.99136962265482964 -0.01209065082068753669 0.01323443282476337128 0.9998393200662489821 -1.253811994004651043
-0.1858862588846297292 -0.9825152791346114522 0.01048928142978930791 38.44230706737829451 0.9825015990663925614 -0.1857353622022479556 0.01389183427707337166 53.99171297394691749 -0.01170070894682727868 0.01288803688063583884 0.9998484844792759896 -1.277696833317792269
-0.1863751748128614771 -0.9824370002446495276 0.009046256892779757156 38.2608914454672373 0.9824051183215635197 -0.1862406783810628408 0.01394966708407580774 55.00068042346559594 -0.01201988806397029548 0.01148696071449440206 0.9998617764593630275 -1.295753118196277809
-0.1883275716436694225 -0.9820769692730348943 0.007586315462015279926 38.07638199921990463 0.9820384953215026691 -0.1882182094177027309 0.0132022479249948553 56.01540456390778644 -0.01153774091743181227 0.009936401113303686833 0.9998840675135481915 -1.324550666589171088
-0.1887795470909132689 -0.9819990260843184382 0.006339981829635754802 37.88981529408160753 0.981958742875771784 -0.1886921247084778486 0.01234136794827040556 57.03541307917579672 -0.01092290666370264625 0.008555398439041159847 0.9999037430010777605 -1.344041760399174557
-0.1893111304609338408 -0.9819033663358046615 0.005203370255707131381 37.70070232490311923 0.9818611928462755989 -0.1892411088643750627 0.01167907095066899638 58.07002366030939555 -0.01048302752511466943 0.007319965450494033896 0.9999182587790420573 -1.373146417410199049
-0.1888268784040820769 -0.9819948656419066335 0.005522123242370099994 37.51280705391627635 0.981966559809581585 -0.1887623348552338598 0.01050982186985883332 59.10943972483890718 -0.009278222238424262136 0.007407077219423095771 0.9999295224160350548 -1.398419801496470161
-0.1892329022671190852 -0.981914261699709412 0.005940654027773649773 37.32253427666116607 0.9819036333356642166 -0.1891777536443266516 0.008776808549134347895 60.16064988226710852 -0.007494233902450610219 0.007494010728656649509 0.9999438365535406881 -1.414921693495234223
-0.1888637116467097865 -0.9819871419818720915 0.005634838533891487963 37.12889368618400709 0.981978480009782273 -0.1888150233535248468 0.008194617360534152406 61.22446391198253224 -0.006983066712135901043 0.007080956028846357823 0.9999505471977159221 -1.434121692333286902
-0.1889604730609191208 -0.981973847685261636 0.004615417943852826756 36.93525582984275957 0.9819301452788989915 -0.1888983493316271911 0.01142818499793456233 62.29796201245092391 -0.0103503339634114129 0.006691493255567656194 0.9999240443677992474 -1.46292537048443938
-0.189818716583427527 -0.9818090842789340966 0.004447118390760979034 36.7386021601706787 0.9817205346441223446 -0.1897335049092363501 0.01503292961852209508 63.38649172441795088 -0.01391569950376543921 0.007219358850880434192 0.9998771095315179824 -1.487920154881501755
-0.1884165992870265871 -0.9820785198126514848 0.004578868386849330174 36.54059344699550138 0.9819624731410357965 -0.1883153441866127764 0.01694203313119304818 64.48416198743065308 -0.01577613564384423503 0.007688437192925397234 0.9998459888791260131 -1.510622086941884934
-0.1885567166486898927 -0.9820464951193185188 0.00557189649295605164 36.34181347099691806 0.9819366412133084809 -0.1884387950832688841 0.01706614046269272836 65.58408523427348769 -0.01570978196514005026 0.008689184738992168644 0.9998388374229015829 -1.540206173117006472
-0.1887169194076516732 -0.9820060001975462471 0.007080953700104679165 36.14448068161816963 0.9819199531753811661 -0.1885818819780313849 0.01643409095999519634 66.68932756279838259 -0.01480303635554248987 0.01005432074487925577 0.9998398775549091066 -1.5629536767816683
-0.1901298005557217063 -0.9817231301903702745 0.008387764294673152876 35.94598187826419888 0.9816512083965061031 -0.1899754165817828522 0.01643916507178927802 67.79672244410807025 -0.01454523957592283347 0.01135943413201284842 0.9998296851273618113 -1.587791294744552717
-0.1895091449359449509 -0.9818406477537705568 0.008673315634970436491 35.74553545879565064 0.9817574157655670763 -0.1893393117542523374 0.01740694153899693258 68.91462789303386671 -0.01544864314310806508 0.01181386655091294473 0.9998108681056403491 -1.614324252613556165
