1 0 0 0 0 1 0 0 0 0 1 0
0.9999999669633069521 -0.0001618631378678318073 0.0001996840244325170119 0.9159020245178572939 0.0001619622494470296609 0.999999863664831623 -0.0004964257727707045145 0.3844120513915497694 -0.0001996036441752627936 0.0004964580976442142975 0.9999998568438610569 -0.1038910718504792718
0.9999904027872864587 -0.004362252646820874262 0.0004063067386003307944 1.111554814207922348 0.004362584053096027654 0.9999901490151943406 -0.0008183721335825059956 0.3784552958554383562 -0.0004027327900730176893 0.0008201368267895444439 0.9999995825908554181 -0.1128294451115450375
0.9999888694853067417 -0.004684189328332765551 0.0005650449844149407373 1.336034600222367974 0.004684382399153874839 0.9999889701295822109 -0.0003408529242864930409 0.3768330733854583503 -0.0005634421324115085599 0.0003434960171977346024 0.9999997822717010543 -0.1160986411194816353
0.999988353061028179 -0.004823170367621109657 0.0001754135037388890577 1.563231598235685027 0.004823149684152885051 0.9999883615666994574 0.0001181451324135402711 0.3756310525149946788 -0.0001759812963022614211 -0.0001172977107992388565 0.9999999776359149717 -0.1188007036256791826
0.9999882259096730674 -0.004841034096457155766 -0.000335307175081622018 1.79213234174430025 0.004840994272278701695 0.9999882751808525372 -0.0001194791999635574844 0.3731954034419799893 0.0003358816465464763558 0.0001178545730906408476 0.9999999366469075612 -0.1125112303119207291
0.9999905598038818511 -0.004335693555967196598 -0.0002864690347053618189 2.022406775754622466 0.004335452211307994595 0.9999902509267947215 -0.0008377980004438637541 0.3699409677026472831 0.0002900986772894981127 0.0008365481186564475155 0.9999996080149244904 -0.1103253462164500154
0.9999891959549525033 -0.004636632033508740827 0.0003310842088856068267 2.254357398801632328 0.004636976261481358386 0.9999887014623716208 -0.001046612989698234974 0.3662358485564454758 -0.0003262277088034933894 0.001048136911661500924 0.9999993974920666773 -0.1069623862632372996
0.999995391913716114 -0.002950201759213304156 0.0007158637532610141784 2.488031613554718913 0.002950539531189628594 0.999995536113806649 -0.0004712419073382007853 0.3644422852742612573 -0.0007144702990226455474 0.0004733519201177736413 0.9999996327350083591 -0.1075868462639293643
0.9999922004169499168 -0.00386668641559159568 0.000804885973389286467 2.723692930896583597 0.003867188818880012112 0.9999923279734812542 -0.0006235742271170496712 0.3634379123881238405 -0.0008024686322896475892 0.0006266820095348418166 0.9999994816567422395 -0.1081840209516436724
0.9999921794271088293 -0.003857931886469362533 0.0008703138401969234828 2.95934017588209386 0.003858604667157342245 0.999992257036140475 -0.0007726822038579837836 0.362443157022081186 -0.000867326146075941243 0.0007760343580861622749 0.9999993227577863575 -0.1128137148703332315
0.9999909367326410559 -0.004106382792213580761 0.001124309983421489844 3.196514562942103677 0.004107245560744180075 0.999991271739389731 -0.0007661455095584265721 0.3601527994231861207 -0.001121154083414165189 0.0007707563829651458602 0.9999990744736313442 -0.1132638603845500247
0.9999900922915918589 -0.004395001534158991287 0.0007065975999621832305 3.433726427808066806 0.00439513747376228843 0.999990323105786838 -0.0001909486074017399638 0.356946875465800284 -0.0007057515428694809351 0.0001940523091290811974 0.999999732129194685 -0.1175427816363158323
0.9999942641206143179 -0.003368531883001282031 0.0003531555240594827288 3.67397804880990364 0.003368436253949721754 0.9999942900735278029 0.0002710305226423738358 0.3556351884915620598 -0.0003540664825241944232 -0.0002698393861734616058 0.9999999009118109017 -0.1228488268474110939
0.9999974117004055696 -0.002130154721356057341 0.0007993956170643944266 3.916843776575344105 0.00212920240549420263 0.9999970248835224895 0.001190260988245005853 0.3542643347339201609 -0.0008019286788330780031 -0.001188555832422177839 0.9999989721221853589 -0.1239508183306972933
0.999998638996246525 0.0002270634941748796241 0.001634150490111704922 4.162350204576569013 -0.0002299286096227213475 0.9999984365331771041 0.001753300897143796706 0.3500108642671248549 -0.001633749824543584547 -0.001753674248844800439 0.9999971277399449798 -0.121305318520796318
0.9999915346936146809 0.003539908287006952089 0.002097520066351636278 4.410537200405631353 -0.003543657513570412729 0.9999921255225987515 0.001786444575574314651 0.3437495720783196318 -0.002091179699519921022 -0.001793862345516633768 0.9999962045054718862 -0.1260333250655170101
0.9999854555313786308 0.005225913626829250397 0.001333623809799818274 4.662057387018332832 -0.005227084429655947002 0.9999859550595412427 0.000875940650111768312 0.333851276988942236 -0.001329027488953102385 -0.0008828988742716916251 0.9999987270869455935 -0.1330317557203655743
0.9999734975037367635 0.007277149037001548644 -0.0002176971234047743681 4.92134680470540431 -0.007277165326584123829 0.9999735183342471911 -7.412851340894039429e-05 0.3257411907709758525 0.0002171519141823487805 7.571076677642909927e-05 0.9999999735564626402 -0.1317375253141725433
0.9999496006981698493 0.009880867187835989593 -0.001778911798552522275 5.191411708303819594 -0.009880529945862881816 0.999951166716849138 0.0001982664903444586696 0.3177989843796636404 0.001780783973307854861 -0.0001806799065551220097 0.99999839808032287 -0.1336843828961445102
0.9999263324363741878 0.01191463390259844823 -0.002317584800755129442 5.474699477220767108 -0.0119124278039764997 0.9999285804288288171 0.0009633822721066834715 0.3101909114193134309 0.002328897626922911065 -0.0009357032404632684066 0.9999968503426843736 -0.1346841191962512008
0.9998991954041670516 0.01401450468193897632 -0.002278747160014155376 5.772738825639040172 -0.01401040948227378485 0.9999002233467508827 0.001803268492662779944 0.3016376440551543636 0.002303791708982144172 -0.001771160534092831949 0.9999957777581484075 -0.1300800600533325579
0.9998678084737598892 0.01610775251631600333 -0.002214923645141436952 6.085300814365815825 -0.01610295519652520102 0.9998679908726332277 0.002166947683374372078 0.2909763745966283399 0.002249535912003456685 -0.0021309944150313875 0.9999951992139680668 -0.1297577408451053016
0.9998158622758829273 0.01902470567348838251 -0.002510401475807644365 6.413661233788623406 -0.01901913294004648619 0.9998166433500077499 0.002225367954335596022 0.2791037201936234502 0.002552278147349352176 -0.002177212520743887231 0.9999943727951162709 -0.1337894170991772436
0.9997680059637578109 0.02118797711557449809 -0.003873483832612910089 6.757084111700099704 -0.02118009276203943608 0.9997735434901093843 0.002065286377684569328 0.2666441036133569975 0.003916365897490546935 -0.001982766496674812778 0.9999903653111746893 -0.1425535639092900819
0.9997786528537317974 0.02044749733159256441 -0.004954306293703823749 7.116855772590831464 -0.02043942518197611885 0.9997896908333171462 0.001674515347956412499 0.2531839636600463628 0.00498750400578475226 -0.001572881525944007245 0.9999863253302505584 -0.1506710189086626905
0.9997582901580134296 0.02121474540122086569 -0.00577025457728795859 7.491559850298862955 -0.02120053692628777464 0.9997720863347070441 0.002512492782898753923 0.2398878476797740023 0.005822241352129177948 -0.00238955299342533253 0.9999801955749569871 -0.1530490599135494734
0.9997053421432902098 0.02339443513255337961 -0.006475283391158181447 7.880597960178155503 -0.02337447464208229631 0.9997218444656061909 0.003141278958149410459 0.2258017500295717572 0.006546970702065843875 -0.002988997008197350966 0.9999741012003817708 -0.1517802874894907117
0.9996405286851079985 0.02586765497869541325 -0.00704825056740799108 8.282658190535229892 -0.02584466538336977967 0.9996604127034950382 0.003333548364674433859 0.2098251597962075277 0.00713208815000490777 -0.003150190372207722737 0.9999696043476719032 -0.1573916169902369599
0.9996126595553572747 0.02678391539479622538 -0.007559942644609395426 8.697383021624595756 -0.02675829849341104447 0.9996359114896428144 0.003469570868051728534 0.1913296841012476768 0.007650118848939680728 -0.003265935761051452085 0.999965404074161901 -0.1616313802062494531
0.9995757466990192741 0.02797582576718186942 -0.008104306493608076645 9.123359952781717297 -0.02795475664273767286 0.9996055389844545891 0.002701483415319715434 0.1725576741279649662 0.008176685889978232979 -0.002473783386276249066 0.9999635104360630189 -0.1606137951657632401
0.9995166622077403806 0.02985381360796476174 -0.008671319516583344059 9.559405101186170484 -0.02983262062720968416 0.9995516218282778365 0.002563210286435896063 0.1519754955754170633 0.008743953088321354192 -0.00230328320455940299 0.9999591182497756803 -0.1613576808445685296
0.9994791077552224179 0.03104461733219568767 -0.008817306591129624865 10.00654801303579688 -0.03101982474927079264 0.9995144607838137851 0.002934817978418254123 0.1310695996087637427 0.008904135744078136433 -0.002659777949276030933 0.9999568200417013886 -0.1602359398056756867
0.9993775390785341051 0.03427005426152675976 -0.008372440877366190207 10.46464649274390446 -0.03424411565505496025 0.9994083042769448255 0.003222093307907841243 0.1082363192728389295 0.008477908252405224471 -0.002933380847018714471 0.9999597593645807025 -0.1596227659465302151
0.9993505231553617696 0.03523361298663647834 -0.007558067544856297143 10.92808916107189354 -0.03520708732578019945 0.9993735022171749138 0.003614425018346745667 0.08566713150618263106 0.007680681684562647854 -0.003345979988924747441 0.9999649051575630887 -0.1606916800497486808
0.9993123651312089128 0.03621289307570949023 -0.007963872861661001543 11.39827760628462627 -0.03619101262409341047 0.9993407561304747944 0.002874672470669989086 0.06066951902016518017 0.008062722934107331013 -0.002584475122369754227 0.9999641558512133432 -0.1600682519009975491
0.9992018021440564057 0.03882090948843750638 -0.009417833007676160509 11.88053894921782394 -0.03880667011280697354 0.9992453082009631338 0.001690086719081864731 0.03280378038000436591 0.009476336149889654642 -0.001323262956779941478 0.9999542229663923587 -0.1643640756422284355
0.9991749208520689374 0.03938255522427379363 -0.009924307747590501924 12.37180458345026324 -0.039372100805905072 0.9992238405295096326 0.001246673809312984693 0.005929035603177840175 0.009965702102286071867 -0.000854904359681690762 0.9999499757088572416 -0.1701412396897609425
0.9991300380050516239 0.04079181814940572443 -0.008671489381297433838 12.87491000802536689 -0.04078420405385706909 0.99916742318293017 0.001053161752363699277 -0.02088718005833672953 0.008707230082953426945 -0.000698585749286920318 0.9999618473333037327 -0.1697185524823869307
0.9991000541383464606 0.04187003510564317466 -0.006781001475101762661 13.38795356655874969 -0.04186620390130800506 0.9991229766682678815 0.0007060201371112468554 -0.04876391550931324925 0.006804615466521726601 -0.0004214899667989288265 0.9999767595072200921 -0.1712027863778084746
0.9991248544736629489 0.04149058956404549914 -0.005296805698693658401 13.91135330763892064 -0.04148751991459364435 0.9991387852300167571 0.0006881427342056815888 -0.07657739246155656487 0.005320795459138620044 -0.000467789177262073919 0.9999857350527394662 -0.1742777858645717104
0.9991726601730740454 0.04045066882192595997 -0.004211716339153552362 14.44628922503927093 -0.04044890297588609601 0.9991814813089286984 0.0005036440632230233111 -0.1049703673443971585 0.004228641709814028732 -0.0003328680728665478635 0.9999910038536027335 -0.1811485418358683153
0.9991781545423388256 0.04041918783218873684 -0.003050367248779460583 14.99520136014831095 -0.04041766942696520259 0.999182716443130059 0.0005578166546122557187 -0.1325145848986641062 0.003070420729923314419 -0.0004340694804364453275 0.9999951920385554693 -0.186591478685466966
0.9992388637511269156 0.03893650438237813288 -0.00237524647938689229 15.55605290110156957 -0.038935482834411346 0.9992416137799022824 0.0004748336422550711463 -0.159900897607121284 0.002391933487380155064 -0.000381990860632102009 0.9999970663642840929 -0.1912227513056691808
0.9992187242610111042 0.03945758284931589338 -0.00224504830391525096 16.13068126552072101 -0.03945709323927731882 0.9992212313402913937 0.0002619769051401065027 -0.1882269404650854239 0.002253636906095802823 -0.0001731891486856796791 0.9999974455598445999 -0.1889334111202579936
0.9991700188950477513 0.04066097672435697169 -0.002440965606333292837 16.7161673250018552 -0.04066241352500727518 0.9991727951090940696 -0.0005418857827247481685 -0.2188785344235461283 0.002416912822446569842 0.0006406915806490887967 0.9999968740184677074 -0.1943203675872025027
0.9991929176249234601 0.04003949340262932116 -0.003217504662575835714 17.31419265750736614 -0.04004152065418217776 0.9991978552156722815 -0.0005681162743628117868 -0.2499487533946687656 0.003192176670172924228 0.000696491537132237163 0.9999946624395777972 -0.2024587361080746328
0.9992866233317370117 0.03748461172417193177 -0.004598729622764002878 17.92562873350356512 -0.03748903962456868327 0.9992966510260362645 -0.0008804295404921447027 -0.2785119300942210385 0.004562492551526456039 0.001052203419650385658 0.999989038204760039 -0.2046451260883576373
0.9993582031475998217 0.03529667016038409016 -0.006109572586502083624 18.5476773319170789 -0.03530373444708088948 0.9993760748862414722 -0.00105227328176931193 -0.3061136572887332985 0.006068618927785838189 0.00126728866426824207 0.9999807827372237945 -0.20765607655822374
0.9993934232306302956 0.03414891575152051439 -0.006829140235622171116 19.1825847817295525 -0.0341603098273915648 0.9994151506787091188 -0.00155879002745420059 -0.3336607752680422756 0.006771915228268523754 0.001791130047938780919 0.9999754662076927314 -0.2119647863550839784
0.9994009656332941693 0.0340609053301101361 -0.006128998232370415529 19.82749723488709037 -0.03406987627916713973 0.9994185207484892475 -0.001365252805801983257 -0.3615219046408800763 0.006078932600495657972 0.001573249183944160556 0.9999802855383919109 -0.2202158563893567567
0.9994353843395249459 0.03332120338005561955 -0.004313923435934926935 20.48105851344389805 -0.0333268578865447973 0.999443729849102569 -0.001245555588576253677 -0.3892626152702048925 0.004270020318006144226 0.00138862184166778954 0.9999899192771218859 -0.2261221097377995037
0.9994116519160105572 0.03421986910930320536 -0.002313130487694984271 21.13691196006138284 -0.03422336327302745451 0.9994131010320248532 -0.001488251267147256904 -0.4194745812501767257 0.002260845150235430475 0.001566538762344036554 0.9999962172606018385 -0.2300757090211674183
0.9994519124028909962 0.03307095629100051393 -0.001478730605137929715 21.79526853800390285 -0.0330747545113389621 0.9994494401230809011 -0.002622451462802056696 -0.4490282001591021643 0.001391189497696371452 0.002669922781434615287 0.9999954680417920683 -0.2328944400447173768
0.9993728062599315232 0.03537502699175609777 -0.001612939391911027151 22.45321887562351293 -0.03537949177905433396 0.9993699453490825224 -0.0028291154850434274 -0.4790725134469263624 0.001511843115299299099 0.002884406057477506211 0.9999946972519855315 -0.2314014678656476365
0.999343226997821299 0.03615950672082707956 -0.002367430524337897114 23.10898483878179377 -0.03616284732646468658 0.9993449522551862696 -0.001383790201675452356 -0.5085625090184030528 0.002315842573214228067 0.001468494394237955959 0.9999962401916270283 -0.2366842413535245604
0.9993472370948701666 0.03589043681273762498 -0.004120225265728641277 23.76250280253069747 -0.03588800338039735416 0.9993555981604266281 0.0006630526257074140705 -0.5356067368918591143 0.004141367433354420889 -0.0005147531512847352371 0.9999912920145730411 -0.2310204257314214249
0.9993729630840665346 0.03484221606937955296 -0.006300844066288521436 24.41514849335063531 -0.03482694296126338795 0.9993901866774510534 0.002517700693567495422 -0.5614984615577711669 0.006384723999196901568 -0.002296682865384912144 0.9999769800086749649 -0.2313769180549836713
0.999342649747992362 0.03527853020302601506 -0.008348275353368989071 25.06600449478533932 -0.03525012958032638227 0.9993723041797291096 0.003525053626429213837 -0.5908454794374404795 0.008467393886650477139 -0.003228458643561037816 0.9999589393047871866 -0.2346514558170563203
0.9992840094915914628 0.03668772850029154708 -0.009245482783389285045 25.71667760061404095 -0.03663195104414646713 0.9993100125142266865 0.006131806545827902903 -0.620696144928289173 0.009464065569738456737 -0.005788736157841077069 0.9999384591046523996 -0.2368927036989448009
0.9991245774143104885 0.04110131451084134829 -0.007794918354692254372 26.36908249447028396 -0.0410278795169056465 0.9991141799186332717 0.009357808924267988979 -0.6498153882142253535 0.008172631707209750476 -0.009029807915882688205 0.999925832579587115 -0.2350447639667969657
0.9990054882064167696 0.04430448207730785376 -0.005014718468708303546 27.02331785181850066 -0.04424338534346738266 0.9989522551664082872 0.01170105769990654847 -0.6823521144552280315 0.005527873624491852315 -0.0114675527384265289 0.9999189656404078308 -0.2329717464363998125
0.9988162328734434547 0.04861798359695593263 -0.001557118964367947174 27.67659179901624711 -0.04859664634798063071 0.9987506632645215543 0.01163952715566784861 -0.7221134169014781223 0.002121063938774834633 -0.01155007790641918511 0.9999310460167357695 -0.2334560818596889131
0.9977826014839944468 0.0664601212142523351 0.003596173524611315578 28.33207200998661435 -0.06649859809244861031 0.997715327794632123 0.0119189401957043549 -0.7792615807743467071 -0.002795823236762020811 -0.01213165165328587355 0.9999225001971863147 -0.2385955018409558481
0.9969806205048935555 0.07731722861235665323 0.007189471286673719715 28.98443303526526194 -0.07739257026901708025 0.9969414494774542224 0.01086905612037677125 -0.839417546447550178 -0.006327116628653331465 -0.01139264997694672092 0.9999150839554677983 -0.2401701490479968837
0.9970963386384189553 0.07585017631487420142 0.006755903112237118639 29.6316997811093934 -0.07592903371207695984 0.9970373476299030369 0.01230078333595707382 -0.8953909771360691883 -0.005802871135026093849 -0.01277803522183185332 0.9999015194020158814 -0.2432730483127540921
0.9969609871724464112 0.0777701496149957594 0.004538048589688028697 30.27648626386170605 -0.07782514047062465135 0.9968748413833783406 0.01355721680846600809 -0.9549694541732804964 -0.003469519688477980691 -0.01386919052163414559 0.9998977987711573645 -0.2454206081661433891
0.9964161346360611571 0.08456265323438455495 0.002011048207305036507 30.92022394941180607 -0.08458382616088999661 0.9962935030464264985 0.01564711281561107642 -1.018289592097247009 -0.000680432888105357396 -0.01576113782191342072 0.9998755540294219646 -0.2523552958041793692
0.9955479232056803074 0.09424870460012074735 0.001230561683114804765 31.56292441475289934 -0.09425632309491221994 0.995419975747160124 0.01596300222861244539 -1.09117399909446311 0.0002795666008140402017 -0.01600792193641465549 0.9998718259245998885 -0.2596148889886776834
0.9934719709253982955 0.1140612091165709163 0.00186642987288594556 32.2038699829998194 -0.1140763177723675276 0.9933650693849184199 0.01457506944731707874 -1.181799705577351922 -0.0001915961960624549675 -0.01469283841747983169 0.9998920360669623086 -0.2656289342779132312
0.991421751855781852 0.1306940244198907253 0.001407809697910793493 32.84118509841953681 -0.1307004096445157915 0.9913090646819259222 0.01495798108706726005 -1.28015594587194137 0.0005593442305793385307 -0.01501366911778433816 0.9998871320672415575 -0.2640193395630907602
0.9883011860137677074 0.152513039450207305 -0.0007338402003646295451 33.47285062513043385 -0.1524760088695926996 0.9881468699356841245 0.01779972346723825496 -1.389876063937574457 0.003439831824384972578 -0.01747959478848899739 0.9998413030691671866 -0.2580782468331730972
0.9844490663021427945 0.1756468913877749505 -0.002864507401019678913 34.09952702430422988 -0.1755539253889164542 0.9842597052003466684 0.02033843650503538644 -1.510570295640956795 0.006391802357868947397 -0.0195192793088728965 0.9997890490487881809 -0.2567687987930738491
0.980222316641650826 0.1978778365950349394 -0.002927753771044488192 34.72274207877079277 -0.1977712189556809774 0.9800123243666915007 0.02150323329591934465 -1.649551049217821586 0.007124248062729496636 -0.020498923724510381 0.9997644918758004096 -0.261255307339610221
0.975110752557108551 0.2217178882483037961 -0.0004452844282964821027 35.34233483146270771 -0.2216505409175084096 0.9748602893839779515 0.02276958263040157124 -1.801907611956666155 0.005482513883735182746 -0.02210416731974808313 0.999740640280575632 -0.2624961692161810745
0.968532160052372193 0.2488826075371758095 0.001703704722697210348 35.95472483925015439 -0.2488568915958092043 0.9682777221171297022 0.0225499524818601263 -1.978052917190481708 0.00396263164547130519 -0.02226433284782186953 0.9997442658166555418 -0.2621559165997471852
0.9600681758925323495 0.2797582627521907339 0.002100490481221638488 36.55739202596008397 -0.2797307468075192483 0.9598001961623910949 0.02311477313631132152 -2.173669983264153949 0.004450497600611698704 -0.02277932985212233544 0.9997306113161661401 -0.2578697073556162067
0.9492074814524887882 0.3146496682686633073 0.0008622140356341910549 37.14601820382273445 -0.3145749886115172256 0.9489149000902893372 0.02455786893645460142 -2.395632308228047513 0.006908957568760486917 -0.023581743893452696 0.9996980382396759568 -0.2526658179678854532
0.9375729823325562595 0.3477867987737834898 -0.001115974336629482148 37.72464968323476597 -0.3476389381288000346 0.9372588479190193667 0.02632528621293397236 -2.631696928593062701 0.0102015438398564643 -0.02429392097205376397 0.999652806681943451 -0.2549956172585461367
0.9249051520074519361 0.3801873357322477776 -0.002837170930227392047 38.29235151402575354 -0.3799961031027633274 0.9246315630632256921 0.02567945120072083476 -2.891867569065863286 0.01238633992696202245 -0.02267294281894779648 0.9996662024131567348 -0.253661413273486902
0.9101630016821757874 0.4142277138898044497 -0.004325669256650903523 38.84765267489020601 -0.4140161273018342358 0.9099499590424171558 0.02411883854365050664 -3.17907911638289109 0.01392683391453418407 -0.02016117765234948928 0.9996997400283683666 -0.2461638118820129451
0.8952802625265190439 0.4454717500848971445 -0.005307674325541435895 39.38947960260783532 -0.4452401876605298625 0.8950973276004806634 0.02370547224785802751 -3.480399657019301429 0.0153110033134080982 -0.01885985150463240223 0.999704896046208269 -0.2343567547302529142
0.8798213939374106562 0.4752636257501133277 -0.00622902953017721861 39.92000906357542078 -0.4749986731855970201 0.879649889865093737 0.02433786622222674362 -3.793667167679260821 0.01704626768398350214 -0.01845419462303367689 0.999684383922676445 -0.2243080632398860852
0.8623895897563613744 0.5062314170126250845 -0.003734689979687855817 40.44087391781879859 -0.5059473416451005789 0.86211177107993886 0.02793889131062709044 -4.122694486679534975 0.01736326473076366811 -0.02220465254852760015 0.9996026562805285787 -0.2184935193983610358
0.8428048993307286629 0.5382177387934968804 0.00125192337448273806 40.95281415607445297 -0.5379656786648608913 0.8423342511731363169 0.03264870409751965269 -4.466240731776112582 0.01651757375573394138 -0.02818997957797880413 0.9994661048823101357 -0.2163944001207278589
0.8190942996119388031 0.5736115602728482088 0.007369278429819268658 41.44778589270755731 -0.5734947523035184291 0.8184850774522661743 0.03443758220729113001 -4.835320826257166082 0.01372215083555079936 -0.03243386978617455313 0.9993796809356991773 -0.215698356967698901
0.7923627666520124402 0.6099251443524157379 0.01235169260682217503 41.92320368931268604 -0.6099723072089989762 0.7917756500988174517 0.03201725079899345877 -5.233943558152891029 0.009748356871756196432 -0.03290346786100147025 0.9994109922054194017 -0.2110326263097758726
0.7640675541055925724 0.6449503011634669658 0.01548811777624471177 42.37612059547085863 -0.6450978664145311514 0.7635400358583257496 0.02924647652087869476 -5.652176736473816909 0.007036725837859115172 -0.03233763551374686102 0.9994522308839292046 -0.2078498510742342598
0.734704632728753193 0.6781828135471265062 0.01664854516801161921 42.80952118760193059 -0.6783638087510838188 0.7342545913859497286 0.02631991651535025428 -6.087384861354109056 0.005625444305196814279 -0.03063113510719867039 0.999514926320969832 -0.198651614893327999
0.7049508233427680404 0.7090591292251795519 0.01671789253415677592 43.22371730554068137 -0.7092358211109698329 0.7045561104441837585 0.02419167809002852401 -6.547039513200280325 0.005374636862322122906 -0.02891087162631644086 0.999567543881054954 -0.1962278265580572612
0.6739567088882627566 0.7385792166196466502 0.01682543675541506648 43.62116785459625135 -0.738740492185036457 0.6735477856276359532 0.02441036014314933861 -7.022369190256068094 0.00669624900310303306 -0.02888115741477767853 0.9995604228838150807 -0.1928909429407831833
0.6416425689501015217 0.7668179594053320391 0.01688285652835459089 44.00146641400590397 -0.7669520028615990359 0.641188018049037356 0.02574006248883963996 -7.515691798425267578 0.008912856876235808121 -0.02946426044872178449 0.9995260968771718657 -0.1916979576113767014
0.6092845796680919079 0.7927518503147323869 0.0177990112434630067 44.36452443140478863 -0.7928851483616324858 0.6087893140823608107 0.02662165597180000953 -8.031532116404488164 0.01026851918383463007 -0.0303327361393102464 0.9994871097878522681 -0.1887573459803113252
0.5763230378634802697 0.8169878911145701528 0.01955867582370677746 44.71041963024332233 -0.8171486030876942142 0.5757855284698815135 0.02718796933368626198 -8.568101796959147975 0.01095063923429183926 -0.0316513977073162589 0.9994389788894235682 -0.1849970261765999657
0.5401918201740703029 0.8413163291121326104 0.01948414191877252677 45.03629048887184183 -0.8414789292302526924 0.5397233222415508402 0.02473756435162181508 -9.126358722367346132 0.01029607102405583757 -0.02975852479255476982 0.999504087597263613 -0.1843964951571915867
0.504433718354097671 0.8632850814624296598 0.01689650590699739649 45.33840092902870822 -0.8634040928515213098 0.5041073682324723748 0.02022705467862678103 -9.703487079843885255 0.008944061420882457036 -0.02479172075788281179 0.9996526268395250492 -0.1839107043296501487
0.4698520474034318939 0.8825596818808276733 0.01809589647449601907 45.62395142933777237 -0.8826721899643801272 0.4694508590293990924 0.02248768596464787231 -10.29269850409399467 0.01135159082633633958 -0.0265386298623673314 0.9995833344502796924 -0.1786611247438808503
0.437539832521307237 0.8989825887382566494 0.01972815507565086474 45.89589815374442594 -0.8990488259861633136 0.4369604492402224816 0.02787067083305384829 -10.89708264205118127 0.0164348243108333944 -0.02993110330818774326 0.9994168427661336285 -0.1666936641506740757
0.4052147394971294947 0.9139949879867219629 0.02035133483154527231 46.14797205264878244 -0.9139499506749899638 0.4044514165750157098 0.03338471643801382144 -11.518688619790316 0.02228233729789160997 -0.0321280806400763147 0.9992353495943424591 -0.1649308184459159499
0.3754460819417710926 0.9266680282433814586 0.01807221586017673451 46.38236797474148432 -0.9264882316514591043 0.3746901357191928517 0.03502654430693154936 -12.15784000812646504 0.02568649773568751696 -0.02989427413831589539 0.9992229662131558721 -0.1589903851246400046
0.3485363088835201628 0.93713990267897751 0.01706587813996898739 46.59952557227733649 -0.9369775922974336035 0.3478864027720608432 0.03237348141334284168 -12.81196536430384825 0.0244014942648196273 -0.02727367912754530624 0.999330132390939041 -0.1560282077119460875
0.3253515890349543138 0.945432000615019974 0.01745496277598245286 46.80713989049175439 -0.9453486902468392072 0.3247923817500295574 0.02873608542805724045 -13.48037294347675008 0.02149877580272283387 -0.02585035725524496494 0.9994346210076777703 -0.1407512732199862893
0.3032957529762925208 0.9527312326880237325 0.01774498484931505068 47.00457294743046077 -0.9526864241622023943 0.3027853327642944237 0.02663868389863931208 -14.15834416286658559 0.0200065850054400203 -0.02498480585424166581 0.9994876167481245854 -0.1258061520082389417
0.2825712515515298451 0.9590689672822001466 0.01844461419645414268 47.19409662180703435 -0.9590428124148298039 0.2820630260939226419 0.02602562710469403726 -14.84338366070223181 0.01975782761478377114 -0.02504326869626068847 0.999491101981879293 -0.1212034639645167694
0.2638077835441837715 0.9643937757346781048 0.01871092370025897664 47.37081552650919036 -0.9643681670810363427 0.2632995593307537741 0.02583370621868888786 -15.54097000024862041 0.01998728751651225252 -0.02485935197149578835 0.9994911310048176789 -0.1156542201662776603
0.2487244778327749595 0.968435520161621155 0.01639443247276025153 47.53658265796136106 -0.968390981261117334 0.2483124985877340762 0.02366031397186075733 -16.25203618095492075 0.01884254597828726244 -0.02176111978752600165 0.9995856202080185549 -0.1073558032074430763
0.2370128297192345412 0.9714193259690105942 0.01301582430714179686 47.69395947636949984 -0.9713378841959234844 0.2367008030030263166 0.02180469177744499137 -16.97084364541524337 0.01810064292416086601 -0.0178107549428929493 0.9996775198703311549 -0.0981418248758877676
0.2273681656062452872 0.9737433460549584918 0.01129660491227777591 47.84799985743534734 -0.9736487686907879802 0.2271051423611679665 0.02076847466777348786 -17.70027435240869806 0.01765764694865468859 -0.01572101545087699337 0.9997204895256623924 -0.08838210507458260645
0.2210219165408653375 0.9752282125136465529 0.008902018088091240289 48.00088660579931599 -0.9751127899769160834 0.2208140651436401036 0.01990465920771117975 -18.43998847124897367 0.01744589441781582706 -0.01307983762048473171 0.9997622510456094513 -0.08020704431165329162
0.2161882791659556213 0.9763213107254432588 0.00770234864282243626 48.15234333408162115 -0.9761744526107053455 0.2159919969646921789 0.02075801814707738113 -19.18798766405173595 0.01860284982073561605 -0.01200647619233633813 0.9997548592069908091 -0.07341501483566049979
0.2131882407840733906 0.9769816752778568425 0.007588159372612461422 48.30711388573434562 -0.9767997944624543516 0.2129741554548716387 0.02245374459619450813 -19.94142199665983384 0.02032081517801212836 -0.01219898682499379917 0.999719085138892738 -0.06479558368032255211
0.2090990037341056151 0.9778755452474616749 0.006084787948945532751 48.45953681764509469 -0.9776358885011793287 0.2088965779803801937 0.02429586842646781417 -20.70541151710540362 0.02248724420452183001 -0.01102894895563796308 0.9996862938607391502 -0.05543375868126501627
0.2077144343595973552 0.978182196397785364 0.003782117009946384199 48.61019933397435011 -0.9778912750019502775 0.2075540851388366637 0.02549423498049431178 -21.48341442852404981 0.02415301293281372358 -0.00899401982346706777 0.9996678146132755849 -0.04550898856513212881
0.2062418157764817073 0.9784957830907416998 0.003211837302253743674 48.76490560901784477 -0.9782032502350875847 0.2060969594463436527 0.02534648962840631639 -22.27173943008562418 0.02413948331531795555 -0.008369335732813188919 0.9996735665029164997 -0.03690047754574421468
0.2067132015793546884 0.9783983555426440937 0.002512004033229754425 48.92329235779512686 -0.9781335976962445278 0.2065958146847790555 0.02393395939943449707 -23.07242514936735489 0.02289797699829456898 -0.00740454091637789049 0.9997103857734015442 -0.02282926162557936955
0.2075336167544146182 0.9782256641690859622 0.00208515653671141523 49.08651281402419642 -0.9779808691014405531 0.2074328406252902157 0.02291367062943140687 -23.88699976999331298 0.02198221072646877258 -0.006794600140830887348 0.9997352728700249491 -0.01116764183570971569
0.2072601202420766286 0.9782818752823657649 0.002795541317512617672 49.25247456638098242 -0.9780425899927209787 0.2071440081641899855 0.0228921829890579194 -24.71261072224321609 0.0218159280703444855 -0.007478795069527472208 0.9997340310836365651 -0.007040908422247547926
0.2070894333846483581 0.9783192879539043263 0.002310280890089648747 49.42125698125417443 -0.9780678423810398314 0.2069812269228493706 0.02328234098215583789 -25.54742414802273132 0.02229937847839553663 -0.00708113824732695997 0.9997262601335424881 0.004850854022078486538
0.2073438438581632903 0.9782663138816310999 0.001884021912743988727 49.59120184829073708 -0.9780131536085514554 0.2072454498833816716 0.02322918145976692397 -26.39414014971090694 0.02233387075223693813 -0.006659025985897220473 0.9997283909093216403 0.01382834088426817404
0.2096463069759659792 0.9777772739239012356 0.0001690245055329574956 49.7617977241453957 -0.9775453095866375453 0.2095927996504615143 0.02181802098831623835 -27.25218883936376812 0.02129773876504612376 -0.004739296638313557873 0.9997619443601911682 0.0221366113551715038
0.2113441010518266605 0.9774113475249779359 -0.000853627554807622293 49.93580604243116738 -0.9772232500146709189 0.2113204179920681325 0.01945252092716675402 -28.11669414971000691 0.01919350362387138229 -0.003276990855132723337 0.9998104174040075565 0.03302599785724335407
0.2129225305738442486 0.9770683413856836586 0.001205087490592806265 50.11662462967722576 -0.9769287304338349909 0.2128708780949594148 0.01721176667331481003 -28.98255986646463356 0.01656054428350934096 -0.004842057507975273262 0.9998511403464634961 0.04457139524063197245
0.2133879600072664529 0.976956452313168966 0.004654976649167912907 50.30231671690198425 -0.9768427990456375332 0.2132821529035225927 0.01699615266825980214 -29.84774866418802475 0.01561167757230593617 -0.008173954765317285875 0.9998447189373322885 0.05579320295698310395
0.2136048628807566407 0.976891198192977761 0.007519936620855571449 50.4878888940533983 -0.976779825520338485 0.2134373948168470925 0.01859169035495748454 -30.7140877550346687 0.01655702298574402223 -0.01131659784943549012 0.9997988795767694947 0.06488887635476586757
0.2152385424324549934 0.976516108785354553 0.009415897953038520826 50.67370157035483658 -0.9763895958621208182 0.2150097427268918837 0.02083668938964097425 -31.58370296411579403 0.01832285304631580194 -0.01367844345039037797 0.9997385524430962844 0.07598189953519030038
0.2166364366698623201 0.9761931120685870544 0.01075463885176633841 50.86011272287363738 -0.9761022358442911218 0.2163968004129829259 0.01992109311256971133 -32.45823404696497505 0.01711956444424812818 -0.0148132616553826417 0.9997437110541723682 0.07947774650347153025
0.2165396609906304892 0.9761988989631192881 0.01209482869892472383 51.04904989412001726 -0.9761586155306083423 0.2163071726921120819 0.01804340232081033668 -33.33655619697950101 0.01499775127906381907 -0.01571358345948805496 0.9997640475389345527 0.08775627572163335888
0.2154033120865578299 0.9764401027975381231 0.01288948373186744184 51.23508754328663173 -0.9764226726216774788 0.2151707006231839969 0.01733014667187074073 -34.21817028148664974 0.01414841095252083319 -0.01631855514625043385 0.9997667364067767126 0.09615942017156223209
0.2150003046803139473 0.9765355114163059014 0.01237998102851159583 51.42200247092570464 -0.9764772148473430669 0.2147407815106707751 0.019458819084475696 -35.10077142917981519 0.0163437410450659841 -0.01627242142646533399 0.9997340098394028596 0.102574214672585845
0.2158542649685040171 0.9763423160820218216 0.0127521810879740443 51.61015039402604287 -0.9762431837660089373 0.2155431039891435585 0.02214534879228944805 -35.98862632312591359 0.01887279643597450027 -0.01722939785131525486 0.9996734293779980796 0.1130155263291603152
0.2164902428333411732 0.9761923626737968318 0.01343301214588433351 51.79982015791936334 -0.976061462807790825 0.2161259525315372132 0.02436377359629646536 -36.88364071483686502 0.0208805071652211488 -0.01838596474722545282 0.9996129054393190216 0.1218631975283632624
0.2160851978172986243 0.976279605813271778 0.01361317587271677898 51.99053679956186613 -0.9761200610716650461 0.2156895955533446596 0.02583843539154952879 -37.78766493382251923 0.02228931712071083315 -0.01887139748712808596 0.9995734373717496402 0.1318915373432781035
0.2165334361189382717 0.976183727326403905 0.01336418892619999771 52.18493544181120569 -0.9760283097888008408 0.2161505521683865227 0.02544950467334184882 -38.70243624633346258 0.02195471551495280921 -0.01855449542378088262 0.9995867752057479017 0.1452722054794282625
0.2157102884386872255 0.9763713486525068541 0.01296383400785617104 52.38031218312522697 -0.9762411427272371656 0.2153640974031947319 0.02390683576564409107 -39.62781861061353794 0.02055000506852911954 -0.01781277856461914097 0.9996301327048375818 0.1569407516447868245
0.2155130287539025469 0.9763965289770750733 0.01428119878859075535 52.5796453523469367 -0.9763132554495622673 0.2151618139154126697 0.02275568206200183352 -40.56370283395835941 0.01914580034360470126 -0.01884706964355425257 0.9996390480043553239 0.1660971034908414745
0.2157896641230134804 0.9763198351040832668 0.01531014173719092569 52.78091685015986911 -0.9762299631255473287 0.2153916539572131583 0.02411419709360070746 -41.50631044847425244 0.02024549217899868775 -0.02014981359496904531 0.9995919692847267113 0.1799007880743221377
0.2165259469056385333 0.9761365586337797939 0.0165509279261867627 52.98486528985856125 -0.9759971803400711021 0.2160270377150891319 0.02760114027126507955 -42.45703216168914196 0.02336703414743085752 -0.02213002202088104955 0.9994819877519094398 0.1922212941903402306
0.216449486647057987 0.9761203080446546609 0.01840554136757098502 53.19019420993683411 -0.9759568797368566306 0.2158410736267688534 0.03034468371794874289 -43.41873331749652465 0.02564739020882331882 -0.02453110593617955845 0.9993700196709046635 0.2035413284180297433
0.2165994530103392268 0.976053293524084431 0.02011579370567853284 53.39969755972616383 -0.9759450058445141574 0.2159596260229013076 0.0298795163146897691 -44.39525183946379627 0.02481980102202739277 -0.02610379529563078629 0.9993510741217976889 0.216611215238302679
0.2165745083463495035 0.9759765119390486632 0.02377667928507078837 53.61284061837257298 -0.9760252083150012803 0.2159158544238440891 0.0274797478532787659 -45.38437284851806908 0.02168582643560979656 -0.02915805123305569707 0.9993395483918842137 0.2289387647741173981
0.216894813717286028 0.9758969763154001775 0.02411910862787323279 53.82662024520914912 -0.976013828028849284 0.216312402057647013 0.02461609661426459802 -46.38439664759242476 0.01880551193176400321 -0.0288796872301318383 0.9994059817644048715 0.2432748291601035673
0.2160290162039332218 0.9760752720044771902 0.02466835096529508553 54.03911294076356597 -0.976249201818727097 0.2155052259813972082 0.02224844990118142463 -47.39725648945502456 0.01640000323960929401 -0.02888876868426827269 0.9994480871649350506 0.2543789267476919691
0.2144439252602523549 0.9764276039426387221 0.02455477912368926943 54.25110427564502658 -0.9766264320923153663 0.2139749749477232177 0.02038436250550348591 -48.41580272248558003 0.01464974599130863461 -0.02835214903599159869 0.9994906405702012053 0.2615734485371226103
0.2129167620340987055 0.9767905669225591669 0.02338035106709400804 54.45965505277001739 -0.9769733591191280819 0.212497525400318632 0.0191796055806205297 -49.43860346550974327 0.01376619106369722685 -0.02692563963672017779 0.9995426463707045572 0.2678345824440008238
0.2124926156221879081 0.9769172084225320463 0.02190105463141917702 54.66905354550783613 -0.9770670058098694932 0.2121048222904239333 0.01875128045986004452 -50.45954345047385914 0.01367312926062441182 -0.025383306503979991 0.9995842802321108778 0.2760935630849081224
0.2117680374289644396 0.9770838554146729082 0.02148110359090646057 54.87767771126267746 -0.9772164425443967684 0.2113745605385889403 0.01920467594082398213 -51.47894313803014654 0.01422401997883795087 -0.02505862416648082375 0.999584785103557194 0.284045904962242135
0.2103370409442432143 0.9774164251139092485 0.0203828634976957572 55.08403546606012213 -0.9775144997837851291 0.2099477122285441366 0.01968148476250607473 -52.49784455034526331 0.01495767091749464033 -0.02406428988244598 0.9995985084188439007 0.2932692000685446776
