1 0 0 0 0 1 0 0 0 0 1 0
0.9999998206243222443 0.0005872008097977290519 -0.0001180954369136645089 0.8340704513497705364 -0.0005872110106538928334 0.9999998238624052682 -8.636195602109018237e-05 0.3888699830851074513 0.0001180447043021070019 8.643128747071948334e-05 0.9999999892975400817 -0.1038850186524793301
0.9999990754889415134 -0.001306692284437986976 -0.0003762665758464100985 0.8320089949678568519 0.001306659140448883155 0.9999991424204712764 -8.831881306682868476e-05 0.3866889786868987766 0.0003763816586795024478 8.782707925453422124e-05 0.9999999253116227393 -0.1099839541542802501
0.9999951322758148242 -0.003097108490254582049 -0.0003786075475959227508 0.8299943759570800328 0.003097206070024480489 0.9999951705132839042 0.0002574192456967029966 0.3861433863580782666 0.0003778084637843988369 -0.0002585906182453862035 0.9999998951958228854 -0.1168265508470830577
0.9999978196301925193 -0.002049490688021209615 -0.0004004032724659475581 0.8283581223044009789 0.002049595320050113557 0.9999978654955157253 0.0002610812833040922383 0.385487038787630576 0.000399867334144418554 -0.0002619013787237238077 0.9999998857568849209 -0.119016341938736267
0.9999993233762091149 0.001160158618653269781 -8.531766189305938744e-05 0.8268900261185457845 -0.001160132664100751087 0.999999280949146474 0.0003036336470095969795 0.3838938477122255111 8.566986373781309357e-05 -0.0003035344617574608789 0.9999999502637512139 -0.1169556889194868499
0.9999971310614486075 0.002302422476457568427 -0.0006608476464409721463 0.8261322752983542017 -0.002302590934561194683 0.9999973167086431136 -0.0002542646296195280402 0.3827773474351489069 0.0006602604485959900774 0.0002557855619497509652 0.9999997493149117567 -0.1194585318242491478
0.9999956647560614975 0.002909904985763611847 -0.0004504687075530567101 0.8245182041116392302 -0.002909958997272693929 0.999995758945064761 -0.0001192917354251605958 0.3813429524907779866 0.0004501196694748472679 0.0001206020637349214966 0.9999998914237068215 -0.1191182524024556877
0.9999978485375492498 0.002009920840585769503 -0.0005129702597373613556 0.8221688353800986615 -0.002009987642923132672 0.9999979715559964566 -0.0001297442396242699672 0.3799183178640861414 0.0005127084435547472506 0.0001307750243676693888 0.9999998600139626825 -0.1226713223339742365
0.9999949300893011817 0.003150598548701525736 -0.0004620870897331050297 0.8202444382566322911 -0.00315069235551690462 0.9999950160695880719 -0.0002024195276130759109 0.3774122060898969511 0.0004614470440532789574 0.0002038743956253523772 0.9999998727509200602 -0.1200146593117218941
0.9999981838122840028 0.001746738681712898872 -0.0007624146583844053663 0.8182583086237199543 -0.001746831665722822259 0.9999984669302075524 -0.0001213110306853642069 0.3761328091357333259 0.0007622015908797067111 0.0001226426204294375712 0.999999702003716906 -0.1223805647515095324
0.9999985085419380582 0.001430192205557896277 -0.0009682273258852038033 0.816727677567984256 -0.001430521137321174533 0.9999989193033731461 -0.0003391185066867272039 0.3737886600580854202 0.0009677412748801748725 0.0003405030705611071713 0.9999994737671034084 -0.1232813626178974747
0.9999986892877289479 0.0009332395933250774243 -0.001323059592570619437 0.8144418096078733793 -0.0009337868110809793235 0.9999994787187601597 -0.0004130428541776116382 0.3719914194536612095 0.001322673434939216058 0.0004142777683950908327 0.9999990394539962635 -0.1294007341537463385
0.9999829656298052649 0.005713386021604311207 -0.001194014400225075923 0.8125909699823680166 -0.005714167961285445373 0.9999834611268167972 -0.0006525008370402429758 0.3700646235977697041 0.001190266663410901021 0.0006593125209305119487 0.9999990742857063353 -0.1342096942384978786
0.9999935074433234927 0.003581041334139434089 -0.0004015148351764314901 0.8115331663325426881 -0.003581151257945605279 0.9999935502863089853 -0.0002733888274255641599 0.3675493028691785291 0.0004005332288293990688 0.0002748249377901833008 0.9999998820221861484 -0.124462154333436173
0.9999993928361453621 -0.0008299542047674266908 -0.0007249161045391930942 0.8099943694430833396 0.0008296935460738155601 0.9999995910770738128 -0.0003597975884485543944 0.3659233451746980448 0.0007252144236257764519 0.0003591959117790825525 0.9999996725211147686 -0.1192204180786693157
0.9999999144439388754 0.0002305314262001138218 -0.0003434637919871151189 0.8086535038318688473 -0.0002302310902691804347 0.9999995913702264261 0.0008742156628998643594 0.3640873243483261357 0.0003436651858211583707 -0.0008741365120621184771 0.9999995588897018228 -0.1232067963410055089
0.9999958016451898635 0.002894220882372218126 -0.0001420474502988314973 0.8081688567422912195 -0.002894208169533467236 0.9999958077547653756 8.962123439789589682e-05 0.3622267584914966032 0.0001423062384491832527 -8.920974324503908796e-05 0.999999985895278054 -0.1167039877162176498
0.9999867550686715179 0.005136724923218404133 0.0003220936073762417705 0.8080627819760100028 -0.005136749922054611832 0.9999868038612871324 7.683440555246394258e-05 0.3608080548381964459 -0.0003216946797783583052 -7.848790219862293431e-05 0.9999999451760895885 -0.1108378285926897161
0.9999907695946917974 0.004284107688970245978 0.0003273327438987424674 0.807254406474102959 -0.004284125291720993454 0.9999908216836305153 5.309408841034363841e-05 0.3585471320113393645 -0.0003271022787428632772 -5.449593281733317555e-05 0.9999999450171447313 -0.1104756523863894696
0.9999839223760369489 0.005670196785031224665 -6.211163443508775997e-05 0.8058631085299992058 -0.005670227591607616968 0.9999837953099345311 -0.0005075791546511297658 0.3580245452213273172 5.923255424445057136e-05 0.0005079231810876834452 0.9999998692527647393 -0.1108797536032858078
0.9999991323178095692 -0.00109206147703034542 -0.0007367261080870314517 0.8040999388746363774 0.001091916995210606917 0.9999993845548644789 -0.0001964870677935223059 0.3568706424309239233 0.0007369402306300039743 0.0001956824535469573433 0.9999997093136946402 -0.1093031090863374882
0.9999941706918081819 -0.003360255003647249963 -0.0006060269905609728339 0.8022733110082889141 0.003360064753246332775 0.9999943054557289823 -0.000314675973180597189 0.3555241247227138857 0.0006070809310268533449 0.0003126378489068690572 0.9999997668551321439 -0.1062722113973835342
0.9999990846788201493 0.0013064644506537331 -0.0003518411020338498832 0.8025460188871575973 -0.001306514821905674318 0.9999991362884970147 -0.0001429730049631026977 0.3568045552376829521 0.000351654008996255419 0.0001434325597116459597 0.9999999278832767402 -0.1091990947902388709
0.9999966880846233863 0.002555136018289546045 -0.0003083824126936374047 0.80206556327049916 -0.002555293022197814914 0.999996605282349349 -0.000509805205766491955 0.3556982881570428523 0.000307078744178852401 0.0005105915247621164825 0.9999998224994540719 -0.1112541971106256189
0.9999987203735395402 -0.0015856079495633244 -0.0002123645774250551327 0.8025022694152420533 0.001585606229138319685 0.9999987428914614007 -8.269398881567358381e-06 0.3570173121455336163 0.0002123774224843362826 7.932661703012242987e-06 0.9999999774164514132 -0.1129496769001641643
0.9999997563173494974 -0.0006486455553105073156 -0.00025811661159953395 0.8027631571093920559 0.0006487133348610466411 0.9999997551072169477 0.0002625957258218610175 0.3562453481616612017 0.0002579462168382407224 -0.0002627631055197323338 0.9999999322096474463 -0.1123638301137021012
0.9999987098210526559 -0.001582023598462642617 -0.0002784915868096418537 0.802234634601153962 0.001582044150415368644 0.999998745859433158 7.359257375335646694e-05 0.3558328567619423177 0.0002783748123536959368 -7.403306479161921418e-05 0.9999999585132837154 -0.12035458555986564
0.9999946515578101991 -0.003190219252263213571 -0.000720664204947712864 0.8031767413162678171 0.003190219440420188381 0.9999949112366185444 -8.884531252962791531e-07 0.3570869228480696433 0.000720663372018361505 -1.410628583183051993e-06 0.999999740321123487 -0.1115872718954584175
0.9999990733991716008 -0.001318269744447379344 -0.0003396552357772150395 0.8030588654416872529 0.001318287973841118874 0.9999991296294723497 5.345199552813095371e-05 0.3585273319359145727 0.0003395844760028231832 -5.389970941204488917e-05 0.9999999408886007801 -0.1133746042421499289
0.9999989277138090493 0.001352481681689974213 -0.0005615732657378233461 0.8030360705361951901 -0.001352748595241167308 0.9999989721330092562 -0.0004751885552816188948 0.3588721640986521355 0.0005609300046988335104 0.0004759477131898448023 0.9999997294156154348 -0.1122147092043524474
0.9999964464975457101 0.00265184037885297149 -0.000273376820866730254 0.8039391716281086842 -0.00265195933087093022 0.9999963886404673596 -0.0004356807670153752888 0.3595943128440425296 0.0002722204777544812051 0.0004364042030336418108 0.9999998677236827671 -0.1126488466716681763
0.999999677460137848 -0.0006138989690835241304 -0.0005178877060426722136 0.8033572653923981566 0.0006136402464933212375 0.9999996869307761216 -0.0004995838243520429574 0.3590793660420387168 0.0005181942379027105854 0.0004992658664767532332 0.9999997411041297024 -0.1119356386553680971
0.9999998901842485077 -0.0002368446408352507207 -0.0004043959779713180163 0.8037192872326039961 0.0002367317816556251348 0.9999999330289699451 -0.0002791059281566982868 0.360041871042251771 0.0004044620556318121092 0.000279010164126111519 0.9999998792818796112 -0.1134846308580076124
0.9999930355305315377 -0.003687784951197907272 -0.0005737007816846191729 0.8038988440939806024 0.003687869645646331407 0.9999931890338250584 0.0001466405034150017881 0.3610023353366460519 0.0005731560955862706822 -0.0001487552158401511801 0.9999998246819725711 -0.1177052714281695556
0.9999998623812530463 0.0003353093770537007596 -0.0004034911358385332553 0.8049014330241576198 -0.0003353998995537020946 0.9999999185978852845 -0.0002243014270727727822 0.3626338365178986001 0.0004034158926217174933 0.0002244367270911224756 0.9999998934418808938 -0.1191354065720097721
0.9999993772315378671 0.0009830427116587667994 -0.0005283593128618948665 0.8053350117038122757 -0.0009831324546155759299 0.9999995023398182692 -0.0001696192571141058342 0.3638204707654670855 0.0005281923069440401996 0.0001701385986687548588 0.9999998460328601846 -0.1171218065444664391
0.9999912797860087688 0.004164501259548292721 -0.0003118993421725969276 0.8055947353275773049 -0.004164643936943514084 0.9999912228568988981 -0.0004582030580692279375 0.364605598221902194 0.0003099884173749793323 0.0004594980121448259138 0.9999998463843671193 -0.1183161197601977493
0.9999919640094573348 0.003825136271126416704 -0.001200103751933970708 0.8043908281541757299 -0.003825689848870626741 0.9999925765341216577 -0.00045931887511015411 0.3646333594687019009 0.001198337885715520948 0.0004639064087693830205 0.9999991743882369333 -0.1273921829226682123
0.9999992328245561612 -0.0003837030963976107551 -0.001177761534813241261 0.8041983940700907496 0.0003831831915061795061 0.9999998290673605128 -0.0004416286806867423306 0.3630877954009391617 0.001177930787787590796 0.0004411770434563203102 0.9999992089206248824 -0.1303053605762173328
0.9999995302579368639 0.0002252179832538425447 -0.0009427410915052898688 0.8038196330613747165 -0.0002253339659246091293 0.999999967057311423 -0.0001229226584633251245 0.3614832609283936127 0.0009427133760556283401 0.0001231350323103708969 0.9999995480645250678 -0.12105451013691923
0.9999966509635259682 0.002340586245914082469 -0.001104408329148455102 0.8042773504092893821 -0.002341457150770756904 0.9999969483609999488 -0.0007879385120322829643 0.3610246429333506257 0.00110256072084903697 0.0007905217979771222894 0.9999990797171484092 -0.1209187132216861388
0.999999513329074885 0.0005513491350666244661 -0.0008181416409160619614 0.8045112793324347145 -0.0005518123568447076948 0.9999996875338442726 -0.0005660700810670701638 0.3599944777876396551 0.0008178292830249051133 0.0005665212662443267757 0.9999995051043368832 -0.1191234690797061402
0.9999997347512128432 0.000415022584376016461 -0.0005985430297090733008 0.8045279032608317893 -0.0004152110809376698347 0.9999998642390807158 -0.0003148357961113298713 0.3587762959659944739 0.0005984122844845650175 0.0003150842342998700133 0.999999771312305441 -0.1118543250961720331
0.9999996495894538651 -2.233871046528131769e-05 -0.0008368524072449050246 0.8040955254923581874 2.240042942656714328e-05 0.9999999970301683971 7.374200963881822636e-05 0.3576574698221127724 0.0008368507574581918575 -7.376072965212929666e-05 0.9999996471200199855 -0.1146322179545398445
0.9999946788469127323 0.003219333630411602698 -0.0005274171366552373331 0.8050057967170771711 -0.003219425104840986304 0.9999948027280589624 -0.0001726813968764522977 0.3562851921260327126 0.0005268584764966409211 0.0001743784579827754183 0.9999998460061376715 -0.1152918637282079745
0.9999991915996931935 -0.0007390655924722532369 -0.001034689330255735831 0.8030882292371079867 0.0007393199859108724736 0.9999996965669069038 0.0002455036711470538367 0.3555920960173614143 0.001034507572980581649 -0.0002462684391828775729 0.9999994345728088208 -0.1218526383013166237
0.9999984546783848849 0.001348066171168852724 -0.001128431850166733072 0.8023243122108666414 -0.001348426109116259005 0.9999990402245841903 -0.0003182718000295492434 0.3550140356687968013 0.001128001715678727873 0.000319792915166380344 0.9999993126720742032 -0.1207714441971775576
0.9999990906025183479 0.0008968314629641283573 -0.001007217684155264047 0.8020114582281372417 -0.0008972943727880250365 0.9999994919829651163 -0.0004592348204274177763 0.354294143025592978 0.001006805316235674739 0.000460138173560593704 0.9999993873077704931 -0.1224041801767529192
0.9999997742339280515 -0.0002128558117873803667 -0.0006373574321429708927 0.8028831571108181464 0.0002130267213206245443 0.999999941371678136 0.000268097475293602183 0.3544975208903213826 0.0006373003286700324203 -0.0002682331889303670022 0.9999997609495951956 -0.1111428842421885305
0.9999995574560072154 0.000792649269509139269 -0.0005067493713004962317 0.8038896833913932172 -0.0007927623171783197654 0.9999996609167755013 -0.0002229220546630840004 0.3546439614451032396 0.000506572500466499244 0.0002233236878160886878 0.9999998467554043202 -0.1102693589666160351
0.999989533591282731 0.004569900744138118316 -0.0002207149235876514006 0.8055504932356701842 -0.004569908991310073221 0.9999895572314654313 -3.687585875818329975e-05 0.3542614309991726218 0.0002205440996984124841 3.788411991419325859e-05 0.9999999749625464451 -0.1016922922587508299
0.9999869889028663028 0.005100706038530447052 -6.944701050483501287e-05 0.8060936886633861542 -0.00510073132818531904 0.9999869231094185018 -0.0003689851971393852252 0.3543075179712656952 6.756401733070022152e-05 0.0003693346267792752078 0.9999999295135160171 -0.1026885012242283735
0.999993869861847684 0.003500167238171190444 9.522620935302929647e-05 0.8082073994627841929 -0.003500187833596268491 0.9999938507837431434 0.0002169788708596983955 0.3557996855265366243 -9.446616145131616976e-05 -0.0002173108503686608411 0.9999999719260689313 -0.1002683085148907693
0.9999997858842127885 0.0006012066938421215239 -0.0002584222122727454019 0.8073578915477803708 -0.0006013200648511774025 0.9999997229119549358 -0.0004388509916657432433 0.3560571696588948343 0.0002581583005132510877 0.000439006292162260562 0.999999870313875272 -0.09916844618177597659
0.999989066181227293 0.004647799715755622507 -0.0005152434368542927303 0.8048718873565923193 -0.004648034254208674616 0.9999890943439897484 -0.000454940280662528894 0.3559819726110868832 0.000513123346479459801 0.0004573301755717026711 0.9999997637767430447 -0.1057830220552286871
0.9999939885700808162 0.003439041396379364981 -0.0004425132485556768644 0.8037262048333557729 -0.003439109869729248346 0.9999940743753708006 -0.0001540696251218470595 0.3564890477055859819 0.0004419807745695538076 0.0001555905506236867481 0.999999890222281751 -0.1108044109680307587
0.9999988441420776253 -0.001420665071601966102 -0.0005416874218516147359 0.8049301498587417836 0.001420357245102321165 0.9999988298463695635 -0.0005682351518813726554 0.3561320537328136471 0.0005424940598268457618 0.0005674651054280629428 0.9999996918417271008 -0.1121032776106513917
0.9999996740672489892 -0.0006513497725681440757 -0.0004770837134565808686 0.8072271469948397726 0.0006512224029256269116 0.9999997522882193568 -0.0002670821631936713333 0.3564195629652117669 0.0004772575591835778882 0.0002667713885405732614 0.9999998505291131101 -0.105433281204211568
0.9999935309844503184 0.003581164241329134589 -0.0003365292376371696701 0.8066184396886455499 -0.003581199684956645844 0.9999935819946411675 -0.0001047775896142620535 0.3584642801598934003 0.0003361518520334998801 0.0001059820902062105189 0.999999937884862522 -0.1052239586544031213
0.9999790772975987174 0.006450066609435841161 -0.0004915361401031982398 0.8039344916655097872 -0.00645035124666737663 0.9999790282334409808 -0.0005797086317627609883 0.3573495870391166784 0.0004877866724330778966 0.0005828670834456758671 0.9999997111650209547 -0.1063522112731437735
0.9999963603819079783 0.002582963485285846416 -0.000779437342553129537 0.8031841301975242153 -0.002583567319920191622 0.9999963625064320905 -0.0007746959455028579146 0.356281666540163855 0.0007774334960153765671 0.0007767068547516245685 0.9999993961616282512 -0.1116469291694940358
0.9999997161530701506 0.0006768236087935441221 -0.0003310643166017025372 0.8032695086678609542 -0.0006768338441154861168 0.999999770473462446 -3.080535473428976085e-05 0.3566850318685609311 0.0003310433908222948233 3.102942152433939033e-05 0.9999999447237226669 -0.1078459719416962337
0.9999964087766843868 0.002675754234231527643 -0.0001509072973940629183 0.8027428884600622538 -0.002675774261858611305 0.9999964113090268336 -0.0001326693909437536066 0.3550337124412811241 0.0001505517651498363015 0.0001330727083606372395 0.9999999798129100004 -0.09909450902646932402
0.9999954034991530571 0.003029689558786501351 -0.0001181598213329782237 0.8025219256371256549 -0.003029661398416757384 0.9999953822956642036 0.0002377796445417371227 0.3548814161817329671 0.000118879674212219011 -0.0002374205673378632531 0.9999999647495479982 -0.1004574245589319736
0.9999996885725610518 0.0007579766771929084606 -0.0002198320673826346743 0.803089319504739052 -0.0007579639980720917231 0.9999997110774864195 5.775397205605052798e-05 0.3535761999621664931 0.0002198757800320349403 -5.758732927718111962e-05 0.9999999741691700805 -0.1013736211346283611
0.9999855052415062007 0.005269562595230768524 -0.001104996354997406487 0.8046711866092286503 -0.005269710525268091542 0.9999861063978170428 -0.0001310050134089011699 0.3528151395535205626 0.00110429066349918936 0.0001368261254451830168 0.9999993809101793696 -0.09852458500053049018
0.999979012466123085 0.005872946502816900512 -0.002735530415146986572 0.8098660317384737128 -0.005871864451549686607 0.9999826790808561405 0.0004034180660867551604 0.3521013621765827772 0.002737852285966247898 -0.000387346935535592084 0.9999961770562983965 -0.1077660593098217767
0.9999894243266358451 0.003825578176664181165 -0.002552682216340095272 0.8250300875507827758 -0.003825689804861219512 0.9999926812673818333 -3.884828844728750383e-05 0.3533423077325195671 0.002552514916777009861 4.861364793058097725e-05 0.9999967411468463352 -0.1021274752958571952
0.9999943777377873211 0.003165198591935739717 -0.001107253669742876059 0.8446468735493988245 -0.003163717019405631534 0.9999941012939450591 0.001337262852334828453 0.3555159176151242439 0.001111479840876208143 -0.001333752296612660546 0.9999984928575516019 -0.09444347959224082267
0.9999769756149499145 0.006782182539795979064 -0.000224142755495954733 0.8675555243140502526 -0.006781873966069639978 0.9999760916839095515 0.001349905952929632324 0.3558420329317624198 0.0002332927052044329506 -0.001348354764257009416 0.9999990637565334684 -0.08917369586100325207
0.9999827874832121211 0.005859225067677417513 -0.0003069509917012370331 0.8938600847515558723 -0.005858987306228538583 0.9999825396493842167 0.0007698468114397356366 0.3545731567901486136 0.0003114563379651593246 -0.0007680351384745578037 0.9999996565584288177 -0.09068878397498000843
0.9999248792487122062 0.01225659947603815331 -0.0001078365996960850293 0.9247076240859661844 -0.01225661642130773839 0.9999248723876549283 -0.0001579064058398243955 0.3518740962901937275 0.0001058931026187469798 0.0001592162556306375904 0.9999999817184171969 -0.09750235355735081821
0.999935285640306204 0.01137642846520093079 3.750753672377960229e-05 0.960807988113550282 -0.01137639466517213066 0.9999349638961710918 -0.0008035063069324079304 0.3465808597703620153 -4.664612940188118522e-05 0.0008030276079955567812 0.9999996764853473774 -0.1066652303790210088
0.9998963157244098454 0.01438763129691337204 0.000594866720679533079 1.001441092988279102 -0.01438713817560656992 0.9998961593470123699 -0.0008250928493340094075 0.3403098062021584491 -0.0006066760810327545116 0.0008164488704731452792 0.9999994826775534529 -0.1065010364245630864
0.9998833122978204591 0.01525887249211686086 0.0007270478723152480095 1.050871220839156184 -0.01525800388470598991 0.9998828869324636326 -0.001185637826819794724 0.3358442583068579346 -0.0007450542219299491212 0.001174406178206012681 0.9999990328316997745 -0.1061852601175198724
0.9998030371500585822 0.01984421459974053392 0.0003066796992344766036 1.107364295126449294 -0.01984390795025748819 0.9998026172662463074 -0.0009725352566773719145 0.3306293805379142414 -0.0003259183642963744444 0.0009662579796397266409 0.9999994800612331813 -0.1136125325609819992
0.9997162030122994647 0.02380942917181219642 -0.0007902639959590652529 1.172643905824687138 -0.02381035037216803346 0.9997157999707320108 -0.001177499058999121381 0.3235383530447374367 0.0007620038224631692138 0.001195981350943452074 0.9999989944888858506 -0.1124393147564914375
0.9995633953137955663 0.02945312581920785794 -0.002352047668456265072 1.255440177774310273 -0.02945348260378786998 0.999566145199531686 -0.0001171898339131785473 0.3135352610149494401 0.002347575614361397875 0.0001864146633686729619 0.9999972270653094686 -0.1084451751918854845
0.9992179570747917738 0.03946484248254675253 -0.002449585088805984918 1.355517156224801845 -0.03946439749880140124 0.9992209508145205588 0.0002297463429065233181 0.3029430490948984978 0.002456743644771535156 -0.0001328952717526847072 0.999996973370175013 -0.08815927944996497512
0.9990656821819304811 0.04321021331988289527 -0.0008000944969665703269 1.470690037233210123 -0.04320910436728316734 0.9990651316483619704 0.001354999711571183013 0.2928714366329335239 0.0008578963405284071491 -0.001319162344574065487 0.9999987619115223714 -0.0945512216500872249
0.9987576340365887928 0.04978209268631483136 0.002220743435556683885 1.605544508052667574 -0.04978584385540792134 0.9987585246562459274 0.00166708670559861374 0.2804930097432171698 -0.002134995372442402648 -0.001775577159743069872 0.9999961445528224857 -0.08980830593019345498
0.9981488125903593689 0.06066566096365198085 0.004315727551501043723 1.756582334549809277 -0.06067742388229180328 0.9981539128839058694 0.002648853630683570531 0.2672750822189418063 -0.004147065886170257093 -0.002905817336195382506 0.9999871789528825827 -0.09881513573603356582
0.9973214012958623309 0.07293803853365880829 0.00548316077824554781 1.918819910118751748 -0.07294968903019784234 0.9973337050383688229 0.001955419350749256369 0.244967397855096497 -0.005325916602334286598 -0.002350176440685883446 0.9999830554979632913 -0.1073904712091175023
0.9964304528681235951 0.08409015235139678801 0.007429594507442517128 2.099532962427854699 -0.08410784984133495845 0.9964544400339030439 0.002102030396571586725 0.2167156744438326066 -0.00722649237829762342 -0.002719414319212369938 0.9999701908525407967 -0.1045867300286006385
0.9951763661424259944 0.09746156869768531072 0.01119119736858070584 2.298111914553053303 -0.09751547308297130179 0.9952243918576558768 0.004375198391316132557 0.1891372449677264367 -0.01071133889672347059 -0.005445408941984227272 0.9999278047641709799 -0.1088201190199442336
0.9940489064395404695 0.1078673051149922624 0.01521236646885787414 2.511053804792015232 -0.1079935914875908842 0.9941214786420051741 0.007737564232015724935 0.1602022838717685194 -0.01428831004580335788 -0.009334355353338296898 0.9998543463956001132 -0.1156945755938774689
0.9922526156464156477 0.1225455444328834298 0.02042881010961713345 2.738455990196141165 -0.1227710960575485039 0.9923828633645692676 0.01017400968973144332 0.1252909093509954053 -0.01902642151521934111 -0.01260325513455722371 0.9997395427031674497 -0.1178230381066493748
0.9897708749888830537 0.1402566850546887733 0.02610895097874734241 2.97654359075002084 -0.1405217994265910986 0.9900402033868551666 0.008603462304635019556 0.07556825745498758906 -0.02464221803437537106 -0.01218433318586670776 0.9996220801458729488 -0.1292945663679198887
0.9872389334721228815 0.156246199604871655 0.03076383178116624123 3.218942706433378653 -0.1565231039411801028 0.9876509326755759099 0.006793608590694157241 0.01620104731167362755 -0.02932245162744439443 -0.01152216533901641478 0.9995035935585506737 -0.1392460045075066821
0.9840754725464806452 0.174328317818247841 0.03471457819246705906 3.466836873246722295 -0.1746515603146739093 0.9846089519766617615 0.006484147366431722639 -0.0436678366136620949 -0.03304991394952120493 -0.01244384563066243746 0.9993762324039178191 -0.1511933562830376498
0.9810027894137089977 0.1900076896874896004 0.03912294751350911537 3.717560594770988658 -0.1904948569582906315 0.9816460957720613001 0.00909132157111238251 -0.1033095059945412231 -0.03667746767379839734 -0.01637133211109090269 0.9991930458374627122 -0.1562262301209735582
0.9775817722431975332 0.2060132063780360789 0.04350215369024666712 3.970497714514950705 -0.206651453401163282 0.978356394973037613 0.01067432539079266399 -0.1725103684839891793 -0.04036155825827307531 -0.01942480921920190784 0.9989963070010627888 -0.1599534778700559823
0.9732711146458472573 0.2247773108154275945 0.04710093352169043152 4.224560828954878389 -0.2254298456531612371 0.9742181630847868146 0.008964117608306997401 -0.2577709437596281128 -0.04387165468525144191 -0.01934247291036790203 0.9988499119772148438 -0.1592212964267888942
0.9678563174223442367 0.2465136064740615085 0.04985168651921419863 4.477991502779834043 -0.2469793016510661299 0.9690150980532548086 0.003311238558706852252 -0.3463153921826942483 -0.0474907715415336662 -0.01551713788018027444 0.9987511427029244215 -0.1661542165720156228
0.9630852032677097441 0.2639136058608994029 0.05307070649889705088 4.73368074708774067 -0.2642998828584888771 0.9644405108536358018 0.0002700839999000248211 -0.4416162206834831072 -0.05111226044486068959 -0.01428669541481880634 0.9985907205488847582 -0.1743468537485585723
0.9574326802992803032 0.2833273283375811746 0.05521130058262263551 4.987885993781725702 -0.2838561973324843501 0.9588651342147975765 0.001820336007421649105 -0.5351267968759012561 -0.05242444020567051111 -0.01741491901579503981 0.9984730335190807882 -0.1842668057240000046
0.9516297546688942122 0.3019236178643977531 0.05694680855406546865 5.245903915866888312 -0.3027550953630630537 0.9530470299446009985 0.006380512947822111237 -0.6253865582862547789 -0.05234655920423880726 -0.02331282242560584264 0.9983568250129957189 -0.2008599885444966593
0.9456830585252673504 0.3194931259319026551 0.06006409327174649926 5.502933030595121622 -0.3207479386357605655 0.9470847111202296276 0.01230080579561822034 -0.7207181478410160658 -0.05295576152984723256 -0.03089809775006431558 0.9981187278456513656 -0.2192425758246429046
0.9393165366095441726 0.3374955087078566063 0.06149167141878620485 5.761893478560155657 -0.3389920639550832449 0.9406619255996734319 0.01547650808765270621 -0.8247203517564302144 -0.05261962207507422939 -0.03538252858600567791 0.9979876011471970898 -0.2401410171839401531
0.932156294272629582 0.356155559999835003 0.06509884890781615641 6.018977431247575893 -0.3579551434525585774 0.9335639774098941635 0.01806696871300806154 -0.94387820929356403 -0.05433928895170571371 -0.04014370640365089865 0.9977152522199911333 -0.2621763459413973818
0.9241168116524317577 0.3766759403743898393 0.06421335035966516114 6.273966603986558255 -0.3781363732084375706 0.925673602998842382 0.01188545194390209885 -1.076754123556618925 -0.05496363960031431378 -0.03526494937201350016 0.9978654126021585524 -0.2819365380006798594
0.9154427677048349032 0.3979129226543601794 0.06024819533875665906 6.521666987116638836 -0.3988753341478367687 0.9169947337836464873 0.004373330711356831005 -1.221278218988250508 -0.05350707304051822294 -0.02803505301804375821 0.9981738470511597461 -0.2884598116100852705
0.9063195950829268099 0.4191492387829356403 0.05383964335325141376 6.766560923597239707 -0.4196123157999596121 0.9076986589448551301 -0.002940914603761480683 -1.378210747253908686 -0.05010285418730783813 -0.01992636889644715595 0.998545263783714554 -0.2924497544705640384
0.8967001229351692082 0.4401726360925666826 0.04665768922024732257 7.008407577823249746 -0.4402017158285512211 0.8978409302061731712 -0.0102035987824389985 -1.537666631901122294 -0.04638252806447447363 -0.0113892265687539785 0.9988588221608265538 -0.3011994663846001563
0.886315958327970721 0.46112131105102383 0.04255770797112818499 7.251420662710998499 -0.4609803884745728997 0.8873052700299051132 -0.01365427475148523265 -1.697293945779388968 -0.04405795563803150544 -0.007516267141482047519 0.9990007018382195403 -0.3091016671498392765
0.8745933150058285976 0.4831574288968119024 0.04056392792787325702 7.494997567012461559 -0.483100386660480996 0.8754847987935285847 -0.01184835389193358672 -1.857657059139777633 -0.04123772248329547752 -0.009233958158715043288 0.999106693131976642 -0.3242808772865719558
0.8609679865976722635 0.5071703909947749001 0.03888856582798539546 7.737722157675854362 -0.5073271314248940511 0.8617293429466810206 -0.006459196921431483579 -2.012258584908925396 -0.03678733170724326346 -0.01416806277825723853 0.999222676995960013 -0.3414503483506051706
0.8485542946452024893 0.5277782337558601933 0.03749326623178340923 7.976133643154224018 -0.5281701576926253194 0.8491383062134361115 0.0006491871257768469083 -2.173546197300470606 -0.0314943417478464327 -0.02035369486165894415 0.9992966694347321654 -0.3462358925993324066
0.8343063209068446451 0.550244664120309146 0.03411411001350200117 8.209286872095917786 -0.5507450315015033349 0.8346462001421963706 0.006755062146341194416 -2.345243025704140116 -0.02475627539217696918 -0.02442396764084292168 0.9993951153739875082 -0.358303795294428129
0.8193810856075914861 0.5725247840967956359 0.02880986191293543816 8.435965660479169514 -0.5729081484992737394 0.8195921149936328254 0.006709576990981199092 -2.532652029324177434 -0.01977093653975492415 -0.02200310512589747497 0.9995623909657463946 -0.3711335336567553878
0.8054345240773577164 0.5922335541756548194 0.02312238596581239064 8.656127742072989406 -0.5924195055325113257 0.8056282211138532379 0.001516182555992459571 -2.738555324907264499 -0.01773011248963082126 -0.0149193382359986363 0.9997314921806279564 -0.3884269241642446246
0.7912071361717933904 0.611284587303608018 0.01795608520493244958 8.871235594106909872 -0.6113093539369025553 0.7913776874522728821 -0.004714826819669311678 -2.947171578493179567 -0.01709214615184495231 -0.007246318220326709858 0.9998276598555241312 -0.4010579866558147133
0.7768417996854229957 0.6295266837072751587 0.01459358633213346003 9.087183210892614937 -0.629495322040845906 0.7769706542325609533 -0.007227862071033864383 -3.157842344133207746 -0.01588892035994864116 -0.003571688948737283126 0.9998673838304000805 -0.3967157929251967641
0.7625649119263304687 0.646803746443498917 0.01181815067774673496 9.300075116749631832 -0.6467793206697614039 0.7626511933421814549 -0.006298225758776847955 -3.368267888549935751 -0.01308684273420507131 -0.00284092949589210067 0.9999103278128742556 -0.397802704359565551
0.7485090670121938849 0.6630855560706663265 0.007191796089313080668 9.507473226730846605 -0.6630683919629242196 0.7485428031075713751 -0.00489688631291942001 -3.58173735682567207 -0.008630421787889490728 -0.001103288862917971899 0.9999621485703586998 -0.4044468653562164895
0.7339148717191169569 0.6792331939730273938 0.003351010998456570647 9.70723630286601491 -0.6792174848471586035 0.7339214862773983938 -0.004781240244358169952 -3.804581410528978136 -0.005706956054846933427 0.001232958058529568055 0.9999829550882424201 -0.4157017078121728604
0.7168647095854649987 0.6972106543165456083 0.001513822460257092592 9.905024689856105624 -0.697185498795717784 0.7168545024723160797 -0.007211279646104677699 -4.035618315395134381 -0.006112971447099245677 0.004114096822201903161 0.9999728525252195022 -0.4217839986914453387
0.7000644661751540543 0.7140751997299886744 0.002520382802924470665 10.10386837441489583 -0.7140414538715024184 0.7000591665962554444 -0.007871811584850852903 -4.265961099658992062 -0.007385482514208051644 0.00371111777406708419 0.9999658405430154051 -0.4159079982984503765
0.6849546341630959878 0.7285789707249078484 0.003135690662877824251 10.29357400301209502 -0.7285463529085868251 0.6849560210068660338 -0.007447210889899259431 -4.496597451970172798 -0.007573691444487303318 0.002816505614337223851 0.9999673527140914286 -0.4298056267095152205
0.6687662864345933489 0.7434663376589520922 0.003075531900097498543 10.48070714175933915 -0.7434342595579314095 0.6687680526657973079 -0.007402259732512184165 -4.736263064727152639 -0.007560148413470911197 0.002663925971640718551 0.9999678733111299067 -0.4322389792732430069
0.651018185088596546 0.7590606489770195253 0.001501285627674042722 10.66146384202117048 -0.7590352027573009641 0.6510104745969313988 -0.007136031128096371329 -4.976558367711593434 -0.006394033088190673869 0.003506157392950842201 0.9999734112471205805 -0.4348153466739536066
0.6352795208163759533 0.772282273064104019 -0.0001454037704837425659 10.83442837825244354 -0.7722619854329391131 0.6352614445214050942 -0.007370411097935991238 -5.224671258657160422 -0.00559966842685454512 0.004794561034999686444 0.9999728275798253074 -0.4347689534845384229
0.6219987507271352856 0.7830165503557603435 -0.00162356485797568147 11.00432492264483741 -0.7829989749135556343 0.6219675729412118548 -0.008303221901135597952 -5.473092124543099679 -0.005491755475637815666 0.006435843269017162832 0.9999642096311309736 -0.4351847109288405346
0.606447731809022339 0.7951203023846303841 -0.002203025071632700154 11.17654425253417116 -0.7951089248860645498 0.6064177067718738989 -0.007704705060428042838 -5.726431167529717925 -0.0047902140055314903 0.006424145804357004642 0.9999678915847576288 -0.4412547706323242669
0.5899620681109795095 0.8074284613430788848 -0.002009478381132154788 11.34992706229826886 -0.8074240555769347516 0.5899449014108595346 -0.00560426400397547736 -5.986946680236759022 -0.003339560736246059008 0.004928804366113188548 0.9999822769537515255 -0.4475732422966065549
0.5759338520935352035 0.8174948234917400747 -0.001552925275319127444 11.5212888487906433 -0.8174917889110113745 0.5759233263142190529 -0.004415571337898183471 -6.259740344510642096 -0.002715340821411045633 0.003812580671195264174 0.999989045516424202 -0.4579685535776988337
0.561431098178729715 0.827523041881886634 -0.000858575782996598316 11.69153633740270237 -0.8275161603278197164 0.5614214590520942849 -0.004790585780455159683 -6.543848227801152717 -0.003482297248641619963 0.003400069170936144067 0.9999881564976181858 -0.4597496289878850728
0.5478835894986742172 0.8365545840334228656 -1.705036668609268141e-05 11.85948102858945319 -0.8365436625887590072 0.5478763323561153253 -0.005121037648382645475 -6.832273754898536389 -0.004274686027396939515 0.002819995864949799338 0.9999868872553724364 -0.4663518378828475641
0.5315360235829775792 0.8470348755197277812 0.001172726257854316478 12.02713459089432035 -0.847021708924980854 0.5315346963586178308 -0.005009109377635445788 -7.127032545039472922 -0.004866235033530512573 0.001669197481251588145 0.9999867666806231403 -0.4707286166962438845
0.5147528990193194209 0.8573355916208719174 0.002266338742555924855 12.19290135198005842 -0.8573235907815461854 0.5147577317614669967 -0.004553930305327306277 -7.434737705443673406 -0.005070861923039226941 0.0004011631579037863542 0.9999870626300513266 -0.4732784767427035688
0.4993321461113789939 0.8664075385422459474 0.00232056393382360903 12.3545806262608302 -0.8663977244290123059 0.499337535919805231 -0.004124115149528846148 -7.746753288362016043 -0.00473190913202792534 4.877195676787702671e-05 0.9999888032659478565 -0.4797450241372402946
0.483810413712011278 0.8751696836868607665 0.002346985141104381001 12.51153674543675898 -0.8751601031963909261 0.4838161009132697643 -0.004095640409427410596 -8.072589012709737943 -0.004719889521484214 -7.247427738859840306e-05 0.9999888586331270313 -0.4861272791521160652
0.4658923765303066844 0.8848369126312449762 0.002816298306175266629 12.66567249297848186 -0.8848287432587158552 0.4659003755516103462 -0.003864603999108594343 -8.404602421461497386 -0.004731658709626032112 -0.000691452149401481698 0.9999885665845288374 -0.4940562892856139587
0.449014333532448684 0.8935184251126968569 0.003309420876339857868 12.81667817886286898 -0.8935099247413830215 0.4490250964219538732 -0.004059208285249788113 -8.747778518778133616 -0.005112990422340132901 -0.001134357695285161376 0.999986285186732049 -0.4997892900691326412
0.4314643505439885729 0.9021201551007377306 0.004211884456527121602 12.96198065811380573 -0.9021124734572747439 0.431480363935892175 -0.004216725097515645893 -9.096108296472950272 -0.005621338137146237972 -0.001980226949371804556 0.9999822394716701979 -0.5036966024163216371
0.4133791988219969182 0.9105457089837563078 0.004914247913234908761 13.10192457147886458 -0.9105335949640133153 0.4134019500366556965 -0.005234515049247590729 -9.453724529881764482 -0.006797824886998165943 -0.002310748181702525911 0.9999742246776396337 -0.5089098069050321804
0.3940681081390126073 0.9190642054231875635 0.005595753531423439293 13.23748813941129754 -0.9190514240164591175 0.3940970620798490698 -0.005655587798830383033 -9.820618832642129092 -0.007403118333390037997 -0.002914098467200670027 0.9999683504336851492 -0.513364240285523854
0.3751629360984872763 0.9269402514964202311 0.005877204583446325563 13.36583995776561196 -0.9269290434649349875 0.3751941919732584285 -0.005645058964672779699 -10.19487658968819233 -0.007437725401173583134 -0.003329934727145906093 0.9999667953365100059 -0.5198119847059576859
0.3549596241173605948 0.9348613442122324368 0.006158923944980090014 13.48977801678802813 -0.9348503772764670261 0.3549939234965050483 -0.00583835478580736842 -10.57787736097182218 -0.007644432778792851005 -0.003685292153347725745 0.999963989986256907 -0.5257672805173432273
0.3341456819610649775 0.9424987677672715947 0.006537276493282589973 13.60830872513338363 -0.9424859940985090834 0.3341852304514248972 -0.006354736522722519501 -10.96954819580192364 -0.008173992593583975091 -0.004037883765400254385 0.9999584398062637547 -0.5300282507956821654
0.3124938756969893872 0.9498931936362241535 0.007106218083458113767 13.71997507248175197 -0.9498800618057238188 0.3125404718006533633 -0.006806002540373477967 -11.37188684902105607 -0.008685956241493949723 -0.004623220760475279904 0.9999515888251644391 -0.536488713024009134
0.2920170291640566962 0.9563871513047762507 0.007047800886333148267 13.82453676104370111 -0.9563687723455905898 0.2920665228178193074 -0.007477802571346883406 -11.78107530195491393 -0.009210100997613645049 -0.004556650989838538154 0.9999472040919813454 -0.5470197730940586922
0.2717417927846004222 0.9623510625594855483 0.006068809178121032342 13.91957359655892112 -0.9623251254241245167 0.2717846946241883055 -0.007964467683393018638 -12.19803501145293723 -0.009314023387042050586 -0.003675888826650168008 0.9999498671481884537 -0.5587891313932156212
