1 0 0 0 0 1 0 0 0 0 1 0
0.9999997468887403818 0.0007093279461596028622 5.546458387021168979e-05 0.8348299683548816574 -0.0007093329919848317521 0.999999744282171199 9.100713485533744578e-05 0.3896757434443115509 -5.540001578287591984e-05 -9.10464546796327525e-05 0.9999999943206906439 -0.1040079251082887679
0.9999999536868379169 -0.0003032561822918323027 -2.572955356300216957e-05 0.834817478332551044 0.0003032589599835692974 0.9999999481826116199 0.0001080221151990687936 0.3895534470056548626 2.56967938555055419e-05 -0.0001080299129138774197 0.9999999938346063599 -0.1037745787689334787
0.9999997041181483137 0.0006929427763077910477 -0.0003340567684557724324 0.834714433733809491 -0.0006928797395834599901 0.9999997421399597908 0.0001887794488066643888 0.3887358915582659891 0.0003341874956712466188 -0.0001885479317835177845 0.9999999263841948816 -0.1106767865360642616
0.9999998045616678155 0.0004478049678748504672 -0.0004362881351752197667 0.8348487801314831147 -0.0004477412849928071124 0.9999998890982810806 0.0001460519330581680432 0.3889008656051206048 0.0004363534895713068354 -0.0001458565603037513471 0.9999998941607424197 -0.1104462042880993422
0.9999998495369507578 -0.0004061254841227006059 -0.0003687657346881776017 0.8354344161730344887 0.000406230554391407068 0.9999998769060710613 0.0002848939793412385148 0.3895570051968900716 0.0003686499865900708431 -0.0002850437403840645647 0.9999998914236207792 -0.1104019799405186741
0.999999471710797172 -0.0009894026993470131457 -0.0002786762011123176085 0.8359137242238119381 0.0009894632420006010867 0.9999994868938739678 0.0002171968728765770473 0.3901471804846884384 0.0002784611629495378445 -0.0002174724979912352383 0.9999999375825446846 -0.1119362695923978163
0.9999988795186146584 -0.001496773845852633232 -2.509122398137569391e-05 0.8359479946997984134 0.001496781513330050755 0.9999988322658257545 0.0003084024745312220891 0.3900380458426229713 2.462958592362140997e-05 -0.0003084396850521923064 0.9999999521291709215 -0.106989185952709967
0.9999999003699198141 -0.0003890860749090947366 -0.0002187971133814371185 0.8359561780687101429 0.0003891026908448435738 0.9999999214187779151 7.590476866508153342e-05 0.3892043674847345813 0.0002187675626995857668 -7.598989564824914979e-05 0.999999973183144264 -0.1079805943176350147
0.9999998854936733572 0.0004687117628092193466 -9.655010887250007462e-05 0.8358739876104679389 -0.0004687117050840313272 0.9999998901544702168 6.205042374489952726e-07 0.3893594727155144097 9.655038910453718069e-05 -5.75250000241655978e-07 0.9999999953388457596 -0.1061212517269684019
0.9999995814859954368 -0.0009115566563528732002 7.805316220784376156e-05 0.8366879671892786252 0.0009115424810246459996 0.9999995680821766042 0.0001814545824120084873 0.3892008302885775484 -7.821853462771522901e-05 -0.0001813833576975938157 0.9999999804909690537 -0.1047012177414537726
0.9999998880378319077 0.0004242906413206763792 0.0002095275047960526026 0.8372244682753907652 -0.0004243241302102873343 0.9999998972045832657 0.0001598119374697399306 0.3886362234720641684 -0.000209459676548145714 -0.0001599008271530766474 0.9999999652791841109 -0.1015022500672517203
0.9999991386183223474 0.00129025474605074875 0.0002408429025153068013 0.8379151118629236672 -0.001290254639223388207 0.9999991676209571967 -5.98930067376639773e-07 0.3880651413845816466 -0.0002408434748150841396 2.88180879174852736e-07 0.9999999709971684192 -0.1013128755972613482
0.9999995785174697893 0.0009042601801842547159 0.0001589918526735184718 0.8382521706895115221 -0.0009042629640174108981 0.999999591002115662 1.743826849059548726e-05 0.3869643010524017601 -0.0001589760189143796828 -1.758203158462313988e-05 0.9999999872087487196 -0.09974487093136855109
0.9999999777119478184 0.0002105929653063001229 -1.505678597546400808e-05 0.838366145909677507 -0.0002105943832336287065 0.9999999733851210326 -9.423249414528471035e-05 0.386095978197526335 1.503694087435920699e-05 9.423566291958194844e-05 0.9999999954467650998 -0.1011980857972640951
0.9999995529899601276 0.0009454899109761768583 -8.289034311301726071e-06 0.8388220377303290398 -0.0009454905951148668934 0.9999995495854970828 -8.292368494185008284e-05 0.3853903260285094223 8.210627070306971459e-06 8.293148507811429595e-05 0.9999999965274771752 -0.1028912801949497524
0.9999999359647812058 0.0003547976960677745031 4.678705256175155948e-05 0.8391883370250332597 -0.0003547933173156782392 0.9999999326837298863 -9.356408379511276278e-05 0.3849816430354016106 -4.682024573358688967e-05 9.354747807013038922e-05 0.9999999945283669645 -0.1034367419550884792
0.9999998729181578394 0.0005037284415918647992 2.05262093798472713e-05 0.8391933353054684686 -0.0005037265544109597627 0.9999998689123178464 -9.184174119843596445e-05 0.3840791352604390196 -2.057246998628103213e-05 9.183138993029227402e-05 0.9999999955718846811 -0.1030291541082685725
0.9999999021644667696 0.0004331377743574975001 8.979267939527530514e-05 0.839739924754808964 -0.0004331372984416251423 0.999999906181887166 -5.319541921636953087e-06 0.3840135278542672892 -8.979497506564412671e-05 5.280648842623627831e-06 0.9999999959544886297 -0.09998955984871601976
0.9999999611487164763 0.000267338238931751006 7.89482843733035276e-05 0.8398506969578722892 -0.0002673384793202163785 0.9999999642604644468 3.0343479750338707e-06 0.3830817874672036716 -7.894747035448455613e-05 -3.055453771434856049e-06 0.9999999968789805571 -0.09965617927221623318
0.9999992165151603274 0.001247482497431742126 0.0001037134710995094879 0.840112635649824635 -0.001247492231377356079 0.9999992174780478749 9.384255197628321677e-05 0.382163796079332041 -0.0001035963230003368742 -9.397186020155225334e-05 0.9999999902185455758 -0.1009388070397632814
0.9999989674682707719 0.001436733678721581475 -2.930407296188622347e-05 0.8403889626913698674 -0.00143673622700524954 0.9999989640985726957 -8.71251719498126277e-05 0.3811080366890743365 2.917886693695051218e-05 8.716718421353132488e-05 0.9999999957752379043 -0.1030080949616697661
0.9999945212128850125 0.003305882744058872679 0.0001693620248752994884 0.8407972289045086978 -0.003305873085781280921 0.9999945339463813809 -5.727565036925912875e-05 0.3802554883332270874 -0.0001695504457176010395 5.671544720837521199e-05 0.9999999840180020527 -0.0993455374705209393
0.9999947831748664528 0.003228491654750048449 0.0001022970533697206707 0.8406524571878917218 -0.003228490942643416108 0.9999947883841495688 -7.125533145618661073e-06 0.3798015882755815253 -0.0001023195249610721515 6.795230862695003349e-06 0.9999999947422698598 -0.09906202082175355472
0.9999997593366549697 0.0006937302659840285718 8.059172502446836401e-06 0.8403084386701888953 -0.000693729386510404545 0.9999997534703645163 -0.0001086220438695419555 0.3781896422810483438 -8.134524915007323089e-06 0.0001086164268434016257 0.9999999940681506549 -0.1009200023664982571
0.9999985734498663126 0.001688445898351605568 -4.742025487783547467e-05 0.8406382086473669357 -0.001688459330657079418 0.9999985340346897456 -0.0002846639424454062701 0.3775395887543174789 4.693954569535627852e-05 0.0002847436035298317502 0.9999999583588787821 -0.1022242553386165098
0.9999998751602868774 -0.0004664900236688371954 -0.0001790711267629064261 0.8404136018539072328 0.0004664555373929563662 0.9999998726665196846 -0.0001925777141266325667 0.3768778159441363851 0.0001791609395435776622 0.0001924941613666202381 0.9999999654236771951 -0.1036059005259263033
0.999999732169272737 -0.0007190392189100733213 -0.0001365429765968257281 0.8402667802174532685 0.0007190091660043906267 0.9999997173084269608 -0.0002200201932853085188 0.3756681848841310067 0.00013670114114520119 0.0002199219587054134883 0.9999999664735644833 -0.1042850315377095577
0.9999999863894192265 -0.0001237552581623656137 -0.0001091136900018983477 0.8401151745000814408 0.000123769560842643269 0.9999999837491028165 0.0001310835224780471195 0.3746047003560042388 0.0001090974659535378955 -0.0001310970256474177243 0.9999999854556562706 -0.1075339359518954485
0.9999999287012359961 0.0003667930440489945644 -8.977965121787728037e-05 0.8402801902287876379 -0.0003667706733188262993 0.999999901723320761 0.0002490634899808098833 0.3747643640991649705 8.987099715028282752e-05 -0.0002490305436797633928 0.9999999649534955237 -0.1069816780055972971
0.9999998398052254434 0.00050327240605411419 -0.0002590490469741075119 0.8399488737518705506 -0.0005032692663033162947 0.9999998732857735551 1.21853377492559459e-05 0.374545958331122808 0.0002590551466931555668 -1.205496437342127864e-05 0.999999966372553839 -0.1080913193477226197
0.9999994487890342398 0.0009814537754958853593 -0.0003730551088658883756 0.839683069352503586 -0.0009815178357752410085 0.9999995035924731379 -0.0001715737312842161033 0.3733271419235937305 0.0003728865319921796455 0.0001719397969539729158 0.9999999156961666413 -0.1083672468806895217
0.9999992440728943111 -0.001199836014354362448 -0.000268788352713364377 0.839208773108643058 0.00119986372237282932 0.9999992748641808316 0.0001029473663862536409 0.3726667154703008356 0.0002686646378475289194 -0.000103269797958966051 0.9999999585773297062 -0.1104718218083218517
0.9999996591020698933 -0.000796218550382207812 -0.0002187047414209888246 0.838896992653635154 0.0007961976127011319163 0.9999996784453004661 -9.580530920855717767e-05 0.3726263755457822624 0.0002187809530598683458 9.563114435571976708e-05 0.9999999714947890306 -0.1083491989426739466
0.9999990110977907687 -0.001390875749919730231 -0.0002080098287247564011 0.8385504350080379421 0.001390820578299094019 0.9999989976574862327 -0.0002651455107739350255 0.3714698393847347124 0.0002083784046887973143 0.0002648559442206747765 0.999999943214883058 -0.1077690652737812865
0.9999999609248718668 -6.171715209415422538e-05 -0.000272655914836533687 0.8381683642754818031 6.175183129742832684e-05 0.9999999900054999946 0.000127183769940413812 0.3709076737363619092 0.0002726480626914008537 -0.0001272006019727469337 0.9999999547415193701 -0.1090598147262458045
0.9999997980056942737 0.0006352904163397703283 -1.986598937322986815e-05 0.838947405538979174 -0.0006352884209090214158 0.9999997931752400149 0.0001002900770335642236 0.37093932909443178 1.992969858924478302e-05 -0.0001002774361425210267 0.9999999947736214478 -0.1033802598662278138
0.9999997183177947724 0.0007471739545863335464 7.13821600235954644e-05 0.8379363119391149972 -0.0007471722893074725586 0.9999997205940674982 -2.335288205090337203e-05 0.3700621526433807151 -7.139958874422943302e-05 2.329954070089151246e-05 0.9999999971796150744 -0.1020011347836249915
0.9999980573954041496 -0.001958462289778002165 -0.0002227798859051044456 0.8372071479923048898 0.001958432919652969631 0.9999980735594867776 -0.0001319765678348950829 0.3682167768855487688 0.0002230379278641456912 0.0001315400119942147891 0.999999966475653479 -0.1024905970510723019
0.9999968659917054525 -0.00249692539873193212 -0.0001826754504489605296 0.8374454178472492405 0.002496917579916327606 0.9999968817711969438 -4.301722696716316107e-05 0.367120791546018288 0.0001827822916317066709 4.256096660717189359e-05 0.9999999823895988627 -0.1052937868964618495
0.9999987501516615085 -0.001567092455300228039 -0.0002095622849954586532 0.8374596655168409232 0.001567119239896428958 0.999998763913081179 0.0001277090355650915821 0.3657242717180276825 0.0002093618940921517727 -0.000128037285036938721 0.9999999698870249976 -0.1076123853035744482
0.9999997031954567239 0.0007630091667955014954 -0.0001068925154914625645 0.8377179593466621554 -0.0007630177519509700806 0.999999705678024764 -8.029803264290887965e-05 0.3635303873255354423 0.0001068312158956640791 8.037956969695865886e-05 0.9999999910631079958 -0.1046620881263749248
0.999999875917885972 0.0004979822461081539337 -1.333773962256002362e-05 0.8374344829191517903 -0.0004979844141366520901 0.9999998627145088026 -0.0001630413651847633966 0.3604654422099680122 1.325654608623864024e-05 0.0001630479869406979893 0.9999999866198089338 -0.1032546566755072337
0.9999996615395662092 0.0008223021686994727011 -2.720103834038247335e-05 0.8383544634167731102 -0.0008223075853443453541 0.999999641959897656 -0.0001997255904415601085 0.3598270750378342875 2.703679381515504786e-05 0.0001997478904625066656 0.9999999796848958455 -0.099567202020132764
0.9999992514301015989 0.00122002242992744008 9.319070131976352797e-05 0.8383257157686243577 -0.001219998239457102717 0.9999992222101554695 -0.0002591975690399626301 0.3601083398162006066 -9.350685568499385824e-05 0.0002590836825209208156 0.999999962066056014 -0.09898904673732225601
0.9999972705106875415 0.00229675524276399352 0.0004288199267272902728 0.8390558925575275495 -0.00229674225659008387 0.999997362010519697 -3.077350272410791235e-05 0.3603924244959675893 -0.0004288894747085543729 2.97885298819786879e-05 0.9999999075832267659 -0.09581251770882869001
0.9999965133951818075 0.002590052958217393692 0.0005146097099617952643 0.8388746080048739007 -0.002590100112647692084 0.9999966415458251268 9.098613576544578704e-05 0.3598600033968659684 -0.0005143723227585704407 -9.231870920048808283e-05 0.9999998634491754634 -0.09762959378507972408
0.9999995674973944926 0.0008890549937288657039 0.0002731048190375333579 0.8394262085473265245 -0.0008889797139196335077 0.9999995668681249672 -0.0002756422148964705063 0.3602763353133074942 -0.0002733497618347671882 0.0002753993110365962832 0.9999999247175607175 -0.09343782798883959462
0.9999999077740524545 -0.0002046772433618774764 0.0003775700102381381691 0.8396298540964028945 0.0002046677833180072029 0.9999999787407061191 2.509354027055159562e-05 0.3607143510746910753 -0.0003775751382879151386 -2.50162615392332695e-05 0.9999999284055982596 -0.09600774159148429965
0.9999991741063066764 -0.001259387170965361492 0.0002563799098138236647 0.8406435267728169514 0.001259372805637505631 0.9999992054113675533 5.618514022507798024e-05 0.3601630477874701586 -0.0002564504649420600848 -5.586221593579368186e-05 0.9999999655562853418 -0.0984406386955823387
0.9999999997959877485 -9.898103345399592772e-06 1.760829258554879109e-05 0.8412747842773957707 9.896096197739960858e-06 0.9999999934547197933 0.000113985207989092231 0.3598024363842560192 -1.760942070766610603e-05 -0.000113985033712480548 0.9999999933486601877 -0.1033675336641370346
0.9999999926121994065 -0.0001106042185221370176 5.042130475193233206e-05 0.8416268274711938835 0.0001106007408454333721 0.9999999915053118249 6.896993777975304538e-05 0.3603498329280693246 -5.042893268968871867e-05 -6.896436063655693926e-05 0.9999999963504198064 -0.1003961336207216393
0.9999968651224077076 -0.002488117101352800477 0.0002811025559964976822 0.8420470362439526069 0.00248806839024978254 0.9999968897013794544 0.0001735028893689748077 0.3610551234261260567 -0.0002815333771897785865 -0.0001728029430746614171 0.9999999454390486875 -0.09883257981450513374
0.9999985394936560246 -0.001683578216511882018 0.0002942362040523552737 0.8425800982411248974 0.001683549977811010659 0.9999985782020593961 9.619424076111169784e-05 0.3613534170103219201 -0.0002943977362362255835 -9.569873891400927526e-05 0.9999999520858610103 -0.09889482051994533118
0.9999995598350368553 -0.0009382507611496926012 -3.904078099833836057e-06 0.8424799742504465172 0.0009382511429048240141 0.9999995549458925437 9.895862656649024387e-05 0.3615407912542675239 3.811228355609503816e-06 -9.896224601410918205e-05 0.9999999950959741479 -0.1005292253841379713
0.9999996847077703421 -0.0007260231362062274062 -0.0003216749378420012532 0.8424134180423752394 0.0007259822663073348158 0.9999997283910262436 -0.0001271519669373789233 0.3589611949944644387 0.0003217671657420121669 0.0001269183965469629707 0.9999999401788040032 -0.1094970347634523777
0.9999952690176178161 -0.003054433505679394253 -0.0003638383452772426239 0.8427242416806797198 0.003054407672821954269 0.9999953327273335413 -7.153542954843533977e-05 0.3590182402616877155 0.0003640551473573345694 7.042378048209679809e-05 0.9999999312521680173 -0.1099517643165694447
0.9999942376912922537 -0.003365578951828703241 -0.0004443675621614309409 0.8421448559146963442 0.003365647517343021977 0.9999943243894222622 0.000153641569806543815 0.3583333225628786423 0.0004438479472707279301 -0.0001551362690587646345 0.9999998894658627124 -0.1085531538478243102
0.9999893620832421837 -0.004050499505651605596 -0.002206620516798892158 0.8422385597967538828 0.004049446369287773052 0.9999916850262183798 -0.0004815210553620363526 0.3597634927413110306 0.002208552569603853578 0.0004725803415409850607 0.9999974494784314993 -0.106952622071580003
0.999992371814821368 -0.001933544715108648877 -0.003393776215779523847 0.8439136480289124442 0.001932023381556617408 0.9999980317180023892 -0.0004514928284831461343 0.3623677038832338604 0.003394642517443317159 0.0004449325294115868772 0.9999941392014370933 -0.1172181093996097628
0.9999923045709024905 0.001719900330279783241 -0.003526009334814731149 0.8516751352334035463 -0.001717911673553852801 0.9999983636736203829 0.0005669475844522340506 0.3672061814590048545 0.003526978658450392792 -0.0005608858489499578661 0.999993622893969869 -0.1236890340968219981
0.9999910868873238545 -0.001924265066527921716 -0.003758104557150937323 0.8628278456102880245 0.001926854005611067797 0.9999979087309520676 0.0006853957714816618588 0.3736406282556070657 0.003756777814803389896 -0.0006926309812913743983 0.9999927034147668703 -0.1316506491913982113
0.9999837439720550281 -0.004685041765091610758 -0.003249950044364756808 0.8780517064132877803 0.004687852237281011844 0.9999886441350400723 0.0008576959633206095949 0.378371904158728678 0.00324589479696101935 -0.0008729173061775883464 0.9999943510752166143 -0.1304238522511712295
0.9999817213832452589 -0.004999210633373226721 -0.003400704698272209205 0.8980432715054949 0.005005007905148448934 0.9999860326409956146 0.001698357674648710543 0.3861713394682406708 0.003392166751662445672 -0.001715347184917591101 0.9999927753682844589 -0.1389780570118996639
0.9999318274209423318 -0.01100933555908483776 -0.003890378023053285735 0.9256344481233058641 0.01101940825655764455 0.9999359631601808518 0.002577250588648551024 0.3960957586885866522 0.00386175507898870677 -0.002619944554537408533 0.9999891113098386963 -0.1372928137093930578
0.9997615393731864586 -0.0213557386623798931 -0.004560352655287338436 0.9621896383517549722 0.02137272665296587049 0.9997646954711598699 0.003709480405197867255 0.4007561754837922763 0.004480060889547816602 -0.003806063010917874832 0.9999827213201150089 -0.1392390178012071211
0.9997700602851710139 -0.02119620091779367277 -0.00324771058410627594 1.000149152379875339 0.02121202898741515047 0.9997628973596881519 0.004919236647975749888 0.4022807020797161126 0.003142671414999147986 -0.004986996051156535222 0.9999826265924639523 -0.1401716225786912018
0.9998305340794115814 -0.01831285353040567818 -0.001882157818171758829 1.045713709241199219 0.01832366445824470599 0.9998147183098439195 0.005896810309740156859 0.4079335860733995789 0.001773821665291209788 -0.005930299029670123116 0.9999808423715518257 -0.140446770723434422
0.9998786118992368799 -0.01557531579757295143 0.0004135266147929284779 1.099841731724399585 0.0155720954915451737 0.999854967541886297 0.006895920809854350943 0.4107237602439499646 -0.0005208727843400261107 -0.006888644251190378584 0.9999761373512485729 -0.1293235697047530053
0.9997493241617874116 -0.02215045958551531413 0.003262817524736324158 1.155103453556752591 0.02212460838637079347 0.9997251296344229488 0.007756731346775009098 0.4129294831953106981 -0.003433735837102928467 -0.007682598361671887435 0.9999645929434772818 -0.1240733622967122585
0.9996436953273721837 -0.02589156454483720893 0.006489166175742317605 1.211453351462285166 0.02584135813960118308 0.9996363629000950546 0.007704944994633166656 0.4145390124981081503 -0.00668629955481633495 -0.00753451081955449492 0.9999492609852628222 -0.1110526059837720625
0.9995900902025963708 -0.02729313824115989218 0.008645008601166855045 1.261511435973774464 0.0272255571866681402 0.9995985641009321743 0.007840898113735979627 0.4144847018220318979 -0.008855540900519641781 -0.007602318876728408024 0.9999318897520249605 -0.1154627137570237438
0.9995150378115618128 -0.02937722074893994034 0.01032802447809858665 1.307729304548008731 0.02929542855837101445 0.9995389143669256571 0.007983516253441376789 0.4141477230072452276 -0.01055779589372379292 -0.007677080646680430748 0.9999147940592792994 -0.1152316806555482298
0.9994618061941904497 -0.03075085214284419347 0.0114229178205660746 1.35062598459409644 0.0306581600855468997 0.9994962673575955581 0.0082029725345695928 0.4142374485952371455 -0.01166941211953071225 -0.007848352102375300357 0.9999011092053362582 -0.1144307789272889508
0.9994014773445116795 -0.03238831149352636857 0.01215254542084556744 1.388096634619781167 0.03228619372491919881 0.9994424593001233204 0.008507187718529856529 0.4161889979898022451 -0.01242130332792799365 -0.008109736538237525064 0.9998899656446783579 -0.1149530037577541214
0.9993744877281303118 -0.03303466374284760171 0.01262316400646523208 1.422408722575619011 0.03293054278547805774 0.9994226015791138895 0.008369157943876912725 0.4155881615128994566 -0.01289234772998806844 -0.007948235290474791465 0.9998852998848299922 -0.1156720141366350263
0.9993822269574151873 -0.03223273762925111391 0.01400767884274150762 1.449122546885675655 0.0321181964352451263 0.9994493935708963495 0.008326532802705228012 0.4160803402729261746 -0.01426835307190482509 -0.007871487514528518678 0.9998672180769424545 -0.1053844101560047208
0.9994366112015972137 -0.03005780891457235024 0.0149327932123374009 1.470689318599115225 0.0299398035882763279 0.9995191731233572519 0.008064162690301380013 0.4179510583018648529 -0.01516800418521866214 -0.007612534535571439422 0.9998559801126269964 -0.1006227369158134849
0.9994157028504132567 -0.03072405759780463125 0.01497615373656552631 1.480190483836680393 0.0306003135551178862 0.9994962094278482256 0.008423072461485509727 0.4202994013983247235 -0.01522739985496311156 -0.007959875884066946322 0.9998523724378350908 -0.105377530771922634
0.9994010861288276093 -0.03130237543897116531 0.01475229935966993269 1.483400235329742856 0.03118237419413204606 0.9994792867962499772 0.008295468936511330577 0.4225800518975126874 -0.01500428552570068005 -0.00783048894624029275 0.9998567671715414829 -0.1056335923752486777
0.9993485548972254051 -0.0330850944804398292 0.01441673846775682992 1.484788401307377548 0.0329701933765602917 0.9994232185041155292 0.008136133208537876457 0.4203071789795418955 -0.014677607895687542 -0.00765551030926241334 0.9998629711057236413 -0.1039101794737036233
0.9992946614444122577 -0.03525641250542873445 0.0129292299053158314 1.490321723458179592 0.03515834923357914754 0.9993518190510097821 0.007735130160998173778 0.415654690613216582 -0.01319356236454542579 -0.007275103895130802592 0.9998864949460253282 -0.1100488810414464724
0.9993103578208816229 -0.03545396764166765941 0.0110374331420451232 1.500237405885345598 0.03536926938535996101 0.9993440539391720279 0.00777667278256901056 0.4123695435170211532 -0.01130590708644698544 -0.007380923714881054698 0.9999088450604223244 -0.1171411045249030197
0.9992014990723150358 -0.03839684314418684297 0.01104747429049728925 1.518518034448015364 0.03831060559926761921 0.9992345347538896805 0.007914673322064358363 0.4099669397556752193 -0.01134291630295540185 -0.007485118017663075669 0.9999076513648677 -0.1168662719455567933
0.9992021491041325199 -0.03813341820146493727 0.01187045247474118048 1.546708150127103831 0.03803824411931853305 0.999243106089858224 0.0081429058825121612 0.4115275285622047585 -0.01217198463694542723 -0.007684877888717860268 0.9998963873531264701 -0.1176917437410308909
0.9991736912016834227 -0.03849637722130904577 0.01303701465971610768 1.582400396565221801 0.0383907042104955562 0.9992286555669134263 0.008261218079729034866 0.4137984870714980223 -0.01334498559853901541 -0.007753891588955887267 0.9998808871683674271 -0.1112710701493205417
0.9991934713324950312 -0.03755516235421427207 0.01421325532969174195 1.625109609909590969 0.03743442591035861522 0.9992614961865836642 0.00866752535110927938 0.412317148267010658 -0.01452826910819988125 -0.008128469689852929267 0.9998614190862755713 -0.1090656350420972087
0.9991764794408345418 -0.03756520132521536104 0.01533683740591742714 1.671131665184464099 0.03743630605277641077 0.9992619513068111692 0.008606721770046305703 0.415185828402555801 -0.01564883130915424234 -0.008025479418712061844 0.9998453409196631503 -0.1085762856302767837
0.9991028428120742877 -0.03908811105518501805 0.01629813053601538927 1.723253720996994254 0.03894626461811822454 0.9992013871222475974 0.008931766077981833502 0.420905670617877703 -0.01663424050346112501 -0.008289001575207814373 0.9998272823321832092 -0.1113984018863071468
0.9990462862194593452 -0.03985608600749479535 0.01783284607877692191 1.784996419800721101 0.03970414018897314157 0.9991727713614065864 0.008795124889425956147 0.4260975155814981097 -0.01816863349183255039 -0.008078699036937196307 0.9998022981464436132 -0.1087381869108707821
0.9989675322513759115 -0.04090851582994191327 0.01975760208597261008 1.850911957673652575 0.04072919898576490838 0.9991260541583013577 0.009394692759261778076 0.4281368619035956224 -0.02012465794924733764 -0.008580281735138466093 0.9997606598120228893 -0.1122038855807597213
0.9990025982446294472 -0.03838339656483359674 0.02281498561529650068 1.921528546144362526 0.03817549847174646349 0.9992260880643770715 0.009479253556869449843 0.4279000211755272232 -0.02316117477402968722 -0.008598825484242556688 0.9996947635070309035 -0.110293941292794323
0.9986775737815692944 -0.04472618567519471428 0.02535097514310512626 1.989680828068002505 0.04447825014337986743 0.9989576520356469036 0.01026132075370303313 0.4256626122555413616 -0.02578350034307319225 -0.009120183900308973662 0.9996259467199134496 -0.1147462917585702902
0.9986065043224593429 -0.04545450472330892638 0.02681301037251500666 2.049844308644431123 0.0451875843269759353 0.9989235622608463316 0.01047850098027135364 0.4280753597865614157 -0.02726044290855065069 -0.009252284067180139432 0.9995855458598678078 -0.1204683034955809362
0.998805270354628405 -0.04035296512445960687 0.02756211380648975265 2.104236053231221426 0.04007928088556968194 0.9991422607886496499 0.01041124151297946956 0.4301347952009038078 -0.02795859716640581444 -0.009294133193048448316 0.9995658737335306743 -0.119867815212933243
0.9987773459521170905 -0.04071498692717112622 0.02803752935558542422 2.15367187139755778 0.04044257674715003026 0.9991296407663157186 0.01021562177372658912 0.4305705826399295333 -0.02842905553999129989 -0.00906922166964956554 0.9995546698502343341 -0.117109506357429935
0.9987129691603544579 -0.04184607415374588107 0.02865852942542711571 2.200564834905581968 0.04157057577432488049 0.9990840874170275887 0.01014265743660493907 0.4326984298700706777 -0.02905671111292509184 -0.00893825195462763164 0.9995378007815890475 -0.1153664981219195279
0.9986704097349742293 -0.04270128884812110504 0.02887927718084507683 2.240225229661541029 0.04242399002862273782 0.9990481608054366802 0.01014778110355031744 0.432877675979164489 -0.02928511208498389695 -0.008909114545429421342 0.9995313951488399296 -0.1213276041479058875
0.998620927015934523 -0.0435514239984284568 0.02931753048168637271 2.274240718060342559 0.0432669238418405197 0.9990107627710654858 0.01026981834495093587 0.431981065562246358 -0.02973579370220126583 -0.00898717615733819232 0.9995173901626810409 -0.1249800294687092445
0.9985840446470826137 -0.04423878641735499995 0.02954379042358986837 2.302765834328311279 0.04395996074053663827 0.9989830257888305809 0.01002177815974048501 0.4311055148008466897 -0.02995709645415975744 -0.008708843902161795755 0.9995132457401072479 -0.1259645867843637579
0.9985382600037079337 -0.04532742347531273225 0.02944092372628813112 2.324094989878678241 0.04506070035834533472 0.998937533933327404 0.009661085985421584421 0.4306223717105445159 -0.0298475558795500695 -0.008320335347325905767 0.9995198324334165774 -0.1310038473449313956
0.99863008102960793 -0.04333090779887190797 0.02933246822421283276 2.341727435629643139 0.04307470367587144799 0.9990284653696036576 0.009311030259345874291 0.428349314820976601 -0.02970742610921823373 -0.008034787525519818466 0.9995263433363750227 -0.1305691643697968751
0.998643654473715614 -0.04352353178654225913 0.02857540131315658774 2.360012350758563304 0.043273745401595759 0.9990199422243921656 0.009302580120049499385 0.4266457874381474058 -0.02895227691046034502 -0.008053397965946805515 0.9995483522285963929 -0.1284733201623913801
0.9986212005662036262 -0.04482562830345476063 0.02731960517493831411 2.380230032324859302 0.04458729048373637205 0.9989624638160539138 0.009271969255664586421 0.4274647410769473188 -0.02770688194353367745 -0.008041077897868736599 0.9995837482468427071 -0.1294022674752789426
0.9987719145772299134 -0.04186123082756202513 0.02650094348011104717 2.404640978230705883 0.04162271590998636861 0.9990883384779563059 0.009489016684204303748 0.4301254558929017424 -0.02687400550738644131 -0.008374322119318744137 0.9996037507717899784 -0.1322793184528619215
0.9988320888204030856 -0.04029701235156542272 0.02665725301317132395 2.437457811362493842 0.04004902899256039539 0.9991499277616358032 0.009772263334096824641 0.4318980851943794996 -0.02702838543871062538 -0.008693253099712451581 0.999596865606890983 -0.1338891164559513625
0.9987721490247816192 -0.04143169339906712517 0.02715896011457653511 2.476870327531926375 0.04115122962450900451 0.9990944953373374071 0.01080581727691555874 0.4346627385176671243 -0.02758207085790322435 -0.009674924739596245035 0.9995727213156992974 -0.1375785219148162875
0.9986634872640423044 -0.04326110592119618292 0.02827924893092257502 2.525456889656735093 0.04294039633956649171 0.9990073374662467032 0.01185166869270730394 0.4345489838614964295 -0.02876389347468429752 -0.0106215066292780734 0.9995298004707519057 -0.1347341191405628247
0.9986450841513500043 -0.04275542953211824981 0.02966427389752235994 2.574170699640472737 0.04238620948351196072 0.9990171625431639724 0.01296603986671498489 0.4396914416912556245 -0.03018948734183799984 -0.01169111584620868664 0.9994758189492667366 -0.1366478652447656594
0.9985848545967337397 -0.04339300849174151931 0.03074630033118976036 2.625070378467341925 0.04297792590487794356 0.9989774327658534903 0.01403519538372977916 0.4412824453223984644 -0.03132388952436929858 -0.01269392132401555261 0.9994286759476560533 -0.142180234463879368
0.9986163762602915384 -0.04191341720653939812 0.03175844018263956209 2.671046662769716917 0.04145025496366385592 0.9990263860505194105 0.01510484486135994092 0.4447234843342894317 -0.03236061538677823674 -0.01376754999660647315 0.9993814312557943724 -0.1443861206002628184
0.9985828305953149409 -0.04181970497963111849 0.03291569102518043105 2.71086291454175754 0.04130919593458964867 0.9990176509150464623 0.01604005895937126239 0.448112483305788345 -0.03355414685975802863 -0.0146576067486831052 0.9993294120523595891 -0.1426684653236240941
0.9985416035864952411 -0.04225004931788525764 0.03360951114709737064 2.747099903357964834 0.04170547212260852094 0.9989896577322299187 0.01674268016395244127 0.4461411532435073379 -0.03428293310002693967 -0.01531656216904910515 0.9992947930522707578 -0.1377580968394735705
0.9984852415051559404 -0.04309880397995687062 0.03420110512670069408 2.775538640573025795 0.0425428052908319726 0.9989530236529529095 0.01682160077428307421 0.4457650499711011682 -0.03489028825299008568 -0.01534110915547685049 0.9992733951004114656 -0.1399796529063619954
0.9984452776517208639 -0.04383730851445961918 0.03442844633709216812 2.796457388259248056 0.04327651597431250025 0.9989207129583138611 0.01686868068281914892 0.4444004903799146922 -0.03513076572041980844 -0.01535251136009765406 0.9992647945839155943 -0.1459719231147597607
0.9984529819369951653 -0.04356514488417435882 0.03455026790552242349 2.80991612754314124 0.04300427599600411405 0.9989333909762810881 0.01681406074355144484 0.4450348932651690959 -0.03524592327038661432 -0.01530223983112374148 0.9992615104911070079 -0.149582065671483716
0.9984658239429261561 -0.04308793135562398458 0.03477683984301287862 2.815178058395766403 0.04252199501299176038 0.9989533890996312726 0.01685248784233000022 0.4470888913652460994 -0.03546658086267460985 -0.01534785254860796325 0.9992530035301657731 -0.1495722445597992556
0.9984911989459532844 -0.04251999154049275476 0.03474731567861381876 2.815842932915054497 0.04194857685240720169 0.9989749292807136305 0.01701198308989326433 0.4463060974413414761 -0.03543504659980713928 -0.01552871494971662207 0.9992513279873487253 -0.143696781216573477
0.9984863252989872873 -0.04289200229875519271 0.03442868469355923888 2.813970632524841253 0.04233207109977695642 0.9989618132413650153 0.01683126382443338176 0.4457123483739009462 -0.03511486789564171457 -0.01534834923787671383 0.9992654173083064251 -0.1416185631039822979
0.9984407359792005776 -0.04419807746349854738 0.03409731200319053579 2.816221758035366562 0.04364471732238824758 0.9989057446971777443 0.01680630419888999583 0.4434703284742263496 -0.03480280717357671361 -0.01529193118959752858 0.9992771995063889356 -0.1384078784534319151
0.998453668157448071 -0.04398305807282017893 0.03399651666714508663 2.816657611382065607 0.04344437695711775294 0.9989208194174508115 0.01642506149688474984 0.44367713500138517 -0.03468225272015072053 -0.01492270541595985475 0.9992869729008400093 -0.138770917807913452
0.9984731948952747516 -0.04355818749681984736 0.03397003646766509621 2.818119340875407275 0.04301088243567265795 0.9989353636658283575 0.01667942474799114991 0.4421549564053257608 -0.03466039624308057954 -0.01519287727229578014 0.9992836601348296099 -0.1376826483354882669
0.9984922625620398229 -0.04323053318182191324 0.03382783771620553881 2.819668686887760956 0.04267736929551216307 0.9989458366927137511 0.01690732102695299485 0.4393638159843215596 -0.03452309015359168731 -0.01543814610338188967 0.9992846540856802351 -0.1418233993907416224
0.9984680476609957278 -0.04371125401603096622 0.03392468234760082774 2.82021734784594269 0.04315948983135951822 0.9989264270786835098 0.01683008381774322992 0.4386310545449113585 -0.03462392579613664256 -0.01534012894865961936 0.9992826748254480806 -0.1409994140552836561
0.9984608761095686846 -0.04388151537541825492 0.03391594738275120063 2.823196231270912904 0.04333392201738368865 0.9989207941499786969 0.0167158074099676042 0.435697106730557393 -0.03461286005379975161 -0.015220368692405244 0.9992848894563368667 -0.1432097142979851245
0.9984682388881546133 -0.04371270965778196321 0.03391717774168983429 2.824251021638723103 0.04316589149317300728 0.9989284901100584646 0.01669063983310282301 0.4351316800992429679 -0.03461042824332774548 -0.01520100854592221391 0.9992852683773538747 -0.1391762155805426338
0.9984692882182873985 -0.04369761452909782379 0.03390573652544491556 2.824859365703975111 0.04315509246578798364 0.9989309422595485932 0.01657137866080175478 0.4322145093563187768 -0.03459361905230212003 -0.01508280746137022517 0.9992876414926522566 -0.1409768159794027587
0.9984581756775919859 -0.04398503808241738255 0.03386130309753437179 2.826022244615364443 0.04344007720382830895 0.9989170299827013766 0.01666514035537261171 0.4308967573878939028 -0.03455764915471297438 -0.01516850801585723114 0.999287588859920084 -0.1388178939527596467
0.9984880092932814089 -0.04328452889304948425 0.03388428627028568924 2.825894207383135459 0.04273561914403459228 0.9989458310867026514 0.01675987502557415437 0.4325350373727645525 -0.03457400980383864425 -0.01528646829727535114 0.9992852254151867175 -0.1395560897934564615
0.9984593120224042329 -0.04384657366099353748 0.03400706123642942974 2.826002976811865963 0.0432959986305184244 0.9989216775760129119 0.01676122224989270645 0.4308842151929436204 -0.03470531282575248927 -0.0152630287595620813 0.9992810321499910886 -0.1359151506581287305
0.9984536749016631463 -0.04402454253044663784 0.03394257990119317614 2.827977812357035159 0.04347852050358221032 0.9989154319140874927 0.01666067641818745268 0.4276334318748777896 -0.03463924551983731115 -0.01515914043990823634 0.9992849058856736466 -0.1394453445138913172
0.9984698583765293511 -0.04375859422506121754 0.03381016629654318845 2.827870244956772083 0.04321336672723532363 0.9989264088454964385 0.0166923529539014133 0.4279238071774525975 -0.03450430190064620456 -0.01520576017457165273 0.9992888661482537405 -0.1428143915601986502
0.9984439714023296553 -0.04433140693648554564 0.0338284248728153783 2.828726122361784334 0.04379237442787806828 0.9989041804712796013 0.01651260666793213233 0.4292573966156787435 -0.03452338210999212481 -0.01500548553139907301 0.9992912345716109535 -0.1431389672492588139
0.9984754257959428392 -0.0435635738430880104 0.03389747948783776443 2.830361549068195259 0.04301937687270170757 0.9989359619421527281 0.01662158693357446496 0.4286702236093873353 -0.03458550700936768169 -0.01513799764578307484 0.9992870877441483168 -0.1416607640115012945
0.9984966740899121618 -0.04325492887653113044 0.03366605054457497137 2.830629919606518108 0.04271590586989230942 0.9989498572831359002 0.01656906816079218095 0.4270125003715294909 -0.03434739025163546788 -0.01510608360524695083 0.9992957835501024011 -0.145574705209362415
0.9984713548581847231 -0.04354287058885444178 0.0340436770714224804 2.832021153186814466 0.04299447900334111422 0.9989360893227319238 0.0166782560190863148 0.4279532812380023032 -0.03473367678337958842 -0.0151890707250049873 0.9992811735580824362 -0.1408923501420283886
0.9984894253308396195 -0.0431733419240834318 0.03398426179271588771 2.834832047666424604 0.04262400755343672548 0.9989511583831450769 0.01672654014006518322 0.427917008616585548 -0.0346707583213035353 -0.01525272802087621407 0.9992823889198423348 -0.1396166779946312331
0.9985073052129000981 -0.04275575453064133641 0.03398686350618219248 2.836488912548011498 0.04220407124054974257 0.9989679649762530644 0.01678753471854264531 0.4278177985117647686 -0.03466955158629713568 -0.01532809204432226437 0.9992812776126078766 -0.1390846026277073877
0.9984618666210510751 -0.04398488577695456453 0.03375249215679772957 2.836938485309125735 0.04344391512615490558 0.9989179920956419156 0.01659732828266568053 0.4276507271496929885 -0.0344460032822079612 -0.01510545897347661225 0.9992923986336945674 -0.1410141483068683699
0.9984827801944087255 -0.04344588691647392059 0.03383182769648956922 2.837034479761486594 0.04290840231384331765 0.9989435012488733223 0.01645449250252478679 0.42815893130072602 -0.03451096443331255065 -0.01497785774679540223 0.999292077978805704 -0.1401492722049057782
0.9984436653883285162 -0.04422073203291420479 0.03398196439867217505 2.838362248457163339 0.04367328329691531896 0.9989064932219176018 0.01668718445869498204 0.4261265892297699809 -0.03468272440260143641 -0.0151771096577816688 0.9992831250303634283 -0.1408335821327818538
0.9984725129160314516 -0.04343867531300230761 0.03414267766589047792 2.840609796071404958 0.04288675111958777791 0.9989397708921251562 0.01673501444262903703 0.4246789011889788301 -0.03483342546394008199 -0.01524518340460454154 0.999276846951538289 -0.139173825227863035
0.9984081419372959898 -0.04507055391291144714 0.0339091032511870602 2.840900618907496344 0.04451989203739532136 0.9988668378697067585 0.01682318094628905067 0.4236238946723151488 -0.03462890882333699571 -0.01528677121423163351 0.9992833198345445478 -0.1411638342847544303
0.9984687985764816309 -0.04373821629907079234 0.03386778268816976328 2.840696325664095134 0.04318704236343948871 0.9989250920540651002 0.01683864117665041099 0.4240206160866514251 -0.03456787006941383633 -0.01535020845960085971 0.9992844607313329242 -0.1432857106427375959
