1 0 0 0 0 1 0 0 0 0 1 0
0.9999881136968428175 0.004264241328177684025 -0.002364045457521264312 1.420678373341173417 -0.0042463420108730561 0.9999626671130016353 0.007525487344940625517 0.2389446922175451071 0.002396047695030313791 -0.007515359349174751714 0.9999688886806908927 1.372135051626619529
0.9999128626630757743 0.01295610421621633777 -0.002531095508197247004 1.451184313995492969 -0.0129041620614811 0.9997254018619377014 0.01956025238789374163 0.2299166264149815619 0.002783825142516484046 -0.01952588629296022824 0.9998054761212554764 1.423355636112911382
0.9997957707362111757 0.02020402181427791849 0.0004629476359231789271 1.573397335377217265 -0.02020912038583545442 0.9994201998385032759 0.02740174461593596761 0.228932279595806365 9.094622716053663047e-05 -0.02740550414231323478 0.9996243944959973815 1.52994470149234707
0.9988104758270235362 0.04732691539816055726 0.01173867356604823067 3.509915048574006491 -0.04764598302010181891 0.9984553157173985394 0.02858046216767870518 1.506862444803616308 -0.01036791590644210899 -0.02910576565846186362 0.9995225663911704306 1.871049154590518571
0.9986288511225789311 0.04985687107399891516 0.01595964010586483836 5.68735922189029619 -0.05028885455518621733 0.9983444187489718402 0.02791867941548784385 1.559012385237155129 -0.01454127962475812788 -0.02868299076958517185 0.9994827848579416196 1.881975776314689819
0.9998928165530380774 0.01312562853979198398 0.006486391991545553334 8.768951005568855095 -0.01332074407886822687 0.9994301925101388706 0.0310136756340172251 0.3019085200603239816 -0.006075622010780887608 -0.03109675504907441143 0.9994979132757606521 1.53380281943081731
0.999930507911828137 0.009939061807745052171 0.006339905170835860929 11.02749144031080242 -0.0101496314926348228 0.9993670795470097623 0.03409435874516883458 0.2167511692225240205 -0.005997026576319554499 -0.03415633715816698834 0.999398509256533063 1.482130135618130007
0.9999736168718045271 0.00358637164623947912 0.006316921618684613604 13.78986764703944168 -0.003790896274709624602 0.9994590512309782238 0.0326685478389731887 0.1346491672530337746 -0.006196342934017467184 -0.03269163273511949824 0.9994462779376168671 1.427895590398415626
0.9999758684931379094 -0.001122109625270322972 0.00685589537431207513 16.66181844704965798 0.0009087153412541385976 0.9995174232446251139 0.03104987708274352387 0.1141673788413956614 -0.006887428244505156699 -0.03104289774511696104 0.9994943230612983731 1.374859187866542598
0.9999636902499157154 -0.00436410566515236728 0.007319341740491635932 19.09263816592635621 0.004132291576462995136 0.999498577117833964 0.03139296904965361429 0.1483065585841228384 -0.007452673889136105824 -0.03136158352457352888 0.9994803193313680501 1.350565046215085996
0.9999489979334574841 -0.007330668598666540206 0.006947145440457042423 21.46318693002051248 0.00709615934030240203 0.9994235357236396222 0.03320001151017607649 0.1272425630511734851 -0.007186518941140954478 -0.03314902018997408634 0.9994245826504135621 1.322297667410830213
0.9999258877823559155 -0.01036767384834895098 0.006382028019490149605 23.78479406633038806 0.01013365646649812615 0.9993122909378819863 0.03566867234844785933 0.1179344884449831654 -0.006747440202498785483 -0.03560135558453061955 0.9993432921330174246 1.301001485229905885
0.9998801335804605728 -0.01416472437375464535 0.006251324222592683812 26.12464299062721906 0.01391638971512532998 0.9991760681969737989 0.03812504216041135569 0.1292820223239529165 -0.006786204271694663837 -0.03803347638399559583 0.9992534223637820068 1.28260735216495525
0.9997932348266185265 -0.01931559940553824115 0.006355722974667672373 28.46359604637378027 0.01904327492541030634 0.9990008762791183772 0.04043022228072423729 0.1521250117345911423 -0.007130306798531665588 -0.04030082893884816969 0.9991621499595551015 1.258775707494783846
0.9996515763407861632 -0.02568356737589570088 0.00608935844151866669 30.78143402241071414 0.02539854602290477284 0.9987522987646145767 0.04299720423842064848 0.1811639788385567829 -0.007186082333501104223 -0.0428275621445570534 0.9990566351020597757 1.232649899472442856
0.9994843147125190841 -0.0316966276620070514 0.005140859704583672016 33.10507037815734321 0.03142660475013141913 0.9984433183331669071 0.04607937271419066533 0.2318004496898923295 -0.006593417742350333836 -0.04589405049361378053 0.9989245531929649147 1.207404694757309604
0.9992810129985876255 -0.03768326039299651348 0.004174798997582791077 35.41473787205799084 0.03744614187006636147 0.9981949472508359067 0.0469535274707651093 0.2968316235089721866 -0.005936625267225552512 -0.04676343837930067165 0.9988883507736897593 1.185013188730988709
0.9990099942529332422 -0.04436923691430608163 0.00322524392821115077 37.73255098972133226 0.04417136861748533622 0.9979387611556601589 0.04655232730556514015 0.386732068873482937 -0.005284087169276789446 -0.04636377679555897524 0.9989106459659137238 1.168906530273082778
0.9985985787712144957 -0.05286056424139698451 0.002576669204945837826 40.01851664979905365 0.05269098703508922482 0.9975926580825948964 0.0450837933737941246 0.474852861855872499 -0.004953621037042796847 -0.04488484474501439059 0.9989798858589883368 1.149447992452299117
0.9981426807153402914 -0.06085431260985011553 0.002818079341824114396 42.29808703866682151 0.06067161332399433754 0.9971856060858846904 0.04404341439750807108 0.5799913227633235469 -0.005490379864626119058 -0.04379063429444182698 0.9990256433530785296 1.127882372768113539
0.9975736575754801105 -0.06946909922657726333 0.004565300004030578389 44.58078978980061891 0.0692161745309887444 0.996711153059963495 0.04214259779811631301 0.7172230095917901949 -0.00747789373918505279 -0.04172435282333396278 0.9991011758008792043 1.110825919627806524
0.9968540086645092391 -0.0790516711974812436 0.00573748118811337731 46.85649192251478468 0.07877085977401743211 0.9961344593626425548 0.03887532020135461147 0.8643130581112332678 -0.008788461751678935258 -0.03830107245471178062 0.9992275970913023775 1.089387559830141239
0.9961203711183853615 -0.08791968468642140377 0.003786196985165551053 49.12301056500744068 0.08771932492075681931 0.9954512811544529161 0.03717616014874312175 1.031367021473601486 -0.007037490917715574952 -0.03669980780056680131 0.999301555001784525 1.0595138594263529
0.9953705428379571174 -0.09610846333740931391 0.0008035704029443879043 51.38724005588526467 0.09601220469547999681 0.9946846734363573583 0.03720291628784502813 1.218379158720521493 -0.004374814279930920764 -0.0369535344145726502 0.9993074088058624405 1.02979563632447646
0.9945437745811519514 -0.104317063404913396 -0.0007941816228506430554 53.65685083183343096 0.1042718052411328727 0.9938230832282928251 0.03798775953336708949 1.431930809595361787 -0.003173495490788181932 -0.03786330050570001216 0.9992778889784287299 1.00326668173249578
0.993583329329206788 -0.113102327191005797 -0.0001768136522880180356 55.92294084897007878 0.1130322981840115454 0.9929106522757873421 0.0367714041683379067 1.661519496285924546 -0.003983371226695508159 -0.03655543983115547985 0.9993236875869705438 0.9797341628659343993
0.992388820158508933 -0.1231269448856511101 0.002045743759230554768 58.1808908128175517 0.1229980102325924085 0.9918845446453675718 0.03219533463834443193 1.908574101597818151 -0.00599325481067602972 -0.03169866774452390068 0.9994795022210293256 0.9683483100966847612
0.9909626267955233825 -0.1340865656058564948 0.003723602898091456573 60.43937653727344639 0.1339462433616756265 0.990647533207991593 0.02599747753563744559 2.178506427831691461 -0.007174690502809460795 -0.02526376600880289244 0.9996550734844701358 0.9460007269892956039
0.9894516567038154076 -0.1448154491630760932 0.003728904634265220539 62.69757591160417576 0.1446969446316708485 0.9892207160888534245 0.02247596660691488293 2.469206628588778152 -0.006943576912089562646 -0.02169932128783051001 0.9997404294092109289 0.928043206015046529
0.9878921430143898785 -0.1551380067142868191 0.001145706399598360068 64.95545613511112037 0.1550758952391075307 0.9876587172554104344 0.02194823330445169057 2.777813487871872766 -0.004536572078731390331 -0.0215048157889156967 0.9997584520331195268 0.8951573362872382589
0.9863292726668266841 -0.1647760551770221238 -0.001848653787938853935 67.20648586514730027 0.1647730247648854507 0.9860439353643487559 0.0238161256508813042 3.113922593659556703 -0.002101473378167071412 -0.02379515016735726102 0.9997146466057971192 0.8637112592529541111
0.9848555307513225943 -0.1733190544686259715 -0.004482064996428047725 69.45003686307457258 0.1733764075865734944 0.9844555458965642547 0.02806954659184915726 3.472477183097786302 -0.0004525935318598825192 -0.02842153253431480356 0.9995959241851157806 0.8496522493640619178
0.9834377875381267176 -0.1811267038347764702 -0.006575347904366998439 71.69562773340705064 0.1812438221617564404 0.9829569807907355683 0.03076119053221290298 3.855666770842466562 0.0008916110765920201055 -0.03144345834526900141 0.9995051345325732806 0.8325718592190340939
0.9819784901158682411 -0.1888634736387371782 -0.006988080914649730767 73.93561532150947357 0.1889901610298651002 0.9814858367333963995 0.03111705843505037719 4.256758518154960313 0.0009818266982124894404 -0.03187696059624739453 0.99949131832121485 0.8239830317194256626
0.9805353221849530954 -0.1962208239455164871 -0.006918829221256740832 76.17431905966749639 0.1963400056862751319 0.9800994330124247478 0.0292524114533642618 4.672347896231883624 0.001041208319091129885 -0.03004146565775525288 0.9995481110113560996 0.8162016523516744115
0.9789175664258785714 -0.2041200195098444026 -0.007444177465399648246 78.41201666693658012 0.204249193852523131 0.9785272560079818494 0.02768891583438976012 5.110383387215815532 0.001632468508131895485 -0.02862563335177479781 0.9995888695667732859 0.8063457521423891272
0.9771731858793054615 -0.2123054439164799023 -0.007678755232109596082 80.64565526101860371 0.2124393715427517759 0.9767574525625826176 0.02853755914535958949 5.568575973282806402 0.001441602236718604298 -0.02951740752303011819 0.999563226832655416 0.8008048500970010863
0.975425200370782175 -0.2202137244706489083 -0.007182898884474087781 82.87444718875707395 0.2203307185694114712 0.9749402360622133612 0.03075565901818032646 6.046561734776319419 0.0002300789130973862368 -0.03158245813297159976 0.9995011232619865904 0.7973226545914764429
0.9735836675683675612 -0.2282384646944758955 -0.006484248455669789843 85.0975520867437325 0.2283278611907293421 0.9730415812750213833 0.03250336773125062778 6.540951181930016567 -0.001109075377695564225 -0.03312528254542668887 0.9994505918794046595 0.7878217496125665686
0.9715748299561357548 -0.2366401747490841367 -0.006616456032405444374 87.32391313862615334 0.2367286075798648859 0.9710152526785250648 0.03299917300415867311 7.054504806193032884 -0.001384250340136844101 -0.03362747032387330276 0.9994334780717588629 0.7724905966585129402
0.9695639363819700263 -0.2447100210264561149 -0.007923312232300118441 89.5451414376333048 0.2448377331001927726 0.9689869273321417564 0.03344875348609403082 7.583366339450961391 -0.0005076591946211530008 -0.03437063090264886461 0.9994090263818393716 0.758433284771483418
0.9674038621569989171 -0.253047065557855666 -0.009846323998353036233 91.7659493189600397 0.253237006490041161 0.9668025340945803903 0.03411566520325345214 8.132898787453775924 0.000886582023886466823 -0.03549707989195650254 0.9993693868092312638 0.7423157263010526918
0.9654292957406099829 -0.2604573768226443597 -0.0104033544809795965 93.97853091347614907 0.2606627772578168356 0.9648187568092472244 0.03434651454369957307 8.698115193249563504 0.001091548455931852729 -0.03587089861887819003 0.9993558361035584925 0.7293378228107081362
0.9635259304039844874 -0.267407249899218713 -0.01054249213766915612 96.18338233445027186 0.2676122858188419995 0.962945278322551057 0.03346722927161883271 9.27506380375166728 0.001202463284450909628 -0.03506784364116880687 0.999384210613920021 0.7200096383468734818
0.9611090819229198834 -0.2759414030978350474 -0.01121047285711357019 98.39336894100672737 0.2761588651768155378 0.960629826813394927 0.0304403847005960751 9.867073624761889761 0.002369352134104920661 -0.03235240165528636969 0.9994737156511919185 0.7155058619558789523
0.9584471378203271996 -0.2850010715437818476 -0.01238843101118802283 100.5915870220920283 0.2852384899641767224 0.95808395654242684 0.02672332424990124869 10.48710277365635157 0.004252980952118132554 -0.02914655099501904309 0.9995661012249843491 0.7085983962269817305
0.9556766226425644772 -0.2940713853483792328 -0.01429032028285140248 102.7892450294280735 0.2943417028397856683 0.9554093781250708739 0.02357715334896600887 11.12146798408404891 0.006719739866745535334 -0.02673837149024607326 0.9996198800474972446 0.7034776590346005776
0.9529845828115639517 -0.3026055807482737059 -0.01581921058300327088 104.9754619983514061 0.3029017822450490449 0.9527682131336601135 0.02198277404845054225 11.77809089651618812 0.00841993089296365696 -0.025740911834904949 0.9996331878352505695 0.7054396374365845546
0.9502839683534091142 -0.3109685757715165977 -0.01609112715540627486 107.158051624182491 0.3112765524662698957 0.9500462604660301347 0.02278180983209057361 12.45238821946736962 0.00820288822369438092 -0.02665797923974298766 0.9996109567064793699 0.7136709563922307709
0.9476965071813475694 -0.3186418914735434926 -0.01840313219092441083 109.3368577184524781 0.3190461460667734506 0.9473689008423045177 0.02649004335184965489 13.14834118029077104 0.008993717596922152363 -0.03097596996070220085 0.9994796657905454795 0.7176754563185354652
0.9449684340507763514 -0.3263692342075044661 -0.022754815104295157 111.5068007540803166 0.3269664269522083999 0.9445194700335577398 0.03123982032011979673 13.86238204766518756 0.01129664966836292292 -0.03696070467854075531 0.9992528669040364742 0.7223832806341268231
0.9422738890154015445 -0.3340181916908912529 -0.02348969347049544021 113.6478970144227958 0.3346749446800360572 0.9417034797773035093 0.03445631406190249185 14.58464229949822588 0.01061129036477766532 -0.04032869691503399023 0.9991301200153710482 0.7401681634788199737
0.9395294256739405991 -0.341801105468731603 -0.02136498521292214126 115.802511387003733 0.3423702214791199405 0.9389231940446133295 0.03472559761040544535 15.33633862592975916 0.008190832505533863356 -0.03994045549833486614 0.999168489433815088 0.7491623981837820523
0.9365619184668556585 -0.3499554366557393048 -0.01956949750948372424 117.9549184591331397 0.3504383948972251694 0.9359959143343036247 0.03323521823829958532 16.10262744644962751 0.006686124403519174558 -0.03798474305009520713 0.9992559507132688923 0.7617896561795143295
0.9332397278631326953 -0.3588147372139070534 -0.01776498511288084406 120.0871987419871374 0.3592132814887870063 0.9327384483193755793 0.03106131724220669021 16.88352307535024366 0.005424826264825094793 -0.03536907384818478023 0.9993595948781990312 0.7649962953843936209
0.9300040470450060548 -0.3672448796416110661 -0.01495562960656835784 122.21278021751084 0.3675351841437558553 0.9295545421378926809 0.02909023216181325089 17.68489517613378581 0.003218834622305932758 -0.03255075372140102397 0.9994649006022386928 0.7628585978191684269
0.9270002075833982946 -0.3748684828505725042 -0.01200981705299617765 124.324670888609262 0.3750593172844077783 0.9266116387089742279 0.02685850940062363065 18.50025607831429042 0.001060027589432153104 -0.02940223757436614613 0.9995670986817893899 0.7605831875872004488
0.9241534875853245623 -0.3818623826858935089 -0.01102052963035649556 126.4276635354397627 0.3820205288885745731 0.9238275538032881817 0.02455537296655196933 19.3325692280572845 0.0008042957012805871048 -0.02690300212401839502 0.9996377251710441003 0.7514325513665620626
0.9218055700470485503 -0.3874895325154746328 -0.01124069487064032619 128.5187904224989097 0.3876500135319386753 0.9215166202129632111 0.02312110896918975061 20.17924714590286683 0.001399299440326981373 -0.02567062255217599995 0.999669475926348361 0.7457738722018247834
0.9195716151610537903 -0.392760412947171178 -0.01128284590244533515 130.6012607915479009 0.3929164913459716746 0.9193365176273033956 0.02090450155525772763 21.03659548944194668 0.002162271597581777796 -0.02365640248369120513 0.9997178097858754331 0.7381784587224806682
0.9172937201224908854 -0.3980755182087655775 -0.01039773180382064753 132.6766110914422541 0.3982049003075379123 0.9171141652970659086 0.01828838928199829836 21.90789496612922349 0.002255747083608621115 -0.02091625239589742571 0.9997786865055715566 0.7357157988020832651
0.9146788982007743041 -0.4041025994790364284 -0.007975103792619181106 134.7378062597138353 0.4041810734996942323 0.9145206454774479354 0.01701907224694676479 22.78665797611894561 0.0004159457324630251585 -0.01879037226340894359 0.9998233588486269419 0.7273059693621823918
0.9117640019067682067 -0.4106767416799432246 -0.005569440734937520718 136.8029200425349927 0.410711572318617768 0.9116224116107835007 0.01614258382378935125 23.68492773641521509 -0.001552156732942090766 -0.01700566058947518625 0.9998541885282032915 0.7232494400173634652
0.9085812967089708092 -0.4176734596078223727 -0.005376654152716138155 138.8498746801043922 0.4177074644384572433 0.908482899129481325 0.01339015092102237812 24.59159760478758727 -0.000708112307578163242 -0.01441190926024489213 0.9998958923050110803 0.7049951311311066782
0.9052184025352701946 -0.4248980531194284649 -0.006425586884697501514 140.8762600961088083 0.4249442317735313002 0.9051606570207606506 0.01032399458292035214 25.50463740756579156 0.00142954324759838854 -0.01207598596654580261 0.9999260607510132015 0.6954791278177752112
0.9017889371021724498 -0.4321344123598049314 -0.006046699478250821755 142.8828608711175434 0.4321751599525574528 0.9017349553892098912 0.00993485526824958165 26.43066338936868931 0.00115932744104771954 -0.01157237588681680335 0.9999323657509134877 0.6949587873390390413
0.8983150964624813106 -0.4393256449724081136 -0.004792195444740297502 144.9104597412024589 0.4393508618207567218 0.8982374668858020827 0.01184370296554100414 27.38695074401794116 -0.0008987129470927193243 -0.01274483237062309753 0.9999183774503214162 0.6922908621811190155
0.894537776574493626 -0.4469630409057994136 -0.005119213357734626706 146.897308084106669 0.4469917514753410925 0.8944590658961215635 0.01188921987535262841 28.34318701128096052 -0.0007351150714030173401 -0.01292360245745298106 0.9999162165428429061 0.6844340097727095173
0.8903594785973817372 -0.4552287624986275927 -0.005174230934802334647 148.8824509427601583 0.4552578031397350733 0.8903156338004356574 0.008854653630199400133 29.31815982638995521 0.0005758056797187084902 -0.01023943379766051841 0.9999474098387987064 0.6730990592130181582
0.8856468891413995514 -0.4643448454744352194 -0.003667728927331163555 150.8528986052678249 0.4643582566287935975 0.8856342008941548993 0.004844760803091309638 30.30873553628029171 0.0009986264711812761416 -0.005993887544374501899 0.9999815378582128655 0.664096135982377378
0.8809101178592522174 -0.473276615929474842 -0.002570810678111165072 152.7884659803434317 0.4732799157879328811 0.8809116954732919558 0.000840291697709635247 31.3042047051574599 0.001866966782110100493 -0.001956934519708716617 0.9999963424144711066 0.6567584254243521436
0.8759571545510000945 -0.4823799721734390311 -0.002936977505444752362 154.732562869187575 0.4823774352960777945 0.8759620770054261651 -0.001565108787976372904 32.32851108593034439 0.003327658049380048059 -4.576343612016343606e-05 0.9999944622834739949 0.6557977486671824341
0.8709139915664745324 -0.4914137714223847375 -0.004617851251276746012 156.6603651057369007 0.4914126443199272054 0.8709256565058509647 -0.00145390589415974247 33.37082014931228002 0.004736274511406839138 -0.001003043508821304438 0.9999882807350654046 0.654369163840483381
0.8656419351051701794 -0.5006111830365446158 -0.00724455700009694805 158.5737508473779656 0.5006281292095611235 0.8656622253416428325 0.0006227846254619405194 34.43276612439240836 0.00595956638618882692 -0.004165937506249188169 0.9999735639171580814 0.6568099900815951298
0.8602606379250756774 -0.5098040763483050464 -0.007172069115217582537 160.4723430854554351 0.5098319624455583954 0.8602697895135127393 0.002694312395992970975 35.51324878205573299 0.004796342945691610404 -0.005974360972352912337 0.9999706506219666613 0.6632322211171219895
0.8548320456586839811 -0.5188993554940197761 -0.002373306318328121615 162.371961153951446 0.5189041605457365147 0.8548291630591681178 0.0023609641857912202 36.62298040807340982 0.0008036686594279364134 -0.003249746367496744812 0.9999943966169174692 0.6656394950145851919
0.8492197765352931249 -0.5280305834604237525 0.003077998016762876002 164.2428215337033919 0.5280349872447550608 0.8492222480192864742 -0.0007910211759300040052 37.74217811477633688 -0.002196221022138404328 0.002297041469778729472 0.9999949500941032188 0.6604340289590822088
0.8438504818248302453 -0.5365753062746536628 0.001817971469393929148 166.0991953638229575 0.5365783459091425511 0.8438442657042616313 -0.003245603094053709382 38.87546430928300367 0.0002074256745758144924 0.00371428785868679022 0.9999930804962063879 0.6459595628331566974
0.8395978831796665487 -0.5431627148117509352 -0.007046970877732050727 167.9253610653587998 0.5431797729413871956 0.8396161910894788249 0.0006212308257646466164 40.0175328596851827 0.005579321425232794222 -0.004349356127569016517 0.9999749768237751191 0.6339123490362659208
0.8362445513865538471 -0.5481439828644296686 -0.01527168379129173123 169.7695644786446678 0.5482977359630674119 0.8362386677720388128 0.008630368510100303384 41.19527391673346273 0.008040087939551503887 -0.01559052829013859824 0.9998461343694632353 0.6328660079225667534
0.8329665630362552697 -0.5530783804634445966 -0.01646237915677495681 171.5881474513435876 0.553302542303770295 0.8328244236628583597 0.01611756901062745204 42.37870379191119952 0.004795992467954922865 -0.02253407230309418738 0.9997345717947770938 0.6463562176212003241
0.8288847971919296453 -0.5592801999343681718 -0.01247601480709537719 173.3994386863772661 0.559419326868887623 0.8286825570817432096 0.01830945968684007802 43.5729708100686608 9.853757818731888644e-05 -0.02215575658461181943 0.9997545262415715728 0.6552125350601407661
0.8240803104972823645 -0.5664001829372757868 -0.009081553794545267275 175.2069664398235886 0.5664721537891383996 0.8239457434533741242 0.01492349913932925799 44.7773194326025461 -0.0009699650496219568672 -0.01744260914219235986 0.9998473956330111712 0.6471477726968941635
0.8191234437684523639 -0.5734967258083958352 -0.01175964948290139644 177.0039418555583097 0.5736082335639964835 0.8190535136220221668 0.01117748679317622992 45.99685752088392121 0.003221530149280630619 -0.01590117324192174414 0.9998683785544113523 0.6389427446770112873
0.8146433506987424966 -0.5797367422148567151 -0.01617160747824149605 178.7914610361779921 0.579929944689043908 0.8145755373297478563 0.01216360295779809336 47.23247782691697694 0.006121308298725474696 -0.01928739770049929178 0.9997952419744028374 0.6306990327444079725
0.8107456652031181932 -0.5851913175765451891 -0.01557524277115242446 180.5702897547644739 0.5853899912040430031 0.8105907016921761743 0.01616392676040985174 48.48246785033836659 0.003166157368759420308 -0.0222224247824687228 0.9997480378997019024 0.6281865586583506023
0.8068200327918603199 -0.5906959876911975771 -0.01094005535918373198 182.3432819179606668 0.5907966701533584608 0.8066540853938726219 0.0163853914533259766 49.74624663679551162 -0.0008539446383086040336 -0.0196834103471790825 0.999805898230081036 0.619714960368180412
0.8024915952614788406 -0.5966244520871862855 -0.006819289284938198116 184.1117210558542467 0.5966602932728435338 0.8023979595118939656 0.01241003637035068344 51.02269605775703809 -0.001932347342286796403 -0.01402774902875927703 0.9998997391193453765 0.6040503319956240791
0.7986253603008770519 -0.6017852999059183361 -0.007210180402603762022 185.9119024886889235 0.6018278424068899124 0.7985847858660630738 0.008098634892479686029 52.34097452004018436 0.0008843009452695869705 -0.0108070625240153078 0.9999412109776455448 0.5894280881889213397
0.7953878216083895003 -0.6060138219368270684 -0.0102694137408345619 187.6268803075401763 0.6060807696412147116 0.7953851679971435384 0.005341835009489395887 53.61456859783600493 0.004930913523229255371 -0.01047292469539827867 0.9999329997255570479 0.5751762125514134905
0.7922345014580729483 -0.6100435267810293549 -0.01453926174337084529 189.3660514832534432 0.6101681998196419876 0.7922471505864530084 0.006262612594084998076 54.91623290164002924 0.007698222414057276537 -0.01383285293095915316 0.9998746869240435764 0.57240714029845563
0.7889821876922837873 -0.6141677123784471393 -0.01746792993238875658 191.1061374004555091 0.6143650026968860978 0.7889642609699069054 0.00954140311818556415 56.23601625619988198 0.007921550703804600829 -0.01825968192586106126 0.9998018969027882008 0.5749050879516490742
0.7859580330046435082 -0.6180665306633786882 -0.01623989006140086344 192.8438467334701159 0.6182597211171722007 0.785873223300298962 0.01257752534145234989 57.56900937674115681 0.004988747296473404827 -0.01992587697776918021 0.9997890136559206553 0.5736401916795421663
0.782673579321082058 -0.6223233836120444229 -0.01164793725868115866 194.5746407772474811 0.6224316759910240027 0.7825637911567548954 0.0131423549401132652 58.9168181601940617 0.0009364591453477935342 -0.01753621909144575941 0.9998457901417827642 0.5691154031394112245
0.7790980457141891691 -0.6268669873521629521 -0.006634405199751233252 196.3477564414828578 0.6269016399193890754 0.7790411181992905609 0.009448281387626064273 60.30143493001449428 -0.0007543412437152748019 -0.01152025706407098365 0.9999333551024617295 0.5619658358110493079
0.7758403094886067164 -0.630923649983228807 -0.002676203367311737712 198.0798442661760532 0.6309290306649386615 0.7758288642701290927 0.004258125118222169658 61.66232565191455706 -0.0006102760226566377247 -0.004992119505962937936 0.9999873530730347682 0.5433660810080434
0.7729516510460037182 -0.6344611064653794541 0.002202164386090827222 199.8043168296288172 0.6344640195308849373 0.7729517624455434222 -0.0009903802507713020675 63.03392345057062585 -0.001073809093697892765 0.002162710118063983049 0.9999970848052385231 0.5291376137352250542
0.7706797941677504538 -0.6372182457142955281 0.002358429636317301795 201.5223932533882589 0.637222083568698916 0.7706691208341206467 -0.004137922803729484483 64.42165000031594957 0.0008191910155238917805 0.004691856941464559415 0.9999886576379358738 0.5058783154642658708
0.7691939469430808529 -0.6390153246115825025 -0.0002947841227203141915 203.2329178411713144 0.6390104020266670348 0.7691896810209124524 -0.003597320206014715475 65.82232592157683371 0.002525487644503565405 0.002578666806911969391 0.9999934861736132774 0.4850866638999935532
0.7687816355339642804 -0.6395062994445119831 0.002547515752472093511 204.9507867576115814 0.6395095429101900208 0.7687828665675783268 -0.0006697752883508879297 67.2243262949001803 -0.001530160946698900072 0.002144071576038565369 0.9999965307762592737 0.4719349696870400734
0.7693771601315344544 -0.6387377818400304941 0.008534138387264026543 206.6652736376021835 0.6387347678173286303 0.7694193496465019377 0.003429398037170966126 68.63231792166429557 -0.008756817303031070795 0.002812550378510781345 0.9999577029610250412 0.4585567754803858698
0.7709308449260909857 -0.6368183205409817527 0.01131631410429136987 208.3847956642048302 0.6367837190444910478 0.7710115890137023698 0.0069010699483788027 70.04595120525598873 -0.01311973709379028914 0.001885796895008561534 0.9999121542758946379 0.4236918519764230062
0.7730573647881653354 -0.6342603916691332833 0.009801342076223441835 210.1191416924488919 0.6341779375627334403 0.7731173694316063605 0.01038636566999169217 71.45844120332225202 -0.01416524816073695681 -0.001813461571323822605 0.9998980233512185789 0.3887869393430263276
0.7747879565907264121 -0.6322097111133047065 0.00380834557235205538 211.8484594431355958 0.6321755704451894609 0.7747903603137160644 0.007344773464262867486 72.87057606279446986 -0.007594106548236088244 -0.003283098989343945229 0.9999657748176985494 0.3508468504021207135
0.7749517337028936081 -0.6320198642568234382 0.0008376250151714329482 213.5889468046298134 0.6320147953119802375 0.7749385662509232775 -0.005245669043997488491 74.26739682154068589 0.002666259108810655181 0.004594531722589221753 0.9999858905707693646 0.3086228798938996931
0.7745158867059731556 -0.6325515136439032737 0.001929721966255599315 215.3398048695269154 0.6325274373003118011 0.7744510022159267759 -0.0116054396317739443 75.66917672492240854 0.005846563294816813257 0.01020919945703381224 0.9999307925772094041 0.2899299594031925498
0.7745318294775440648 -0.6325107340832500924 0.005533208439663867342 217.088611518442292 0.6325310832007629003 0.7744669458323871769 -0.01026540783037702652 77.07660975459754127 0.002207693601535251453 0.01145081143511121266 0.9999320001912326283 0.2964856457913032095
0.7750037499863369206 -0.6318892601774793727 0.009227696325372894068 218.8409445143180676 0.6319545796303355223 0.7749558398873560572 -0.008766727367069099275 78.48771734621762164 -0.001611456285899868276 0.01262573153684381708 0.9999189937748947932 0.3047961067005191538
0.775681945189106048 -0.6310602991710293486 0.008967648399416962984 220.5955683371608416 0.6311236722333167792 0.7756179864603666152 -0.009982455905209745156 79.90345299346026309 -0.0006559377848370445208 0.0134029060034548328 0.9999099618747104845 0.285272121821536162
0.7759551550891730098 -0.6307510981316882814 0.006830043646043015143 222.3511576242451895 0.6307846818885624041 0.7758699692333208553 -0.01168229158303147816 81.32076170772639045 0.002069392491174049543 0.0133732212856623716 0.9999084330913317054 0.2827769068837306943
0.7760098825616592588 -0.6306969968151743267 0.005473607125083133212 224.1176121661684135 0.630699486885032079 0.7758832456507738229 -0.0149447770601684321 82.73662343251262996 0.005178745948293837775 0.01504949589657167235 0.9998733386102772736 0.26321745966267307
0.7758462812463519098 -0.6308904047312102747 0.006312297069714874198 225.8912386831263746 0.6308951237386474231 0.7756821077034262713 -0.0169885441273532993 84.15876776865952991 0.005821573584813350549 0.01716289622586947283 0.9998357586494577287 0.2484739723602797934
0.7757678306229176535 -0.6309606312003034345 0.008541360894307443649 227.6666479825127567 0.6309975426094937001 0.7755609075473200997 -0.01863813040938946952 85.5860459331653658 0.005135580920623677818 0.01984843972940792539 0.9997898105346522124 0.2349968987051169744
0.7758782955214258426 -0.6308113203074897646 0.009484129411206047508 229.4573797291916151 0.6308699069787533364 0.7756795876942781387 -0.01800937819731315143 87.01447911787538203 0.004003874047240544957 0.0199563374985540741 0.9997928353345295616 0.2255225471814439331
0.7766656676975944862 -0.6298403745291950573 0.009567822781229718201 231.2496349115736223 0.6299007409727760409 0.7764659809567793225 -0.01804541323367371553 88.44851070040009233 0.003936640928182990468 0.02004203157740301264 0.9997913881547755288 0.2163808000373321772
0.7774277810849320458 -0.628899357612784482 0.00957304505296207621 233.0490962489111553 0.6289548050634696796 0.7772029763118510903 -0.01927139848514300424 89.88741750540893349 0.004679571020076854666 0.02100313324785782129 0.9997684581986174823 0.1949053899948423041
0.7779041443222394214 -0.6282901477643514365 0.01079965131538768511 234.8546678811896982 0.6283649930721975085 0.7776370558569669633 -0.02092952076579311996 91.32856933863878623 0.00475160264139731954 0.02306728376636456995 0.999722622876955902 0.1850690971703345955
0.7779586666609350498 -0.62819611831349631 0.01224540334149518302 236.6698348406418404 0.6283022810297237415 0.777668382899179611 -0.02163630957028137014 92.76880272509426106 0.004068982672151139936 0.02452596939634974632 0.9996909123349991821 0.177963858774345951
0.778023122920490251 -0.6280729428973936823 0.01429680388251006358 238.4890310899235715 0.6282261675596167994 0.7776849325861154849 -0.02319543105625071142 94.21563481615258695 0.003450013681706229698 0.0270282080193318501 0.9996287177631801857 0.1703637891326408305
0.7777887268555192524 -0.6283337964988867652 0.01553501058145596511 240.3131754196927545 0.628517013777315281 0.7774094478699027366 -0.02451354227889144047 95.66330843723382316 0.003325623086949051899 0.02883037529947361788 0.9995787861350274861 0.1579095226946378716
0.7775484265226089153 -0.6286222511942468616 0.01589055429153832244 242.1408665086835299 0.6288125555935428768 0.7771410470869694054 -0.02542760036823013894 97.11757476460753935 0.00363515338502606259 0.02976337071042320717 0.9995503626250261675 0.1480309385784708276
0.7775970991457593628 -0.6285435852409242408 0.01660460335524608158 243.9716442994163117 0.6287534984330110932 0.7771700994457257927 -0.02599374416605324672 98.57511988637023137 0.003433599911113038167 0.03065286250916349903 0.9995241930096763205 0.1328648092248427837
0.7775203325761721462 -0.6285968824194684279 0.01811330569398410251 245.8113058137263636 0.6288497738156203498 0.7770422912637320323 -0.02744521014043339521 100.0336903588445097 0.003177168972809802077 0.03272975710472779409 0.9994591880598145961 0.1133053503925529615
0.7775696677225449882 -0.6285183586990005233 0.01871054825935279664 247.6472950983871613 0.628787550524948502 0.7770525528052901754 -0.02855777448641676555 101.4980240832920089 0.003410006258982187406 0.03397061902727573773 0.9994170145140702788 0.09489712742818467994
0.7777328799484516386 -0.6283446134803990502 0.01773736613072029317 249.4807457145418823 0.6285820254272650454 0.7772265465893364311 -0.02834665035892285079 102.9638603165672492 0.004025513239871000327 0.03319551154873000981 0.9994407702591353582 0.08448675158355145598
0.7777222433437536164 -0.628364795205587523 0.01748703389941546824 251.3208108788979018 0.6285951758825583102 0.7772270868472219707 -0.02803855074993264612 104.4412863234455671 0.004027041784601597535 0.03279846973901262563 0.9994538725310159188 0.08321200775382342485
0.7776887786888735388 -0.6284208577302532461 0.01695255352390948739 253.1194117377212081 0.6286324239706886363 0.7771862543256964351 -0.02833375407407790272 105.8735865482032779 0.004630230463446992524 0.03269176741576859668 0.9994547560090394356 0.07093507474698190762
0.7774549158390759995 -0.6286964215383418209 0.01745460920613402592 255.0213667511798121 0.6289222071317254192 0.7769342994085648435 -0.02880888368336489633 107.3812724278125472 0.004550957505227807079 0.03337519958601173342 0.9994325314088887691 0.05527305269572369006
0.7770158315270717653 -0.629201743100620603 0.01875004094485684461 256.8784334850194 0.6294705208231335947 0.7764857449451376681 -0.02892665400020434652 108.8526693468921849 0.003641561608178113963 0.03427906615027879328 0.9994056657098351337 0.05250237847317729134
0.7766619456000241062 -0.6295492633647882252 0.02153943484954367119 258.6741876243349338 0.629914895294511612 0.7761036097588057681 -0.02950273894837514982 110.2858408300738944 0.001856594433297755354 0.03648166548012790611 0.9993325978576433899 0.0509415687824175123
0.7763428736681867726 -0.6298978189106332337 0.02281403594827263043 260.5921092192586457 0.6303103683508027855 0.7757897965926573436 -0.02930923151839407922 111.8127090865839364 0.0007629246996152150469 0.03713393642412042561 0.9993100063101300057 0.04633937616204875098
0.7762716108504118528 -0.6299375828332965943 0.0241045207762037271 262.4543744491407438 0.6303976964995133825 0.7756383306294599711 -0.03136756774842536927 113.2986562854423482 0.0010632195513249512 0.03954518671707307753 0.9992172175116367239 0.03533971308900718533
0.7760093651778311452 -0.6302570444784239001 0.02419758338391392663 264.3209924799520536 0.6307181544884297164 0.7753113061198724232 -0.03296950411223911054 114.7792184077701165 0.002018602241372231213 0.04084649909134864532 0.999163394424040896 0.01781629260766215417
0.7760024785210293263 -0.6303178005258824879 0.02279525541496043792 266.1829979130957327 0.6307211646230296287 0.7752950777374434388 -0.03329196498647577634 116.2768969382557742 0.003311468826473472262 0.04021209738754379787 0.9991856791397212278 -0.009251355909225988938
0.7759579347331752031 -0.6303851341867372504 0.02244696240017365549 268.0471795846083864 0.6307715125125802347 0.7752205718661508982 -0.03406411540184042797 117.7737179015509952 0.00407216493002106935 0.04059122506019519766 0.9991675384643434743 -0.02227272003940306
0.7756403109667178164 -0.6307690352621423413 0.02263917308383044807 269.9219494228076996 0.6311626444563943616 0.7748997523542459076 -0.03411876381318148382 119.2708548220412439 0.003977970118612252776 0.04075288892575253119 0.9991613372213421496 -0.03642445183361853189
0.7750922307516007193 -0.631410322008334135 0.02351678315244953854 271.7976378697907762 0.631837833256951642 0.7743303228891421641 -0.03454712027879470321 120.7669290669267355 0.003603650047944214913 0.0416359978351521498 0.9991263470605722397 -0.03574218612807511519
0.7750152300564328023 -0.6315111027243727193 0.02334781181227240862 273.6760145622977802 0.6319325041430927659 0.7742654002451585527 -0.03426952276651062945 122.2665455429376067 0.003564181254439381923 0.0413136432556023836 0.9991398698345164142 -0.03324942559164445477
0.7750925379771919088 -0.6314289408543272142 0.02300109179273776214 275.5503766196125071 0.6318361124248238481 0.774343779552385203 -0.03427591143080809671 123.7775281500322535 0.00383205009895197209 0.04109992360223643781 0.9991476926220314025 -0.05716021926534575748
0.774900836307511387 -0.6316151261469750144 0.02431103272714286306 277.4292623689157153 0.6320720763165003087 0.7740900305246795066 -0.03563025376346713041 125.2864811807794325 0.00368567915962051719 0.04297623837240311523 0.9990692962475079542 -0.06945853982702554497
0.775162159706961007 -0.6312781826222146897 0.02472816822236555828 279.3000028069595828 0.6317501659106529166 0.7743104645981185863 -0.03653809362443936892 126.803331513191452 0.00391842191479610958 0.04394497194264154055 0.9990262686289375083 -0.09066818332787773826
0.7749750529632521978 -0.631513967329381698 0.02457186098994400963 281.18471272555513 0.6319778480333304582 0.7741133766456134158 -0.03677607501470595008 128.3111586973383851 0.004203198753947716762 0.04402941251290123231 0.999021393141309888 -0.09755247881779349761
0.7747796324069755602 -0.631817089841284818 0.02288419087059114301 283.0787597502848598 0.6322159738368547943 0.7740003513129730672 -0.03502025974934405705 129.8161533563782086 0.004414026826965769014 0.04160073499211282971 0.9991245644139107318 -0.1009428932656917244
0.7746689346219158834 -0.6319572077527378928 0.02276245375851996752 284.9649719913044805 0.6323522444203721893 0.7739028014684781187 -0.03471444736358545585 131.3296162245371477 0.004322118492555563837 0.04128609267785236098 0.9991380174145773063 -0.1090993665168580318
0.7743151986778795681 -0.6323680175678196846 0.02338083518144045206 286.8567072645535632 0.6327897715633744591 0.7735626920735796386 -0.03432005880893451016 132.8399709028194309 0.00361636574593316145 0.04136969650870124526 0.9991373629834736647 -0.1141483894898931428
0.7739953721739416537 -0.6327304751122261317 0.02415180567945806114 288.747192607936995 0.6331817984432521751 0.7732121310617252607 -0.03498300300366110477 134.3558145651423104 0.003460342972956474 0.04236916618535200435 0.9990960313119392477 -0.1254113331849728841
0.7737996527182888773 -0.632948378388716093 0.02470724080406926787 290.6336059471565818 0.6334198471600523961 0.772972514859499249 -0.03595536810431960995 135.8791701267112728 0.003659873876437796589 0.04347230804634091839 0.9990479286582464313 -0.1426863464373817614
