1 0 0 0 0 1 0 0 0 0 1 0
0.9999997101134652233 0.0002365344553723529937 0.0007237571671418162322 1.44094858344198995 -0.0002376561771594892433 0.999998770251660285 0.001550166026120348896 0.2336979859972460327 -0.0007233896094259164786 -0.001550337582109625849 0.9999985365793564451 1.37121236048223305
0.9999963734797854276 0.002686618542868096388 -0.0001873715094566157069 2.017608900517131154 -0.00268628486447741819 0.9999948450300903957 0.001758916391555675595 0.2018346712622440808 0.0001920960809550306279 -0.001758406679559938388 0.9999984355512987477 1.366461847017149234
0.9999809412958396981 0.00591972409240251133 -0.001753257470039239338 2.648384847849033719 -0.005915568547574529511 0.9999797039300325485 0.002365962122157299133 0.1961208393731931621 0.001767227728779202905 -0.002355545515239594167 0.9999956641463403351 1.343039835830895923
0.9999563994382337784 0.008914914305254612731 -0.002779123144721240297 3.268064505125451102 -0.008908215656437384194 0.9999574085019500291 0.002413477963967106035 0.1847616159142735082 0.00280052072692962839 -0.002388615706663093242 0.9999932257763869403 1.311759034658110279
0.9999311135001940354 0.01126743836267108702 -0.003288325866681759274 3.902491145055660304 -0.01125672845708154159 0.9999313350781984244 0.003257482643882123746 0.1697484434158282318 0.00332480355895067815 -0.00322024245594497438 0.9999892878025340437 1.289343200032777581
0.9999070775291372115 0.01350309231306712557 -0.001871578244382692078 4.527814741614363037 -0.01349970788734893533 0.9999072378295341679 0.001809315635192751837 0.1561828063690879342 0.001895835988768029704 -0.001783881749525875141 0.9999966117801636356 1.278694554154140128
0.9998753954279003819 0.0156725468455543894 -0.001888092496106957233 5.170362584823933183 -0.01566781756450214697 0.9998741416248850822 0.00249407350827402733 0.1404214320258209692 0.001926943347748011348 -0.002464180446537834329 0.9999951073400616952 1.288238219875768698
0.9998358964888931499 0.0179173908381473658 -0.002673424359193663728 5.81954559837910157 -0.01790882894356417981 0.9998345259783353312 0.0031928838919848203 0.123753541090951491 0.002730190125506848364 -0.003144482028985232276 0.9999913291097317636 1.292739252348479528
0.9997927963616947133 0.0201935578849478832 -0.002566040375768840857 6.483311144817587746 -0.02018496772034625297 0.9997907153117979728 0.003330563683807756872 0.1056614715699633889 0.00263275927334736138 -0.0032780781367408654 0.9999911613521081932 1.297965429646271929
0.9997439219112667086 0.02230329101829711669 -0.003828029680174025329 7.152327428011379773 -0.02228891404608330726 0.9997445076279893872 0.003758161560574094836 0.08389964866518553888 0.003910871018770172708 -0.003671876553237257354 0.9999856111017059179 1.296739713709142316
0.9996855744202078897 0.02460510153857475152 -0.004831280825558999063 7.837259387820171064 -0.02458917573709921978 0.9996920990743763946 0.003328586011687699985 0.06108015018847642863 0.004911693466518317862 -0.003208742205846139284 0.9999827894722725929 1.283459007123707751
0.9996301555886800694 0.02691796915618829139 -0.003869751188091847486 8.524143546042166619 -0.02690486219550775396 0.9996322161881343593 0.003400110151118655808 0.034807037423543713 0.00395985201642437383 -0.003294737516934878856 0.9999867320503320611 1.277321549849387505
0.9995716657810674866 0.02916587580483469624 -0.002415917258298570097 9.216653750387120425 -0.02915615646721433571 0.9995670047203470965 0.003965049111047956425 0.008102951398486990531 0.002530515307462589784 -0.003892911883239149988 0.9999892208065784827 1.277442035315999425
0.9995107421267039882 0.03124748166312698444 -0.001367941167569029521 9.917744376995802469 -0.03124138769965159254 0.9995027475694422403 0.004270046338848896422 -0.01959236524469337715 0.001500689150172478982 -0.004225220804691937233 0.9999899476700884193 1.283789778312446117
0.9994449448120106272 0.03330547178284302273 -0.0007401614954309486839 10.62559046180271416 -0.03330185828432336015 0.999435427677059729 0.004451082877639757178 -0.05079922745252668514 0.0008879890359204488512 -0.004423963527767998082 0.9999898199592719417 1.273600793493436356
0.999392703539887628 0.03483203281818857827 -0.0009765249545473868699 11.33658081700571252 -0.03482733767274322212 0.9993833423839183494 0.004471187334103823331 -0.08605216208017749113 0.001131663316954644805 -0.004434462233525440431 0.9999895273865804235 1.261809647101676202
0.9993425538596455437 0.03623148921019434671 -0.001318800550925074838 12.04891035891260742 -0.03622638092194165743 0.999336720329256023 0.003710623514292424752 -0.1224351746138587771 0.001452367233151059638 -0.003660408608066766187 0.9999922459890586701 1.253158343421847842
0.999280825341601675 0.03789180257243031369 -0.001429476274505090587 12.76786256454001922 -0.03788636973274204373 0.9992753753543052175 0.003653381856089260495 -0.1562448836046719802 0.001566873664778781596 -0.003596596769780826403 0.9999923046696880258 1.249765242845013002
0.9992077061700486151 0.03976556542809178696 -0.001630869882562074706 13.49530826161767827 -0.03975832724619666331 0.9992002720066320842 0.004253449947600549536 -0.1934956527200510368 0.001798706472449872369 -0.00418523930696418963 0.9999896241596556434 1.252328299144062962
0.9991285248013948017 0.04169201739293298264 -0.00199163598481241072 14.22190379870241372 -0.04168109922280370527 0.999117221329650973 0.005240611614694149802 -0.2305762711850358748 0.002208369481635353952 -0.005153030974547749207 0.9999842845645164902 1.240783855783677669
0.9990565637787930386 0.04334446515954645807 -0.002690671021021685209 14.95207105245411228 -0.04332728434781234206 0.9990420325275531921 0.006145215558402036295 -0.2688286199284870559 0.0029544545273735511 -0.006022838471042890433 0.9999774980544299252 1.235804917090053356
0.9989715241907092258 0.04521275269122662643 -0.003420650548240707512 15.68313701191797271 -0.04519114485411720311 0.9989594247525854787 0.006150457280382663934 -0.3086554476402849634 0.003695170207906048939 -0.005989548569432853221 0.9999752352058869365 1.240880972191659826
0.9988632009589890615 0.04751065864648149756 -0.003878541599582351757 16.41841272628056814 -0.04749006529258564119 0.9988579688949070778 0.005239434477761083578 -0.3487738497595143095 0.004123041167406744749 -0.005049286099867150192 0.9999787523949764667 1.235130627708918682
0.9987655963093744482 0.04955927987191122153 -0.003340869251743390674 17.15537365006345283 -0.04954328486012396504 0.998760864271449389 0.004711573518050448175 -0.3889679213786848555 0.003570231651907286932 -0.004540239897291561098 0.9999833196946971148 1.242002139961473128
0.9986648086144740422 0.05158272424333220502 -0.002796890175241258363 17.89402174629411846 -0.05156640217514296687 0.9986537336142895516 0.00562374474447521408 -0.4321540701353080438 0.003083212890382960609 -0.005472010405321796334 0.9999802752556655738 1.240364538811007611
0.9985655085965368105 0.05350729099397125849 -0.0019735378958070488 18.63451303529735625 -0.05349329364362482436 0.9985465976181611136 0.006569621020356187537 -0.4788212740244578436 0.002322192174784942428 -0.006454625913301247422 0.9999764723371359354 1.243396722281624234
0.998444800779444197 0.0557177717849957968 -0.001873420350889088391 19.37630560307123773 -0.05570581933116025564 0.9984296735429517566 0.005920192696087660938 -0.522608659749266069 0.002200338414910726036 -0.005806625201423218537 0.9999807206214678112 1.241155879956171715
0.9983095801034269634 0.05805557349853582988 -0.002744569087401503224 20.12295391562898672 -0.05803761627666938205 0.9982949991164837833 0.006223329972111912335 -0.5722772163886754582 0.00310118858528419649 -0.006053521683764697715 0.9999768684847578637 1.236764141063789513
0.9981834172786542281 0.0600975091266043801 -0.004260852812016218023 20.87157328067129569 -0.06007317259940751081 0.99817811835513226 0.005626541642022338599 -0.6254567871982874561 0.00459123118016917936 -0.005360357617297587668 0.9999750932710599338 1.233374597843664766
0.9980464490533529354 0.06225605908185587872 -0.005241053290074865027 21.62474293777228951 -0.06222388408665867343 0.9980436157421795906 0.006093383743597208073 -0.6811591577159443744 0.005610149834273573007 -0.005755361315603000835 0.9999677004958529292 1.222883509688226011
0.9979418763666632053 0.06389575238925672418 -0.005417030588268050353 22.38215383056839158 -0.06384875596204533932 0.9979238520948582325 0.008445222451704759159 -0.7454347539298085135 0.005945397874206447518 -0.008081970475718857488 0.999949665731904247 1.21532842104302885
0.9978124730122938102 0.06592583247341526898 -0.004904417781725936912 23.14376230436561244 -0.06588188457094543149 0.9977900258207756945 0.008639540378774469495 -0.8082835935931165228 0.005463148036722586046 -0.008297528864851161368 0.9999506512964856375 1.214253202540727106
0.9976596648433487813 0.0681982043550256184 -0.004919153118894337845 23.90955975054925275 -0.06816218796300929639 0.9976486220654152692 0.007151435035958233176 -0.8711426280967200508 0.005395301358807696145 -0.006799398041614173813 0.9999623287451979703 1.210844551901151034
0.997506832233345575 0.07042218477790376796 -0.00456459624751661807 24.67831832504882428 -0.07038904043264015975 0.9974946641798333458 0.007055346889669577258 -0.9353407530944451986 0.005050013343369635574 -0.006716459176396563299 0.9999646926473771957 1.213744698329532801
0.9973131129449178678 0.07313157368248876522 -0.004281083839415788378 25.44601410272855091 -0.07309713240576502791 0.9972949942576075921 0.007713861728898794429 -0.9948447827378958941 0.004833630330449997445 -0.007380200501424766246 0.9999610835719494606 1.221309256832330048
0.9971235148423747141 0.07565842658424505596 -0.004527541847958239593 26.21480126439685421 -0.07561894483456074734 0.9971019525923934257 0.008334945623342476448 -1.058873561023511378 0.005145029688570265658 -0.007968602338730397874 0.9999550140112658525 1.220760651602260216
0.9969074373520681043 0.07843652774648610104 -0.004824154558782671812 26.98334715529466266 -0.07839859498667557658 0.9968930827834611152 0.007605379846043150253 -1.125280628269997196 0.005405705897245475199 -0.007203652793000816547 0.999959442042621216 1.216225873098759624
0.9966302941713287566 0.08187972790760561503 -0.004875130536413507451 27.74964662221866618 -0.08183651276594153257 0.9966096270848386895 0.008487424823154439066 -1.195109857297221856 0.00555355006104111832 -0.008059861015878610688 0.9999520972137236896 1.215287850826655358
0.9962361717756321733 0.08653156474147205568 -0.005077238346331800455 28.51235191705323402 -0.0864791144912512022 0.9962057297066233552 0.00977276094576992431 -1.264814289141080073 0.005903626228183740492 -0.009296902876040437358 0.9999393555582615223 1.212498046045365374
0.9958486152819533421 0.09088805566351788878 -0.004989667195457922998 29.27296588018018397 -0.09082916474185279143 0.995805988051745361 0.01097711221517876264 -1.34052055397695713 0.005966428857660207793 -0.01047833469557711908 0.9999273004717362801 1.213139974106725916
0.9954351978018508573 0.09533381141391547575 -0.004497930467005197344 30.03098698799268007 -0.09527738850163738893 0.9953851763036150047 0.01142672461072111179 -1.418873589252594103 0.005566526520018603291 -0.01094601280454224335 0.9999245964502446737 1.205025013414365853
0.994949437352267152 0.1003042720860731624 -0.003830158441902419778 30.78495003099235916 -0.1002628068953268642 0.994912647353495605 0.0098078381679832672 -1.498144662604079969 0.004794441143394043148 -0.009374280630638075207 0.9999445665619572932 1.198050795379894451
0.9944384172743939709 0.105290667488628184 -0.002471758199615801867 31.53350193093838172 -0.1052650384145786405 0.9944046277849498683 0.008871748838449329544 -1.583412859871467182 0.003392040149455141217 -0.008562218151529387908 0.9999575903426854984 1.207032379483126361
0.9938991709882253334 0.1102858144577098243 -0.001215334652723216611 32.2789627604172864 -0.1102694909528749018 0.9938565216649468681 0.009479119634590839338 -1.673857390643891829 0.002253280699857291344 -0.009287274813024866058 0.999954333583606747 1.212923167988639639
0.9933606981598218644 0.1150383177597198298 -0.0008419016837009551599 33.0228909254281362 -0.1150246237542899425 0.9933142251371617215 0.009807449737016903438 -1.768670161673593588 0.00196450543784651736 -0.009645495693524666972 0.9999515513919716714 1.218707007298763134
0.9927874910401743858 0.1198779774409900467 -0.001506040774076497285 33.76258642872051752 -0.1198568233860512339 0.9927395319029183041 0.01012737305423461014 -1.862442066460953782 0.002709155211615437396 -0.009873820022270766994 0.9999475827043171616 1.206508922614017765
0.992193124609871302 0.1247013203714360946 -0.001544077239262959958 34.49821838134249674 -0.1246758199138786466 0.9921317237029438907 0.01142728099888968944 -1.962579036824614764 0.002956925041737410408 -0.01114556054426790559 0.9999335143270534632 1.211034217671553614
0.9916265603356703151 0.1291310961393446755 -0.001387388445429422329 35.23023169439962743 -0.1291067327861573633 0.9915635020153458212 0.01154439345947369001 -2.066336286866086169 0.002866423927291343425 -0.01126860598808484583 0.9999323987815148529 1.213377736756195535
0.9910185237725639418 0.13372466201121741 1.759641502462120556e-05 35.9601074681650914 -0.1337169330520744104 0.9909598133172160539 0.0108825642867569853 -2.169380052625416333 0.001437829890914072394 -0.01078717573297173667 0.9999407829891282518 1.215314829883799019
0.9905416779393707571 0.1372060926930612768 0.001293210330552189936 36.6873715787867809 -0.1372119942680596061 0.9904804938989901775 0.01101180432965295948 -2.279923417065986779 0.0002299870386516077853 -0.01108509510629759193 0.9999385319970655051 1.220878835351632219
0.9901780947753030526 0.1398050635139546638 0.001372895848211977713 37.41298758655445766 -0.1398118023436550617 0.9901286899180575807 0.009891275275191300023 -2.388755401929075539 2.35068004980631284e-05 -0.00998607114985562011 0.9999501376720842938 1.215193933876450361
0.9898392797888108108 0.1421903584565483436 0.0003196078323516875382 38.13947587562057606 -0.1421859171050744164 0.9897848910454513094 0.01044195552245394398 -2.499912263678001789 0.001168402395203572584 -0.01038130146668949857 0.9999454302189197952 1.201733026427700635
0.9894545842669265623 0.144839661575228873 -0.001047906454194382116 38.86583840657834088 -0.144821610144697438 0.9894051227561405648 0.01020805069559263187 -2.611013211441429949 0.002515334622041561202 -0.009948643057205866849 0.9999473474103821591 1.200888181914966157
0.9891098151167659891 0.147152181893488665 -0.002830018314901376793 39.59484684117852282 -0.1471064409660406691 0.9890421072970237981 0.01246615497125539741 -2.730230190261099921 0.004633429181701821664 -0.01191408231666152631 0.9999182896499942963 1.187177456874986436
0.9887773639333210518 0.1493447587581179237 -0.003932887559089681163 40.32088035671505111 -0.1492836560765741505 0.9887110113446333504 0.01284235470166283574 -2.849071785228806775 0.005806427600858303506 -0.01211111379484788864 0.9999097990924802337 1.183758642394300731
0.9884502909523921188 0.1514904204103194874 -0.004083483811150184946 41.04706106223623863 -0.1514343598076169084 0.9883986223435644591 0.01165324070810897297 -2.968073389074640911 0.005801464107317168273 -0.01090026941174227978 0.9999237606642633613 1.18786529930253737
0.988147472014315964 0.1534748752415609763 -0.003167999574496321944 41.77379072623144651 -0.1534273338566494171 0.9880878113715857447 0.01193860312389084972 -3.089238010056196249 0.004962537390987843168 -0.01131104276788098655 0.9999237138572852901 1.186052162370361707
0.9878379346587462528 0.1554763513644922268 -0.001821816546092612727 42.50070249731216876 -0.1554400357053346005 0.9877596496357899936 0.0130103747565399868 -3.214154048015008591 0.003822322470300654716 -0.01256895849966354478 0.9999137018428974066 1.188310210533126687
0.9875383252261699107 0.1573728272838736397 -0.001359941973559308402 43.2314301797549092 -0.1573461188849721581 0.9874728305881926849 0.01181557116599595177 -3.33380706549476713 0.003202355590432900967 -0.01145434776940993868 0.9999292689164818171 1.189234282590708069
0.9872720204457441362 0.1590404586063079717 -0.0003002853200680644075 43.96005270633358464 -0.1590252795256185403 0.9872006023023912613 0.0120802022166332252 -3.459035006789989541 0.002217682749424045724 -0.01187869269284737642 0.9999269866060880307 1.19233089635344891
0.9868953849696940894 0.1613599023390212273 -0.0006935723904365581312 44.6889875776422798 -0.1613337239924572952 0.9867966401539010057 0.01427657114639171478 -3.587755927349989271 0.002988081030504160466 -0.01397758556095799777 0.999897844018898363 1.188810414367910351
0.9864993164141009352 0.1637650414471676641 0.0003315332850562976432 45.41800037880877028 -0.1637524677563711728 0.9863941128310730333 0.01455278241089811957 -3.714665516163915715 0.002056214534105265009 -0.01441059929384549097 0.9998940476919452314 1.197342458002079502
0.9860717142884202202 0.1663138365157456888 0.001510650095149764687 46.14432075494696761 -0.1663186255650234424 0.9859734269181890109 0.01394690651593321999 -3.844799609494772508 0.000830102679002203735 -0.01400389926472159034 0.9999015960257918723 1.203296114407060413
0.9855748523318282883 0.1692264981826958614 0.002145405303652360603 46.86770245864580886 -0.1692400805878957748 0.98548997090487922 0.01293492823725315814 -3.973490417448735545 7.465719955928448921e-05 -0.01311142855383740265 0.9999140387391208806 1.19503659816963026
0.9847779517960951745 0.1737940855828612186 0.002828687452639184249 47.58823645512330813 -0.1738168731616023255 0.9846727553258729504 0.01439651080217087958 -4.108916639794639281 -0.0002833030374988781833 -0.01466904002894139913 0.9998923637092236305 1.188136921325163353
0.9837272869961909416 0.1796441373470167024 0.002934064750458543515 48.30753013150695807 -0.1796680145872178169 0.9836112311856624046 0.01511126797170320515 -4.241519649181481277 -0.0001713283425807563486 -0.01539252423326125524 0.9998815134026268758 1.187436082676973204
0.9825536868084665532 0.1859586766952617543 0.002760996348586067066 49.02415684181632116 -0.1859786903577500816 0.9824090613507451275 0.01686306344540988364 -4.384172414542057972 0.0004234051321293912117 -0.01708235164416513352 0.9998539963366647187 1.194906985252367715
0.9814184273756799692 0.1918733731158871747 0.001574514712103507186 49.73836931542527395 -0.1918755891103972877 0.9813091013282601027 0.01470394347991409861 -4.528808156062917867 0.001276209616434056948 -0.01473283202422602696 0.9998906514962327963 1.190787163915740798
0.9801987311633562072 0.1980162694206359653 6.686165324806643486e-05 50.45706753891175822 -0.1979965285053684187 0.9800961309608443583 0.01445506054661352228 -4.677691042026234314 0.002796806316031752622 -0.01418207038191331149 0.9998955179188039333 1.190005204142703166
0.9789805957881778653 0.2039468076027353971 -0.001640956695677014531 51.1831835109251756 -0.2038952621987464298 0.9788619205505147969 0.0160019545388067827 -4.836079658116029023 0.004869817566264373308 -0.01533101969245454638 0.9998706139856601283 1.180759981043242535
0.9778156268984141697 0.2094474805525941008 -0.002890100938021640444 51.91822241499504287 -0.2093747786464759952 0.9777004392819569345 0.01624971060073625295 -4.998596441000175084 0.006229113901705942216 -0.01528410671381247483 0.9998637878341031238 1.1761766264775535
0.9767296686499780112 0.2144495750584560489 -0.003245633397620881905 52.66041541708230511 -0.2143849557456499189 0.9766480962562472667 0.01405655821969787125 -5.162231345251454329 0.006184264615930785622 -0.01303364247996907123 0.9998959341025767111 1.172821618776780594
0.9756635762019504332 0.2192590820721506406 -0.002457844929771543872 53.40851851235539272 -0.2192032763663554484 0.9755750568225803887 0.01425595089337154502 -5.339219582291037547 0.005523558913969264447 -0.01337024436937991542 0.9998953579562348537 1.165600439546004008
0.9745923830336317151 0.2239854573392124348 -0.0004492586901786040608 54.15993060610416165 -0.2239524780699125028 0.9744796175845743536 0.01532196066327930206 -5.519539617374791263 0.003869689803099829635 -0.01483205355861299916 0.9998825109421917157 1.17503116698004062
0.9737975607415628732 0.2274164187423307337 0.0002884097693446213174 54.91591709234759122 -0.2273977050250968746 0.9736995141345008431 0.01412586009968721211 -5.698820047177695081 0.002931628063243547043 -0.01382131182810776224 0.9999001834664543731 1.178064224205025878
0.9732515607273175551 0.2297395817223803205 0.001060250850652858694 55.67224878181646375 -0.2297348043498648185 0.9731739974822487538 0.01242136444797819345 -5.88462845475242613 0.00182187051403595872 -0.01233268885709410366 0.9999222897672519483 1.173981741847329063
0.9729687980265652181 0.2309231558248008576 0.002492823831646636453 56.4306029979438506 -0.2309364674333007905 0.9728994937566711743 0.01161563848614637247 -6.074272257787616702 0.0002570528523073545941 -0.01187733774579096714 0.9999294288958113786 1.174537722533832707
0.9726726407599354252 0.2321518572933248814 0.003667297690852433338 57.1915186517400258 -0.2321796954617528219 0.9725957782654286454 0.01224912713432827795 -6.263489079203797161 -0.000723140637309260207 -0.01276586289778097391 0.9999182515646435343 1.165500668127432027
0.972399957219755473 0.2332819568403602661 0.004225140441446320963 57.94894590720618766 -0.2333183636891357771 0.9723049453836137834 0.01362476964913702723 -6.45597169959408923 -0.0009297120209087290314 -0.01423452827810491733 0.9998982517437752238 1.162627446341370385
0.9719946492474981214 0.2349838689659737023 0.002997192021756656024 58.70622883556177385 -0.2350029792828181308 0.9719134344612612164 0.01256485741722343161 -6.643840286684244312 3.952761729957061406e-05 -0.01291732323269442241 0.9999165671185119564 1.159334175397152
0.9715191530515933094 0.2369472929149463447 0.002552574032906033095 59.46135431084108802 -0.2369606941888753315 0.9714429132039089643 0.01217767610954150793 -6.836218897829837715 0.0004057874334559888308 -0.01243570529488429929 0.9999225912891345214 1.158458392481757304
0.9712242800048056512 0.2381579044626554731 0.002051943250575592043 60.21640787413342366 -0.2381655190864660765 0.9711556070387009632 0.0115746462393593718 -7.025513756612088656 0.000763837300140678653 -0.01173027958954144315 0.9999309061596857173 1.153634267482383846
0.970810141930508963 0.2398412613320036468 0.001959001668839947981 60.96865644055058198 -0.2398478384057995683 0.970743861826638188 0.01137405547596185076 -7.221536319027133999 0.000826278966480352298 -0.01151191072664862168 0.9999333943690905668 1.140290110984888639
0.9704476908401601376 0.2412957441640700973 0.00276463221940721109 61.71489356051277753 -0.2413115804372520656 0.9703850470502223269 0.01102640504486748947 -7.416260838203091232 -2.213315555026941833e-05 -0.01136768708425284907 0.9999353855127229851 1.143979005764985679
0.9701235188789969488 0.242588844948114335 0.003318195981569302747 62.45724108330482949 -0.2426111068704737694 0.9700568258369767216 0.01138443982693039189 -7.609552636672211712 -0.0004571005533897750826 -0.01184934402526959842 0.9999296895808499341 1.135286372662609677
0.9695987757836697085 0.2446748534672707476 0.003525631798487100215 63.19410541883095078 -0.2446999882659870174 0.9695182894152605257 0.01249808913125730579 -7.802659699394050463 -0.0003601963835659921379 -0.01298085398102225528 0.9999156802893375273 1.128269330751606736
0.9691841957207942837 0.2463212554469716709 0.002798906941068773132 63.92672503637179204 -0.2463371083137695372 0.9691143233035753868 0.01163861827981674951 -7.996332914407573433 0.0001543782601689910785 -0.01196943953912775124 0.999928351775501989 1.123600456317352947
0.968699142695263915 0.2482214128382166651 0.002846251931984604237 64.65587508992948074 -0.2482375238670059825 0.9686198573206010742 0.0123977315907411352 -8.189654164995605612 0.0003204463111853435536 -0.01271621849521446801 0.9999190942778038993 1.142280678219652845
0.9680741198760590693 0.2506503367605804611 0.002628137743966513402 65.3831389115887589 -0.2506618319184280574 0.9679673460956691455 0.01441745164045106671 -8.38805349343428297 0.001069787591707317253 -0.01461593562912192126 0.9998926092237075958 1.141833894164039132
0.9675248206990899602 0.2527674983798856023 0.002076798971603897523 66.10537959316403089 -0.2527715400192636075 0.9674260106011767224 0.01390908223362589784 -8.583565124477431141 0.001506614577034344439 -0.01398233796854053343 0.9999011072788397403 1.139099434130204758
0.9669961570009039109 0.2547816443917582108 0.002178537701033701496 66.82562572144000512 -0.2547883814877349162 0.9669125773535466317 0.01276512492622446093 -8.780554437241752552 0.001145864016201322312 -0.01289889284215189023 0.9999161492640785687 1.133842882325404089
0.9665030217417639458 0.2566347561208816574 0.00324205410426571701 67.54172022252653562 -0.2566550988081117146 0.9664383493709621797 0.0111837883084580994 -8.981172153954364745 -0.0002630966320492007272 -0.01164125491111652616 0.9999322036839580763 1.131272567301081278
0.9660925648705243063 0.258161439048214314 0.0042222612954477233 68.25554609422489705 -0.2581936392074215547 0.9660240840394251904 0.01155481408839386867 -9.177135371787676021 -0.001095798667515663228 -0.01225318098881479113 0.9999243265272306225 1.133151931799851297
0.9659008505328493532 0.2588640387710320345 0.004995635201631948123 68.96891625412823146 -0.2589045867978387316 0.9658408326507432751 0.01094992783351829077 -9.375555806987375007 -0.001990445919527682704 -0.01186993747533989646 0.9999275687315422045 1.148083095140121968
0.9654489573369336997 0.2605500545068935581 0.004688269774910478783 69.68133641677616197 -0.2605865679503637233 0.9653903294883791064 0.01077739923030517424 -9.57300761841754877 -0.001717958345832669691 -0.01162672897997134823 0.9999309315109460305 1.138694274474220336
0.9651339061543090514 0.2617296667308873226 0.003758290071821712274 70.39111442296126597 -0.2617556194181972495 0.9650708911040879467 0.01105309217176356218 -9.772912204092236266 -0.0007340942181791704994 -0.01165146756852073612 0.9999318498823700496 1.127642425063343001
0.9647538110611539874 0.2631254406081951491 0.003884140538446611418 71.09831394978169783 -0.2631535949723319834 0.9646759568769923687 0.0122671788361075236 -9.974116021166567592 -0.0005191301543003829346 -0.0128569330791734604 0.9999172114608692041 1.121940377773524844
0.9645631940565794205 0.263814505256251719 0.004444264592546355586 71.80270997793240895 -0.2638482475891165135 0.9645019436367862076 0.01095914983080629665 -10.17464840017868966 -0.001395319146903811714 -0.01174340398951286002 0.999930070328529208 1.130452712308924079
0.9641593931212626423 0.2652798009558084424 0.004826164199969855753 72.50365922913339034 -0.2653176446616034023 0.9641007524037719101 0.01078362859617045325 -10.37741331385940136 -0.001792229688841623716 -0.01167760332121495215 0.9999302083112674433 1.129392796831204526
0.9636535801958150405 0.2671069198057440253 0.005066632774910346561 73.20191379794711395 -0.2671476722438895779 0.9635941152424474243 0.0108858754721994043 -10.57580816631382348 -0.001974484859230039423 -0.01184375202428266174 0.9999279108753430512 1.119728777869819281
0.9632222700931809545 0.2686484773800731918 0.005554637513590273031 73.89812726084177541 -0.2686942086858922774 0.9631673569364014309 0.01058606399039806883 -10.77642886032488079 -0.002506115560236065604 -0.01168923151943401621 0.9999285380722383598 1.114501067627704289
0.9626725968366121045 0.2706117574506464174 0.005545090560688680295 74.59119154061713175 -0.2706598355761853925 0.9626040423372758115 0.01169235142340869713 -10.97859424452110666 -0.002173638821426000442 -0.01275673960731016354 0.9999162669388198532 1.106082819262636852
0.962027065040672813 0.2728933409673429122 0.005757654462584783049 75.28405131995135946 -0.2729453675590942652 0.9619508084438664897 0.01230725242377912407 -11.17912505280639301 -0.002180013132970354522 -0.01341143504153140091 0.9999076862155160672 1.108255483187457813
0.9615039375749001582 0.2747358041287433772 0.005515066427085326198 75.97472858981059574 -0.2747835941482880129 0.961432690839506443 0.01188096679799386865 -11.381601456667779 -0.002038238188077520947 -0.01293904613326882225 0.9999142096551332237 1.108516226685719586
0.9609063990411043088 0.2768135610354937048 0.005757144145062919639 76.6607450607347829 -0.2768638206530962265 0.960838500707249521 0.01165334166730934429 -11.58893579434342946 -0.002305882743806578813 -0.01279171550238260464 0.9999155238915324873 1.110906165738175133
0.9602320684172613863 0.2791474411674533807 0.005575022221564351725 77.34716959807050785 -0.2791922504252875581 0.9601793778172338367 0.01035614392393406462 -11.79131093410249598 -0.002462130291290848087 -0.01150080450111559856 0.9999308323130434717 1.099652366179265428
0.9594653205034830989 0.2817578445086613148 0.006230233461232930273 78.0312811689180279 -0.2818104989202300792 0.9594128065589466736 0.0104837640671699376 -11.99724581231582832 -0.003023483004655788762 -0.01181455325088966689 0.9999256346759005654 1.101477978965485161
0.9586532587423121088 0.284493238772372703 0.006893953550129843129 78.71215281915925743 -0.2845540500519733174 0.9586014642193974034 0.01059364882589441254 -12.20351987167298802 -0.003594732502519135901 -0.01211733837247497281 0.9999201208141589303 1.1031901989312205
0.9578529046527427537 0.287137893584687498 0.008345245116379164385 79.38872134946744552 -0.287219540295775011 0.9577989899408161367 0.01122633246594875039 -12.4112384725235998 -0.00476956188632257725 -0.01315009262708838333 0.9999021583851649408 1.103500838398682404
0.9567965066246197914 0.2906074290412323236 0.009368409521841803561 80.06333223763981266 -0.290699460653841335 0.9567545899262619447 0.01069945001372226388 -12.61785507463353184 -0.005853929149688037042 -0.01296058799111792642 0.9998988722228038251 1.099255879181604056
0.9557861649027311612 0.2939029225493928199 0.009689122635971393269 80.73598387043364255 -0.2939991163316397205 0.9557455677895410062 0.0107205059051762655 -12.82802666509854816 -0.006109547998359644849 -0.0130951047179299826 0.9998955903771564735 1.10325575032448131
0.9548135917380607962 0.2970492814092661749 0.009629612998578587074 81.40627717671134178 -0.2971458357488878099 0.9547695039921050286 0.01093373420953238674 -13.0398447716939625 -0.00594620293622729907 -0.01330107743411391118 0.9998938563716315286 1.093561618774476552
0.9538534712754120903 0.300147289416885954 0.008669486232911813653 82.07396207675667199 -0.3002267304935051229 0.953814506958719055 0.01008943072109879172 -13.25252499240285609 -0.00524076645413292571 -0.0122266500232784351 0.999911517783539483 1.087885850391192566
0.9527915475387070954 0.3035008407026094646 0.008689455196092947878 82.7405077708313712 -0.3035861943984242695 0.9527376698633543972 0.01124077372906897437 -13.46975185685466769 -0.004867187018987372688 -0.01334811283122954231 0.9998990640931548768 1.088903934193650391
0.9516803948898407972 0.3070026713885882774 0.007333876368415486076 83.40620486608561635 -0.3070661920705654024 0.9516333822649840624 0.01021075149973728509 -13.68558343570965263 -0.003844433586284087215 -0.01196935750895766412 0.9999209742830796888 1.08771350885309781
0.9505890158215805075 0.3103965171767172904 0.005875808363357108016 84.0721560343033758 -0.3104447248410526217 0.9505267771209000571 0.01108687487607855349 -13.91125062870216667 -0.002143785838693030871 -0.01236317518756967215 0.999921274941962257 1.075158188847471719
0.9496281177439371834 0.3133554494962178527 0.003847110750972681115 84.74848726719254444 -0.3133790598831893703 0.9495544651870214681 0.0118271919794163665 -14.14110831896331177 5.307386733297273418e-05 -0.01243703800801568456 0.9999226556433011837 1.074356703786771616
0.9484368605492359272 0.3169626303804755629 0.001487445393667171344 85.43658551245721355 -0.3169552777315340353 0.9483551581498073091 0.01272186813247868503 -14.37332313746990131 0.002621730275073560351 -0.01253734233974972481 0.9999179674240386007 1.068944169006714962
0.9473684180190790061 0.3201447790364039814 -0.0006332422599147640883 86.13679220473186149 -0.320107351965133069 0.9472844545541775352 0.01354420089428309999 -14.61484689081713384 0.004935965751308940032 -0.01262864267157584423 0.9999080725878631837 1.06663827706465586
0.9463047372588473394 0.3232719365007204471 -0.001612238362676389567 86.85135860682970588 -0.3232190070879529253 0.946219873328649097 0.01405079268201780106 -14.86250684935183841 0.006067758938993286257 -0.0127752255944620207 0.9998999829545297535 1.060518862222039393
0.9452567102251897557 0.3263230873205860694 -0.001730449598482655584 87.5819188507973081 -0.3262690886047240335 0.9451741954340389107 0.01393635916083947254 -15.11665385487715341 0.006183332054358667458 -0.01260884479951845764 0.9999013868564875507 1.046859793902069624
0.9443699034402174286 0.3288820473459261873 -0.001443748546783442865 88.32923097487639552 -0.3288307853938914338 0.9442843741927109402 0.01404760594253817024 -15.38039185671181031 0.005983314595681791213 -0.01279138729897090834 0.9999002852071884329 1.048465779024026601
0.9434630541835976603 0.3314738142618273153 -0.001604945255622553489 89.09035160053871039 -0.3314209004731224484 0.9433799619343796738 0.01394396465403329767 -15.65443214542805705 0.0061361323439604867 -0.01262370307809389421 0.9999014901481313444 1.041048982457826844
0.9424679081702198591 0.3342945453372876963 -0.00118280471176722521 89.86834601205305262 -0.3342460875054046321 0.9423810238258403249 0.01405556545608783146 -15.93652663225585187 0.005813351578862592864 -0.01285157152635754869 0.9999005160778363654 1.044746816225750718
0.9417000524204638401 0.3364502722723114458 -0.001491830815835202108 90.66132542163362018 -0.3363996700114397775 0.9416192802350913382 0.01372563680646174573 -16.22710418190107973 0.006022730899684186102 -0.01242358150598941481 0.9999046861251696949 1.034155030958979316
0.9410817970103511065 0.3381754154088561504 -0.001561969531010328014 91.47000008394550719 -0.3381259981100222523 0.9410059921930356008 0.01336158893626635848 -16.5274399687476965 0.005988383577347915904 -0.01204620562036486098 0.9999095100019212978 1.026228036497065732
0.9407403515078877065 0.339122630742614839 -0.001852663764412213919 92.29310149869778002 -0.3390714253474759188 0.9406697449151725232 0.01307667825004630267 -16.83647681154578279 0.006177342280213655827 -0.01167357355021523928 0.9999127802578187119 1.012922093812017144
0.9405319096321484995 0.339698788941012797 -0.002111813370828325223 93.12978844318277538 -0.3396490268525580447 0.9404709916909642642 0.01236334687390935536 -17.15249869244901504 0.006185913175453816755 -0.01091084688846655909 0.9999213408555506222 1.002507776965005482
0.9402754546306775207 0.3404093341034457598 -0.001885384396190444315 93.98139905269940186 -0.3403628373178937405 0.9402147225856525292 0.01222351856453719049 -17.47478442443124536 0.005933665981986728337 -0.01085175969293447097 0.9999235125346243036 0.9908300454098448729
0.9401782375860031626 0.340680482372699156 -0.001300192286536426458 94.8499958976198343 -0.3406424451782343321 0.9401184323198674697 0.01183459992683787848 -17.80284080948931447 0.005254151945896046692 -0.01068373262206223119 0.9999291233605458462 0.9932165683569476045
0.9401455564132427112 0.3407731225236723671 -0.0001082677255731506868 95.73084732906056615 -0.3407487674335154537 0.9400820689829373356 0.01166109211437342877 -18.13906279927240206 0.004075567319312091083 -0.0109262318402118027 0.9999320012924877155 0.9835339484680163391
0.9401014155409243012 0.3408926512017285693 0.001236468603280444162 96.62564881841994691 -0.3408840000762199951 0.9400361933855442276 0.01140410528061201398 -18.47433004563606573 0.00272525044462297323 -0.01114250788073598009 0.999934206599685127 0.9796019384816960773
0.9399117988183938177 0.3414123393136788698 0.001850677263247105762 97.53233178826471317 -0.3414122923296454837 0.9398545325345012413 0.01054060342536811828 -18.81736668623792497 0.00185932465911136692 -0.01053908149297662009 0.9999427336968335078 0.975267491611170545
0.9394843471487650532 0.3425867850792920222 0.001859072751056461189 98.45924639011160195 -0.3425870055027774863 0.939428490486207024 0.01040456262638556756 -19.16898990207603859 0.001817999752100574358 -0.01041181789321453041 0.9999441429025223149 0.963619022178092921
0.9390461605646958088 0.3437882481128577417 0.001395990041372166491 99.38879206479980155 -0.3437824823295767551 0.9389862072689603156 0.01088611050685254523 -19.52215494412283192 0.002431701465580521273 -0.01070247719667317098 0.9999397700910975795 0.9564008494636211388
0.9386424833434161563 0.3448893494541071525 0.001274792542904568809 100.3288581628569744 -0.3448801243769332725 0.9385742631464734087 0.01166414886760305109 -19.88235228704816393 0.002826353243262202247 -0.01138811626992593945 0.9999311588980348553 0.9443464992669636793
0.9380244402198145703 0.3465649037251798958 0.001707939185192192426 101.2792210041570513 -0.3465600319167341792 0.9379527991345066873 0.01186131837595897666 -20.2477915596747593 0.00250875032151540384 -0.01171810998840996758 0.9999281934569721475 0.9343786653584140733
0.9369115699761325633 0.3495561838945714372 0.002680363020743507449 102.2428381140005058 -0.349562759783384136 0.9368388296903017443 0.01178491226653029939 -20.61320853085719307 0.001608420803922146029 -0.01197837574841831461 0.9999269630812778198 0.9284792490282620658
0.9355370122517636666 0.3532094866756807505 0.003682014305451485666 103.2174049430413589 -0.3532282483148728169 0.9354687952799551898 0.01131095265112162622 -20.98402011788861543 0.0005507262931913374992 -0.01188240631233642222 0.999929250057612129 0.9268453326488668154
0.9341858379057866868 0.3567569053346565378 0.004618522740240211047 104.2011712758491768 -0.35678664350707745 0.9341192595414907762 0.01115795539562160731 -21.36165300896531605 -0.0003335734054846249208 -0.01207143113702558064 0.9999270819810248678 0.9178863487945911892
0.9328912255202147508 0.3601281247645967132 0.004657800009329616207 105.1891898192749295 -0.3601579969589183139 0.9328277396604326421 0.01089152636446790237 -21.74839855915998044 -0.0004225800890332967767 -0.01183815329952957705 0.9999298373148614028 0.9062564460318836002
0.9313844390068287682 0.3640048759062903816 0.004845316540842205776 106.1813699939801552 -0.3640368777987888493 0.9313167509031223812 0.01123659600418465583 -22.14357659663588151 -0.0004223487238019664036 -0.01222946457117892426 0.9999251281060286267 0.8937521282708589254
0.9294836694711967606 0.3688173128015375113 0.005822195823911246147 107.180833725240646 -0.3688612746619778227 0.9294147128857108697 0.01138646241430872966 -22.54450559290768297 -0.001211709990083803404 -0.01273111344008708706 0.9999182219109098435 0.8905573299300735268
0.9273150756812330586 0.3742207950532018268 0.00674884909140678526 108.1909338472828637 -0.3742762161606874027 0.9272479876161640044 0.01133505528052418214 -22.95795876506662125 -0.002016043339682367218 -0.01303710134668146538 0.9999129809927106427 0.8876890803463919344
0.9250940514730086051 0.3796640167240264985 0.007498688834231407793 109.1959514280477919 -0.3797290846750066007 0.9250275848726726702 0.01139251844466578067 -23.37701924480777649 -0.002611164708736387306 -0.01338662129174223066 0.9999069857688041019 0.8821947250750141745
0.9228163891711177458 0.3851511022657415628 0.008278906972814623066 110.1998207401801437 -0.3852265052483284657 0.9227511282615163957 0.01144093292778362858 -23.80532430375660624 -0.003232882821852547245 -0.01374713481357962841 0.9999002774042407005 0.8695207173607057971
0.9205543930473608638 0.3905266816341615987 0.008277703365990528653 111.2093533656653932 -0.3905975035516023874 0.9205049619763620017 0.01020809463867965519 -24.23769476868352513 -0.003633133697111674137 -0.01263035663417636477 0.9999136334858288455 0.8594416665949582423
