0.000000000000 1810432 1.000000000000 0.000000000000 0.000000000000 0.000000000000 0.000000000000 1.000000000000 0.000000000000 0.000000000000 0.000000000000 0.000000000000 1.000000000000 0.000000000000 0.000000000000 0.000000000000 0.000000000000 1.000000000000 0.000000000000 0.000000000000 0.000000000000 0.000000000000 0.000000000000 0.000000000000
0.000000000000 11810432 0.999999998542 -0.000029339013 0.000045336699 -0.000003355150 0.000029340536 0.999999999005 -0.000033602566 0.000004192760 -0.000045335713 0.000033603896 0.999999998408 -0.000004780235 0.000000000000 0.000000000000 0.000000000000 1.000000000000 -0.000646124218 0.000806976226 -0.000920323299 0.006468831068 0.008727312573 0.005648077497
0.000000000000 21810432 0.999999980037 -0.000108553573 0.000167754428 -0.000012427375 0.000108574430 0.999999986377 -0.000124331212 0.000015508560 -0.000167740929 0.000124349424 0.999999978200 -0.000017689398 0.000000000000 0.000000000000 0.000000000000 1.000000000000 -0.001143017866 0.001424535342 -0.001626128017 0.011426771515 0.015415053696 0.009976890685
0.000000000000 31810432 0.999999914656 -0.000224435446 0.000346867552 -0.000025727844 0.000224524619 0.999999941754 -0.000257063419 0.000032053862 -0.000346809837 0.000257141277 0.999999906801 -0.000036579300 0.000000000000 0.000000000000 0.000000000000 1.000000000000 -0.001490680937 0.001852677247 -0.002117414012 0.014873821432 0.020063223376 0.012986439450
0.000000000000 41810432 0.999999775748 -0.000363778052 0.000562289350 -0.000041767354 0.000364012371 0.999999846937 -0.000416678105 0.000051935055 -0.000562137685 0.000416882692 0.999999755105 -0.000059302068 0.000000000000 0.000000000000 0.000000000000 1.000000000000 -0.001689113425 0.002091401773 -0.002394181050 0.016809980969 0.022671821625 0.014676723601
0.000000000000 51810432 0.999999553296 -0.000513383489 0.000793627476 -0.000059054766 0.000513850264 0.999999695071 -0.000588061770 0.000073258171 -0.000793325333 0.000588469313 0.999999512169 -0.000083711492 0.000000000000 0.000000000000 0.000000000000 1.000000000000 -0.001738315316 0.002140708685 -0.002456428803 0.017235250337 0.023240848459 0.015047742871
0.000000000000 61810432 0.999999261465 -0.000660066496 0.001020481422 -0.000076096121 0.000660838250 0.999999495794 -0.000756111949 0.000094128723 -0.001019981823 0.000756785764 0.999999193456 -0.000107663789 0.000000000000 0.000000000000 0.000000000000 1.000000000000 -0.001638286595 0.002000597680 -0.002304156849 0.016149629807 0.021770303900 0.014099496918
0.000000000000 71810432 0.999998940249 -0.000790655328 0.001222441976 -0.000091394456 0.000791762807 0.999999276375 -0.000905737985 0.000112651677 -0.001221724965 0.000906704909 0.999998842636 -0.000129017777 0.000000000000 0.000000000000 0.000000000000 1.000000000000 -0.001389027244 0.001671068389 -0.001937364673 0.013553119709 0.018260187974 0.011831985320
0.000000000000 81810432 0.999998651228 -0.000891989542 0.001379092668 -0.000103450293 0.000893399164 0.999999078821 -0.001021859097 0.000126931550 -0.001378179910 0.001023089799 0.999998526953 -0.000145634450 0.000000000000 0.000000000000 0.000000000000 1.000000000000 -0.000990537240 0.001152120374 -0.001356051663 0.009445720436 0.012710500713 0.008245207582
0.000000000000 91810432 0.999998467410 -0.000950914697 0.001470013187 -0.000110762828 0.000952516593 0.999998952960 -0.001089399748 0.000135072625 -0.001468975722 0.001090798291 0.999998326133 -0.000155375975 0.000000000000 0.000000000000 0.000000000000 1.000000000000 -0.000442816558 0.000443753130 -0.000560217119 0.003827432438 0.005121242151 0.003339163132
0.000000000000 101810431 0.999998409368 -0.000981567307 0.001489223924 -0.000604135165 0.000983264812 0.999998867301 -0.001139555287 0.000062358748 -0.001488103686 0.001141017776 0.999998241811 -0.000265480624 0.000000000000 0.000000000000 0.000000000000 1.000000000000 -0.219551327923 -0.033154879374 -0.048268814913 0.017246624058 0.001981185624 0.009293324629
0.000000000000 111810431 0.999998144151 -0.001171780886 0.001529256040 -0.005233901047 0.001174054770 0.999998205402 -0.001486872256 -0.000653120082 -0.001527511007 0.001488664927 0.999997725291 -0.001272658453 0.000000000000 0.000000000000 0.000000000000 1.000000000000 -0.705336592762 -0.110693500620 -0.152303639697 0.051274361412 0.005881499133 0.028413005773
0.000000000000 121810431 0.999997520578 -0.001542697768 0.001605901989 -0.014689086299 0.001546139540 0.999996505985 -0.002144171452 -0.002170191250 -0.001602588570 0.002146649084 0.999996411797 -0.003294391937 0.000000000000 0.000000000000 0.000000000000 1.000000000000 -1.184699088365 -0.193094284258 -0.251144744062 0.079302222521 0.009219007530 0.045451301061
0.000000000000 131810431 0.999996381820 -0.002073450220 0.001713812078 -0.028904848978 0.002078673217 0.999993183869 -0.003051447819 -0.004540639800 -0.001707473371 0.003054999233 0.999993875738 -0.006279142565 0.000000000000 0.000000000000 0.000000000000 1.000000000000 -1.657634599785 -0.280365806612 -0.344799578435 0.101330258503 0.011992853792 0.060408295365
0.000000000000 141810432 0.999994530560 -0.002743166198 0.001847671056 -0.047816026888 0.002750812670 0.999987610627 -0.004148689219 -0.007817641292 -0.001836267620 0.004153749125 0.999989687192 -0.010175564419 0.000000000000 0.000000000000 0.000000000000 1.000000000000 -2.124136795775 -0.372521039122 -0.433279411994 0.117358549290 0.014201742076 0.073284115525
0.000000000000 151810432 0.999991761781 -0.003530983539 0.002002130309 -0.071357147752 0.003541702765 0.999979277896 -0.005375883227 -0.012055557247 -0.001983106665 0.005382929890 0.999983545542 -0.014932439837 0.000000000000 0.000000000000 0.000000000000 1.000000000000 -2.584197041799 -0.469577293929 -0.516599279530 0.127387198712 0.015843936836 0.084078924216
0.000000000000 161810432 0.999987890871 -0.004416061778 0.002171752741 -0.099462471934 0.004430465920 0.999967920344 -0.006673024433 -0.017309716462 -0.002142214583 0.006682565505 0.999975376814 -0.020498584949 0.000000000000 0.000000000000 0.000000000000 1.000000000000 -3.037804679652 -0.571556262573 -0.594778004508 0.131416345109 0.016917264115 0.092792926691
0.000000000000 171810432 0.999982777083 -0.005377590226 0.002350970057 -0.132066030298 0.005396194658 0.999953598308 -0.007980119966 -0.023636175998 -0.002307947153 0.007992668818 0.999965394714 -0.026822716199 0.000000000000 0.000000000000 0.000000000000 1.000000000000 -3.484946841239 -0.678483966731 -0.667838118487 0.129446155290 0.017419110633 0.099426364917
0.000000000000 181810432 0.999976342319 -0.006394793225 0.002534052644 -0.169101684828 0.006417948062 0.999936740088 -0.009237194601 -0.031091466802 -0.002474822391 0.009253239489 0.999954125354 -0.033853282673 0.000000000000 0.000000000000 0.000000000000 1.000000000000 -3.925608498446 -0.790390761234 -0.735805808016 0.121476827289 0.017346424128 0.103979519282
0.000000000000 191810432 0.999968585246 -0.007446932061 0.002715091913 -0.210503201908 0.007474751616 0.999918143908 -0.010384294475 -0.039732322308 -0.002637538530 0.010404262893 0.999942395693 -0.041538261486 0.000000000000 0.000000000000 0.000000000000 1.000000000000 -4.359772468476 -0.907311338182 -0.798710832040 0.107508590986 0.016695713534 0.106452710019
0.000000000000 201810432 0.999959799863 -0.008490746885 0.002881991539 -0.257023995950 0.008523037200 0.999898885422 -0.011383179200 -0.048895698908 -0.002785048434 0.011407284916 0.999931056301 -0.049575072053 0.000000000000 0.000000000000 0.000000000000 1.000000000000 -5.152853205140 -0.710676369929 -0.744015829984 0.097468164570 0.012907218973 0.096803676893
0.000000000000 211810432 0.999951805060 -0.009352169674 0.002987386806 -0.314386556001 0.009388408621 0.999879584332 -0.012356157145 -0.053519900250 -0.002871470200 0.012383608449 0.999919197186 -0.056147888321 0.000000000000 0.000000000000 0.000000000000 1.000000000000 -6.304653384410 -0.193835221718 -0.571695390468 0.097470724433 0.006244818181 0.076260453351
0.000000000000 221810432 0.999945164210 -0.010024943937 0.003028047493 -0.382585125404 0.010064444742 0.999860575158 -0.013324308508 -0.053506004939 -0.002894049862 0.013354053475 0.999906642508 -0.061191644395 0.000000000000 0.000000000000 0.000000000000 1.000000000000 -7.319030265952 0.213620515744 -0.434658474534 0.096403714451 0.000276998223 0.058928619004
0.000000000000 231810432 0.999939906595 -0.010541216681 0.003010971431 -0.460246021594 0.010583175223 0.999842070839 -0.014276896827 -0.049942830952 -0.002860000048 0.014307904518 0.999893546468 -0.065060771354 0.000000000000 0.000000000000 0.000000000000 1.000000000000 -8.195907873825 0.512042380288 -0.333062221392 0.094266775194 -0.005000078552 0.044808877522
0.000000000000 241810432 0.999935900167 -0.010933117503 0.002943212235 -0.545992934461 0.010976644866 0.999824173299 -0.015203149507 -0.043917097486 -0.002776476920 0.015234481583 0.999880093685 -0.068112610469 0.000000000000 0.000000000000 0.000000000000 1.000000000000 -8.935215077036 0.701789136473 -0.267056140129 0.091059477294 -0.009590031320 0.033901856332
0.000000000000 251810432 0.999932900557 -0.011232756586 0.002831883472 -0.638448050397 0.011276915837 0.999806916342 -0.016092271549 -0.036515785964 -0.002650576113 0.016123126678 0.999866500705 -0.070706792525 0.000000000000 0.000000000000 0.000000000000 1.000000000000 -9.536885340506 0.783226732639 -0.236782012530 0.086781319351 -0.013496260424 0.026208107102
0.000000000000 261810432 0.999930589279 -0.011472223494 0.002684159396 -0.736232848664 0.011516069172 0.999790297105 -0.016933457009 -0.028828099960 -0.002489332117 0.016963192611 0.999853015859 -0.073204598518 0.000000000000 0.000000000000 0.000000000000 1.000000000000 -10.000856572155 0.756728258734 -0.242373870608 0.081431726778 -0.016721947046 0.021728106453
0.000000000000 271810432 0.999928601145 -0.011683586732 0.002507272225 -0.837968571915 0.011726205518 0.999774296057 -0.017715898149 -0.021947022810 -0.002299721091 0.017744034043 0.999839917456 -0.075968300580 0.000000000000 0.000000000000 0.000000000000 1.000000000000 -10.327071066351 0.622673905662 -0.283958046747 0.075010051486 -0.019270052930 0.020462256874
0.000000000000 281810432 0.999926540863 -0.011898894011 0.002308505961 -0.942276371211 0.011939445054 0.999758885566 -0.018428792252 -0.016970472224 -0.002088667102 0.018455000769 0.999827510332 -0.079360481559 0.000000000000 0.000000000000 0.000000000000 1.000000000000 -10.515475543902 0.381450926963 -0.361653294382 0.067515572333 -0.021143320203 0.022410887815
0.000000000000 291810432 0.999923988853 -0.012150173219 0.002095186751 -1.047777124757 0.012187926600 0.999744027004 -0.019061346094 -0.015002051424 -0.001863051783 0.019085433202 0.999816120733 -0.083743331439 0.000000000000 0.000000000000 0.000000000000 1.000000000000 -10.566021288769 0.033453603667 -0.475570977147 0.058947496240 -0.022344271339 0.027574256945
0.000000000000 301810432 0.999920699674 -0.012453274519 0.001873584076 -1.154005667191 0.012487651689 0.999729574326 -0.019617257042 -0.016440382387 -0.001628778324 0.019639098052 0.999805807599 -0.089235827418 0.000000000000 0.000000000000 0.000000000000 1.000000000000 -10.857120709372 -0.134185948890 -0.524931090647 0.055244617199 -0.023209674155 0.029216823721
0.000000000000 311810432 0.999917637339 -0.012728765618 0.001642274215 -1.265681306728 0.012759327102 0.999714973224 -0.020178500520 -0.017590500759 -0.001384958719 0.020197792878 0.999795044523 -0.094561965650 0.000000000000 0.000000000000 0.000000000000 1.000000000000 -11.475562990543 -0.044370824033 -0.482069015364 0.057013000667 -0.024105799057 0.025051112894
0.000000000000 321810432 0.999914956583 -0.012965838336 0.001402368889 -1.383308169801 0.012992161054 0.999700187003 -0.020754273235 -0.017926875938 -0.001132851889 0.020770728023 0.999783623343 -0.099526975400 0.000000000000 0.000000000000 0.000000000000 1.000000000000 -12.047663804439 0.023686264052 -0.445041225409 0.058127701976 -0.024802087071 0.021472257819
0.000000000000 331810432 0.999912599278 -0.013170330067 0.001155945527 -1.506423099066 0.013192003680 0.999685280577 -0.021338013897 -0.017668079390 -0.000874553043 0.021351398177 0.999771650405 -0.104189197871 0.000000000000 0.000000000000 0.000000000000 1.000000000000 -12.573415833243 0.070071521548 -0.413872373009 0.058588531342 -0.025299028161 0.018480213316
0.000000000000 341810432 0.999910500884 -0.013348072690 0.000905084614 -1.634562777755 0.013364710616 0.999670325379 -0.021923162793 -0.017033356087 -0.000612154260 0.021933296884 0.999759248897 -0.108606605030 0.000000000000 0.000000000000 0.000000000000 1.000000000000 -13.052812184655 0.094872689795 -0.388587569609 0.058395302164 -0.025597095440 0.016074931414
0.000000000000 351810432 0.999908592296 -0.013504892365 0.000651870795 -1.767263772654 0.013516143232 0.999655401405 -0.022503162295 -0.016242837814 -0.000347743377 0.022509916111 0.999746559259 -0.112836757720 0.000000000000 0.000000000000 0.000000000000 1.000000000000 -13.485846380430 0.098179042670 -0.369212375019 0.057547830963 -0.025696745151 0.014256361352
0.000000000000 361810432 0.999906801324 -0.013646609445 0.000398393597 -1.904062565340 0.013652168718 0.999640598491 -0.023071457227 -0.015517733110 -0.000083403248 0.023074745934 0.999733739125 -0.116936758802 0.000000000000 0.000000000000 0.000000000000 1.000000000000 -13.872512348634 0.080081383337 -0.355772792637 0.056045937352 -0.025598416652 0.013024449601
0.000000000000 371810432 0.999905053774 -0.013779038532 0.000146747769 -2.044495571673 0.013778660036 0.999626016816 -0.023621495113 -0.015080493780 0.000178788603 0.023621274329 0.999720962786 -0.120963201215 0.000000000000 0.000000000000 0.000000000000 1.000000000000 -14.212804419715 0.040672040348 -0.348295270764 0.053889444016 -0.025302532415 0.012379139916
0.000000000000 381810432 0.999903274151 -0.013907988657 -0.000100966757 -2.188099149462 0.013901495729 0.999611766651 -0.024146726275 -0.015154957940 0.000436759953 0.024142987073 0.999708420199 -0.124972110818 0.000000000000 0.000000000000 0.000000000000 1.000000000000 -14.506717326490 -0.019955136978 -0.346806710013 0.051078176713 -0.024809498034 0.012320373398
0.000000000000 391810432 0.999901385973 -0.014039263604 -0.000342645289 -2.334409594250 0.014026559590 0.999597967320 -0.024640603806 -0.015966469550 0.000688443466 0.024633367762 0.999696315507 -0.129018883864 0.000000000000 0.000000000000 0.000000000000 1.000000000000 -14.754246208139 -0.101704783916 -0.351334476817 0.047611964290 -0.024119702238 0.012848088585
0.000000000000 401810432 0.999899405443 -0.014172234051 -0.000571644443 -2.484680753505 0.014153429145 0.999584874779 -0.025094990664 -0.017467414872 0.000927059220 0.025084375515 0.999684907692 -0.133026349264 0.000000000000 0.000000000000 0.000000000000 1.000000000000 -15.652465472635 -0.098108824873 -0.312816131043 0.042894071378 -0.021365083677 0.011359141986
0.000000000000 411810432 0.999897870804 -0.014271167563 -0.000762717754 -2.648575999321 0.014247085408 0.999573332580 -0.025498497040 -0.018150274282 0.001126285651 0.025485026394 0.999674569503 -0.136254861327 0.000000000000 0.000000000000 0.000000000000 1.000000000000 -17.091533766413 -0.004992877864 -0.234576157149 0.037947812250 -0.017552912210 0.007508056591
0.000000000000 421810432 0.999896859864 -0.014332397587 -0.000923045745 -2.825648440714 0.014303747759 0.999563330518 -0.025856354812 -0.017936627389 0.001293226236 0.025840484970 0.999665242420 -0.138715915051 0.000000000000 0.000000000000 0.000000000000 1.000000000000 -18.287014575129 0.065207295632 -0.170122594103 0.033765073259 -0.015031587509 0.003963239746
0.000000000000 431810432 0.999896332383 -0.014359290812 -0.001065482920 -3.013460644145 0.014326491249 0.999554680273 -0.026176187527 -0.017051242494 0.001440879928 0.026158209272 0.999656777075 -0.140574406885 0.000000000000 0.000000000000 0.000000000000 1.000000000000 -19.238906939510 0.112563046110 -0.119195804759 0.030345878649 -0.013801175461 0.000724352935
0.000000000000 441810432 0.999896234890 -0.014355226897 -0.001202876868 -3.209574949125 0.014318377354 0.999547174931 -0.026465622191 -0.015718491993 0.001582252187 0.026445652738 0.999649000364 -0.141998790043 0.000000000000 0.000000000000 0.000000000000 1.000000000000 -19.947210049798 0.137140485252 -0.081526394752 0.027690214681 -0.013861756107 -0.002208907636
0.000000000000 451810432 0.999896503298 -0.014323595869 -0.001348070080 -3.411553556733 0.014282456694 0.999540592602 -0.026732287061 -0.014162939419 0.001730353243 0.026710266605 0.999641719585 -0.143161778997 0.000000000000 0.000000000000 0.000000000000 1.000000000000 -20.411923236425 0.139000511580 -0.056835218118 0.025798029630 -0.015213423682 -0.004836811025
0.000000000000 461810432 0.999897063745 -0.014267796482 -0.001513901509 -3.616958589340 0.014221770773 0.999534699369 -0.026983809830 -0.012609839312 0.001898196596 0.026959501857 0.999634724341 -0.144240756829 0.000000000000 0.000000000000 0.000000000000 1.000000000000 -20.633045985668 0.118198829698 -0.044833379618 0.024669233796 -0.017856286623 -0.007159591549
0.000000000000 471810432 0.999897831657 -0.014191235532 -0.001713207869 -3.823352121028 0.014139352715 0.999529251563 -0.027227816178 -0.011285549779 0.002098797731 0.027200810707 0.999627786201 -0.145417885281 0.000000000000 0.000000000000 0.000000000000 1.000000000000 -20.610577981676 0.074785961346 -0.045222234766 0.024303699542 -0.021790467566 -0.009177448780
0.000000000000 481810432 0.999898709043 -0.014097328125 -0.001958824673 -4.028296178156 0.014038227014 0.999523997368 -0.027471928716 -0.010417857530 0.002345173061 0.027441647633 0.999620656118 -0.146879917451 0.000000000000 0.000000000000 0.000000000000 1.000000000000 -20.344519176261 0.008807246441 -0.057693388593 0.024701261348 -0.027016103311 -0.010890547568
0.000000000000 491810432 0.999899580005 -0.013989498912 -0.002263586999 -4.229352709526 0.013921408286 0.999518677751 -0.027723766290 -0.010236215147 0.002650339083 0.027689469951 0.999613059617 -0.148817713163 0.000000000000 0.000000000000 0.000000000000 1.000000000000 -19.834869887863 -0.079697167679 -0.081928694132 0.025861715874 -0.033533344794 -0.012299018084
0.000000000000 501810432 0.999900561748 -0.013856505921 -0.002619896720 -4.428343633636 0.013777809459 0.999513332136 -0.027986976399 -0.010852107550 0.003006423405 0.027948096985 0.999604854577 -0.151182590448 0.000000000000 0.000000000000 0.000000000000 1.000000000000 -20.821803980884 -0.165319521588 -0.055484973291 0.026149019250 -0.032781546823 -0.019140603386
0.000000000000 511810432 0.999903080230 -0.013614453054 -0.002911496912 -4.648892839812 0.013526859943 0.999509578578 -0.028242280216 -0.011614703067 0.003294572250 0.028200159570 0.999596867139 -0.152629937420 0.000000000000 0.000000000000 0.000000000000 1.000000000000 -23.213066730897 -0.220187362909 0.021989291611 0.025119496682 -0.024394266537 -0.030583465713
0.000000000000 521810432 0.999907116078 -0.013265195162 -0.003129506859 -4.890875790185 0.013170728948 0.999507351570 -0.028488349489 -0.012301420669 0.003505868628 0.028444485493 0.999589225697 -0.153080048009 0.000000000000 0.000000000000 0.000000000000 1.000000000000 -25.105973902884 -0.261716114649 0.084162785283 0.024377766236 -0.017448783950 -0.040172059052
0.000000000000 531810432 0.999912317000 -0.012827637361 -0.003287861290 -5.149306830900 0.012727965446 0.999506225870 -0.028728093270 -0.012812981821 0.003654751392 0.028683726520 0.999581855890 -0.152723048955 0.000000000000 0.000000000000 0.000000000000 1.000000000000 -26.500521498882 -0.289630364647 0.131492307196 0.023922930003 -0.011945659643 -0.047906680632
0.000000000000 541810432 0.999918315265 -0.012320693612 -0.003400486253 -5.419199961066 0.012217109274 0.999505779829 -0.028964432160 -0.013058880075 0.003755667558 0.028920522096 0.999574658724 -0.151751348009 0.000000000000 0.000000000000 0.000000000000 1.000000000000 -27.396704994185 -0.303667579317 0.164427651058 0.023754080203 -0.007885467257 -0.053787637193
0.000000000000 551810432 0.999924749993 -0.011763285945 -0.003481300732 -5.695568930921 0.011656692478 0.999505610139 -0.029200288040 -0.012960616118 0.003823070950 0.029157510266 0.999567518342 -0.150362016175 0.000000000000 0.000000000000 0.000000000000 1.000000000000 -27.794519169308 -0.303578117123 0.183411626927 0.023870298946 -0.005268793230 -0.057815244805
0.000000000000 561810432 0.999931283918 -0.011174343995 -0.003544217710 -5.973427332297 0.011065240164 0.999505342997 -0.029438576385 -0.012454002213 0.003871421317 0.029397335861 0.999560307706 -0.148758449326 0.000000000000 0.000000000000 0.000000000000 1.000000000000 -27.693958023393 -0.289125239637 0.188880070997 0.024270658101 -0.004096236636 -0.059989828768
0.000000000000 571810432 0.999937614627 -0.010572804819 -0.003603144669 -6.247788678225 0.010461270858 0.999504641683 -0.029682201158 -0.011490536201 0.003915183940 0.029642655950 0.999552892189 -0.147151309020 0.000000000000 0.000000000000 0.000000000000 1.000000000000 -27.095014765150 -0.260085119252 0.181261842009 0.024954219255 -0.004368409125 -0.060311723616
0.000000000000 581810432 0.999943480290 -0.009977613032 -0.003671983526 -6.513666466863 0.009863296383 0.999503210550 -0.029934052270 -0.010037845222 0.003968829713 0.029896142544 0.999545131073 -0.145758742450 0.000000000000 0.000000000000 0.000000000000 1.000000000000 -25.997681877388 -0.216246842573 0.160978803301 0.025920033774 -0.006085934976 -0.058781273226
0.000000000000 591810432 0.999948659853 -0.009407721257 -0.003764630020 -6.766074224092 0.009289821266 0.999500795433 -0.030197005628 -0.008079199316 0.004046835711 0.030160482569 0.999536876964 -0.144805881533 0.000000000000 0.000000000000 0.000000000000 1.000000000000 -24.401951251205 -0.157412408502 0.128445789493 0.027167142987 -0.009249451256 -0.055398831018
0.000000000000 601810432 0.999952985872 -0.008881499473 -0.003891659277 -7.003567662611 0.008758871225 0.999497330005 -0.030469156331 -0.005908552477 0.004160314853 0.030433637307 0.999528131420 -0.144448859493 0.000000000000 0.000000000000 0.000000000000 1.000000000000 -23.777711749168 -0.205623128948 0.105819829215 0.026734030215 -0.012408533204 -0.050455827643
0.000000000000 611810432 0.999956517156 -0.008405581983 -0.004038562590 -7.244856221840 0.008277608125 0.999493654181 -0.030723223396 -0.005261256667 0.004294764254 0.030688457824 0.999519771468 -0.144343632180 0.000000000000 0.000000000000 0.000000000000 1.000000000000 -24.455743440975 -0.349704738225 0.104254662175 0.024537320699 -0.013942261636 -0.045654082669
0.000000000000 621810432 0.999959386194 -0.007975988387 -0.004196376128 -7.492096522223 0.007842331370 0.999489949784 -0.030957036657 -0.006081847431 0.004441148731 0.030922870002 0.999511907037 -0.144369386643 0.000000000000 0.000000000000 0.000000000000 1.000000000000 -24.968449378783 -0.454431614480 0.104030873375 0.022658630125 -0.014851901416 -0.041268409376
0.000000000000 631810432 0.999961707313 -0.007588370123 -0.004358961724 -7.743636613591 0.007448871362 0.999486223206 -0.031173770022 -0.007965938007 0.004593280296 0.031140106950 0.999504474985 -0.144472827373 0.000000000000 0.000000000000 0.000000000000 1.000000000000 -25.315811747745 -0.519978337654 0.105028554636 0.021098289587 -0.015137492842 -0.037298614658
0.000000000000 641810432 0.999963586240 -0.007238376491 -0.004520187944 -7.997824096754 0.007093060525 0.999482464759 -0.031376601651 -0.010509008259 0.004744964243 0.031343397145 0.999497412088 -0.144596911113 0.000000000000 0.000000000000 0.000000000000 1.000000000000 -25.497814097159 -0.546514256841 0.107125669872 0.019856606538 -0.014799070277 -0.033744514174
0.000000000000 651810432 0.999965121930 -0.006921655187 -0.004673929123 -8.253006225607 0.006770732813 0.999478650875 -0.031568712711 -0.013306001069 0.004890000118 0.031535965730 0.999490655666 -0.144680760630 0.000000000000 0.000000000000 0.000000000000 1.000000000000 -25.514441312624 -0.534203493317 0.110198065921 0.018933864797 -0.013836662076 -0.030605932352
0.000000000000 661810432 0.999966407827 -0.006633852638 -0.004814064539 -8.507529988455 0.006477723411 0.999474746006 -0.031753286388 -0.015950988895 0.005022182555 0.031721035547 0.999484143739 -0.144659668545 0.000000000000 0.000000000000 0.000000000000 1.000000000000 -25.365679598446 -0.483204943874 0.114119477562 0.018330324565 -0.012250290545 -0.027882702405
0.000000000000 671810432 0.999967532576 -0.006370614123 -0.004934477718 -8.759742168346 0.006209868623 0.999470704249 -0.031933507151 -0.018036910684 0.005135301971 0.031901827894 0.999477814687 -0.144465191271 0.000000000000 0.000000000000 0.000000000000 1.000000000000 -25.051516470230 -0.393672284153 0.118761527219 0.018046222446 -0.010039971903 -0.025574666361
0.000000000000 681810432 0.999968580164 -0.006127583709 -0.005029055872 -9.007989382187 0.005963005960 0.999466470690 -0.032112560275 -0.019155379252 0.005223145124 0.032081563013 0.999471606435 -0.144025333087 0.000000000000 0.000000000000 0.000000000000 1.000000000000 -24.571940757589 -0.265753971672 0.123993719881 0.018081771468 -0.007205716267 -0.023681675100
0.000000000000 691810432 0.999969629504 -0.005900403966 -0.005091689483 -9.250618098395 0.005732974414 0.999461982450 -0.032293631603 -0.018896559285 0.005279495537 0.032263460304 0.999465455159 -0.143264820336 0.000000000000 0.000000000000 0.000000000000 1.000000000000 -23.926942616923 -0.099593248218 0.129683433759 0.018437161118 -0.003747527643 -0.022203588399
0.000000000000 701810432 0.999970711009 -0.005683532775 -0.005125873513 -9.487122591704 0.005514150468 0.999457356440 -0.032474402270 -0.016913751140 0.005307661321 0.032445186289 0.999459423197 -0.142163273836 0.000000000000 0.000000000000 0.000000000000 1.000000000000 -23.595058201096 0.070040904947 0.148805654609 0.016848619134 -0.003584852285 -0.021747204906
0.000000000000 711810432 0.999971619839 -0.005465790316 -0.005185041158 -9.723649990837 0.005293802446 0.999453704915 -0.032623111248 -0.013444423967 0.005360519681 0.032594736816 0.999454275072 -0.141029504047 0.000000000000 0.000000000000 0.000000000000 1.000000000000 -23.706634799061 0.193433489313 0.177533440670 0.013190507935 -0.006655794293 -0.022199708139
0.000000000000 721810432 0.999972366882 -0.005243294400 -0.005270041472 -9.961151115217 0.005068032107 0.999451156046 -0.032736855833 -0.008769581873 0.005438798014 0.032709242472 0.999450111278 -0.139901875268 0.000000000000 0.000000000000 0.000000000000 1.000000000000 -23.790680532653 0.290707537167 0.200226255107 0.009861153361 -0.008711886696 -0.022867375721
0.000000000000 731810432 0.999973008989 -0.005013566071 -0.005370795926 -10.199351883698 0.004834673555 0.999449621201 -0.032818906337 -0.003125622726 0.005532379709 0.032792054476 0.999446884000 -0.138752109366 0.000000000000 0.000000000000 0.000000000000 1.000000000000 -23.847203258943 0.361807152433 0.216641402554 0.006860800612 -0.009753178867 -0.023750065433
0.000000000000 741810432 0.999973603515 -0.004774123465 -0.005477227297 -10.437978263386 0.004591563792 0.999449005135 -0.032872536820 0.003251957091 0.005631146922 0.032846520062 0.999444543886 -0.137547195223 0.000000000000 0.000000000000 0.000000000000 1.000000000000 -23.876211300954 0.406676004928 0.226536464393 0.004189706050 -0.009779729628 -0.024847662052
0.000000000000 751810432 0.999974209171 -0.004522483501 -0.005579259434 -10.676756270815 0.004336541034 0.999449206782 -0.032901025440 0.010128560168 0.005724980760 0.032875982208 0.999443042094 -0.136249296570 0.000000000000 0.000000000000 0.000000000000 1.000000000000 -23.877713450102 0.425257298684 0.229669305801 0.001848137198 -0.008791607241 -0.026160077340
0.000000000000 761810432 0.999974885814 -0.004256163237 -0.005666817115 -10.915411974778 0.004067443346 0.999450119889 -0.032907655023 0.017270479211 0.005803761396 0.032883779117 0.999442331215 -0.134815695511 0.000000000000 0.000000000000 0.000000000000 1.000000000000 -23.851718986151 0.417493745424 0.225798082500 -0.000163627256 -0.006788889425 -0.027687250055
0.000000000000 771810432 0.999975693155 -0.003972680891 -0.005729825969 -11.153671500227 0.003782107621 0.999451633484 -0.032895713839 0.024444881655 0.005857368098 0.032873243430 0.999442365074 -0.133198771712 0.000000000000 0.000000000000 0.000000000000 1.000000000000 -23.798237714579 0.383327543289 0.214681247275 -0.001845297451 -0.003771663371 -0.029429145977
0.000000000000 781810432 0.999976688400 -0.003669556518 -0.005758212483 -11.391261032619 0.003478368889 0.999453632182 -0.032868496602 0.031419787594 0.005875679187 0.032847701198 0.999443097390 -0.131346017199 0.000000000000 0.000000000000 0.000000000000 1.000000000000 -23.717280021262 0.322700360867 0.196077556309 -0.003196572351 0.000259974230 -0.031385757958
0.000000000000 791810432 0.999977922813 -0.003344312362 -0.005741904076 -11.627906822138 0.003154059953 0.999455996327 -0.032829305678 0.037964040809 0.005848571912 0.032810470590 0.999444479312 -0.129200086725 0.000000000000 0.000000000000 0.000000000000 1.000000000000 -23.608856944385 0.235553326636 0.169746075377 -0.004217139735 0.005305917148 -0.033557105991
0.000000000000 801810432 0.999979360891 -0.002998302541 -0.005682250713 -11.863367828387 0.002810472582 0.999458636341 -0.032780108111 0.044025547757 0.005777459231 0.032763461749 0.999446435052 -0.126770047971 0.000000000000 0.000000000000 0.000000000000 1.000000000000 -23.488919821093 0.212545109384 0.162547323935 -0.005469926958 0.006595839767 -0.034514725327
0.000000000000 811810432 0.999980551930 -0.002654146202 -0.005643692958 -12.097761035411 0.002468129152 0.999461657450 -0.032715495204 0.050539179431 0.005727486425 0.032700929588 0.999448770625 -0.124463111418 0.000000000000 0.000000000000 0.000000000000 1.000000000000 -23.395444332215 0.268283051140 0.179707610685 -0.007024924932 0.003441662650 -0.034030302507
0.000000000000 821810432 0.999981446434 -0.002315703767 -0.005634208351 -12.331325852388 0.002130622021 0.999465007557 -0.032636775559 0.057561277419 0.005706771196 0.032624165662 0.999451397806 -0.122346750700 0.000000000000 0.000000000000 0.000000000000 1.000000000000 -23.324400611336 0.310147234020 0.193806528340 -0.008299760654 0.000741927003 -0.033563125610
0.000000000000 831810432 0.999982077332 -0.001982650369 -0.005649257666 -12.564287212389 0.001797764086 0.999468597692 -0.032546739808 0.064953193581 0.005710784443 0.032536000451 0.999454248886 -0.120409294672 0.000000000000 0.000000000000 0.000000000000 1.000000000000 -23.275794324459 0.338141486881 0.204738667254 -0.009294280944 -0.001503463247 -0.033113235334
0.000000000000 841810432 0.999982475241 -0.001654661046 -0.005684303678 -12.796870111447 0.001469368376 0.999472339008 -0.032448181983 0.072576505302 0.005734995035 0.032439261000 0.999457254803 -0.118636852813 0.000000000000 0.000000000000 0.000000000000 1.000000000000 -23.249631055018 0.352269521945 0.212398422411 -0.010008334319 -0.003294603157 -0.032680670588
0.000000000000 851810432 0.999982669493 -0.001331411283 -0.005734811075 -13.029299610729 0.001145247509 0.999476143077 -0.032343899400 0.080293013516 0.005774869887 0.032336771085 0.999460346444 -0.117013340942 0.000000000000 0.000000000000 0.000000000000 1.000000000000 -23.245916294480 0.352534931048 0.216679992599 -0.010441770990 -0.004631586767 -0.032265468473
0.000000000000 861810432 0.999982688958 -0.001012577430 -0.005796246390 -13.261800838410 0.000825213283 0.999479922098 -0.032236692550 0.087964740751 0.005825874037 0.032231351360 0.999463455651 -0.115520500602 0.000000000000 0.000000000000 0.000000000000 1.000000000000 -23.264655436110 0.338941183711 0.217477380104 -0.010594442855 -0.005514507097 -0.031867664269
0.000000000000 871810432 0.999982562655 -0.000697836981 -0.005864077930 -13.494598991137 0.000509076387 0.999483589033 -0.032129364996 0.095453929103 0.005883470715 0.032125819481 0.999466515945 -0.114137912089 0.000000000000 0.000000000000 0.000000000000 1.000000000000 -23.305853771916 0.311491627148 0.214684390931 -0.010466203500 -0.005943456143 -0.031487291435
0.000000000000 881810432 0.999982320163 -0.000386868734 -0.005933775721 -13.727919334967 0.000196646244 0.999487057660 -0.032024723269 0.102623038087 0.005943121401 0.032022990223 0.999469462968 -0.112843001120 0.000000000000 0.000000000000 0.000000000000 1.000000000000 -23.369516492764 0.270189488146 0.208194635530 -0.010056908191 -0.005918524875 -0.031124381612
0.000000000000 891810432 0.999981991820 -0.000079352819 -0.006000811460 -13.961987205654 -0.000112269020 0.999490242545 -0.031925576783 0.109334742287 0.006000285886 0.031925675566 0.999472234636 -0.111611039132 0.000000000000 0.000000000000 0.000000000000 1.000000000000 -23.455648691700 0.215037876888 0.197901530012 -0.009366413881 -0.005439803233 -0.030778964625
0.000000000000 901810432 0.999981566477 0.000222347284 -0.006067723413 -14.196943443804 -0.000415396294 0.999493114166 -0.031833035990 0.115509573659 0.006057569781 0.031834969705 0.999474782349 -0.110497955681 0.000000000000 0.000000000000 0.000000000000 1.000000000000 -23.528382045212 0.184696930177 0.191483630773 -0.009098973737 -0.007426065912 -0.029463792406
0.000000000000 911810432 0.999980823193 0.000503905877 -0.006172465064 -14.432360366300 -0.000699575549 0.999495933903 -0.031739387294 0.121452586584 0.006153360070 0.031743096739 0.999477119283 -0.109963473845 0.000000000000 0.000000000000 0.000000000000 1.000000000000 -23.562420951076 0.190492153972 0.191699517022 -0.009229938479 -0.011527739194 -0.027595379880
0.000000000000 921810432 0.999979784330 0.000768983156 -0.006311861566 -14.668070960562 -0.000968364620 0.999498659581 -0.031646354690 0.127287526389 0.006284361661 0.031651827121 0.999479198702 -0.109966620656 0.000000000000 0.000000000000 0.000000000000 1.000000000000 -23.587839217180 0.194363534495 0.190867637093 -0.008987777318 -0.014463544492 -0.026387161867
0.000000000000 931810432 0.999978515513 0.001024552474 -0.006474473364 -14.903989605612 -0.001228386792 0.999501179315 -0.031557623715 0.133085173896 0.006438911321 0.031564898873 0.999480964091 -0.110362991443 0.000000000000 0.000000000000 0.000000000000 1.000000000000 -23.604640745231 0.196153673072 0.188713775551 -0.008372089819 -0.016233642792 -0.025839196008
0.000000000000 941810432 0.999977079948 0.001277583752 -0.006648861489 -15.140030581717 -0.001486268784 0.999503375050 -0.031476884682 0.138919405269 0.006605345143 0.031486045226 0.999482365213 -0.111002644535 0.000000000000 0.000000000000 0.000000000000 1.000000000000 -23.612829371501 0.195705059162 0.184963720666 -0.007382470289 -0.016838189104 -0.025951526040
0.000000000000 951810432 0.999975540847 0.001535043508 -0.006823587682 -15.376108104085 -0.001748640714 0.999505122728 -0.031407831777 0.144867201616 0.006771998456 0.031418995571 0.999483359919 -0.111730082544 0.000000000000 0.000000000000 0.000000000000 1.000000000000 -23.612408859372 0.192860083869 0.179343256642 -0.006018507775 -0.016277332467 -0.026724181790
0.000000000000 961810432 0.999973962057 0.001803895305 -0.006987214760 -15.612136334215 -0.002022135629 0.999506291844 -0.031354162914 0.151008647017 0.006927205488 0.031367475612 0.999483914477 -0.112384240720 0.000000000000 0.000000000000 0.000000000000 1.000000000000 -23.603382920121 0.187461060440 0.171578152182 -0.004279786076 -0.014551215962 -0.028157179203
0.000000000000 971810432 0.999972406886 0.002091100631 -0.007128307237 -15.848029367904 -0.002313388609 0.999506744410 -0.031319580342 0.157426914720 0.007059298765 0.031335206682 0.999484002435 -0.112798482244 0.000000000000 0.000000000000 0.000000000000 1.000000000000 -23.585755261965 0.179350251737 0.161394145376 -0.002165883759 -0.011659976751 -0.030250520408
0.000000000000 981810432 0.999970935143 0.002403620200 -0.007235432194 -16.083701198934 -0.002629035431 0.999506333313 -0.031307792009 0.164208241240 0.007156608261 0.031325904260 0.999483602007 -0.112800600324 0.000000000000 0.000000000000 0.000000000000 1.000000000000 -23.559529667352 0.168369904651 0.148516924932 0.000323625811 -0.007603746128 -0.033004193822
0.000000000000 991810432 0.999969598369 0.002748415675 -0.007297160392 -16.319065657432 -0.002975710807 0.999504900079 -0.031322513675 0.171441888092 0.007207460281 0.031343275658 0.999482691990 -0.112212826975 0.000000000000 0.000000000000 0.000000000000 1.000000000000 -23.524710098536 0.154362291477 0.132672107762 0.003189174445 -0.002382649601 -0.036418174285
0.000000000000 1001810432 0.999968387220 0.003126711246 -0.007310830194 -16.554174034094 -0.003354563119 0.999502378512 -0.031364665726 0.179161395358 0.007209123915 0.031388198843 0.999481270213 -0.110980422956 0.000000000000 0.000000000000 0.000000000000 1.000000000000 -23.537884500363 0.150363598725 0.121787697023 0.005242548174 0.000278018900 -0.038204372356
0.000000000000 1011810432 0.999967032880 0.003505607314 -0.007324197541 -16.789794304108 -0.003734092877 0.999499331978 -0.031418814845 0.187032323175 0.007210388522 0.031445128291 0.999479471627 -0.109792636407 0.000000000000 0.000000000000 0.000000000000 1.000000000000 -23.597486120152 0.158089239422 0.118556280443 0.006153750837 -0.000526889150 -0.037591755911
0.000000000000 1021810432 0.999965515088 0.003877263419 -0.007344076776 -17.025930271935 -0.004106658751 0.999495873351 -0.031482288814 0.194942174306 0.007218309305 0.031511362768 0.999477328421 -0.108750339549 0.000000000000 0.000000000000 0.000000000000 1.000000000000 -23.641500482952 0.163859823680 0.114998026839 0.007099490083 -0.001064833237 -0.036798202926
0.000000000000 1031810432 0.999963868906 0.004239954176 -0.007367745362 -17.262426837273 -0.004470454308 0.999492005438 -0.031555444916 0.202837430703 0.007230208947 0.031587241952 0.999474847219 -0.107814307292 0.000000000000 0.000000000000 0.000000000000 1.000000000000 -23.669928319538 0.167712361015 0.111049831104 0.008079863765 -0.001335838241 -0.035823695440
0.000000000000 1041810432 0.999962131876 0.004591954479 -0.007392480524 -17.499128960228 -0.004823672885 0.999487733029 -0.031638642597 0.210663592331 0.007243410394 0.031673103408 0.999472034389 -0.106944056794 0.000000000000 0.000000000000 0.000000000000 1.000000000000 -23.682770306192 0.169684080086 0.106648547637 0.009094966632 -0.001339930530 -0.034668212786
0.000000000000 1051810432 0.999960343913 0.004931539633 -0.007415559160 -17.735881660383 -0.005164507468 0.999483062685 -0.031732243360 0.218365180204 0.007255236965 0.031769282694 0.999468896071 -0.106097844428 0.000000000000 0.000000000000 0.000000000000 1.000000000000 -23.680027066831 0.169812431835 0.101730992266 0.010144890333 -0.001077137950 -0.033331731587
0.000000000000 1061810432 0.999958547099 0.005256985496 -0.007434257721 -17.972530013772 -0.005491150555 0.999478002505 -0.031836610605 0.225885742000 0.007263012457 0.031876113513 0.999465438140 -0.105232667114 0.000000000000 0.000000000000 0.000000000000 1.000000000000 -23.661699176720 0.168135092769 0.096233944248 0.011229723423 -0.000547489825 -0.031814225765
0.000000000000 1071810432 0.999956785366 0.005566568623 -0.007445852107 -18.208919147676 -0.005801794006 0.999472561850 -0.031952109418 0.233167860277 0.007264061270 0.031993927919 0.999461666093 -0.104304268037 0.000000000000 0.000000000000 0.000000000000 1.000000000000 -23.627787167789 0.164689968349 0.090094148372 0.012349551360 0.000248983054 -0.030115666544
0.000000000000 1081810432 0.999955104088 0.005858566425 -0.007447617536 -18.444894233192 -0.006094628890 0.999466751041 -0.032079106312 0.240153163272 0.007255708527 0.032123056557 0.999457584859 -0.103267146741 0.000000000000 0.000000000000 0.000000000000 1.000000000000 -23.578291535542 0.159515196489 0.083248317148 0.013504456513 0.001312248431 -0.028236022455
