0.000000000000 497664 1.000000000000 0.000000000000 0.000000000000 0.000000000000 0.000000000000 1.000000000000 0.000000000000 0.000000000000 0.000000000000 0.000000000000 1.000000000000 0.000000000000 0.000000000000 0.000000000000 0.000000000000 1.000000000000 0.000000000000 0.000000000000 0.000000000000 0.000000000000 0.000000000000 0.000000000000
0.000000000000 10497664 0.999999999639 0.000023782450 0.000012519792 -0.000011438102 -0.000023782709 0.999999999503 0.000020697999 0.000001717265 -0.000012519300 -0.000020698297 0.999999999707 -0.000001378243 0.000000000000 0.000000000000 0.000000000000 1.000000000000 -0.002205175617 0.000331040557 -0.000265688711 -0.003989950881 0.002413297481 -0.004584406555
0.000000000000 20497664 0.999999995027 0.000088244161 0.000046457104 -0.000042454408 -0.000088247729 0.999999993157 0.000076803392 0.000006374725 -0.000046450326 -0.000076807492 0.999999995971 -0.000005113621 0.000000000000 0.000000000000 0.000000000000 1.000000000000 -0.003915668601 0.000587752194 -0.000471553833 -0.007081829174 0.004282924629 -0.008136157340
0.000000000000 30497664 0.999999978601 0.000183055861 0.000096380387 -0.000088101844 -0.000183071216 0.999999970549 0.000159332334 0.000013231642 -0.000096351218 -0.000159349975 0.999999982662 -0.000010606771 0.000000000000 0.000000000000 0.000000000000 1.000000000000 -0.005131478937 0.000770135053 -0.000617595302 -0.009275634883 0.005608881492 -0.010655252327
0.000000000000 40497664 0.999999943329 0.000297888465 0.000156857731 -0.000143433352 -0.000297929132 0.999999922001 0.000259301198 0.000021547106 -0.000156780476 -0.000259347916 0.999999954079 -0.000017258406 0.000000000000 0.000000000000 0.000000000000 1.000000000000 -0.005852606599 0.000878189369 -0.000703813008 -0.010571368017 0.006391168148 -0.012141691468
0.000000000000 50497664 0.999999886040 0.000422414270 0.000222454596 -0.000203502001 -0.000422496055 0.999999843137 0.000367727946 0.000030578912 -0.000222299228 -0.000367821891 0.999999907645 -0.000024469813 0.000000000000 0.000000000000 0.000000000000 1.000000000000 -0.006079051553 0.000911915474 -0.000730206800 -0.010969028585 0.006629784705 -0.012595474696
0.000000000000 60497664 0.999999809379 0.000546307662 0.000287732481 -0.000263361046 -0.000546444478 0.999999737586 0.000475632942 0.000039582895 -0.000287472564 -0.000475790081 0.999999845492 -0.000031643144 0.000000000000 0.000000000000 0.000000000000 1.000000000000 -0.005810813751 0.000871313793 -0.000696776482 -0.010468616601 0.006324731305 -0.012016601927
0.000000000000 70497664 0.999999722407 0.000659245331 0.000347248515 -0.000318063956 -0.000659444597 0.999999617806 0.000574039194 0.000047812730 -0.000346869950 -0.000574268025 0.999999774949 -0.000038181507 0.000000000000 0.000000000000 0.000000000000 1.000000000000 -0.005047893136 0.000756384845 -0.000603521816 -0.009070132082 0.005476008117 -0.010405073055
0.000000000000 80497664 0.999999639838 0.000750906004 0.000395555975 -0.000362664384 -0.000751164585 0.999999504036 0.000653972048 0.000054520180 -0.000395064708 -0.000654268941 0.999999707928 -0.000043488852 0.000000000000 0.000000000000 0.000000000000 1.000000000000 -0.003790289643 0.000567129244 -0.000450442520 -0.006773575046 0.004083615346 -0.007760887957
0.000000000000 90497663 0.999999579912 0.000810969677 0.000427205734 -0.000392216103 -0.000811271351 0.999999421378 0.000706458307 0.000058955803 -0.000426632570 -0.000706804590 0.999999659206 -0.000046969660 0.000000000000 0.000000000000 0.000000000000 1.000000000000 -0.002038003395 0.000303547729 -0.000237538292 -0.003578945881 0.002147553445 -0.004084046910
0.000000000000 100497663 0.999999560900 0.000829107899 0.000436784561 -0.000435665043 -0.000829423705 0.999999394416 0.000723341680 0.000062551095 -0.000436184568 -0.000723703642 0.999999642998 -0.000048403024 0.000000000000 0.000000000000 0.000000000000 1.000000000000 -0.055654956478 0.003553138464 -0.000578541961 -0.000834980006 -0.000269010586 0.000634385550
0.000000000000 110497663 0.999999590759 0.000798613507 0.000425086221 -0.003183512296 -0.000798937509 0.999999390086 0.000762579074 0.000231583987 -0.000424476956 -0.000762918379 0.999999618887 -0.000073876174 0.000000000000 0.000000000000 0.000000000000 1.000000000000 -0.485143981681 0.029185326810 -0.004156165343 -0.006807362882 -0.001896960976 0.005294735314
0.000000000000 120497663 0.999999655114 0.000726670381 0.000402147762 -0.009963181820 -0.000727014204 0.999999369801 0.000855481590 0.000624125582 -0.000401525856 -0.000855773662 0.999999553214 -0.000124651592 0.000000000000 0.000000000000 0.000000000000 1.000000000000 -0.862014445840 0.048339104892 -0.005607626925 -0.011564696762 -0.002509926016 0.008926090229
0.000000000000 130497663 0.999999734098 0.000623562464 0.000378117622 -0.020248523602 -0.000623936499 0.999999315408 0.000989892781 0.001174708233 -0.000377500103 -0.000990128439 0.999999438570 -0.000179618756 0.000000000000 0.000000000000 0.000000000000 1.000000000000 -1.186266284158 0.061011417878 -0.004938479478 -0.015107031142 -0.002107913847 0.011528383833
0.000000000000 140497664 0.999999809277 0.000499571068 0.000363144695 -0.033513385270 -0.000499989713 0.999999209541 0.001153658265 0.001817804223 -0.000362568074 -0.001153839614 0.999999268599 -0.000217479954 0.000000000000 0.000000000000 0.000000000000 1.000000000000 -1.457899415777 0.067197324186 -0.002157701371 -0.017434446234 -0.000690937278 0.013101508929
0.000000000000 150497664 0.999999865913 0.000364973375 0.000367381743 -0.049231590792 -0.000365463392 0.999999042603 0.001334626782 0.002488064227 -0.000366894288 -0.001334760867 0.999999041901 -0.000216577119 0.000000000000 0.000000000000 0.000000000000 1.000000000000 -1.676913640418 0.066889990841 0.002722303015 -0.018547052167 0.001740985523 0.013645317072
0.000000000000 160497664 0.999999893145 0.000230042031 0.000400987534 -0.066876937396 -0.000230651546 0.999998817210 0.001520650366 0.003120499794 -0.000400637246 -0.001520742692 0.999998763415 -0.000154780113 0.000000000000 0.000000000000 0.000000000000 1.000000000000 -1.843308802425 0.060080694559 0.009685705650 -0.018444990394 0.005187831859 0.013159619521
0.000000000000 170497664 0.999999882084 0.000105046106 0.000474127748 -0.085923183882 -0.000105851786 0.999998550105 0.001699583317 0.003650608453 -0.000473948526 -0.001699633304 0.999998443309 -0.000009436348 0.000000000000 0.000000000000 0.000000000000 1.000000000000 -1.957084679571 0.046758816906 0.018713254095 -0.017128432674 0.009649574050 0.011644186533
0.000000000000 180497664 0.999999821811 0.000000253218 0.000596974635 -0.105844049552 -0.000001363161 0.999998271536 0.001859280196 0.004014442321 -0.000596973132 -0.001859280679 0.999998093347 0.000242618256 0.000000000000 0.000000000000 0.000000000000 1.000000000000 -2.018241017820 0.026911845141 0.029782270955 -0.014597581417 0.015126179542 0.009098747606
0.000000000000 190497664 0.999999693287 -0.000074067084 0.000779705411 -0.126113216183 0.000072517223 0.999998022106 0.001987592766 0.004148619736 -0.000779851084 -0.001987535615 0.999997720765 0.000624987091 0.000000000000 0.000000000000 0.000000000000 1.000000000000 -2.026777539137 0.000525374482 0.042866651964 -0.010852669769 0.021617610981 0.005522991534
0.000000000000 200497664 0.999999461887 -0.000108615009 0.001031711660 -0.146210775049 0.000106476559 0.999997846599 0.002072549393 0.003992361643 -0.001031934548 -0.002072438424 0.999997320051 0.001159918425 0.000000000000 0.000000000000 0.000000000000 1.000000000000 -1.993429932304 -0.028734502780 0.055386386170 -0.006198481709 0.027826614689 0.002526727056
0.000000000000 210497664 0.999999144993 -0.000172311861 0.001296272021 -0.166251589841 0.000169563137 0.999997737797 0.002120294773 0.003668940924 -0.001296634441 -0.002120073160 0.999996912010 0.001731434778 0.000000000000 0.000000000000 0.000000000000 1.000000000000 -2.014791035020 -0.033860395733 0.050856989545 -0.003386260831 0.025121593715 0.009833764335
0.000000000000 220497664 0.999998778239 -0.000300996116 0.001533923962 -0.186507013928 0.000297710806 0.999997662570 0.002141546934 0.003284634686 -0.001534564974 -0.002141087652 0.999996530421 0.002263300099 0.000000000000 0.000000000000 0.000000000000 1.000000000000 -2.036329316424 -0.038368458836 0.047311539391 -0.000878383295 0.022473058617 0.015533852513
0.000000000000 230497664 0.999998362495 -0.000478592750 0.001745266697 -0.206978744725 0.000474858638 0.999997598837 0.002139352507 0.002845936006 -0.001746286385 -0.002138520249 0.999996188600 0.002764397207 0.000000000000 0.000000000000 0.000000000000 1.000000000000 -2.058044068653 -0.042291392491 0.044748814488 0.001324761350 0.019880936534 0.019627062951
0.000000000000 240497664 0.999997898425 -0.000689029979 0.001930902313 -0.227668479962 0.000684942481 0.999997525114 0.002116747210 0.002359965648 -0.001932356036 -0.002115420204 0.999995895490 0.003243614198 0.000000000000 0.000000000000 0.000000000000 1.000000000000 -2.079934560461 -0.045662265632 0.043167578762 0.003222822939 0.017345177430 0.022113460467
0.000000000000 250497664 0.999997393203 -0.000916238796 0.002091433383 -0.248577924589 0.000911895415 0.999997427758 0.002076758063 0.001834487736 -0.002093330810 -0.002074845481 0.999995656482 0.003709846405 0.000000000000 0.000000000000 0.000000000000 1.000000000000 -2.102000032611 -0.048514515405 0.042566578176 0.004815490693 0.014865754036 0.022993103283
0.000000000000 260497664 0.999996864661 -0.001144152539 0.002227461077 -0.269708796523 0.001139648200 0.999997305535 0.002022405506 0.001277925980 -0.002229769016 -0.002019860643 0.999995474136 0.004171998209 0.000000000000 0.000000000000 0.000000000000 1.000000000000 -2.124239696765 -0.050881946972 0.042944538241 0.006102493202 0.012442661848 0.022266042992
0.000000000000 270497664 0.999996342841 -0.001356706473 0.002339583748 -0.291062831100 0.001352129704 0.999997171521 0.001956705413 0.000699380447 -0.002342231806 -0.001953534837 0.999995348815 0.004638984660 0.000000000000 0.000000000000 0.000000000000 1.000000000000 -2.146652737936 -0.052798733456 0.044300162186 0.007083598422 0.010075919153 0.019932324517
0.000000000000 280497664 0.999995868966 -0.001537837385 0.002428396012 -0.312641784133 0.001533267315 0.999997052316 0.001882671021 0.000108644888 -0.002431284096 -0.001878939864 0.999995279210 0.005119732907 0.000000000000 0.000000000000 0.000000000000 1.000000000000 -2.169238320582 -0.054299416013 0.046632129772 0.007758613657 0.007765567088 0.015991986095
0.000000000000 290497664 0.999995491826 -0.001671483196 0.002494488310 -0.334447433412 0.001666987324 0.999996984600 0.001803314752 -0.000483775382 -0.002497494999 -0.001799148342 0.999995262781 0.005623183399 0.000000000000 0.000000000000 0.000000000000 1.000000000000 -2.191995598414 -0.055418904047 0.049939096769 0.008127385557 0.005511669715 0.010445059257
0.000000000000 300497664 0.999995260163 -0.001742293505 0.002538516347 -0.356480974258 0.001737925999 0.999997007699 0.001721687013 -0.001065791621 -0.002541508435 -0.001717267099 0.999995295853 0.006157618952 0.000000000000 0.000000000000 0.000000000000 1.000000000000 -2.213932391236 -0.054376340170 0.053070676463 0.008132417955 0.003430472418 0.004465901634
0.000000000000 310497664 0.999995094755 -0.001795288910 0.002566593831 -0.378696625574 0.001791074849 0.999997045894 0.001643245166 -0.001562424242 -0.002569536349 -0.001638640144 0.999995356160 0.006676395670 0.000000000000 0.000000000000 0.000000000000 1.000000000000 -2.229451597345 -0.041335370124 0.048778253542 0.007581241866 0.002197656295 0.006056434311
0.000000000000 320497664 0.999994932390 -0.001862148150 0.002582169366 -0.401073598414 0.001858096999 0.999997040644 0.001570406921 -0.001946782854 -0.002585086055 -0.001565601042 0.999995433101 0.007152152296 0.000000000000 0.000000000000 0.000000000000 1.000000000000 -2.246191657894 -0.030605569844 0.045319646309 0.007019069834 0.000933742078 0.007243103296
0.000000000000 330497664 0.999994779490 -0.001938834023 0.002584939969 -0.423624118870 0.001934952437 0.999996998063 0.001503271417 -0.002240983358 -0.002587846803 -0.001498261833 0.999995529120 0.007592557332 0.000000000000 0.000000000000 0.000000000000 1.000000000000 -2.264152246059 -0.022196124258 0.042695395639 0.006445897605 -0.000361241482 0.008025906495
0.000000000000 340497664 0.999994642853 -0.002021309151 0.002574601909 -0.446360414180 0.002017601330 0.999996925046 0.001441937299 -0.002466968654 -0.002577508594 -0.001436735054 0.999995646111 0.008005254351 0.000000000000 0.000000000000 0.000000000000 1.000000000000 -2.283333061613 -0.016116295307 0.040906044747 0.005861726393 -0.001687268035 0.008404841852
0.000000000000 350497664 0.999994529924 -0.002105535972 0.002550850820 -0.469294710738 0.002102004032 0.999996829589 0.001386502967 -0.002646505281 -0.002553762065 -0.001381133484 0.999995785376 0.008397861533 0.000000000000 0.000000000000 0.000000000000 1.000000000000 -2.303733830755 -0.012375421923 0.039952139456 0.005266562882 -0.003044313633 0.008379907350
0.000000000000 360497664 0.999994448913 -0.002187476716 0.002513381814 -0.492439233014 0.002184121108 0.999996720928 0.001337066839 -0.002801179558 -0.002516298375 -0.001331569886 0.999995947574 0.008777971179 0.000000000000 0.000000000000 0.000000000000 1.000000000000 -2.325354306200 -0.010982920023 0.039834228469 0.004660419228 -0.004432356727 0.007951101011
0.000000000000 370497664 0.999994408738 -0.002263093396 0.002461889605 -0.515806203366 0.002259913344 0.999996609525 0.001293727623 -0.002952393223 -0.002464809084 -0.001288156732 0.999996132677 0.009153149206 0.000000000000 0.000000000000 0.000000000000 1.000000000000 -2.348194267516 -0.011948282501 0.040552863645 0.004043313059 -0.005851378172 0.007118420892
0.000000000000 380497664 0.999994418810 -0.002328347785 0.002396068630 -0.539407842760 0.002325341767 0.999996506884 0.001256584607 -0.003121358573 -0.002398986026 -0.001251005916 0.999996339918 0.009530934626 0.000000000000 0.000000000000 0.000000000000 1.000000000000 -2.372253521719 -0.015281079227 0.042108600290 0.003415267474 -0.007301361225 0.005881865092
0.000000000000 390497664 0.999994488653 -0.002379201401 0.002315613179 -0.563256372361 0.002376367658 0.999996425215 0.001225737956 -0.003329093097 -0.002318521179 -0.001220228452 0.999996567745 0.009918839000 0.000000000000 0.000000000000 0.000000000000 1.000000000000 -2.397531904134 -0.020990957055 0.044501997458 0.002776311047 -0.008782291544 0.004241431748
0.000000000000 400497664 0.999994625980 -0.002412092507 0.002220319805 -0.587363435189 0.002409429452 0.999996375762 0.001201295893 -0.003595795482 -0.002223209395 -0.001195939734 0.999996813529 0.010323235988 0.000000000000 0.000000000000 0.000000000000 1.000000000000 -2.423074111519 -0.027603479808 0.045808512841 0.002116838553 -0.010124230020 0.002982289393
0.000000000000 410497664 0.999994725660 -0.002461672766 0.002118683235 -0.611691171486 0.002459168094 0.999996275338 0.001183977516 -0.003887342422 -0.002121589909 -0.001178761073 0.999997054685 0.010663347845 0.000000000000 0.000000000000 0.000000000000 1.000000000000 -2.442322648320 -0.024767886317 0.034769907711 0.001362231527 -0.010166661637 0.006842846393
0.000000000000 420497664 0.999994723096 -0.002546408337 0.002017320955 -0.636212027720 0.002544042510 0.999996074242 0.001174456276 -0.004175820888 -0.002020303681 -0.001169317928 0.999997275531 0.010901716725 0.000000000000 0.000000000000 0.000000000000 1.000000000000 -2.461724152187 -0.022381455902 0.025910352313 0.000570956657 -0.010061207367 0.010013035370
0.000000000000 430497664 0.999994624966 -0.002659396459 0.001917719943 -0.660927518053 0.002657149888 0.999995781712 0.001173077960 -0.004463061460 -0.001920831533 -0.001167975986 0.999997473116 0.011061075941 0.000000000000 0.000000000000 0.000000000000 1.000000000000 -2.481278687315 -0.020461161664 0.019226191238 -0.000256928698 -0.009807863626 0.012492854053
0.000000000000 440497664 0.999994438821 -0.002793734320 0.001821366344 -0.685839164919 0.002791587454 0.999995407085 0.001180190178 -0.004750573614 -0.001824655116 -0.001175099112 0.999997644885 0.011164232526 0.000000000000 0.000000000000 0.000000000000 1.000000000000 -2.500986300904 -0.019024095201 0.014713744920 -0.001121372591 -0.009406633449 0.014282299047
0.000000000000 450497664 0.999994174763 -0.002942519136 0.001729745715 -0.710948499082 0.002940452417 0.999994961479 0.001196142457 -0.005039538350 -0.001733256671 -0.001191049254 0.999997788609 0.011234068743 0.000000000000 0.000000000000 0.000000000000 1.000000000000 -2.520847021631 -0.018087466776 0.012369310371 -0.002022328494 -0.008857526480 0.015381365834
0.000000000000 460497664 0.999993846618 -0.003098848221 0.001644343294 -0.736257059483 0.003096841892 0.999994459000 0.001221286234 -0.005330800625 -0.001648118763 -0.001216186448 0.999997902295 0.011293543616 0.000000000000 0.000000000000 0.000000000000 1.000000000000 -2.540860858922 -0.017668605500 0.012189161970 -0.002959755293 -0.008160558970 0.015790048768
0.000000000000 470497664 0.999993472613 -0.003255819069 0.001566644290 -0.761766392824 0.003253852839 0.999993917466 0.001255974755 -0.005624861599 -0.001570723987 -0.001250868927 0.999997984075 0.011365694467 0.000000000000 0.000000000000 0.000000000000 1.000000000000 -2.561027803060 -0.017784959502 0.014169552310 -0.003933617290 -0.007315753779 0.015508341082
0.000000000000 480497664 0.999993075552 -0.003406529441 0.001498134198 -0.787478052890 0.003404581974 0.999993358657 0.001300562860 -0.005921870680 -0.001502554654 -0.001295453334 0.999998032063 0.011473638461 0.000000000000 0.000000000000 0.000000000000 1.000000000000 -2.581347826119 -0.018454096119 0.018306713099 -0.004943884201 -0.006323140382 0.014536234878
0.000000000000 490497664 0.999992682500 -0.003544077448 0.001440299139 -0.813393599552 0.003542125688 0.999992808083 0.001355406672 -0.006221617381 -0.001445092447 -0.001350295034 0.999998044204 0.011640574162 0.000000000000 0.000000000000 0.000000000000 1.000000000000 -2.601820883728 -0.019693702077 0.024596856117 -0.005990531158 -0.005182754866 0.012873721132
0.000000000000 500497664 0.999992322353 -0.003662015052 0.001394590012 -0.839514329257 0.003660033403 0.999992292619 0.001420865230 -0.006523290220 -0.001399782493 -0.001415750075 0.999998018128 0.011888685246 0.000000000000 0.000000000000 0.000000000000 1.000000000000 -2.622010103417 -0.020513536593 0.031274878372 -0.007075089895 -0.003953658568 0.011266929987
0.000000000000 510497664 0.999991893113 -0.003790311412 0.001359135084 -0.865820262350 0.003788276327 0.999991704242 0.001496799483 -0.006808131061 -0.001364797146 -0.001491638569 0.999997956169 0.012148331784 0.000000000000 0.000000000000 0.000000000000 1.000000000000 -2.639328984438 -0.014919604109 0.026735962849 -0.008029808923 -0.003105515675 0.014254475408
0.000000000000 520497664 0.999991335187 -0.003944043581 0.001331942957 -0.892301056953 0.003941936483 0.999990980888 0.001580910838 -0.007068169549 -0.001338166126 -0.001575646705 0.999997863322 0.012374206602 0.000000000000 0.000000000000 0.000000000000 1.000000000000 -2.657043259824 -0.010436774721 0.023230219300 -0.008704465871 -0.002291226401 0.016352170925
0.000000000000 530497664 0.999990674598 -0.004114313801 0.001312684120 -0.918960719465 0.004112118933 0.999990150095 0.001670386613 -0.007307982545 -0.001319543685 -0.001664973123 0.999997743332 0.012576757473 0.000000000000 0.000000000000 0.000000000000 1.000000000000 -2.675152662975 -0.007088517056 0.020758664826 -0.009099031544 -0.001510822339 0.017560026931
0.000000000000 540497664 0.999989942013 -0.004292224529 0.001301031226 -0.945803261672 0.004289928558 0.999989245146 0.001762414828 -0.007531684010 -0.001308581914 -0.001756815770 0.999997600603 0.012766417213 0.000000000000 0.000000000000 0.000000000000 1.000000000000 -2.693656930371 -0.004898467920 0.019322324947 -0.009213483272 -0.000764335200 0.017878051775
0.000000000000 550497664 0.999989173842 -0.004468878332 0.001296659440 -0.972832699315 0.004466470184 0.999988306255 0.001854183844 -0.007742916743 -0.001304930399 -0.001848372279 0.999997440335 0.012953603819 0.000000000000 0.000000000000 0.000000000000 1.000000000000 -2.712555801028 -0.003890432274 0.018922233798 -0.009047804915 -0.000051796813 0.017306251755
0.000000000000 560497664 0.999988412548 -0.004635377785 0.001299246531 -1.000053051058 0.004632848690 0.999987380882 0.001942882027 -0.007944844060 -0.001308236128 -0.001936840301 0.999997268580 0.013148720478 0.000000000000 0.000000000000 0.000000000000 1.000000000000 -2.731849017345 -0.004088383253 0.019559433885 -0.008601986857 0.000626760870 0.015844631122
0.000000000000 570497664 0.999987706165 -0.004782825372 0.001308472722 -1.027468337808 0.004780169111 0.999986523176 0.002025697441 -0.008140141393 -0.001318143645 -0.002019417817 0.999997092220 0.013362155462 0.000000000000 0.000000000000 0.000000000000 1.000000000000 -2.751536327376 -0.005516462217 0.021234975401 -0.007876026017 0.001271305778 0.013493192076
0.000000000000 580497664 0.999987107015 -0.004902323397 0.001324020284 -1.055082582345 0.004899536716 0.999985792552 0.002099817570 -0.008330987831 -0.001334295458 -0.002093303411 0.999996918863 0.013604281926 0.000000000000 0.000000000000 0.000000000000 1.000000000000 -2.771617488533 -0.008198978832 0.023949915089 -0.006869925845 0.001881805714 0.010251934765
0.000000000000 590497664 0.999986669646 -0.004984973896 0.001345572881 -1.082899809191 0.004982057081 0.999985251395 0.002162429066 -0.008519057584 -0.001356332688 -0.002155696519 0.999996756662 0.013885457621 0.000000000000 0.000000000000 0.000000000000 1.000000000000 -2.792092272749 -0.012160411194 0.027705314659 -0.005583696336 0.002458228357 0.006120857287
0.000000000000 600497664 0.999986443868 -0.005022744280 0.001372632553 -1.110923431783 0.005019702036 0.999984957173 0.002210886711 -0.008705401312 -0.001383716623 -0.002203966534 0.999996613924 0.014214904524 0.000000000000 0.000000000000 0.000000000000 1.000000000000 -2.811956432753 -0.015661024199 0.030980013675 -0.004295331449 0.002703105768 0.002530123988
0.000000000000 610497664 0.999986142251 -0.005077704260 0.001390045401 -1.139107025667 0.005074559298 0.999984577862 0.002256742167 -0.008883532326 -0.001401483033 -0.002249657026 0.999996487438 0.014510395853 0.000000000000 0.000000000000 0.000000000000 1.000000000000 -2.824996529147 -0.008044788479 0.024287270636 -0.004843003030 0.000817000964 0.008252028941
0.000000000000 620497664 0.999985599661 -0.005183774771 0.001388866307 -1.167423430411 0.005180561035 0.999983918213 0.002307618423 -0.009055960059 -0.001400806145 -0.002300390086 0.999996372967 0.014723790157 0.000000000000 0.000000000000 0.000000000000 1.000000000000 -2.838559096162 -0.002439781781 0.018711119725 -0.005285197680 -0.000991433123 0.012760631673
0.000000000000 630497664 0.999984863404 -0.005328822816 0.001369894405 -1.195877959093 0.005325576693 0.999983028406 0.002362442015 -0.009231559905 -0.001382460191 -0.002355110778 0.999996271122 0.014866106120 0.000000000000 0.000000000000 0.000000000000 1.000000000000 -2.852643876481 0.001119662128 0.014249471352 -0.005621922504 -0.002722246850 0.016055928348
0.000000000000 640497664 0.999983981253 -0.005500715293 0.001333929908 -1.224475923076 0.005497475829 0.999981960183 0.002420137830 -0.009418535890 -0.001347218333 -0.002412765815 0.999996181775 0.014948399523 0.000000000000 0.000000000000 0.000000000000 1.000000000000 -2.867250596765 0.002599020218 0.010900223627 -0.005853166148 -0.004375491187 0.018137916699
0.000000000000 650497664 0.999983005583 -0.005687319121 0.001281774487 -1.253222632418 0.005684128031 0.999980770876 0.002479630297 -0.009624412474 -0.001295852289 -0.002472302387 0.999996104236 0.014981763366 0.000000000000 0.000000000000 0.000000000000 1.000000000000 -2.882378963617 0.001963580209 0.008661262844 -0.005978898803 -0.005951217710 0.019006596028
0.000000000000 660497664 0.999981996025 -0.005876501358 0.001214231528 -1.282123397239 0.005873402828 0.999979525955 0.002539844478 -0.009856025821 -0.001229132068 -0.002532667080 0.999996037408 0.014977327956 0.000000000000 0.000000000000 0.000000000000 1.000000000000 -2.898028662335 -0.000821559437 0.007530463720 -0.005999072198 -0.007449478601 0.018661967212
0.000000000000 670497664 0.999981020637 -0.006056129294 0.001132106253 -1.311183529913 0.006053169617 0.999978300095 0.002599707056 -0.010119514544 -0.001147825848 -0.002592804884 0.999995979921 0.014946260938 0.000000000000 0.000000000000 0.000000000000 1.000000000000 -2.914199358468 -0.005791489525 0.007505689402 -0.005913619603 -0.008870326648 0.017104032705
0.000000000000 680497664 0.999980155606 -0.006214070538 0.001036205711 -1.340408348012 0.006211297584 0.999977176757 0.002658147237 -0.010420309929 -0.001052699976 -0.002651658306 0.999995930257 0.014899767298 0.000000000000 0.000000000000 0.000000000000 1.000000000000 -2.930890702206 -0.012981490143 0.008584791247 -0.005722455836 -0.010213815246 0.014332796541
0.000000000000 690497664 0.999979483465 -0.006338193076 0.000927338645 -1.369803177896 0.006335655619 0.999976246289 0.002714097542 -0.010763125633 -0.000944519092 -0.002708166560 0.999995886850 0.014849089346 0.000000000000 0.000000000000 0.000000000000 1.000000000000 -2.948102335636 -0.022427030691 0.010765608355 -0.005425477276 -0.011479998410 0.010348264344
0.000000000000 700497664 0.999979085701 -0.006416998250 0.000806407880 -1.399373226503 0.006414744892 0.999975598446 0.002766506951 -0.011151145806 -0.000824140873 -0.002761276191 0.999995848064 0.014804941905 0.000000000000 0.000000000000 0.000000000000 1.000000000000 -2.965627397291 -0.031387046648 0.012897873257 -0.005042011030 -0.012513223036 0.006194834221
0.000000000000 710497664 0.999978694235 -0.006491995752 0.000681958862 -1.429110915228 0.006490051753 0.999974976739 0.002815159821 -0.011525564068 -0.000700217803 -0.002810673894 0.999995804895 0.014732742600 0.000000000000 0.000000000000 0.000000000000 1.000000000000 -2.981641846127 -0.022763383590 0.007899054110 -0.004645578985 -0.012313186345 0.008791668633
0.000000000000 720497664 0.999978125671 -0.006590484562 0.000560082570 -1.459006221295 0.006588857478 0.999974206498 0.002858897655 -0.011863419132 -0.000578909644 -0.002855144814 0.999995756497 0.014616848523 0.000000000000 0.000000000000 0.000000000000 1.000000000000 -2.997221203643 -0.016830358014 0.004143351831 -0.004057921708 -0.011984654227 0.010892900468
0.000000000000 730497664 0.999977406660 -0.006707513465 0.000442076735 -1.489054816339 0.006706205860 0.999973320217 0.002895800086 -0.012185833684 -0.000461488558 -0.002892770003 0.999995709446 0.014471678388 0.000000000000 0.000000000000 0.000000000000 1.000000000000 -3.012365264472 -0.013602676693 0.001627134141 -0.003278991639 -0.011527629428 0.012498547375
0.000000000000 740497664 0.999976565503 -0.006838131737 0.000329240272 -1.519252375908 0.006837140217 0.999972351637 0.002923948432 -0.012513638718 -0.000349225514 -0.002921628849 0.999995671054 0.014311731435 0.000000000000 0.000000000000 0.000000000000 1.000000000000 -3.027073783914 -0.013095128225 0.000346721010 -0.002308745549 -0.010942107752 0.013608627136
0.000000000000 750497664 0.999975632888 -0.006977389057 0.000222873242 -1.549594577524 0.006976703497 0.999971336401 0.002941425676 -0.012867369798 -0.000243390325 -0.002939799082 0.999995649162 0.014151587541 0.000000000000 0.000000000000 0.000000000000 1.000000000000 -3.041346477173 -0.015322582835 0.000298383958 -0.001147144538 -0.010228078064 0.014223157671
0.000000000000 760497664 0.999974642368 -0.007120335391 0.000124276712 -1.580077099593 0.007119938391 0.999970312408 0.002946316405 -0.013267263819 -0.000145251784 -0.002945356851 0.999995651878 0.014005906897 0.000000000000 0.000000000000 0.000000000000 1.000000000000 -3.055183019109 -0.020299992133 0.001478345140 0.000205845962 -0.009385522286 0.014342157032
0.000000000000 770497664 0.999973630575 -0.007262020854 0.000034752533 -1.610695621150 0.007261887488 0.999969319901 0.002936706664 -0.013733256262 -0.000056077891 -0.002936376856 0.999995687264 0.013889429253 0.000000000000 0.000000000000 0.000000000000 1.000000000000 -3.068583044522 -0.028042388814 0.003882776257 0.001750256189 -0.008414415405 0.013965643403
0.000000000000 780497664 0.999972637170 -0.007397495541 -0.000044396991 -1.641445822419 0.007397593434 0.999968401266 0.002910683760 -0.014284978948 0.000022863818 -0.002910932546 0.999995762966 0.013816972744 0.000000000000 0.000000000000 0.000000000000 1.000000000000 -3.081546148970 -0.038564886332 0.007507797245 0.003486112054 -0.007314725468 0.013093635103
0.000000000000 790497664 0.999971704534 -0.007521809331 -0.000111869512 -1.672323386164 0.007522099125 0.999967600547 0.002866335994 -0.014941758286 0.000090305855 -0.002867096383 0.999995885793 0.013803432294 0.000000000000 0.000000000000 0.000000000000 1.000000000000 -3.094071890124 -0.051882678520 0.012349474778 0.005413435141 -0.006086413593 0.011726150582
0.000000000000 800497664 0.999970875711 -0.007630202234 -0.000166563890 -1.703324466371 0.007630639124 0.999966959772 0.002802268793 -0.015719909627 0.000145176509 -0.002803458168 0.999996059765 0.013862883499 0.000000000000 0.000000000000 0.000000000000 1.000000000000 -3.106926844882 -0.063030869268 0.017476586065 0.006681845710 -0.005060156772 0.010179016740
0.000000000000 810497664 0.999970066064 -0.007734120114 -0.000224416367 -1.734481353538 0.007734709908 0.999966282030 0.002758453682 -0.016417696535 0.000203074588 -0.002760106906 0.999996170278 0.013933546662 0.000000000000 0.000000000000 0.000000000000 1.000000000000 -3.124406648076 -0.041154604776 0.016665434433 0.002161538275 -0.006486791397 0.010610416661
0.000000000000 820497664 0.999969210640 -0.007841506588 -0.000297568523 -1.765806570136 0.007842297588 0.999965447229 0.002757302426 -0.016921511019 0.000275936836 -0.002759551152 0.999996154361 0.013970401066 0.000000000000 0.000000000000 0.000000000000 1.000000000000 -3.140573509608 -0.022477759042 0.016292492739 -0.001852494578 -0.008118616776 0.010880972706
0.000000000000 830497664 0.999968317027 -0.007950744829 -0.000388071803 -1.797287055224 0.007951798541 0.999964481299 0.002793750413 -0.017260810916 0.000365845623 -0.002796747768 0.999996022172 0.013973194520 0.000000000000 0.000000000000 0.000000000000 1.000000000000 -3.155427033469 -0.007005144138 0.016364438667 -0.005360219057 -0.009955578262 0.010990721548
0.000000000000 840497664 0.999967391930 -0.008060216812 -0.000497976715 -1.828909742181 0.008061610312 0.999963406931 0.002862732741 -0.017464955152 0.000474884246 -0.002866653887 0.999995778381 0.013941518119 0.000000000000 0.000000000000 0.000000000000 1.000000000000 -3.168966853941 0.005258424407 0.016888036779 -0.008361598205 -0.011997626286 0.010939716361
0.000000000000 850497664 0.999966440817 -0.008168303417 -0.000629332518 -1.860661556989 0.008170131519 0.999962245377 0.002959184358 -0.017563201655 0.000605137242 -0.002964226780 0.999995423574 0.013874814886 0.000000000000 0.000000000000 0.000000000000 1.000000000000 -3.181192636245 0.014308128690 0.017870139235 -0.010856591898 -0.014244716354 0.010728026816
0.000000000000 860497664 0.999965467482 -0.008273384632 -0.000784186992 -1.892529416952 0.008275761661 0.999961017959 0.003078040236 -0.017584705502 0.000758690612 -0.003084423688 0.999994955347 0.013772387181 0.000000000000 0.000000000000 0.000000000000 1.000000000000 -3.192104077357 0.020139149291 0.019317686366 -0.012845156859 -0.016696809031 0.010355739087
0.000000000000 870497664 0.999964473559 -0.008373839868 -0.000964586293 -1.924500229886 0.008376900808 0.999959747301 0.003214235577 -0.017558517280 0.000937631972 -0.003222201630 0.999994369116 0.013633402886 0.000000000000 0.000000000000 0.000000000000 1.000000000000 -3.201700906979 0.022746665923 0.021237707091 -0.014327246663 -0.019353869940 0.009822955845
0.000000000000 880497664 0.999963457945 -0.008468048367 -0.001172574882 -1.956560893742 0.008471949197 0.999958458280 0.003362706047 -0.017513581655 0.001144050613 -0.003372517162 0.999993658618 0.013456900370 0.000000000000 0.000000000000 0.000000000000 1.000000000000 -3.209982888692 0.022125857847 0.023637319199 -0.015302811753 -0.022215869752 0.009129796269
0.000000000000 890497664 0.999962416176 -0.008554389721 -0.001410195542 -1.988698296676 0.008559306717 0.999957178690 0.003518388050 -0.017478736137 0.001380037493 -0.003530326112 0.999992816121 0.013241792241 0.000000000000 0.000000000000 0.000000000000 1.000000000000 -3.216949821277 0.018271904060 0.026523729465 -0.015771799451 -0.025282784182 0.008276396052
0.000000000000 900497664 0.999961339017 -0.008631398442 -0.001679116728 -2.020900369194 0.008637524628 0.999955938848 0.003676075345 -0.017481754678 0.001647313074 -0.003690436637 0.999991833485 0.012986829536 0.000000000000 0.000000000000 0.000000000000 1.000000000000 -3.224356565053 0.013276615540 0.028599402893 -0.015497600374 -0.027936274403 0.007515372997
0.000000000000 910497664 0.999960164827 -0.008710040245 -0.001950373739 -2.053242097557 0.008717442709 0.999954707287 0.003819629153 -0.017470969507 0.001917016278 -0.003836479268 0.999990803195 0.012690997246 0.000000000000 0.000000000000 0.000000000000 1.000000000000 -3.243405481127 0.020485007676 0.022421104268 -0.013227211288 -0.026288944670 0.008373434163
0.000000000000 920497664 0.999958881082 -0.008795957850 -0.002206189370 -2.085768929222 0.008804603027 0.999953476649 0.003939987784 -0.017420657313 0.002171430764 -0.003959250398 0.999989804560 0.012365404379 0.000000000000 0.000000000000 0.000000000000 1.000000000000 -3.261457754508 0.024764743696 0.018081863617 -0.010865734087 -0.024840302759 0.008965852425
0.000000000000 930497664 0.999957516509 -0.008886497071 -0.002448539746 -2.118470976731 0.008896333866 0.999952280852 0.004036243710 -0.017355048738 0.002412554836 -0.004057855264 0.999988856633 0.012025243741 0.000000000000 0.000000000000 0.000000000000 1.000000000000 -3.278513622954 0.026107513750 0.015588732197 -0.008413083640 -0.023590372768 0.009292675036
0.000000000000 940497664 0.999956098199 -0.008979002766 -0.002679399922 -2.151338354949 0.008989964457 0.999951153337 0.004107490561 -0.017298196987 0.002642387873 -0.004131397945 0.999987974596 0.011685596967 0.000000000000 0.000000000000 0.000000000000 1.000000000000 -3.294573301337 0.024504921727 0.014948711256 -0.005869177499 -0.022539171975 0.009353943271
0.000000000000 950497664 0.999954651934 -0.009070819020 -0.002900744194 -2.184361179613 0.009082824796 0.999950126934 0.004152822931 -0.017273977229 0.002862930020 -0.004178981559 0.999987169790 0.011361429251 0.000000000000 0.000000000000 0.000000000000 1.000000000000 -3.309636981231 0.019948484405 0.016168750997 -0.003233935890 -0.021686710842 0.009149692416
0.000000000000 960497664 0.999953202414 -0.009159289356 -0.003114546437 -2.217529566821 0.009172245431 0.999949233645 0.004171336224 -0.017306086385 0.003076181847 -0.004199708400 0.999986449685 0.011067584078 0.000000000000 0.000000000000 0.000000000000 1.000000000000 -3.323704830748 0.012429630559 0.019255749490 -0.000507281716 -0.021032993019 0.008679951765
0.000000000000 970497664 0.999951773366 -0.009241756954 -0.003322780458 -2.250833633459 0.009255557241 0.999948504355 0.004162126568 -0.017418043302 0.003284143987 -0.004192680027 0.999985817816 0.010818777960 0.000000000000 0.000000000000 0.000000000000 1.000000000000 -3.336776994625 0.001939700049 0.024216551526 0.002310859444 -0.020578015354 0.007944744617
0.000000000000 980497664 0.999950387547 -0.009315564893 -0.003527420383 -2.284263498545 0.009330091185 0.999947968458 0.004124290765 -0.017633189299 0.003488816748 -0.004156997302 0.999985273657 0.010629595174 0.000000000000 0.000000000000 0.000000000000 1.000000000000 -3.348853594560 -0.011530057126 0.031057947407 0.005220559334 -0.020321767897 0.006944088275
0.000000000000 990497664 0.999949066637 -0.009378056406 -0.003730441067 -2.317809285487 0.009393178047 0.999947653407 0.004056926308 -0.017974689101 0.003692199707 -0.004091760372 0.999984812464 0.010514482507 0.000000000000 0.000000000000 0.000000000000 1.000000000000 -3.359934729802 -0.027988481804 0.039786671686 0.008221887024 -0.020264233910 0.005677994048
0.000000000000 1000497664 0.999947827020 -0.009427088188 -0.003933604803 -2.351461599056 0.009442661574 0.999947578066 0.003959452186 -0.018464736353 0.003896072491 -0.003996389309 0.999984424625 0.010487089697 0.000000000000 0.000000000000 0.000000000000 1.000000000000 -3.370822800603 -0.044135839002 0.048475965632 0.010781275622 -0.020048705097 0.004992335885
0.000000000000 1010497664 0.999946369664 -0.009501143878 -0.004121414877 -2.385249004971 0.009517050488 0.999947272434 0.003857214196 -0.019052816893 0.004084549617 -0.003896231045 0.999984067792 0.010505394858 0.000000000000 0.000000000000 0.000000000000 1.000000000000 -3.386307391462 -0.037925357368 0.044562332744 0.009651351498 -0.017510285375 0.009808933726
0.000000000000 1020497664 0.999944555284 -0.009618712546 -0.004285641836 -2.419182972319 0.009634866380 0.999946496665 0.003764725289 -0.019689013589 0.004249200730 -0.003805808141 0.999983729926 0.010540979757 0.000000000000 0.000000000000 0.000000000000 1.000000000000 -3.400361237874 -0.032429464886 0.041773107099 0.008792375301 -0.015300352285 0.013673546430
0.000000000000 1030497664 0.999942459030 -0.009770256755 -0.004429527395 -2.453249358731 0.009786583436 0.999945341257 0.003679304786 -0.020360432386 0.004393337530 -0.003722443015 0.999983420864 0.010598687043 0.000000000000 0.000000000000 0.000000000000 1.000000000000 -3.412983965664 -0.027680285145 0.040119691894 0.008204541768 -0.013418786217 0.016586188213
0.000000000000 1040497664 0.999940154352 -0.009946240905 -0.004556314976 -2.487434034711 0.009962673996 0.999943897194 0.003598276166 -0.021053542174 0.004520270032 -0.003643453906 0.999983146059 0.010683148322 0.000000000000 0.000000000000 0.000000000000 1.000000000000 -3.424175203139 -0.023710018405 0.039613487687 0.007888037261 -0.011865465222 0.018546870170
0.000000000000 1050497664 0.999937716405 -0.010137130926 -0.004669249051 -2.521722887024 0.010153608927 0.999942258886 0.003518965699 -0.021754166961 0.004633307228 -0.003566156254 0.999982907351 0.010798780099 0.000000000000 0.000000000000 0.000000000000 1.000000000000 -3.433934576811 -0.020550941359 0.040265892823 0.007843039750 -0.010640264986 0.019555600254
0.000000000000 1060497664 0.999935224423 -0.010333394032 -0.004771574736 -2.556101820983 0.010349857904 0.999940526118 0.003438701394 -0.022447479508 0.004735757495 -0.003487863771 0.999982703554 0.010949780543 0.000000000000 0.000000000000 0.000000000000 1.000000000000 -3.442261709429 -0.018235407101 0.042088303312 0.008069718814 -0.009743058823 0.019612383270
0.000000000000 1070497664 0.999932763085 -0.010525498575 -0.004866537631 -2.590556761552 0.010541889591 0.999938805027 0.003354812254 -0.023117996426 0.004830928751 -0.003405889189 0.999982530871 0.011140127117 0.000000000000 0.000000000000 0.000000000000 1.000000000000 -3.449156220310 -0.016795845327 0.045092112147 0.008568235638 -0.009173717686 0.018717220871
0.000000000000 1080497664 0.999930422865 -0.010703913956 -0.004957383929 -2.625073653185 0.010720171729 0.999937208090 0.003264627836 -0.023749574719 0.004922128350 -0.003317544700 0.999982383120 0.011373575075 0.000000000000 0.000000000000 0.000000000000 1.000000000000 -3.454617727987 -0.016264762741 0.049288708072 0.009338743028 -0.008932110179 0.016870111556
0.000000000000 1090497664 0.999928299362 -0.010859110632 -0.005047360770 -2.659638458317 0.010875171121 0.999935853143 0.003165478126 -0.024325409771 0.005012662720 -0.003220142071 0.999982251791 0.011653656857 0.000000000000 0.000000000000 0.000000000000 1.000000000000 -3.458645855175 -0.016674743698 0.054689473783 0.010381385425 -0.009018102582 0.014071050687
