1.0 0.0 0.0 0.0 0.0 1.0 0.0 0.0 0.0 0.0 1.0 0.0
0.9999963956818503 0.00266330750485665 -0.0003397299558341351 -0.0039152207235387815 -0.00266341108137428 0.9999964066652404 -0.0003047917629390963 -0.005142412946615993 0.0003389169808810215 0.00030569550490165676 0.9999998958427638 -0.004083845753251283
0.9999822078810814 0.005946020494758199 -0.0004782902395096226 -0.008045870083179474 -0.00594631053584679 0.9999821361332637 -0.0006072934761096065 -0.010690846385049524 0.00047467071594124163 0.0006101267333622498 0.9999997012164962 -0.005436299888959634
0.999949353355685 0.010039664340321545 -0.0007041757460423279 -0.014218433083609594 -0.01004030570907579 0.9999491778132316 -0.0009132644258179924 -0.01759289486126958 0.0006949710900018753 0.0009202883118026344 0.999999335042083 -0.008886812027293037
0.9999152536863043 0.012993178105078048 -0.0008141057571743148 -0.02027576810216869 -0.012994072642880054 0.9999149647694372 -0.0011033160417151106 -0.024751787534373793 0.0007997009476673565 0.0011138010890954441 0.999999059962323 -0.011460738559039549
0.9998610051732177 0.0166449994703815 -0.0009562042848929226 -0.026129601891001664 -0.016646349576546905 0.9998604290599482 -0.0014217755914404185 -0.032030569462222436 0.0009324053725954715 0.0014374952827812821 0.99999853211269 -0.013669740992233392
0.9997982635412663 0.020051167746182364 -0.0011759642359555767 -0.03304497749577451 -0.020053154386754316 0.9997974655013336 -0.0017026380271154549 -0.0399374851889448 0.0011415861819358774 0.0017258763353262777 0.9999978590636408 -0.017248443559744767
0.9997153897519512 0.023800890418924112 -0.001630063916326286 -0.0408177095908675 -0.023804236940717285 0.999714505613543 -0.0020653255289081415 -0.04816451447878356 0.0015804419556356602 0.0021035401437898026 0.9999965386550536 -0.023863383022010173
0.999628837076209 0.027175235181758153 -0.0019221546460428606 -0.048091766851080076 -0.027179820101275586 0.9996276774290667 -0.0024008117445726285 -0.05712136612596663 0.0018561963606974275 0.0024521644697523175 0.9999952707010582 -0.02872336708772899
0.9995185558859333 0.030964626019569938 -0.0019617275976043474 -0.05508199210957654 -0.030969601214261226 0.9995170519436801 -0.0025586469949416156 -0.06429820429762756 0.001881552637759593 0.002618169070794745 0.999994802461686 -0.030568807467431444
0.9993819182230165 0.0350837433146109 -0.0022164123982824145 -0.06276624128208796 -0.03508999207733585 0.999380103383822 -0.002846298746539961 -0.07172561000053634 0.002115179637116358 0.002922313394648713 0.9999934930285923 -0.03533646855349941
0.9992110679857266 0.03963288552228426 -0.0025447986172231615 -0.07143258628198823 -0.03964066165828583 0.9992092481050086 -0.0030816302044420524 -0.08117124652255192 0.0024206524157795563 0.0031800765086914314 0.9999920137457501 -0.041867113536208526
0.9990306101439895 0.04393681095065285 -0.002719676233569094 -0.07916389770370391 -0.04394565894541194 0.9990285258292451 -0.0032838452001467395 -0.08777933880289662 0.0025727524526053106 0.003400179838123375 0.9999909098196273 -0.04535246924490418
0.9988296387462373 0.048256678303732724 -0.0032627842638447637 -0.08736868889046967 -0.048268104743439004 0.9988282168747019 -0.003518982719255741 -0.09433188164367079 0.003089146571263386 0.003672352650830961 0.999988485433442 -0.05500022716199953
0.9986060520761526 0.052655802310011185 -0.0036495533934409424 -0.09447660229285348 -0.0526693769590443 0.9986050430250006 -0.0037289108035898516 -0.10252730563230356 0.0034481136333736413 0.003915932599528267 0.9999863878994792 -0.0627281034935346
0.9983461908828932 0.05736516300748303 -0.0037578215424621 -0.10139532026585063 -0.05737948604403138 0.9983451261444216 -0.003821476808678597 -0.1102466678058408 0.0035323831817783914 0.004030778684243246 0.9999856374429867 -0.066558080588023
0.998105027719479 0.061400496369175314 -0.0040413718858480574 -0.10840787491881376 -0.06141632944424753 0.9981045469642995 -0.003917627698590765 -0.11668583078280026 0.003793167369955533 0.004158410129844489 0.9999841596277894 -0.07317223703499802
0.9978231439413854 0.06580125021228848 -0.004378228572310281 -0.11878157526446564 -0.06581946252701493 0.997822899953623 -0.004154356845020376 -0.1277438623125598 0.004095334856452138 0.004433486059602521 0.999981786051013 -0.08021470664357494
0.9975812523488152 0.06934883970002247 -0.0047311092179167695 -0.12715271270653217 -0.06936922964221531 0.9975818251242661 -0.004290939359030222 -0.1363289003909094 0.004422096902699747 0.004608754061334255 0.999979602014454 -0.08687152609530448
0.9973860026067449 0.07208333091775937 -0.005015496779017354 -0.13466248189245478 -0.07210464311865324 0.997388201928887 -0.0042065536715491314 -0.14329672119211728 0.0046991749138746534 0.00455719835653091 0.9999785746196105 -0.09484386663833097
0.9971609692718539 0.0751335442689386 -0.004995186323395658 -0.1399987195681731 -0.07515438480418078 0.9971633824068755 -0.0041239824906399705 -0.14598466521272557 0.004671167468964957 0.004487684532743762 0.9999790202209298 -0.09752807002777586
0.9969511950669623 0.07786172394652395 -0.005085921610924872 -0.1424807648597627 -0.07788240960889384 0.9969545113493185 -0.004004069648899561 -0.14576448487020355 0.004758668728715274 0.004387965851742542 0.9999790501943596 -0.10177568446972071
0.9968064936195243 0.07970400315732624 -0.004907765137808487 -0.13953409878866985 -0.07972308989422452 0.9968097125090483 -0.0038243934610295385 -0.13999642088408876 0.0045872884875880525 0.004203442437371532 0.9999806437406713 -0.10336714903240916
0.9967872518006009 0.07994719895035897 -0.004860044012098412 -0.1309157326626046 -0.07996529392723917 0.9967909650678838 -0.003650167964174998 -0.12576449533245287 0.00455262725665784 0.004027075741547351 0.9999815279524089 -0.10458806694969118
0.9968060253945309 0.07971941298928494 -0.004750045242240316 -0.11886203599113287 -0.07973619280730414 0.9968100156539649 -0.0034543086917973 -0.10920944147481643 0.004459517211080744 0.0038220262408349337 0.9999827522620872 -0.10398361822165808
0.9969272251332469 0.07820780708330406 -0.004432459739973836 -0.09794141795084932 -0.07822317969501606 0.996930048513356 -0.003407716179331433 -0.08390673157099576 0.004152342294057805 0.003743966129433449 0.9999843702634031 -0.09637499219995932
0.9971355479692648 0.0755348715418451 -0.0038964287742327083 -0.07575967640851289 -0.07554688118180372 0.9971376387014964 -0.003032858141422325 -0.05769309830925362 0.003656189237189993 0.00331853370640051 0.99998780973285 -0.09070867390276774
0.9973231452813296 0.07303364254850507 -0.0035540036937392275 -0.056118990110757494 -0.07304376009829935 0.99732479116003 -0.002805360637111058 -0.03410956034960433 0.003339610285650034 0.003057448887445987 0.999989749452184 -0.08503750696182732
0.9975579410912329 0.06974013540689207 -0.0038036402630623523 -0.039273100884932854 -0.0697507501071641 0.9975607062883585 -0.0027331536653116975 -0.010043229679317311 0.0036037515605806384 0.0029917859045406974 0.9999890310357364 -0.08438496484293818
0.9977825802457657 0.06645811057874856 -0.003638969140727673 -0.024524953190314558 -0.06646659873412306 0.997786083373681 -0.0022634218620768286 0.01532692401883956 0.0034804900260480983 0.0025002728074102914 0.999990817370373 -0.08510583796163437
0.9979408362104983 0.06404510260784015 -0.0035088823639880017 -0.01703881844033961 -0.06405269614206353 0.9979443162949136 -0.0020961134532695353 0.030933937746629947 0.0033674234104969685 0.0023165505882066415 0.9999916469915863 -0.08214057948918096
0.9981234342547473 0.06114486721102473 -0.003303816771010626 -0.012215917314797098 -0.061150811293692924 0.9981270403594118 -0.0017290406252157393 0.046843771094333686 0.003191906896107343 0.0019278270427193155 0.9999930475824612 -0.08118384779193073
0.998242885182332 0.059162517461560364 -0.003307372138704427 -0.010961789172879377 -0.059168047385982234 0.9982467543909754 -0.0015998488721348154 0.06013585227503776 0.0032069224161912985 0.0017927285054014986 0.9999932508637851 -0.08128341362251741
0.9983699099549659 0.056977553949236835 -0.0033288500229487453 -0.006981377773452313 -0.056982372354283585 0.9983742433435169 -0.0013709373210827765 0.07267855707566268 0.0032453254676924857 0.0015583883413225444 0.9999935196231948 -0.0840358648000915
0.998411809170686 0.05622893412664212 -0.0034880188501644803 -0.009272062953859517 -0.05623425270127417 0.9984165554825518 -0.0014458774106728557 0.07960398661131768 0.003401195620159505 0.0016397272148758707 0.999992871556099 -0.08477826786673054
0.9984815687445732 0.054968020753978414 -0.0036157394494725523 -0.01436620377083453 -0.05497354666613013 0.9984867627178202 -0.0014470121749379841 0.08535932397923007 0.0035307285824717114 0.0016435850077827219 0.9999924162632423 -0.08542300010972213
0.9984456972602712 0.05561206296306102 -0.0036726115290537796 -0.022601151303201616 -0.055618015861095105 0.9984509339787662 -0.0015390739437053877 0.08627926540113406 0.0035813313342627807 0.0017409451231325947 0.9999920715565452 -0.0850501975687885
0.9985569896470619 0.053588590418215204 -0.003493050813613213 -0.03464417730324654 -0.053593274998377745 0.9985620508564576 -0.0012615325177556074 0.08862319660145301 0.0034204242347941646 0.0014469161461091978 0.9999931035420785 -0.08413022163638503
0.9985416593175523 0.0538460892263908 -0.0038927217178499895 -0.048597960776928795 -0.05385130573713596 0.998548186009729 -0.0012478329554813363 0.08930444231232598 0.0038198792853393043 0.0014556413372949877 0.9999916447803656 -0.0917655811589546
0.9986545323198602 0.05167191554871826 -0.004374725194433073 -0.06508249272510225 -0.05167730797568147 0.9986631975023256 -0.0011286251892621835 0.09505038523222809 0.004310558825400803 0.001353180681728731 0.9999897939402448 -0.10065260981257113
0.9987329378600021 0.05013633863798757 -0.004343544808801607 -0.07234457714670905 -0.05014113351042018 0.9987416395598775 -0.0010020676316887156 0.09736357844002036 0.004287839061723797 0.0012185882098974998 0.9999900646901217 -0.10038738128117683
0.9988044827448972 0.04866873258808813 -0.004578178345945526 -0.07666765093680683 -0.048673885847233075 0.9988142021964491 -0.00102094426933264 0.09969011849846038 0.004523061488487144 0.0012425614430409812 0.9999889989174036 -0.10402667391846111
0.9988521110437355 0.0476918523423687 -0.00446626058654348 -0.07838489006688554 -0.04769656483632253 0.9988614150615648 -0.0009545700719760039 0.1014068700819126 0.00441565015458539 0.0011664996191743846 0.9999895706017886 -0.10208802218257772
0.9989284223228433 0.04605545923733391 -0.004571843176776429 -0.08146385629970443 -0.04605985807708123 0.9989383100341861 -0.0008615218873106813 0.10468407789841422 0.00452731151058726 0.0010711771475608515 0.9999891779564435 -0.10468537776918296
0.9989894004393582 0.04471492952128313 -0.004555533746734829 -0.08289605649120146 -0.04471892472834011 0.9989993048494075 -0.0007788976445932495 0.10843506489509491 0.004516146692923826 0.0009818290616934863 0.9999893201583412 -0.10437968512886754
0.999046395847485 0.04342627775061718 -0.0045229796457852845 -0.08486233598111281 -0.043429740050627906 0.9990562590244366 -0.000670062110065019 0.11256165200546286 0.0044896128212600665 0.000865854966325153 0.9999895467813115 -0.10394318114430505
0.9990626956007275 0.043056843795299046 -0.004454038773290173 -0.0857849365793909 -0.04305997994271232 0.9990723023448262 -0.000610585571190595 0.11678516640770784 0.004423616884401719 0.0008018040868905229 0.9999898943108703 -0.1006498560373649
0.9991199109931722 0.041723288599688865 -0.004309367171607408 -0.0854382537436098 -0.04172584319256571 0.999128970365473 -0.0005045654538552097 0.11778994278036006 0.004284561455046242 0.0006839333702077273 0.9999905873398421 -0.09625011530233561
0.9991445231508574 0.04115228660369174 -0.004087929173929663 -0.08530007083389068 -0.04115450159660025 0.9991526891132505 -0.00045916891627760824 0.11966644157259912 0.004065569576194163 0.000627012795615163 0.999991538963693 -0.09226858627473868
0.9992016837066268 0.0397471039181691 -0.004020324359873321 -0.08756084396377106 -0.039748261716287606 0.9992097038324144 -0.00020846503448527663 0.12382310156958815 0.004008861231550266 0.00036809951829225865 0.9999918967343538 -0.08977693233632578
0.9992237640768252 0.03918679227612984 -0.004032941264839596 -0.08821104113891864 -0.039187134144536354 0.9992318892451513 -5.75355582476396e-06 0.12789299505849225 0.004029618055883435 0.0001637885000503508 0.999991867642758 -0.08712325726483365
0.9992550657716048 0.038382099695876186 -0.0040159622407654316 -0.08858988545534296 -0.03838154800723557 0.9992631339206456 0.0002143820379713711 0.1303592719220149 0.0040212314471686555 -6.008348991415122e-05 0.9999919130111118 -0.08501844871882004
0.9992644099601954 0.03815318008072411 -0.0038696041952499837 -0.08861005870955885 -0.03815230902531323 0.999271890976689 0.0002986970196949988 0.13129217391763492 0.0038781829427007677 -0.00015084296607956795 0.9999924684433692 -0.08163525611150438
0.9992776754421929 0.03783112566945544 -0.0035962888407347006 -0.0890084001448711 -0.03783003008169077 0.9992841189005447 0.00037220583120524446 0.1353315121231378 0.0036077952911006536 -0.0002358892627653659 0.9999934640633374 -0.07773013874771738
0.9992835547704816 0.03766735273168508 -0.003680720507394243 -0.08987396688867366 -0.03766572503629558 0.9992902643759924 0.0005105691422281188 0.13927396493876204 0.003697339956902339 -0.00037156634083486704 0.9999930957840149 -0.07752624102220786
0.9993077223800849 0.03701882441901024 -0.003699003941400214 -0.08966326749521192 -0.037016081450698554 0.9993143439313975 0.00080729610152238 0.1425673678251012 0.003726352849536406 -0.0006698145973173298 0.9999928327957386 -0.07622496707521856
0.999307251524088 0.037054276881545466 -0.0034637575198523942 -0.08920560067827399 -0.037050869025991265 0.999312836607159 0.0010429269257888091 0.14666111101896576 0.0035000222555584596 -0.000913869213544642 0.9999934573222322 -0.07198439974469165
0.9993138290658292 0.036887519542097146 -0.003343940761943742 -0.08871772223941521 -0.03688370834382891 0.9993188508158417 0.0011943462282028082 0.14698518527326082 0.003385719509254719 -0.0010701897667531092 0.9999936957787625 -0.06898639010592969
0.9993052655203407 0.037146639665620144 -0.0030188515815529615 -0.08698575830347721 -0.03714301232635447 0.999309179834451 0.001248893078005676 0.1481283336137326 0.0030631582791531774 -0.001135896187417925 0.9999946633863647 -0.06306243698511262
0.9993067462343986 0.037125378074247456 -0.002780869155750908 -0.08564932100006706 -0.0371215826525978 0.9993097698783608 0.0014042531905598932 0.14913617465138618 0.0028310831467067634 -0.0013000494225364164 0.9999951474080842 -0.059037276265439184
0.9992950575419769 0.03745502693587188 -0.0025512603569413637 -0.08484713011292622 -0.03745154395163272 0.999297464739151 0.0013995790593956973 0.14923908492469853 0.0026018892779495423 -0.001303043797303325 0.9999957661155612 -0.055748121834517515
0.999291336591563 0.03756779695350175 -0.002342060013546805 -0.08316127512357385 -0.03756452887533604 0.9992931892430396 0.0014241147594327315 0.15032235708219194 0.0023939054744566268 -0.0013351271604066612 0.999996243318966 -0.052280168279820134
0.9992869474143854 0.03769685678326399 -0.002131599376190217 -0.08215237990558666 -0.03769414469470191 0.9992884795285091 0.0012985135095771715 0.1495793880635213 0.002179032577398693 -0.0012172387858444644 0.9999968850685311 -0.04916890967178786
0.999272583962391 0.038088458032723885 -0.001890054447533768 -0.08046754201948914 -0.03808571630920968 0.9992734005461215 0.0014660062091141695 0.15136786980433722 0.0019445190509759342 -0.0013929557351886979 0.9999971392558983 -0.04491570443106189
0.9992673013601183 0.03823067400924477 -0.0018099716194908372 -0.08014025799135305 -0.038227962445761474 0.9992679037859733 0.0015097517781014114 0.1540270897744423 0.001866365374184172 -0.0014394540579292516 0.9999972223222948 -0.0432705997301423
0.9992579033135123 0.03847176421592384 -0.0018883918015523782 -0.08025694603678601 -0.038469009228088574 0.9992587062981687 0.0014741832716987173 0.15479992203831153 0.0019437063798431375 -0.0014004447235373527 0.9999971303759252 -0.043614194910861756
0.9992515709471349 0.038562967784439864 -0.003032404217319369 -0.08184667811326529 -0.03855850059811339 0.9992551913502671 0.0015180879967919647 0.15703953127510187 0.0030886876349430453 -0.001400026855803134 0.9999942499502168 -0.05305354864926469
0.9992438979434499 0.03868012007120851 -0.003934556398696212 -0.07992954241840244 -0.03867475256937646 0.999250826844585 0.001431280584135923 0.15909368950810954 0.003986970839513798 -0.0012780303947529292 0.9999912353125078 -0.06086965081931392
0.9992131267556495 0.03946592174545079 -0.003945673577101402 -0.06945280445671331 -0.039460185507921824 0.9992199855460425 0.0015212642923015918 0.1604910944689835 0.004002633992194775 -0.0013643702388262723 0.9999910586675144 -0.060218120143232606
0.9991980989054806 0.039880004900630574 -0.003569923359858475 -0.05184862585129324 -0.03987453067525433 0.9992034268529408 0.0015917188092873479 0.16002905506230197 0.003630557408687744 -0.001448093389711035 0.9999923610100415 -0.058848699050271125
0.9991770371368307 0.040450750503348745 -0.002997539353559808 -0.02912583087001719 -0.040445552859606146 0.9991801676280871 0.001774788040433136 0.15944904846497346 0.0030668733819815496 -0.001652090319412716 0.9999939324242101 -0.058187790295674245
0.9991334146239502 0.04153095106992596 -0.0027567889126548346 -0.002512198853372616 -0.041526312413515724 0.9991359317423074 0.0017190924251895983 0.1586535363381656 0.0028258024022574635 -0.0016031234071888366 0.9999947224041359 -0.05867970700264065
0.9990718846428928 0.043025832051319206 -0.0020364411080455187 0.03064278438938528 -0.0430227694864017 0.9990729288019755 0.001524546084283688 0.15699390701127142 0.0021001480459246448 -0.001435517793286178 0.9999967643281904 -0.05480599324720098
0.9989950688470618 0.04480464064090924 -0.0011817767513325674 0.06700389796800588 -0.04480300104639522 0.9989948893318124 0.0013791976497948301 0.15275691117755638 0.0012423833899842117 -0.0013248645060839395 0.9999983506074162 -0.05042555515924411
0.998910147608627 0.04666671560614489 -0.0008571225367918962 0.1069634616281544 -0.04666579304021442 0.9989099890568954 0.0010665468959586703 0.14921996150809141 0.0009059605045215123 -0.00102538621436157 0.9999990639088995 -0.05209935612073346
0.9988019964643065 0.04892752952631861 -0.0008177489606703513 0.15065718875386613 -0.04892681003522948 0.9988019806978888 0.0008778460857498742 0.14367379491057378 0.0008597201219112579 -0.0008367845749801323 0.9999992803361843 -0.05575549354208609
0.9986185537126859 0.05252062192206091 -0.0016026396036408067 0.19855402449912352 -0.05251945754706555 0.9986196116010155 0.0007602004991691786 0.14046415253797728 0.0016403535415259966 -0.0006749805603853331 0.9999984268195137 -0.06832355065304839
0.9983678638357926 0.057006440796462825 -0.0034458914189448 0.25482061956427204 -0.05700369264930477 0.998373570277003 0.0008906159067231112 0.1348682963421187 0.003491057761677792 -0.0006927337649449293 0.9999936662977603 -0.09221149190155874
0.9980707315140034 0.06185332555050635 -0.005383401660715286 0.32263731227389036 -0.061848858300697876 0.9980850332468763 0.0009925399143722393 0.127350539484517 0.005434484519961834 -0.0006576677919050313 0.9999850168132913 -0.11696667373258926
0.9976553828325404 0.06813932872630356 -0.006385059591053861 0.40843458266708355 -0.06813304989526345 0.9976755269261087 0.0011960287119597314 0.12007220656302223 0.006451714285529581 -0.0007581908988073985 0.9999789000420659 -0.13534584812892947
0.9971389306625759 0.07539088747985424 -0.005492453194179285 0.5157202062178746 -0.07538266679668892 0.9971532484643781 0.001688971153209077 0.1092854518233067 0.005604150578782723 -0.0012701031205976168 0.9999834900308876 -0.14052760905123893
0.9965387663628653 0.08307635794168972 -0.00296747150251964 0.6438706558757633 -0.0830694570169813 0.9965409229636325 0.002377849804745652 0.09501069644959906 0.0031547498914998124 -0.00212311326458975 0.9999927699454574 -0.13875480358945336
0.9957460988376985 0.0921369493029744 -0.000699444523069774 0.7873018898139285 -0.09213478915726493 0.9957429797798665 0.0026643659765084775 0.0763796626510608 0.0009419535264943158 -0.0025885888533239846 0.9999962059584544 -0.13926178303210413
0.9947910019721046 0.10193556034755212 6.270535878110536e-05 0.9442581255444941 -0.10193537865836479 0.9947876309046032 0.0025976868518680285 0.0528412096332847 0.0002024181495457335 -0.002590547400670829 0.9999966240398309 -0.15159494272673185
0.9935414796851469 0.11346887929367024 0.0003762670352516882 1.115201962692472 -0.11346943026530076 0.9935391374718101 0.0021611818612688087 0.02197164527291784 -0.00012860914191508292 -0.002189918630431345 0.9999975938551463 -0.16901338662911528
0.9920447569842625 0.12583593025902004 0.0035381910459243546 1.30525798115705 -0.125849233304109 0.9920419925459458 0.0038282505449500274 -0.011298656440814125 -0.003028302626618674 -0.004243074511952883 0.9999864127586379 -0.1722536402742993
0.9902696735823475 0.13897683694935442 0.007170242301221246 1.513913972230983 -0.13902265551523793 0.990268885218861 0.006343202730758518 -0.04314882321882252 -0.006218909598730211 -0.007278307423058395 0.9999541746522485 -0.18352381466134932
0.9880232422728129 0.15387813897555824 0.011471315274707758 1.7346922903051296 -0.15398227469435422 0.9880342272024422 0.008821845409164348 -0.08132145222857468 -0.009976562968549235 -0.010482567523727728 0.9998952865022649 -0.18906194550359604
0.9854246107811941 0.16910391934799607 0.018498673678756662 1.969299159201725 -0.16925298795641996 0.9855491641015959 0.006802294206254998 -0.13822579144421387 -0.01708105777025103 -0.009834103913978402 0.9998057450653396 -0.17455044403139858
0.9822164621740663 0.18630839713020458 0.02323795587028673 2.209782994029309 -0.18646800790174975 0.9824488993620625 0.004882844603750557 -0.20656066648132138 -0.021920389216626836 -0.009129145690882795 0.9997180378664512 -0.18316409590606716
0.9786468445499138 0.20382037631512379 0.026600899444431725 2.4519092367348847 -0.20398121999636182 0.9789687181809262 0.0034511899382509144 -0.28216959035062644 -0.02533802559962587 -0.00880358006468745 0.9996401759817172 -0.19693588223314223
0.9747964877395945 0.22118311010170724 0.029152003297911833 2.6979954206241046 -0.2214277703561197 0.9751617707705899 0.005409560304197549 -0.35336302416417276 -0.02723141578513674 -0.011728283476418229 0.9995603520353511 -0.22563158696950525
0.9709657647580954 0.23712419649466795 0.031584792297559144 2.9462269499613623 -0.2374521568108366 0.9713738828258662 0.007018047426625911 -0.4269505854177251 -0.02901649347532851 -0.0143141608401802 0.9994764368937562 -0.2570186774713407
0.9661475354090362 0.2557360513911381 0.03402957304916882 3.195534607695007 -0.25606992008954393 0.966641039948896 0.005770260986360159 -0.514048131023158 -0.03141871812111752 -0.014288873482020802 0.9994041686156017 -0.2732091186857344
0.9608455796666987 0.27459276583478515 0.03707539596772207 3.4443782046454645 -0.27480890603445873 0.9614985592692054 0.0007653021530387357 -0.6140094530996958 -0.03543779337239802 -0.01092398619754081 0.9993121781137524 -0.27885695080991213
0.9552106518930732 0.2932164789126077 0.039958816350049275 3.6928229112977067 -0.2933241720936403 0.9560074379830809 -0.003272397684508274 -0.7227860205590497 -0.0391604465703005 -0.008595057598247536 0.9991959689717018 -0.2909695393990397
0.9493359190732228 0.31174503540509907 0.039703219739304504 3.9398750463187007 -0.31190279737074805 0.9501111961156119 -0.0023151691217367506 -0.8273028219048175 -0.038444216075976353 -0.01018567209532072 0.9992088341954705 -0.3365150532628739
0.9431913548014064 0.32976231953811624 0.040581779664325086 4.191005214777139 -0.33013260851083287 0.943930994224365 0.002595946924446816 -0.9306038693041923 -0.03745035414673722 -0.015845843475257113 0.9991728480192217 -0.3633539454916507
0.9364727153766057 0.3479931297754893 0.04381363924877027 4.446020937812334 -0.34866439070520633 0.9372091097384261 0.008498663275736944 -1.0363805475269763 -0.03810506540250897 -0.02323502210815111 0.9990035724352065 -0.378579375649818
0.9289869575632821 0.3673867838192882 0.04483507279163913 4.701792267250892 -0.36819957929148195 0.9296797440083087 0.011164380422646199 -1.1479799412538783 -0.03758061317871408 -0.02687981874129776 0.998932016134005 -0.40833496780715617
0.9211989225065347 0.3861387503261911 0.047847786462090876 4.957665870568798 -0.3871435336033875 0.9219202808495272 0.013523318653803884 -1.2736172801624646 -0.038889967367916445 -0.030981627698630974 0.9987630896179869 -0.43415530566795035
0.9118270363127284 0.40790521025634524 0.046741793877301596 5.211895963069704 -0.40868271101006837 0.9126408923274721 0.008064947190006375 -1.413412488400094 -0.03936873849392154 -0.026456399933531733 0.9988744472314602 -0.46062944187875854
0.9026130558887511 0.4283425214518246 0.04257177064040113 5.457377411118315 -0.42876242064365866 0.9034169154154129 0.0008146073241079956 -1.571057220993586 -0.038111126760522196 -0.018988450637027605 0.9990930791269899 -0.47423163462681495
0.8928434756343998 0.44890074797515495 0.036313172326673394 5.6982623200842495 -0.44899499735224707 0.8935142913880959 -0.005975235383334726 -1.7397249272537096 -0.03512862607242805 -0.010969482785276274 0.9993225956004839 -0.47203917277604185
0.8824132109451253 0.46953694840885296 0.029698135099883876 5.938994725978546 -0.46936359716612974 0.8829093624071015 -0.012995054026747445 -1.9112763255507164 -0.03232241953784568 -0.002472216169459661 0.9994744365627528 -0.46357331371920446
0.8702921940798605 0.4918463560704781 0.02605108335271155 6.181801373925504 -0.4915470339087801 0.8706790912948503 -0.017304145094605577 -2.088349260201664 -0.031193114290481976 0.002254329648924733 0.9995108341677422 -0.46089566012732114
0.8577426035719125 0.5135777636864034 0.02270477184525722 6.427123077395971 -0.5133745233999407 0.8580427228285518 -0.01446666944566805 -2.2639485292423114 -0.02691142399720223 0.0007526272903781785 0.9996375387162119 -0.49391674705396416
0.8443944594970889 0.5352787469883 0.021786688441561078 6.674693816410613 -0.5351683136639671 0.844672402820739 -0.011108913678029556 -2.4442468327831195 -0.024348979869417132 -0.002279240152832959 0.9997009213978176 -0.48776764844802467
0.8298636644333237 0.5575684607970802 0.021064424456087704 6.923152983241103 -0.5576457971315834 0.8300750952929828 -0.0025497285792126746 -2.623008344929404 -0.018906702377040834 -0.009630560664877321 0.9997748691112951 -0.4916361942468609
0.8143973138724836 0.5800115351378407 0.01853737479592032 7.167223798721048 -0.5801677925607358 0.8144868448556789 0.004063499999468723 -2.8127718124562318 -0.012741571036711904 -0.014064091299708368 0.9998199106356257 -0.49609172592621964
0.7986522787398503 0.6015819285957654 0.015928617348648366 7.406918326939293 -0.6017086329597946 0.7987034350121567 0.004420850759584285 -3.013443623061602 -0.010062737465374954 -0.013115109102905755 0.9998633582784809 -0.4659942384897507
0.7832849470326128 0.6215622629560499 0.01118235310956392 7.63834126876332 -0.6215855916068799 0.7833444642132494 -0.0016741246021804558 -3.2269592977264976 -0.009800207081456434 -0.005639472972820499 0.9999360740996142 -0.4487383413390392
0.7673740481397454 0.6411667144203701 0.0065049643352836075 7.864804907276141 -0.641119144276205 0.7673989598599023 -0.008067171033799662 -3.451460109321208 -0.010164304411230951 0.002020080525058206 0.9999463016534976 -0.45079081121732195
0.7515994430842727 0.6596149396066101 0.0025315219089480697 8.091746395949974 -0.659553924893346 0.7515730876338008 -0.011247848788975463 -3.6773310622942037 -0.009321872837165089 0.006784201674689798 0.9999335364385196 -0.45137101930213225
0.7353293907268786 0.6777095716754359 -0.0006508400196979993 8.324430838928501 -0.6776776311001759 0.7352846871415487 -0.010462177670593948 -3.9012521534684943 -0.0066117652476677296 0.008134206454968259 0.999945058113523 -0.451085615330042
0.7189820590066626 0.6950181463123014 -0.0038177379623118624 8.550329449947746 -0.6950183282909224 0.7189306447709635 -0.009394218908493374 -4.1282390612633755 -0.003784463797021623 0.00940767271000659 0.9999485854422467 -0.43626124884932926
0.7020931693380013 0.712053600130265 -0.006697171824405885 8.768405153541718 -0.7120806122155858 0.7020243285527922 -0.010151050520996687 -4.365748570977413 -0.0025265145153487083 0.011895909445232571 0.9999260492970837 -0.4130478980957678
0.682903820202553 0.7304555230772078 -0.008780726550699822 8.989668628510548 -0.7304978341525425 0.6827803711983979 -0.013560199284114362 -4.608397418323361 -0.003909814727430519 0.015674613621401497 0.9998695014033662 -0.39856968982168717
0.664704237571774 0.7470531311357504 -0.008938445860132132 9.203093914968324 -0.7470958616486968 0.6645829513958852 -0.013314436575702089 -4.846795344401053 -0.004006252802567694 0.015528038324425363 0.9998714067140213 -0.4306517715539854
0.647083935333874 0.7623663060539827 -0.008944049777843122 9.412304027114086 -0.7624087371382398 0.6469707115308984 -0.012720690094485086 -5.087948438505913 -0.003911287269051175 0.015050375902528893 0.999879086698532 -0.4610803559222463
0.6282743252058742 0.7779364607958158 -0.009286293748314144 9.617356023682467 -0.7779838023221723 0.6281686337312287 -0.012056986380460846 -5.3386602027608685 -0.003546210856373744 0.014799681101994443 0.9998841902079659 -0.4900512198450608
0.6089846012726727 0.7931177611603489 -0.010098135706961041 9.82094247852843 -0.7931763857279575 0.6088828127257385 -0.011530025617077902 -5.597660784846616 -0.0029960868309976724 0.015031210835717602 0.9998825361833817 -0.4961230709006893
0.5908217862911941 0.8067044771941091 -0.012550032615812608 10.016872256628458 -0.8068000337209491 0.5907136517183691 -0.011449334540808978 -5.860035657375163 -0.001822753839292489 0.01688988302288277 0.9998556942978887 -0.5091935655710558
0.5739629386704923 0.8187600999991221 -0.014087004016351531 10.209287404230885 -0.8188785663020474 0.5738318461380586 -0.012446124251905713 -6.127377480852244 -0.0021068184158346027 0.01867915970308293 0.9998233095447151 -0.5077492511669265
0.5567579517784915 0.8305502888444568 -0.014380571330962991 10.395860287372649 -0.8306734836962043 0.5566431142556174 -0.011402054017714994 -6.39385235222446 -0.0014651332473910289 0.018293743526003416 0.9998315819838712 -0.5356546966759897
0.5387231085848512 0.8423689629472157 -0.013854332892771493 10.581562153538233 -0.8424827029998208 0.5386393219397684 -0.009517142763743538 -6.673724841701657 -0.0005544572048250024 0.01679914055829111 0.9998587307483539 -0.5408982480682568
0.5219761854155873 0.8528548094259553 -0.013399100641722518 10.75907825450413 -0.8529600229958948 0.5219072055212874 -0.008489287120047753 -6.95669762428032 -0.00024704217651068 0.01586010289930806 0.9998741901390321 -0.5504256523067057
0.506489459254157 0.8621462587664313 -0.013124639403610062 10.929420714685124 -0.8622459626101658 0.5064205648355964 -0.008373259464957533 -7.24721711415218 -0.0005723870213540376 0.015557634995078078 0.9998788088395797 -0.5714580002941275
0.4904780135802882 0.8713641460619689 -0.012483715473678918 11.09771455827864 -0.8714531527867321 0.4904134976993146 -0.008000235771083965 -7.544338405627241 -0.0008489360412350837 0.014802912957205143 0.9998900704955411 -0.6017619205927698
0.4736008511998921 0.8806583794700114 -0.011960451997657627 11.26136231306707 -0.8807390499132648 0.4735417813107424 -0.00754369345428831 -7.849476615445927 -0.0009796431084196733 0.014106736770092098 0.999900015140053 -0.6265592629701722
0.4564329170873789 0.8896836944821828 -0.01148546784580602 11.422047947901914 -0.889757561703032 0.4563847671795956 -0.006665259087610364 -8.164305723535554 -0.0006881797609892379 0.01326152551400402 0.9999118252874379 -0.6530632879452896
0.4395038637624904 0.8981730595497165 -0.011023104687024922 11.579647311565889 -0.8982403945667057 0.43946051174861367 -0.006217087927583661 -8.488605166542017 -0.0007398016585889256 0.012633832068947437 0.999919916283678 -0.6683426533364867
0.4219282490060202 0.9065653978509813 -0.010757885944878427 11.731378234873883 -0.9066290744709855 0.4218916234450519 -0.005583850892195985 -8.822397002059203 -0.0005234640395027602 0.012109396607124425 0.9999265415515327 -0.6901893005593094
0.4037022761614114 0.9148337765946708 -0.010180050276116973 11.87329347359679 -0.914889929184522 0.403665597469337 -0.005522942736118312 -9.162651234845121 -0.0009432384842225856 0.011543250029891544 0.9999329295907339 -0.7024040637401381
0.3853842939842763 0.9227056047573552 -0.009659860226792818 12.006357178225928 -0.9227556496228306 0.3853518614204248 -0.005094505762541545 -9.50973643266447 -0.0009782839011099993 0.010877033105335769 0.9999403647775363 -0.7276668451492788
0.3671926958654499 0.9301023112450655 -0.008900265144745957 12.135380476700723 -0.9301436331238637 0.36715963139811214 -0.005160119256826537 -9.86523131956733 -0.0015316207771841508 0.010173283058400965 0.9999470778244252 -0.7453314433620012
0.34831003570690383 0.9373416784720271 -0.008408140406478084 12.253136123015105 -0.9373772600023497 0.348276114521045 -0.005255519442915644 -10.228039848635984 -0.001997862944749344 0.009712149780759655 0.9999508401367982 -0.7712889156386187
0.32948333452839634 0.944127142515835 -0.008041830197758795 12.361576846016687 -0.9441596231159042 0.3294542832498499 -0.0047414476655445155 -10.595021674434843 -0.0018271140320393043 0.009154999356013438 0.999956422871069 -0.8031528831716102
0.31018958802936214 0.9506432932906579 -0.007729708899063664 12.459052565808747 -0.9506734181724484 0.31016546508385234 -0.004175673554607701 -10.96956420799409 -0.0015720873040181032 0.008643679240199624 0.9999614069306375 -0.8279420819337885
0.2906843025960739 0.9567913394857992 -0.007277974251191066 12.548460627486428 -0.9568179464365592 0.29066417505725645 -0.003708734988464242 -11.351458950682597 -0.0014330391356001512 0.008041767420878088 0.9999666376312675 -0.8493619958792122
0.27034983113369754 0.9627384201098481 -0.006760417914008686 12.627584883322019 -0.9627611512484344 0.2703327397478701 -0.003342972809348607 -11.741716276197375 -0.0013908460644079122 0.007412439868303394 0.9999715602368011 -0.8737416247052885
0.24962023888214305 0.9683221908740421 -0.006470780579952509 12.701545419811954 -0.9683419803299476 0.24960119997304134 -0.003612492587867379 -12.142717520927036 -0.0018829421396815804 0.007167679743815121 0.9999725390709422 -0.89095657950198
0.22938382803839805 0.973316257417891 -0.0062066480871093566 12.76784687112065 -0.9733342096210725 0.22936634299318187 -0.0034054490540779947 -12.55236383574147 -0.0018909827541565886 0.006822297850476795 0.9999749399041267 -0.919433370738888
0.21033932878769765 0.9776081877423387 -0.006292696105611321 12.825549426793446 -0.9776271939397806 0.21032442635565346 -0.002950482604565449 -12.967976002127973 -0.0015609082533713664 0.006772513366688573 0.9999758480224012 -0.9461071894791871
0.19407526261271146 0.9809551570299566 -0.00785953803580115 12.874885286229201 -0.9809859428057325 0.19405932728489841 -0.002749092811306708 -13.39004590913383 -0.0011715201064076523 0.008243627239368886 0.9999653344744387 -0.9527989778132692
0.17989869275543896 0.9836296712821809 -0.010446536181368506 12.922872183430053 -0.9836850008289963 0.17988281454180616 -0.0024478922729766974 -13.819225366780671 -0.0005286671412848801 0.01071647357214418 0.9999424371958757 -0.9540819213173674
0.16876305265845762 0.9855786107240665 -0.012402989180555657 12.966515297236555 -0.9856566454890706 0.16874846146543684 -0.002221251062906668 -14.251248569065709 -9.623219485768336e-05 0.01259995381984061 0.9999206128003858 -0.9527002355955798
0.1605699921930564 0.9869411953551654 -0.01282008260639829 13.012109888898602 -0.9870243959038283 0.16055188837127232 -0.0024357814156835576 -14.687912768299181 -0.00034568455048567784 0.013044847692917663 0.9999148526003885 -0.9561460341657302
0.15455027600152937 0.9879048957084727 -0.012574944257477329 13.061170603453755 -0.9879845402011685 0.15452646220435942 -0.002849702106253192 -15.131827747402996 -0.0008720730135532748 0.012864272767322545 0.9999168715322406 -0.9624033762122362
0.151778187855291 0.988337876898086 -0.012313520209253954 13.111905372517288 -0.9884137801564881 0.15175043949779227 -0.0031628008146509165 -15.579788610986737 -0.0012573337386843865 0.012650897233256875 0.9999191836898919 -0.9687250538275435
0.15008608946109 0.9886007789487816 -0.011944271101086092 13.164623264235141 -0.988672164025723 0.15005996526908036 -0.0030592326064736216 -16.02956781743125 -0.0012320028311518707 0.012268116615878087 0.9999239848527087 -0.9853194944944696
0.14894246437589828 0.9887826313400288 -0.011182587621787385 13.220923307341813 -0.9888442083247404 0.14891199786767356 -0.0035140508932056396 -16.484566379964967 -0.0018094110247559702 0.011581228403864672 0.9999312982302324 -0.9883805710721576
0.1477496854623261 0.9889764909125667 -0.009773989361824026 13.278128291900943 -0.9890222630766411 0.14771976462960068 -0.0037194457300742563 -16.941739522055585 -0.0022346329782476967 0.010216240014630788 0.9999453159325329 -1.0001329249741173
0.14624402762009456 0.9892068266631687 -0.009085068432992928 13.337062394566523 -0.9892444932581342 0.14621097537136152 -0.004205144399096479 -17.401612926561647 -0.0028314208297871564 0.009602331171859421 0.999949887890462 -1.0033987701865048
0.14515981143397658 0.989370097671496 -0.008685561463859936 13.390908880873473 -0.989405280575869 0.14513238212920615 -0.0037124690023757796 -17.859250332459943 -0.0024124495941032953 0.009132441677448555 0.9999553883028786 -1.0156955472776217
0.14372433186625408 0.9895724201969138 -0.009473205118498014 13.44344660228382 -0.9896154085999486 0.14369652473969824 -0.003556942408181831 -18.318599420977957 -0.0021585854536910433 0.009886048925196124 0.9999488019621227 -1.019239223834051
0.14259392925555647 0.9897197943818407 -0.011031769949745302 13.485973007263805 -0.9897792471020578 0.14256222098663657 -0.0036131915872544824 -18.774088279369554 -0.002003333609350372 0.01143423614064165 0.9999326201791434 -1.0160927891111369
0.14368731655484002 0.9895410399309741 -0.012746974291609495 13.534894373874387 -0.9896188868289685 0.14363702499093808 -0.004781619302153964 -19.234553089559675 -0.002900671071924688 0.013301704555213295 0.9999073210869375 -1.0089093889526164
0.1471759012403479 0.989025813922777 -0.012930332110013662 13.588468685836245 -0.989103515337103 0.1471137672484173 -0.00563697026503057 -19.693115565268776 -0.0036728792359530583 0.013619063123511544 0.9999005105898056 -1.0112156454257724
0.1503567141355882 0.9885670901078741 -0.011312244251010716 13.647341319728051 -0.988623566567377 0.15029888645311024 -0.005804167344118903 -20.149332670171518 -0.004037591107662255 0.012056246787470217 0.999919169118907 -1.024606652603671
0.15245991414324697 0.9882644492637164 -0.009452666338777876 13.711278934677502 -0.9882995227365887 0.15240806770818174 -0.005986172073515306 -20.605234451555518 -0.0044752584360471265 0.010254716911577134 0.9999374044623955 -1.0374765690335714
0.15424587768169074 0.9879994116617462 -0.008085281333596057 13.775473180462592 -0.988021521114839 0.15420043337284178 -0.005974961217647696 -21.060205472780904 -0.004656504282155807 0.00891004509899102 0.9999494627550947 -1.046558466900335
0.15690685053617068 0.9875810060015441 -0.00799980248460639 13.83336822994732 -0.9876054305624327 0.15686788235306445 -0.005289707899502119 -21.5121362426242 -0.003969102973841622 0.008730639783991186 0.9999540100177327 -1.057166745421999
