1.0 0.0 0.0 0.0 0.0 1.0 0.0 0.0 0.0 0.0 1.0 0.0
0.9999999730295046 -0.00019439435200342402 -0.00012708983202305133 0.21828007230321855 0.00019438267828411672 0.9999999768885592 -9.185997797691685e-05 -0.003657654139535116 0.0001271076861467158 9.183527143747646e-05 0.9999999877049596 -0.016900605039866748
0.9999996267409677 -0.00058201520094512 -0.0006385735906465613 0.43620138391870483 0.0005821657938759928 0.9999998027721186 0.00023566652937349859 -0.006409244646804535 0.0006384363031995955 -0.00023603819711018496 0.9999997683425015 -0.042826646621135465
0.9999990245742643 -0.0007987564710087178 -0.0011457916997497089 0.6534668479718414 0.0007998926652430649 0.9999991885410263 0.000991508453770913 -0.008691333041094818 0.001144998796193243 -0.0009924239970045769 0.9999988520355245 -0.06585981765574302
0.9999983746386261 -0.0012551916560430347 -0.0012943005879807006 0.874024680231477 0.00125779574828993 0.9999971826420946 0.002013121389730611 -0.011425251248002921 0.0012917700883017154 -0.002014746083457434 0.9999971360600283 -0.08268180718358172
0.9999969151430838 -0.001884715232416673 -0.0016178852891397537 1.096433546327971 0.0018888980938965064 0.999994867754345 0.0025877652446371466 -0.01485634040159245 0.0016129997851805232 -0.0025908132821904316 0.9999953429482711 -0.09470711603608158
0.9999955607876426 -0.002161982712545473 -0.0020504233120477995 1.3201110546266481 0.0021675744766074894 0.9999939275171963 0.002728836679031372 -0.019741308034014193 0.002044511163162072 -0.0027332690103832992 0.9999941745903427 -0.11178023474989775
0.999995469288339 -0.0022566073851580893 -0.0019922665242377725 1.5455575274235143 0.002262181753837569 0.9999935206915797 0.0028001979522258684 -0.02628132647502618 0.0019859346683496104 -0.002804692134316263 0.9999940948653271 -0.12588465589964198
0.9999938734269275 -0.0026099416561418316 -0.002332662247598531 1.7730408193243385 0.002618210759337785 0.9999902750033112 0.0035489253615273966 -0.03271285212613001 0.0023233770743303094 -0.003555011020171401 0.9999909818671454 -0.1489145349372223
0.9999927011365854 -0.0028507625149503035 -0.0025437819558364557 2.003030418275551 0.0028619276893555247 0.9999862403753846 0.004396411014051956 -0.03694969050270591 0.0025312138306324665 -0.004403659045263539 0.9999871002885773 -0.17044284498715062
0.9999916148723649 -0.0031100011853865232 -0.0026642217600870758 2.2332754979817335 0.0031230204893279065 0.9999831349957609 0.004896577077247505 -0.04063859370943251 0.0026489484674612233 -0.0049048564379686 0.9999844626069646 -0.18817682401536057
0.9999907064537751 -0.0033060619828978732 -0.0027671212921077147 2.4644871011066964 0.003320352551651567 0.9999810927113694 0.0051758553601394565 -0.04571714445506564 0.002749957274711635 -0.00518499507633139 0.9999827766322007 -0.2023796780069549
0.999989693511044 -0.003288080930799877 -0.0031307180456522188 2.6978401643692997 0.003307285890432435 0.9999756250716713 0.006149074935321688 -0.04977160056176061 0.003110423078587349 -0.006159365739568081 0.9999761934576037 -0.21949240022157576
0.9999895163188578 -0.0031722900844310896 -0.003302094486445628 2.933615181314308 0.003195159958617451 0.9999707869425299 0.006943789626499873 -0.051618675810825576 0.0032799703071891037 -0.006954267550106169 0.9999704395419026 -0.23332286257950868
0.9999919768136285 -0.002307947850440678 -0.003274093018146102 3.1697768182666675 0.0023341047497851103 0.9999652125065583 0.008007854377506153 -0.054295460385623495 0.003255497410359499 -0.008015432205062933 0.9999625765913331 -0.24862298906033936
0.9999946360505618 -0.00045643695723667584 -0.00324338332750164 3.410674958320096 0.0004853106453610095 0.9999602129401012 0.008907132555737104 -0.05790191459071781 0.003239188738333471 -0.00890865882678425 0.9999550707177928 -0.2662465478989581
0.9999926388025646 0.002208093033078146 -0.0031379397447742225 3.6541280286191697 -0.0021793995921946933 0.9999560531165742 0.009118226414217013 -0.06400554215699811 0.0031579357343213266 -0.009111320468552016 0.9999535045596958 -0.2812965771527437
0.9999846917321958 0.004011694607383828 -0.003810853925778707 3.8995140260387506 -0.0039759422902849876 0.9999484449861155 0.00934340691364429 -0.07425232852091967 0.0038481403522817137 -0.009328112146983437 0.9999490877737742 -0.30341488822488694
0.9999669532167305 0.006334257833950489 -0.005096042792477998 4.152308441129045 -0.00628735864914081 0.9999382153875246 0.009167034898461561 -0.08330048922318395 0.005153794298068584 -0.00913469130871836 0.9999449963968159 -0.31577065895135475
0.9999351344212992 0.009239576569520505 -0.006660118217787855 4.415277337229872 -0.00917784296433182 0.9999151832001398 0.009240865995849978 -0.09156970927089109 0.006744935016811266 -0.00917914106260271 0.9999351225059416 -0.32306351338934614
0.9999041082022808 0.011645437439471032 -0.007493876636642767 4.6890331407259715 -0.011570245057031131 0.9998830562138623 0.010000166285981153 -0.10031164026789413 0.0076094565852037254 -0.009912501362945374 0.9999219161950641 -0.3359249243239105
0.9998764212109797 0.013633956231896189 -0.007826719861492887 4.975144938148629 -0.013549702885394832 0.9998507455353096 0.010718778111535423 -0.10824389271652674 0.007971691040241752 -0.01061140376922617 0.9999119212470698 -0.35028490903715154
0.9998411975691323 0.01583742097624137 -0.008170418614968254 5.27505614798399 -0.015746613408769757 0.9998148286517963 0.01106130978393169 -0.11789630500922132 0.008344088307134657 -0.010930896797731703 0.9999054413720936 -0.36875375753345235
0.9998000945055111 0.018149309211435816 -0.008388897538875888 5.591659171933198 -0.018053581359650038 0.9997726027166088 0.011349495907344524 -0.13017804970395402 0.0085929754369812 -0.011195777436517106 0.9999004027105565 -0.38452946545664923
0.9997617212257073 0.019682908390796127 -0.00943842619769917 5.9232318041809595 -0.01957611223510257 0.9997447700651689 0.011276992378490613 -0.1427180571602042 0.009657981236705332 -0.011089537620000077 0.9998918669305235 -0.3985202574421397
0.9997332383779971 0.020799886846278353 -0.01004075641690278 6.272644156583083 -0.020687505868431374 0.9997235962467967 0.011169521400622193 -0.15602173043451 0.010270305895404144 -0.010958823593678212 0.9998872061399021 -0.39622195438108165
0.9996853454869215 0.022409834792836182 -0.011269841314374583 6.635298159273745 -0.022276517947325047 0.9996819820948185 0.011819112619862411 -0.1703973595597042 0.01153112166425707 -0.011564340860432823 0.9998666407344681 -0.4099804454968993
0.9996293218399304 0.02430753212477546 -0.012262251010432216 7.014675389696098 -0.024155328520098905 0.99963117019153 0.01241143366423894 -0.1829246451406092 0.012559419649248607 -0.012110634315291554 0.9998477851726018 -0.42241070159686517
0.9995995899774935 0.02555338957487916 -0.012152530520877575 7.4102532227990086 -0.02539774340230714 0.9995955510787081 0.012794096049647756 -0.19803368064598897 0.012474547963632485 -0.01248032631350261 0.999844301433085 -0.420309113611423
0.9995585412567553 0.026982299021097132 -0.012436966680176314 7.817708951611369 -0.026823436776653657 0.9995586436333074 0.012767974680232688 -0.21402849227300907 0.012775986856465485 -0.012428735956737507 0.9998411377225701 -0.42257467024295375
0.9995020078783673 0.028536723716218473 -0.013468171615203082 8.236316646855022 -0.028378777356599397 0.9995278699915696 0.01177633669119718 -0.23151585042508777 0.013797870953770684 -0.011388261924634947 0.9998399503157899 -0.4286010315099903
0.9994414505365068 0.03007692114805063 -0.014565911016408785 8.667161997259786 -0.02991767836063362 0.9994915084731238 0.011029823735361677 -0.2510080152985746 0.014890247512841055 -0.010587884792413337 0.9998330746802842 -0.4324121903412511
0.9993955948721358 0.031655501741245 -0.014365728651200867 9.10863201803009 -0.03149925482968894 0.9994435141116937 0.010975383603637444 -0.27058677334744097 0.014705165600706982 -0.01051624027790879 0.9998365700428622 -0.42061860692915687
0.9993365390650784 0.033701202778602724 -0.013809801617221623 9.56117277988085 -0.033552829676561015 0.9993781737267875 0.010838519235126213 -0.28955806491991776 0.014166485454310932 -0.010367970379491574 0.9998458960660311 -0.41817460912628684
0.9992804752123181 0.03547480548307074 -0.013419017675746396 10.02012567205361 -0.03532936264836409 0.9993160095963449 0.010924701336975292 -0.3103526258830465 0.013797390851319521 -0.010442755401714066 0.9998502792245036 -0.42751653908900167
0.9992275843924868 0.036703672419715914 -0.014038341072306025 10.487467761527052 -0.03656468747273797 0.9992809306580487 0.010032210783753782 -0.3323377774129413 0.014396465509881483 -0.00951115419362198 0.9998511287820453 -0.43143041620471745
0.9991485155534486 0.03803401033305359 -0.01598930659302035 10.962529697202399 -0.037900537669098525 0.999244771459931 0.008569478069747564 -0.3582346355099294 0.01630316262979901 -0.007956177975624585 0.9998354395200684 -0.43114811131888714
0.9990736013008428 0.039540521174557426 -0.016984886487978433 11.447202321768373 -0.03942738819988257 0.9991983031056885 0.006944935597462587 -0.38488970006661444 0.017245876130278167 -0.00626883210506691 0.9998316265754645 -0.4307024938011824
0.999050800292601 0.04036796244951529 -0.016368446547819073 11.942606755960524 -0.04026207776311451 0.9991663693083305 0.0067477060851172015 -0.41281629925595703 0.016627192454266207 -0.006082273496705929 0.9998432589262186 -0.44076319981600764
0.9990742329123269 0.040268767053583385 -0.015136166312197875 12.448463068260422 -0.040173023927280754 0.9991710902177764 0.006577280711938138 -0.4419582395453008 0.015388478780711362 -0.005963126110501424 0.9998638086498618 -0.4498917315634064
0.999115711271202 0.03953376132443851 -0.014313532288817545 12.964976864655194 -0.03944344175528107 0.9992004121488129 0.006538445086186419 -0.46955808183393016 0.014560576689762045 -0.005968088235746539 0.9998761780987052 -0.4643989456180353
0.9991529775167488 0.03891525215528647 -0.013376496892177191 13.491557193213932 -0.03883252912828122 0.9992253051359017 0.00638938632195114 -0.4958922216854317 0.013614778768571435 -0.00586453116288245 0.9998901164994699 -0.4697611760910504
0.9991696570853787 0.0386933847453918 -0.012760028872723234 14.030144129626308 -0.03861390114583315 0.9992335954129519 0.006417821780845698 -0.5218746284623093 0.012998576775457906 -0.005919778294493372 0.9998979914105026 -0.481924821771862
0.9991857607231944 0.0385011168828537 -0.012061491068060284 14.582961171971688 -0.03842592908040319 0.9992409256603605 0.006404721675473883 -0.5484904012604928 0.012298924437522264 -0.005936032699143518 0.9999067456385501 -0.48884213135553034
0.9992117136219884 0.0378484303097468 -0.011976964711412302 15.149469396036114 -0.037783436044776166 0.999270219278166 0.005607211822488102 -0.5758252945533322 0.012180448319355226 -0.005150260853605636 0.9999125519223573 -0.48550529409437737
0.9992158357974529 0.03746922511699019 -0.012797291148153013 15.727909591346924 -0.03741333888126704 0.9992893851257424 0.004578957171331242 -0.6033263200166036 0.012959767179766565 -0.004096577126544417 0.9999076269788596 -0.4829124620741731
0.9992109488208722 0.0368959677268716 -0.014702629764451304 16.317675578067668 -0.03684980000564133 0.9993150355243969 0.0033988254475511223 -0.6306793106442503 0.014817961939386793 -0.0028543546339470814 0.9998861338490439 -0.49221218689677226
0.9992123996665461 0.03631504242880228 -0.015993687692870684 16.9209205206807 -0.03627745960765743 0.9993382854799677 0.002633837196698376 -0.6610284919841531 0.01607875234704407 -0.0020515524263884093 0.9998686237979498 -0.4784395198693735
0.9992124914727415 0.035248527553129766 -0.018219170951846084 17.53192545145064 -0.035230100050862356 0.9993783403419358 0.0013315050916255242 -0.6923872381929277 0.0182547784221712 -0.0006885933045345014 0.9998331305292998 -0.4724862479869669
0.999207329625388 0.034784489390862205 -0.019358505126120307 18.15979687261524 -0.03479429130228501 0.999394480929077 -0.00016965045487939335 -0.722804904562921 0.019340881977633936 0.0008430814445247528 0.9998125921881592 -0.45656732098706176
0.9992649874795609 0.03388490896894345 -0.017924780100177735 18.80161236240348 -0.03389398250449138 0.9994254133847637 -0.00020256031992575444 -0.7528792259960886 0.017907617023449687 0.0008099536186667181 0.9998393177044391 -0.4370932698492948
0.9993176646259087 0.03321395365721274 -0.016156684346659202 19.451713411744972 -0.03322113454490782 0.9994480102414426 -0.00017619300015688153 -0.7817000798337759 0.016141913956225655 0.0007128161619201525 0.9998694567327027 -0.4334562995954345
0.9993781055739138 0.0322479714812909 -0.014264306321676364 20.1062708434354 -0.03225866588757388 0.9994794184189465 -0.0005202231070095819 -0.8092593650858795 0.014240104446620034 0.00098004707490795 0.9998981242772094 -0.4337554630411043
0.9994260608623935 0.031121691693093652 -0.013378683613890212 20.76322704756276 -0.031138325917684163 0.9995145470341372 -0.001036786473334803 -0.837942297215885 0.013339922343275799 0.0014527812317192822 0.9999099638960347 -0.4391196241776343
0.9994143016530128 0.031091446996499024 -0.014295998569055742 21.422087109052498 -0.031122019003281123 0.9995137466789792 -0.001920971866476006 -0.8625791513522718 0.014229321297305917 0.002364767095566204 0.9998959617340214 -0.43703144693801693
0.9993913782828439 0.03159014252111259 -0.014796483008294517 22.07996018991366 -0.031599017194225254 0.9995005592409166 -0.00036631879107457203 -0.8898623022837808 0.014777520978770872 0.0008336501624960535 0.9998904589509444 -0.425749348845128
0.9993261827018676 0.03211339103778549 -0.017773876408066977 22.73136570980858 -0.03207958207848067 0.9994829313821191 0.0021840992373050464 -0.9186727989750165 0.01783482492723117 -0.0016124490263727835 0.9998396466573798 -0.4395217331039142
0.9992193638750662 0.03335172197728284 -0.02117369826599634 23.37826001439135 -0.033254826225044935 0.9994348344054462 0.004912057583437199 -0.9461381177706494 0.021325557199086118 -0.004204095397462593 0.9997637451878515 -0.4543413481507177
0.9990912458034745 0.035710682073992625 -0.023268642948678694 24.030460670522768 -0.035591076073183424 0.999351112488022 0.005534371952484727 -0.9729614702547646 0.02345118041412301 -0.004701186527441632 0.9997139295730654 -0.44723069068486476
0.9989272606621663 0.03972272545544871 -0.023799852696463075 24.682870666437037 -0.03954302840301766 0.9991860494974332 0.007974170454276697 -1.0039003261817496 0.024097236578089935 -0.007024497996779946 0.9996849401772514 -0.42338689411481667
0.9988030021962184 0.04422779545346089 -0.02089174270255393 25.33884070298431 -0.044012092867600716 0.9989739705124802 0.010674358057838814 -1.0396854923691157 0.02134241048327451 -0.009742091554695992 0.9997247587045672 -0.37167117415137996
0.9986346816919925 0.049387863871504165 -0.017017973561647113 25.99512779422651 -0.04917324629778893 0.9987081490307174 0.012807220938914359 -1.0768809155419636 0.01762851016030964 -0.01195290600025563 0.9997731561047634 -0.33207468673971885
0.9984565443836154 0.05393826112991071 -0.013236047892539992 26.6517291180717 -0.05376542354532142 0.9984678691821702 0.013084091172561317 -1.1195575875927997 0.013921501661970728 -0.01235225473754717 0.9998267917966476 -0.31125798920840775
0.9983491861574775 0.05694191866346705 -0.007518004896829649 27.306196227621133 -0.05683293640728536 0.998285663585436 0.013991112147133385 -1.168130441187639 0.008301797277163668 -0.013540745131317426 0.9998738562355054 -0.3023260095563529
0.9981554926675905 0.06034663773507785 -0.006625388410860558 27.956214137136634 -0.060258560025397236 0.9981010661582563 0.01277371040145069 -1.2198190446238681 0.007383657710721631 -0.012350912833705716 0.99989646291553 -0.3519551398801979
0.9978053245375759 0.06588827344476804 -0.006577974379256155 28.60870159224815 -0.06578452751755587 0.9977224894252456 0.01490738187560322 -1.2717413642477364 0.007545214626412272 -0.014441936073829879 0.999867241296905 -0.33919522866651974
0.9972848905086447 0.07302122482489515 -0.009526168602151733 29.25319464605863 -0.07286295769593286 0.9972132916902732 0.016019996006631978 -1.3275991638038953 0.010669421679042465 -0.015282395143559974 0.999826290832419 -0.34070666843690206
0.9965595205036037 0.08204426849724808 -0.011741384091439683 29.896544027051668 -0.08182470360374965 0.9964824213775908 0.0180970098528491 -1.3896465701782148 0.01318483878512664 -0.017074012188324442 0.9997672919904937 -0.3347656958571112
0.9954059577979637 0.09501062492486383 -0.011830483156222104 30.544225097980238 -0.0947907513079384 0.9953356419006553 0.01793525658276303 -1.463419979257161 0.013479341482409316 -0.016731440870403246 0.9997691564754351 -0.3052429076465799
0.9940620251033868 0.10836314483927238 -0.009905507957771552 31.18889425048765 -0.10819368390225596 0.9939963900306723 0.016288135855669385 -1.5537313169094995 0.01161107277633468 -0.015119703916971358 0.9998182722587381 -0.2852332562996481
0.9921558469616671 0.1245819780073364 -0.01030078130829949 31.830279477529615 -0.12440804598902008 0.9921007349437692 0.016086323919077276 -1.653083654751847 0.012223478759164352 -0.014678640257706063 0.9998175453987647 -0.27390295359354305
0.9894919914067453 0.14401728006969525 -0.012830509859132986 32.46275683722463 -0.14376659915251447 0.9894350510614096 0.018693440005190225 -1.7577942741902348 0.015387134562308703 -0.016652410409137813 0.9997429336172016 -0.2737091623640919
0.9860941857225202 0.16552483053112044 -0.014825227212038593 33.090788262344375 -0.16519640930580504 0.9860335126090777 0.02116738917002098 -1.8785725960428108 0.018121899368268087 -0.018423965084912015 0.9996660213660551 -0.2626704999325281
0.9820495764293958 0.1881033601387182 -0.013991259391913721 33.71821847124616 -0.1877555120732039 0.9819459464033886 0.02302229415338078 -2.0191598730965765 0.0180692313333209 -0.01998209815008274 0.999637043447543 -0.22933996231272202
0.9767106194169257 0.21429878185162315 -0.010601793014363254 34.34314406730006 -0.21399883018531482 0.9765363211607276 0.024110456926197437 -2.1804446523465066 0.01551987749712394 -0.021280168015870786 0.9996530837504041 -0.20415704382817945
0.9703156968765924 0.24168965829364314 -0.008576565093245633 34.95958104579487 -0.24142631367818088 0.9701172950029251 0.02420266514194051 -2.3574460049450767 0.014169807996627046 -0.021413617398989514 0.99967028240877 -0.20508953627555615
0.9625564047171956 0.2709857160079477 -0.007204821827805008 35.56712057676457 -0.2707344503915381 0.962328991130493 0.02501539927644681 -2.5557244190290884 0.013712224804979198 -0.022128139312381976 0.999661102745061 -0.18863026715293182
0.9533317926842738 0.30180769174715055 -0.008402991113282037 36.16081837492359 -0.30149616277591973 0.9530923042749043 0.026741790578598226 -2.771550810976246 0.016079704250671966 -0.02296032957538772 0.999607055986002 -0.17512174849343493
0.9425805852716457 0.33383324081666915 -0.009859391198578128 36.74445094872084 -0.33345898433355764 0.9423497707135953 0.02796453831671439 -3.009531391074117 0.018626487489566437 -0.023071128318194856 0.9995602918293266 -0.15579622128927195
0.9304012955071634 0.36638039792302196 -0.01090107042289135 37.31673041889343 -0.36598833060588226 0.930218432863514 0.027316826705663887 -3.267722958142619 0.020148726483732175 -0.021425946390203107 0.9995673852434215 -0.1263952142449428
0.9167211738335019 0.39934616823091107 -0.0120385781810173 37.87710850305716 -0.398966528665286 0.91661447410513 0.025369565738244282 -3.5507120537117602 0.021165973875616747 -0.018453828336263276 0.9996056511293013 -0.09830652805219402
0.9024393011526252 0.4306106593595922 -0.013332958451276808 38.42286735017102 -0.4302379467022966 0.9023986802771513 0.02391508000084708 -3.8506843046470767 0.022329732478424454 -0.015845563415429115 0.9996250803013556 -0.0705251449619196
0.8870075053217357 0.46151417531137334 -0.014911454978603184 38.95366411229851 -0.461107564044113 0.8870113150291115 0.02430517211685291 -4.1633095769742585 0.024443810754878573 -0.01468308540424784 0.9995933708857787 -0.04765383786403446
0.8706246679128392 0.4917912075683958 -0.012413532135630932 39.47555571838066 -0.49135125071835395 0.8705342960980202 0.02727613855796002 -4.492435360445642 0.024220570579003682 -0.017647874533293712 0.9995508573780958 -0.015267609929836196
0.8506544085446399 0.5256834684769254 -0.006630851652892709 39.98671510463627 -0.5252453788507354 0.8503490842776834 0.03199573196618696 -4.836581167777155 0.022458165987461687 -0.023734486263122873 0.999466009898439 0.005230573006972591
0.8269297300503187 0.5623051511257279 0.00037225849093761986 40.4832731310878 -0.5619737362794132 0.8264192567034375 0.03488168404612413 -5.208381029524666 0.019306509033693544 -0.0290539010669758 0.9993913795614423 0.021431784074015636
0.8002072013595662 0.5996988876079731 0.005447852242390042 40.95741331420725 -0.5995146350822596 0.799655535040015 0.033663446081046454 -5.609662742079572 0.015831525968147235 -0.030203799125711285 0.9994183775095862 0.012843164436680779
0.7720888280901151 0.635479964941041 0.006637446570064788 41.407021087190756 -0.6353424883312182 0.7715945221549705 0.03133394168528732 -6.037182995843921 0.014790674749072773 -0.028409638135227854 0.9994869325816585 -0.011295245715342725
0.7438794470357059 0.6682765027788434 0.007062868506157254 41.83548310776983 -0.6681570959008357 0.7434346025694093 0.029514181334129877 -6.482147042603899 0.014472853043477969 -0.026674098600347463 0.9995394084220199 -0.02217554991677395
0.7142801999815686 0.6998214894595558 0.007326582075121056 42.24432483034565 -0.6997183262805404 0.7138861249319755 0.027583772344715398 -6.947246768261566 0.01407337136058783 -0.02482908617358998 0.9995926453802729 -0.01873081954261173
0.6839474480110502 0.7294960284046641 0.0071716735144124084 42.63667175415827 -0.729362335911052 0.6835444676851531 0.028240815345742104 -7.426287944953131 0.015699404878807655 -0.02454598213233476 0.9995754215903926 -0.01415926848677683
0.6531042670532184 0.7572335312952488 0.007224641099009485 43.011396401192236 -0.7570484490738288 0.6526554910884418 0.030306034168340847 -7.920620769983665 0.018233543588435472 -0.025262403571924094 0.9995145565993417 -0.007959419148652738
0.6207852150480861 0.78393074022098 0.008849368016524911 43.37058177780062 -0.7837539241525037 0.6202946473964035 0.031053772507069106 -8.436558315264518 0.0188547912546293 -0.02621344975307617 0.999478539989123 0.01533755528308238
0.5871703566537848 0.8093906846167441 0.010848590816752544 43.71245783557878 -0.8092356317406948 0.5866345242126791 0.03158523900494902 -8.97059847760394 0.019200640309835537 -0.027324982294621884 0.9994421847982463 0.030061273354644494
0.5523352766499471 0.8335346460981488 0.012072113405038574 44.03490053665743 -0.8334256400601203 0.5518328768528625 0.02970149010856984 -9.528698965138316 0.01809543197623801 -0.026466389597505108 0.9994859106376973 0.04702446841119527
0.5171844475666103 0.8558197920881604 0.009629676287501103 44.33271849696678 -0.8557177867122306 0.5168424070024777 0.0249197878844107 -10.110322660578827 0.01634982261503069 -0.021128412009971634 0.9996430730547754 0.05628923588661172
0.48448118529730233 0.8747456714066921 0.009899062995054365 44.611868242482075 -0.874587156856665 0.4840807807425532 0.027624314960780116 -10.703774909716039 0.019372303794251918 -0.022041054215614263 0.999569360162049 0.050371513655107
0.45247723724119804 0.8917067472980796 0.011109752546989074 44.879434541032325 -0.891456650518875 0.4519467774335886 0.03239059451538964 -11.30070641853651 0.023861894816672828 -0.024559869512555715 0.9994135394246388 0.058666222085031194
0.42144193591553347 0.9067815284485548 0.011573863498171924 45.13316739127509 -0.9064029264951956 0.4207942470783684 0.03695857771467368 -11.912845612485974 0.028643140412895448 -0.02606647828635561 0.9992497731883826 0.07239070054827838
0.39310418235052674 0.9194451008170692 0.009476729500026641 45.36677010693664 -0.9189502356569009 0.3924964931012186 0.03843133213106005 -12.543541585235786 0.03161591695094746 -0.02381616020132797 0.9992163050654327 0.09466861723409495
0.3666401430423667 0.9303220063523255 0.008716077469809165 45.58637372139431 -0.9298965588166447 0.3661437409684301 0.035087759270182386 -13.193831261979048 0.029451577391276917 -0.02096963152341053 0.9993462258611566 0.14067302773954005
0.34325809582733774 0.9391987697031218 0.008919116387599966 45.79633512480885 -0.9388597720299847 0.34283268194965805 0.03175028584132513 -13.859465184531203 0.02676206480811297 -0.019272342238237854 0.9994560364077343 0.1536541170747307
0.32266374100441564 0.9464660204483583 0.009496440263891483 45.99711606008246 -0.9461857978377293 0.3222716837501402 0.029553304773317825 -14.534087785982614 0.024910764966422652 -0.01852117678491079 0.9995180937828436 0.17158876960736383
0.3031002272971615 0.9528969095809126 0.010850434256640996 46.18888793347028 -0.9526436830699041 0.30268766388748725 0.029158038983082137 -15.21766953515921 0.0245003126391113 -0.019174405896465935 0.9995159212534352 0.18734834673024148
0.2848764970558485 0.958494815044859 0.01153563857412112 46.373638465000596 -0.9582507533002218 0.28445496716743857 0.028997680136937678 -15.910387825348163 0.02451275636772698 -0.019314791893607325 0.9995129131678907 0.20064170343535914
0.27028033235232674 0.9627345410214427 0.009526041557240078 46.5453151620415 -0.9625080916002471 0.26995445010315106 0.026509780714885467 -16.616617582511918 0.022950284258879825 -0.016333964421970236 0.999603164290059 0.22584621918247855
0.2592891879951143 0.965780394213941 0.006111230710873735 46.706252105542525 -0.9655448360464612 0.2590702008264602 0.024613017444961076 -17.332231840155803 0.022187531923226204 -0.012282556562186107 0.9996783743942115 0.23788381341987686
0.2500634500499508 0.9682202822770271 0.004213779362164248 46.86846096427921 -0.9679906070986669 0.2499027356445207 0.023298224956753696 -18.056723021404796 0.02150477895417445 -0.00990493335568679 0.999719679098772 0.25645281471783965
0.24341105857402062 0.9699216973871748 0.001719738776502568 47.03012836191077 -0.9696717111987602 0.24330718129318138 0.023203190126178785 -18.78852843818059 0.022086852757709215 -0.0073154951131334375 0.9997292905914628 0.2622367494332567
0.23898588683627084 0.9710229678567904 0.0003765470412158921 47.19268889880358 -0.9707401776180902 0.2389068918722052 0.024228177272702774 -19.527404223304806 0.02343615691783971 -0.006155721773614623 0.9997063837139224 0.2680270075898007
0.2356404316748287 0.971840231511851 0.0003890695245792473 47.35756845587257 -0.9715038185653191 0.23554829031669447 0.026407071815756227 -20.27330973928231 0.025571810125645623 -0.0066005563307490155 0.9996511967596613 0.2709342620823274
0.23285277570927793 0.9725117581837381 -0.0006819375787899144 47.52211269746344 -0.9721172576840952 0.23277818118501575 0.028325883515732734 -21.02678065909513 0.027705994969265433 -0.005932837312050949 0.9995985090446023 0.28684634186790486
0.2314313555923827 0.97284756141455 -0.0026739294002579733 47.685652212281745 -0.9724055709516908 0.23140764856013346 0.029629474682857832 -21.79268665712123 0.029443729906141896 -0.004257045646201488 0.9995573742069938 0.2954866887858284
0.23089286744988577 0.9729746735522291 -0.002961146180819466 47.85499385070605 -0.9725264952879793 0.23087719978003984 0.029798231232807317 -22.570962292043657 0.029676585444541517 -0.004000405937009768 0.9995515479597296 0.3186088821685117
0.2310354733888537 0.9729380995379643 -0.0037502671163644145 48.02720614297669 -0.9725395895056695 0.23104871821140874 0.027986365555475037 -23.363741588331823 0.02809549572670504 -0.0028185599726569086 0.9996012699269398 0.3476868033809184
0.2317175492987779 0.9727744509281201 -0.004104262231414729 48.20377279569749 -0.972397740191619 0.231742439273494 0.02716756724109216 -24.166319891131934 0.027379047046932344 -0.0023042267825340245 0.9996224678956231 0.3687168708789228
0.2321314221249247 0.972678455918023 -0.003409436198566807 48.38515842229581 -0.9723003105917113 0.23213682487099702 0.027287370010118397 -24.981319658811415 0.027333292621241276 -0.0030192601316885595 0.9996218160798305 0.3813956368497956
0.23226479745230433 0.9726453745313316 -0.0037469010191851834 48.56907840976831 -0.9722409651398305 0.2322768418222037 0.028195291398911356 -25.80846246504945 0.028294338098070904 -0.0029058829827007123 0.9995954112918299 0.3946644456037528
0.23310436854710753 0.9724433807114051 -0.004027986448422607 48.756821129998166 -0.9720333797609924 0.23312357396753708 0.028363848311199657 -26.647351333475118 0.028521255138477575 -0.0026963996690563185 0.9995895494822615 0.41267183279608444
0.23482090783818546 0.9720269655455989 -0.004766497064620726 48.94972860296085 -0.9716628375019197 0.23486364138209193 0.0266533332710515 -27.495951854126726 0.027027235518369615 -0.0016273318528679617 0.999633372957944 0.4424400691031267
0.23687218411409436 0.9715259282330476 -0.005379513354828627 49.14575125594932 -0.9712377723414966 0.23693295682269974 0.023663548938722922 -28.353868553658558 0.024264335353407676 -0.0003804499539808503 0.9997055052802755 0.4738761832442275
0.23841632695253298 0.9711582957479084 -0.0030363864184745916 49.34760817006947 -0.970924851090928 0.23842592908423657 0.02140116525736179 -29.215067702361548 0.021507872431242355 -0.002154284181952283 0.9997663579472688 0.4915409792626127
0.23893596963791433 0.9710352642999232 0.00034336448458144824 49.557329380518475 -0.9708144507915151 0.23887406406999587 0.021412231295394452 -30.07624626243276 0.02071001080528514 -0.005449495450196512 0.9997706729304399 0.5034612682746599
0.23946751426929483 0.970900999832365 0.0025608854328965374 49.76682040548994 -0.9706485605951123 0.23934304121677574 0.023585598057628665 -30.93656627889341 0.022286350628078724 -0.00813370429870496 0.999718541105478 0.5048607126803665
0.24006894990340763 0.9707452136426937 0.004541968964814025 49.97359392496555 -0.9704522017317866 0.23987421915306234 0.02613203282621437 -31.796650818154337 0.024278044529949118 -0.01068125346153179 0.9996481818011242 0.5111897499580753
0.24033372261130803 0.9706690144031046 0.006431660244275807 50.18361750606036 -0.9704303265671317 0.24011073041278203 0.02473496350199573 -32.66495662259757 0.022465152004759018 -0.012186124008310796 0.9996733543148272 0.5427477584032431
0.24096100190304506 0.9705019390880573 0.007986350117731592 50.39348340368019 -0.9703329278031643 0.24073489883288385 0.022376722388572797 -33.53902617666088 0.01979405928090891 -0.01314133593825636 0.999717710409765 0.564353676918073
0.24089807945486125 0.9705125057056803 0.008578553715078317 50.60210220045631 -0.9703535073777182 0.24066175708844792 0.02227081935753915 -34.415146774144524 0.019549578888455474 -0.013689227296771644 0.9997151689462869 0.5725075151613537
0.2405674288529035 0.970594422994148 0.008589425345237758 50.80853994038266 -0.9703801214068761 0.24029371880943576 0.0249268666122024 -35.29022380078661 0.022129892757879445 -0.01433159981958385 0.9996523761253897 0.5695357169332469
0.24062833422605692 0.9705766454286104 0.00888707579239935 51.01662318478521 -0.9703024939823288 0.24030700849145084 0.02766969175031339 -36.16874099375638 0.024719930001154574 -0.015281263640001375 0.9995776148165303 0.5825345575034456
0.24084449697240012 0.9705145867983752 0.00976550509152233 51.22764570868866 -0.970212559840817 0.24047453494428678 0.02931871024539234 -37.05442347146213 0.026105880663888328 -0.016535865713915413 0.9995224100238347 0.602355370580565
0.24085889251868547 0.9705050245189146 0.010343658840799939 51.442311534448784 -0.9701746473611642 0.24044920560563296 0.03074627036335624 -37.94897642017235 0.0273522853215282 -0.017440668197095253 0.9994736992940482 0.6195610724548176
0.24060129420645085 0.9705666988255922 0.010549898434323543 51.656042344192116 -0.9702329473565617 0.2401816256430677 0.030997009004879346 -38.85289640782522 0.027550772947007824 -0.017693779535349008 0.9994637987820157 0.6378996404270479
0.24009252770627257 0.9706948291514402 0.010350207643826654 51.87032936716439 -0.9704067531845886 0.2397104762074521 0.029148258440905944 -39.769719135126046 0.025813010544209532 -0.017042190441744848 0.9995215116402413 0.6578783885165201
0.2398931403065353 0.9707257330783047 0.011951249870151039 52.09095978951539 -0.9704978405710758 0.2394937020280739 0.027869483952222624 -40.69655653634097 0.024191376164770344 -0.018284360215128127 0.9995401240024232 0.6791972810850904
0.24003749410411657 0.9706820642837198 0.012582984626657351 52.313411657722135 -0.9704166963787256 0.23958505229987573 0.02984020951439387 -41.63112108233383 0.025950661140224308 -0.019373507487361954 0.9994754776351564 0.6741764475828238
0.2405913198012517 0.9705294113425165 0.013728749230788751 52.540293920115495 -0.9701985651122866 0.24004122362383237 0.03309010751313228 -42.57010498354462 0.028819456801797594 -0.021280805443447372 0.9993580770821483 0.6860782835028528
0.24053089510975922 0.970521582372176 0.015256036428488308 52.77089327877836 -0.9701571379533417 0.23988470568479742 0.03536178243098646 -43.519773352788945 0.03065968323185715 -0.023306353818775775 0.9992581236576452 0.7116366262781693
0.24079364712216222 0.9704204785516644 0.017392938600692125 53.00434739276992 -0.9701193870530815 0.2400918075172427 0.034989981806995064 -44.48400727954422 0.029779092822981624 -0.02529859226639968 0.9992363018125291 0.7382966083137491
0.2407737215225769 0.970359288210394 0.02075733142742005 53.242625955468704 -0.9702218022210445 0.2400474844858292 0.03235521112543631 -45.46365392484842 0.026413434443784592 -0.0279295001001309 0.9992608635912057 0.7706564025018364
0.24075753106734907 0.9703311142652934 0.02221125667382079 53.48192290364983 -0.9703147490496107 0.2400870997963691 0.02911137729747398 -46.455929754834045 0.02291503897320492 -0.028560693269644753 0.9993293690214528 0.7973616988638401
0.24056732705773132 0.9703697829804647 0.022579757101127362 53.717438028284356 -0.9704081411513574 0.23994654804250867 0.02708678034848946 -47.459964041351455 0.02086625839634941 -0.0284277744631901 0.9993780370308362 0.8097568494400647
0.23974108208994496 0.9705840377730724 0.02215489062177902 53.95401420840389 -0.9706317112364564 0.23915888641878305 0.026021302602138027 -48.47209570847223 0.019957321977863478 -0.027742614639700302 0.9994158557039335 0.8107951884222976
0.23845625087985306 0.9709122063262478 0.021635711752193382 54.19020099859914 -0.9709472242577875 0.23788763295138451 0.025902930237343164 -49.4889707976185 0.02000260289110599 -0.027183849901832938 0.9994303048147459 0.8070019259262895
0.23714409596197314 0.9712571523292192 0.020548036395626794 54.42519499134268 -0.9712477294668714 0.23657872666858146 0.02661492238039177 -50.5062178441848 0.020988705434625447 -0.026268805401251205 0.9994345521878713 0.8019486184731358
0.23564402977174193 0.9716234987521368 0.020485797655754753 54.661105946504435 -0.9715969166684231 0.23506198552586674 0.027300082070302354 -51.52110183158289 0.021709968985324783 -0.026337039189969807 0.9994173490656261 0.813010627253857
0.2341003434053371 0.9719940552797436 0.020605477872252694 54.896789764556424 -0.971954704919478 0.2334977179264997 0.02797976604624032 -52.53435770117421 0.022384834205107614 -0.026577664004876003 0.9993960911338681 0.8310858926208252
0.23267471104795737 0.9723283866354614 0.020975876182707614 55.13049351684938 -0.9722834946547825 0.2320465092101783 0.028622082126379865 -53.546587234417565 0.022962684090268373 -0.027054132886715265 0.9993701961901407 0.8425334834989758
0.23094830288158325 0.9727287255071579 0.021487390938369468 55.36435056182783 -0.9726798760796149 0.23028850412573515 0.029343884154472713 -54.55856075271915 0.023595339918247936 -0.027677273000636653 0.9993383953863638 0.8587557520476155
0.22924662784640112 0.9731254210926441 0.021746228278017102 55.595008860838654 -0.9730576714706642 0.22855181142631056 0.030378240334748122 -55.5699474751907 0.02459169805317443 -0.028124443408125317 0.9993018883549888 0.8716586217982687
0.22682231629026137 0.973685396023743 0.02209946612047124 55.82353273748048 -0.9736007815138886 0.22609040234795122 0.03137910453919555 -56.57899221256989 0.025556898643264762 -0.028633538660625044 0.9992632112689381 0.8874793896268008
0.22415615284043516 0.9742897432962582 0.022660874905648287 56.047912183319895 -0.9741961629795216 0.22338403962222492 0.03227083633916379 -57.590630674222425 0.026379067075041805 -0.029309843905571696 0.9992222364771934 0.8984715019830679
0.2215801155339864 0.9748841382368573 0.022431438075350144 56.266757606913636 -0.9747779774173824 0.2208101197038271 0.03241582604922652 -58.60629794753999 0.02664858611668898 -0.029048374318770245 0.9992227203218612 0.9158360593305344
0.21934754244496102 0.9754044416399492 0.02174467411615331 56.48273809508142 -0.9753175754244389 0.21864012495911345 0.030856487584494437 -59.62697647667793 0.02534329677737281 -0.02797625755750345 0.9992872691681473 0.940097380399738
0.2172504615221222 0.9758752441773679 0.021673596152680396 56.69384810870103 -0.9758648430407041 0.21663748544210368 0.027495599983612493 -60.654582851513986 0.022136961976806688 -0.027123932293930474 0.999386935681748 0.9631178953760469
0.21565087206686223 0.9762501661764109 0.020744021243099254 56.90344862452366 -0.9762720295478392 0.21513004327513693 0.024738407446200258 -61.6863489194653 0.01968821219256438 -0.025586666859302394 0.9994787125195286 0.9776944608098546
0.21421996971723317 0.9765926903950787 0.019404165564438285 57.11278514397389 -0.9765677175493671 0.21371054189998753 0.025363306590947324 -62.71908357366352 0.020622745083075218 -0.024382808446055115 0.99948996044859 0.9751789154856207
0.21356395367469272 0.9767799952978331 0.01706688245698683 57.32222681317177 -0.9766409399858742 0.21304410448257877 0.028012209636448095 -63.75192743294518 0.023725767307613423 -0.022650614366544176 0.9994618740274618 0.9766554644935417
0.21364348127122462 0.9768016052776177 0.014665839129872469 57.53358877601632 -0.97650779723262 0.21309943631774558 0.0319554719093245 -64.78677194527043 0.028088874206729366 -0.021148384527652588 0.9993816893347969 0.9896075369963606
0.2146158723829085 0.976611280047164 0.013055075869755772 57.748751699703014 -0.9761575054570896 0.21403298656422695 0.03614422778511371 -65.82504759227172 0.03250464368530974 -0.02050093527228252 0.9992613070622999 1.0072999826352191
0.2158672486781198 0.9763402665796073 0.012689160862823646 57.969289467652864 -0.9758040246187084 0.2152496971186893 0.03839366390742756 -66.86984428356433 0.03475394202193254 -0.02067006883334628 0.9991821214214973 1.0324468745057072
0.21706329116858208 0.9760521761600378 0.01434144484772624 58.19555838407701 -0.9755289950246202 0.2163729769655432 0.03906295822534783 -67.92274119358615 0.0350243842674097 -0.022469629554678187 0.9991338290010842 1.0564003618107707
0.2180579339495979 0.97580186156622 0.01616986102398205 58.42335023864138 -0.9753056922696239 0.21729192709899464 0.03953511153477091 -68.98215423552881 0.03506485517003358 -0.024391502239637455 0.9990873387999677 1.0813200563797565
0.21866561775280888 0.975633807059014 0.018000614887243957 58.65463737034229 -0.9751652752109762 0.21782106346304045 0.04008329246111345 -70.04794137502213 0.035185702145567856 -0.02631841247806189 0.9990341873675602 1.1023062379792277
0.22027626886985316 0.9752614199315577 0.018534512830384372 58.88712172762965 -0.9747855351353407 0.219394676371513 0.04073249895032021 -71.11986406263547 0.035658461319524104 -0.027039577898360784 0.9989981658458669 1.1269488396614218
0.22403518229699032 0.9744232427273289 0.017537990931474085 59.12113159189233 -0.9739291147531736 0.22319094877795756 0.040594086018602045 -72.19779883585576 0.03564150009814339 -0.026175263443796924 0.999021791080858 1.1546921623153783
