1.0 0.0 0.0 0.0 0.0 1.0 0.0 0.0 0.0 0.0 1.0 0.0
0.9999999874526762 -4.939216920949989e-05 -0.00015051598391609055 0.221158648399296 4.9374927779624474e-05 0.9999999922201618 -0.00011455039316736574 -0.0013655487459206528 0.00015052164063750293 0.00011454296001422937 0.9999999821115727 -0.018406724340080047
0.9999999624421858 -5.799661796644975e-05 -0.00026786567361121964 0.441566094258656 5.7967291552859284e-05 0.9999999923260572 -0.00010948825677103052 -0.0031251751052848165 0.0002678720215042336 0.00010947272521129177 0.9999999581301501 -0.03661938713108011
0.9999999190695165 -9.738017099995293e-05 -0.000390356328033728 0.6627868275802187 9.747325336006426e-05 0.9999999668219691 0.00023844291933224123 -0.003045725605682781 0.00039033309547021553 -0.00023848094933620346 0.9999998953834499 -0.05325988401617795
0.9999997662398507 -0.0002122737517057239 -0.0006499693057726674 0.8861863453523636 0.00021274622456410092 0.9999997131538227 0.00072693281437408 -0.004073961582722829 0.0006498148105757116 -0.000727070922962042 0.9999995245541791 -0.06610229861668136
0.9999994410662781 -0.0005374565469016515 -0.0009104985399199301 1.1119381755400564 0.0005382683920167007 0.9999994576236092 0.0008916387306974572 -0.004674142136220416 0.0009100188290137334 -0.000892128324915519 0.9999991879860611 -0.07688665990317217
0.9999992690139085 -0.0004518494917594411 -0.00112151847291362 1.3383910736986753 0.0004527613944390859 0.99999956703866 0.0008129757759190175 -0.007565635579453278 0.0011211506446483174 -0.000813482961912718 0.9999990406328904 -0.0907674368851541
0.9999992113773088 -0.00016157093147346754 -0.0012454475477652995 1.5683183833039296 0.0001625520298352317 0.999999676563224 0.0007876866667623718 -0.01092883844185183 0.0012453198776733018 -0.0007878884956017353 0.9999989142044701 -0.1076443024580885
0.9999990999819676 -0.00014991855254390163 -0.001333251545163632 1.7992566292960217 0.00015138211133957326 0.999999386065298 0.001097703276289257 -0.014639160969171283 0.0013330861605479385 -0.001097904118770367 0.9999985087428045 -0.12554261480526163
0.9999990012280806 -0.00013948399711163198 -0.0014064448287980501 2.0340699333140577 0.00014151836741331587 0.9999989438520793 0.0014464671711188167 -0.01510899094797219 0.0014062415843615508 -0.0014466647642040512 0.9999979648207613 -0.1413865991069727
0.9999987905955501 -0.00027748775551684254 -0.0015302966978915096 2.2673129770108247 0.0002798342487247903 0.9999987852531136 0.0015333574566176289 -0.017298094635770644 0.00152986935104932 -0.0015337838315950768 0.9999976535007092 -0.15781569523481598
0.9999986514307269 -0.00030519543818091627 -0.0016136890882168672 2.5026906966645432 0.00030770907924428245 0.9999987394736767 0.0015576797423957265 -0.019928362249963583 0.0016132116573677692 -0.0015581741885402087 0.9999974848175093 -0.1711121575892035
0.9999981835601984 -0.00020840011895387867 -0.0018945832512079232 2.7393796525998355 0.00021184515208391843 0.999998324378258 0.0018183405367104234 -0.02243196365377964 0.0018942011342188872 -0.001818738592081285 0.9999965520900534 -0.18354877083131965
0.999997797154767 9.791306429679887e-05 -0.0020966875415597734 2.9774948553275236 -9.35342531136498e-05 0.9999978148353168 0.002088438635546464 -0.023133197556502172 0.002096887445378609 -0.0020882379229361565 0.9999956211531211 -0.194853376712832
0.9999968198077341 0.001426455695083237 -0.0020798073395562663 3.218194799132 -0.001420883873202693 0.999995404612899 0.0026780295186068634 -0.02260619147405818 0.0020836178724948635 -0.0026750658372499524 0.9999942512631392 -0.20905731838496258
0.9999908209218292 0.0038162392183156008 -0.001947919483744098 3.463079827510602 -0.0038096570996099966 0.9999870591611748 0.003371649888042316 -0.02320742478664778 0.0019607612985651905 -0.0033641980341137115 0.9999924187646204 -0.225409291697273
0.999977565147369 0.006439767063748998 -0.0018435297950151939 3.7100987949643844 -0.006433581369650128 0.9999737201989508 0.0033418471283787796 -0.02794322554048695 0.0018650020644883703 -0.0033299116555873293 0.999992716701309 -0.24008862844959136
0.9999616436010218 0.008480834312735639 -0.0021878702209267406 3.9584745217909116 -0.008473840595446234 0.999959019937753 0.0031862941939791735 -0.036817613270973215 0.0022148029949996665 -0.0031676323157121466 0.9999925303487045 -0.2553992631983312
0.9999369745945363 0.0108123315536836 -0.0030232970577971493 4.213289823094686 -0.010804877224487757 0.9999385720454711 0.00247118672431174 -0.04518503742948998 0.0030498306330372744 -0.0024383646232438044 0.9999923764264773 -0.26045643348845027
0.9998997952641251 0.0136034525957293 -0.003917334328015203 4.477789910485271 -0.013592958607788724 0.999903984629574 0.0026931390951600684 -0.05402184166896962 0.003953594193723333 -0.002639621066494777 0.9999887006829505 -0.26238752385835257
0.9998611583348423 0.016094061367472844 -0.004318013664678055 4.755455180248229 -0.016080087702451142 0.9998654199887606 0.0032515673420226237 -0.06230568168726669 0.0043697634706935115 -0.003181681850570073 0.9999853909271933 -0.2664035538204569
0.9998237549998691 0.018251517492594165 -0.004397845743149879 5.046550241850722 -0.018235395644736006 0.999826954579511 0.003678483646701935 -0.06917986417488553 0.004464222624708012 -0.0035976388752402767 0.9999835637203643 -0.2748771302280938
0.9997778934703715 0.020580063334576935 -0.004541444824452716 5.350596039250305 -0.020562276220331282 0.9997808532259373 0.003929162691218641 -0.07876239927182699 0.004621311998506993 -0.0038349075556091488 0.9999819683171552 -0.28885839832077764
0.9997242705984207 0.023016180249974646 -0.00465169035497202 5.6713215129162124 -0.022997563068513048 0.9997274512658789 0.004016874199910405 -0.09095112049221477 0.004742875643280864 -0.003908789087277372 0.9999811130708934 -0.30142420152845395
0.9996894950462947 0.024422614191198018 -0.0049446344813436904 6.006632293136852 -0.024402726513277278 0.9996940327811563 0.004043236385113952 -0.10392934038318569 0.005041867987600687 -0.003921318377231015 0.9999796012066343 -0.3082578528792457
0.9996651187224824 0.025371850293669285 -0.005091131725160362 6.359963370670599 -0.025351532834947895 0.9996705299401534 0.004016385450897502 -0.1177136680874053 0.00519135748006803 -0.0038859724455092446 0.999978974291793 -0.3005914433161797
0.9996261061054333 0.026807760588347267 -0.005384418699278958 6.726773251355784 -0.02678453765341869 0.9996318096767814 0.0043397724611111245 -0.13258548032202944 0.005498775789563097 -0.004193930681291486 0.9999760869192105 -0.30213943844749325
0.9995765505864967 0.028528152048298058 -0.005732718230599514 7.110216716947548 -0.028500852577691985 0.9995822979697089 0.004788631113398733 -0.14605479233416863 0.0058669344590617485 -0.004623216013202507 0.9999721020877278 -0.30464706957926835
0.9995294775287044 0.030119959147823214 -0.005797552253394018 7.508111907555436 -0.030091401796244678 0.9995348867065068 0.004951544662752878 -0.16262396548653185 0.005943996057731974 -0.0047747583754298144 0.9999709348742707 -0.3041802730663273
0.9994775318808526 0.03177333778316239 -0.005926067117289524 7.918965962168313 -0.03174397533855402 0.9994836027872966 0.004984755664019916 -0.18018772219518486 0.006081389238227293 -0.004794034359677858 0.9999700165202418 -0.30473043307963293
0.9994225620532928 0.033435237928152665 -0.006052051183024623 8.34092189253064 -0.033406319235487335 0.999430240099231 0.004817988203626968 -0.1999324453255374 0.006209693548866427 -0.0046130293605617665 0.9999700793854528 -0.30765673186675413
0.99936247144351 0.03515053604531481 -0.006252238483083857 8.774476405438634 -0.03512186811478845 0.9993722772817409 0.004637432569251922 -0.22081538294101866 0.006411322051631253 -0.004414885778135139 0.9999697014075564 -0.30802661569677003
0.9992956557608328 0.037013440776041635 -0.006180419035005708 9.218202873974638 -0.03698406975262767 0.9993043233163229 0.004800831786095176 -0.24198653772113798 0.006353814764578067 -0.004568873299192297 0.9999693767484655 -0.30253690838832065
0.9992221669816146 0.03896137610156696 -0.006088693196527019 9.672987068203135 -0.03893192979118423 0.9992299380185454 0.004882193174021769 -0.2635694290496406 0.006274221489833188 -0.004641351066921614 0.9999695455387487 -0.3117698374145472
0.9991485608669081 0.040821997802017576 -0.005976438156744563 10.135584497663634 -0.04079240291789753 0.999155168806765 0.004992845973007627 -0.28649519570574433 0.006175207022701222 -0.004744801595256875 0.9999696763782641 -0.3283571480358841
0.9990814190090178 0.0424121114331391 -0.006126254541929506 10.60566605709378 -0.04238406246083404 0.9990906265104911 0.0046380241689681495 -0.31112272213810965 0.0063173918863429455 -0.004374108212974701 0.9999704784327873 -0.3329475096933375
0.9990164214214213 0.04388301076519637 -0.006361689753535341 11.083081321132655 -0.04385677276199539 0.9990289713346653 0.004206889219351419 -0.3399017451165406 0.0065401233353254646 -0.003923748231329688 0.9999709150703223 -0.3253620304367921
0.998941921899089 0.04554430697278817 -0.006383790012508731 11.570887042717379 -0.04552064478422123 0.9989561545809287 0.003804224403753176 -0.367663826855512 0.006550387086585748 -0.0035096049996841384 0.9999723871696478 -0.32951764920712884
0.9988907373271662 0.046669753438574185 -0.006263305515002305 12.069860208014179 -0.04664757192562582 0.9989047696840043 0.0036421334394575447 -0.398200377435208 0.006426423222533784 -0.003345925362280428 0.9999737525895551 -0.3525640084585583
0.9988862166663042 0.046771144051184 -0.006227859842798555 12.578740291231554 -0.04674902757555663 0.9988999952619136 0.003650737800672743 -0.42819351345427065 0.00639175835103169 -0.0033555252782269613 0.9999739425981514 -0.38405654335503375
0.9989131454351895 0.04620979109658263 -0.006097793337593257 13.098418931545014 -0.04618797870526032 0.9989260212736315 0.0036707826898212544 -0.45762691062953487 0.006260870538528464 -0.00338514833407255 0.9999746708146453 -0.4140214623240501
0.9989285914043724 0.045894403305463405 -0.005947522182666525 13.628761687735327 -0.04587355584925888 0.9989407834450112 0.0035955589292516266 -0.4858267137803867 0.006106238500317094 -0.0033188726254974737 0.9999758491763064 -0.43613506276475356
0.9989289114771897 0.04589763626941922 -0.005868287644537086 14.171664654717675 -0.0458769676749216 0.9989405763234163 0.0036095445137445436 -0.5139675386965493 0.006027740202855563 -0.0033364591294677195 0.9999762669126336 -0.4616564877571475
0.9989414449592725 0.04563982126349137 -0.0057442369136211065 14.727901814555386 -0.0456194485248294 0.9989522988521541 0.0036291230743595577 -0.5443771050478761 0.005903851198470167 -0.0033632325276403995 0.9999769163375695 -0.48075528769304265
0.9989713392222205 0.044980898219406776 -0.005743013837743608 15.29731005731304 -0.04496204091185239 0.9989830067051929 0.0033715265525667676 -0.5756306072598133 0.00588882752388365 -0.003109840772310927 0.9999778250545197 -0.4857826066331809
0.9989988081591212 0.044358183706173934 -0.005807997498849004 15.879412437391045 -0.0443416836520519 0.9990120989965905 0.002939583189541238 -0.6063036823306241 0.0059326543434333225 -0.0026791037150904018 0.9999788127834149 -0.48276676024518517
0.9990272475719246 0.04368765537712152 -0.0059956131059481395 16.472428643799862 -0.043671379584355456 0.9990419722546328 0.0028192691913378675 -0.6391605779216689 0.006113036403088639 -0.0025546900445957864 0.9999780519314977 -0.4804388802917591
0.9990476416027786 0.04317340845082415 -0.006314001161372814 17.078078083939022 -0.043155600573427544 0.9990640666252475 0.0029300029642078617 -0.6707800442245901 0.00643458989169351 -0.0026547280391406407 0.9999757739425325 -0.46342210878655865
0.999081782461917 0.042323366534652254 -0.006657672107640853 17.69377720602014 -0.04230741578435774 0.9991014654971626 0.002518771738806321 -0.7054094995502325 0.0067582928590621556 -0.0022347900564074277 0.9999746652745949 -0.4436416279611534
0.9991072816209714 0.041715320647609765 -0.006668720658503163 18.325491869085354 -0.041701029963103 0.9991275598406462 0.0022678771777013885 -0.7383641944921521 0.006757507822446357 -0.001987760082067659 0.9999751921412297 -0.42772149703250384
0.9991513999260393 0.04069832530007134 -0.006334535784567522 18.969740664305533 -0.04068498627415161 0.9991695555458304 0.0022206220345028465 -0.771903234868969 0.0064196509023841655 -0.0019610171130318653 0.9999774709933107 -0.4321521543390111
0.9991875293383651 0.03980238347057318 -0.006328624238853596 19.620695962893407 -0.0397872551528173 0.9992050494261051 0.002498705420849526 -0.8036224256465583 0.006423047726723581 -0.0022448767086454334 0.999976852225324 -0.4634954356452808
0.9992247073838036 0.03892009340184977 -0.005933842207562913 20.277490892160465 -0.0389062846637618 0.9992399210956877 0.002425098420105267 -0.8348863373397521 0.006023717076298571 -0.00219235450512931 0.9999794539960875 -0.49225062307211026
0.9992561161806329 0.038116476412387856 -0.005860759464688742 20.938045238170133 -0.03810462122820588 0.9992715034491069 0.0021213758784940856 -0.8665926145757561 0.005937349295267503 -0.0018964758017916783 0.999980575442785 -0.5149090716529079
0.9992796354446914 0.037488371957298094 -0.0059018771181409 21.59810083263187 -0.03747709697329578 0.9992954661988422 0.0020095862495853665 -0.8976448685782233 0.005973055163025592 -0.001786953393799276 0.9999805645159268 -0.5116969491021307
0.9992987750722951 0.03694400754585902 -0.0060908493220380115 22.255716730559715 -0.03692695799644543 0.9993137932021788 0.0028883367192382428 -0.9267060373112643 0.006193376473379217 -0.002661394808453521 0.9999772792746524 -0.5022088972219297
0.999304121317073 0.036426817243669626 -0.008022474942924351 22.909951947513246 -0.036385796460613115 0.9993242822788917 0.005201217521574917 -0.9564803499437603 0.00820651781454122 -0.004905693964792762 0.9999542925714595 -0.505859475161897
0.9992660584780769 0.03669173609440108 -0.01100276674606878 23.56296500545858 -0.036602271666897876 0.9992960623547164 0.008225173018484907 -0.9836681186611113 0.01129681736207895 -0.007816409964954512 0.9999056383743179 -0.5188936856332027
0.9991887794188247 0.03865317407988773 -0.011301115744547138 24.215708847672335 -0.03855454402978067 0.9992175810536645 0.008818891535886185 -1.0136263917975095 0.011633151687202102 -0.008376028105010315 0.9998972506887955 -0.49030445862483873
0.9990393630692972 0.04225370637553295 -0.011617888604463323 24.869419695729068 -0.04213181950819996 0.9990564291436047 0.010543299851615753 -1.0458576894941272 0.012052419799522643 -0.010043688782657177 0.99987692417248 -0.4694357635047831
0.9988521895070461 0.04692714327297117 -0.009599309413769765 25.527697417356947 -0.04678918129437517 0.9988049213709174 0.014124502081198876 -1.0797987692344555 0.01025066001705918 -0.013659146001040637 0.9998541652159794 -0.44125875965802447
0.9986347892726651 0.05178812421311859 -0.0068225980996185695 26.18553859710781 -0.05166385731733156 0.9985150207314358 0.017280023749941524 -1.116655571310265 0.007707366699250466 -0.0169039511413973 0.9998274115738068 -0.43534754449308855
0.9984090823242412 0.05635071769823937 -0.001975081608900025 26.846639007971234 -0.056307951320967005 0.9982616198006947 0.017411290903720365 -1.160751497643328 0.0029527869046165286 -0.017272378174174978 0.9998464612137761 -0.40499446441460524
0.9981446003435593 0.060810782840133956 0.0030668380081842208 27.506277606724197 -0.060856831908691664 0.9979794211247475 0.018262557913839596 -1.210453819668175 -0.001950080776687236 -0.018415311615315778 0.9998285220391956 -0.41066660138591
0.9977610289934373 0.06650721352969133 0.007051210568061506 28.165634861244158 -0.0666166973039879 0.9976399791921586 0.016633927912059737 -1.2638899149694236 -0.005928293368915602 -0.017066413389778615 0.9998367831159984 -0.4258382488503127
0.9973201036953924 0.07284752791769494 0.006771147708755615 28.81801667734551 -0.07295821041985441 0.9971750090863991 0.017863392339547857 -1.3178844398910248 -0.005450715305843822 -0.01830953111974865 0.9998175087348873 -0.4258193873310621
0.9967324324271578 0.0806647557553255 0.004201824220088184 29.464572635679605 -0.08073217570390069 0.9965422279817172 0.019644430644690715 -1.3776768519301998 -0.0026026820699678508 -0.019919463551342227 0.9997982001473481 -0.4322731833389245
0.9958125304700464 0.09140483474343232 0.001600107612322906 30.110436243594442 -0.09141775528609283 0.9955629446000266 0.02229837119122988 -1.4441001248880931 0.0004451710875809299 -0.022351275687433756 0.9997500799189035 -0.4417383722673354
0.9945491023391219 0.10425586875675205 0.0016723833963105986 30.756727993915376 -0.10426724058745432 0.9943013574267565 0.022207052023908238 -1.5229536174855018 0.0006523624201893047 -0.022260378457913687 0.9997519942336652 -0.41988843599746595
0.9929199957500248 0.11876738192812623 0.0020472004570128836 31.402701588856377 -0.11878397364506958 0.992691246361866 0.021317997129576688 -1.6178577105745195 0.000499644733806392 -0.021410240224430298 0.9997706496835561 -0.4341842868868369
0.9908044275343552 0.1352862852590242 0.0020511945629973823 32.04491181904975 -0.1352992361397058 0.9905775875181451 0.021216969782422518 -1.7213430989264227 0.000838497664572586 -0.021299392656834292 0.9997727905850029 -0.42657037026440103
0.988080142381028 0.15393594200836214 -0.0011653284037167358 32.676721518770066 -0.15386195177789502 0.9877901896323911 0.024434423690886428 -1.8327051543436372 0.00491243599317937 -0.02396386913683133 0.999700755700731 -0.44624795875048323
0.9845303721241403 0.17516093465901256 -0.004311998896830227 33.304432906361285 -0.17497706811465108 0.9841806592240506 0.027775090338611277 -1.9590840064252084 0.009108896700805372 -0.026590919102173583 0.9996048974580921 -0.4599231857449137
0.9799856227252373 0.1990288076949547 -0.003963957537331063 33.929935503862524 -0.19884054649976535 0.9796226485789302 0.028317899972994127 -2.1056513062939013 0.009519260449624645 -0.026962939356280823 0.99959110819463 -0.4395802766823798
0.9742402824124773 0.22548709902883834 -0.003382350724023899 34.55280445954552 -0.22529740598222567 0.9738565857175544 0.02905906592152277 -2.2721722524388914 0.00984636900292913 -0.027548477745782403 0.9995719735923745 -0.46004334323395846
0.9671786341323478 0.2540739959319737 -0.0034488069023943446 35.167228246301896 -0.2538700887476123 0.9667983762608549 0.029169807998304115 -2.4577165970373547 0.010745590591969622 -0.027336866143318348 0.9995685209290548 -0.49507802514175236
0.958782946480323 0.2841206353512415 -0.0032750734527834694 35.7734569465646 -0.2839058063474248 0.9583981029429006 0.029505413023236563 -2.6628635728336394 0.011521920878609059 -0.02735947446607808 0.9995592551200823 -0.4966430722542962
0.9488142782842337 0.3158204866927122 -0.002980857116968196 36.36871600116006 -0.31559667910069134 0.9484236739389861 0.02985415972180479 -2.8851693965222878 0.012255670711504464 -0.027385304403237592 0.9995498204882834 -0.4587503227561061
0.9372041558728408 0.3487697701778155 -0.0028315410635080295 36.95100735034259 -0.3485345196151824 0.9368155893913032 0.030004001567175222 -3.130623942889444 0.013117120541294432 -0.027132985157231372 0.9995457679692157 -0.4148892232698653
0.9242972162125613 0.38166393111076574 -0.0027018125010662493 37.52115744211708 -0.3814229699061757 0.9239238192722811 0.029686599826817768 -3.396783162117133 0.013826573316158134 -0.026408708230457607 0.9995556042561804 -0.37457195730230275
0.910474718521099 0.41355472127577086 -0.002877402378641801 38.07839763519429 -0.4133081243631362 0.9101328244723362 0.028890070152876656 -3.6858975993663643 0.014566443263726997 -0.025114424710340692 0.999578453350271 -0.34459756193245594
0.8954697576575279 0.44511304009600694 -0.0028800446632480095 38.62301630878697 -0.44485946686780314 0.8951444979363066 0.028572408936857585 -3.9929114435890694 0.01529600793886822 -0.024304512972931635 0.9995875763485109 -0.31100690636030803
0.8794463182501558 0.4759909630355085 -0.002603156694867577 39.15497589363391 -0.47573244082274996 0.8791250625448211 0.028596663343745474 -4.312470169504123 0.01590025361678101 -0.023910824203602667 0.9995876421909355 -0.27063003094413896
0.8623150940549795 0.5063689815344865 -0.001770057818400858 39.67328097035321 -0.5060964355833628 0.8619557554932852 0.029977882877493197 -4.649683272988742 0.016705581545362804 -0.02495456094040555 0.999548995014006 -0.2565273189715209
0.8422720545854606 0.5390439095974137 0.0030740185951948227 40.1813449036883 -0.5388171426690043 0.8417217862896451 0.03435871434411647 -5.003599071268747 0.01593338728575823 -0.030595718839508172 0.999404837469933 -0.24982191052929414
0.8175539459228355 0.5757883876084441 0.008560268761575075 40.677422643012946 -0.5757026470006156 0.8169130047423213 0.03492284237226493 -5.383779004796444 0.013115172224810064 -0.03347947696936185 0.9993533493611653 -0.24318892895250008
0.7897553079151101 0.61329122113973 0.012666163304230595 41.14905911939567 -0.6133360303918761 0.7891305804312629 0.03304301516743217 -5.794795179419915 0.01026973432206834 -0.033864510939311095 0.9993736675817525 -0.2642718002190511
0.7605451130580416 0.6490835935093049 0.016174660447079395 41.59960037189944 -0.6492453278371813 0.7599868215502645 0.03000892119884263 -6.231721819191603 0.007185769626251567 -0.03332446109054279 0.9994187535802558 -0.26437618103718147
0.7316574570025777 0.6814922357297585 0.01567476483320545 42.02149691455368 -0.6816189863507275 0.7311185425257474 0.02934679235000698 -6.686489753815071 0.008539499910816099 -0.03215601677888436 0.9994463805158325 -0.3003126584161872
0.70163027006981 0.7123785009475502 0.015226145588647638 42.423365646844154 -0.712472860479147 0.7011068295551068 0.02883811075381208 -7.159215094435202 0.009868495448958728 -0.03108190693811601 0.99946812248249 -0.3221187525546776
0.6706111681634949 0.7416516502529813 0.015280406127530434 42.81044109675777 -0.7417248116420853 0.6700823286222838 0.02887865410042231 -7.646334049798582 0.011178771350433303 -0.030700204318030788 0.9994661237510434 -0.31448823562683403
0.6388669402413412 0.7691598132745938 0.015563235847934937 43.17996875075032 -0.769213740641609 0.6383184137880814 0.029322752722277898 -8.14874238937917 0.01261958298870059 -0.030704792174212785 0.9994488290366544 -0.2953408443022874
0.6061608035599456 0.7951810896483196 0.016003590011970915 43.53197509331376 -0.7952174265907657 0.6055867837968671 0.029898022291231244 -8.670896574545916 0.01408277933931775 -0.030849342882439092 0.9994248312753755 -0.28580214568846685
0.5724264407856489 0.8197929515432049 0.016355014202172266 43.86562425471834 -0.8198086744518355 0.5718314806030566 0.03037260418272364 -9.213139595597642 0.015546934842496191 -0.030794064223431596 0.9994048321003945 -0.29050898916878054
0.5370343238272732 0.8434065316827111 0.016110783541529502 44.178946795686194 -0.8433977156416197 0.5364577682246955 0.029889064252269438 -9.778819142511997 0.01656587703320807 -0.029639251446670033 0.9994233769988639 -0.30557622159256265
0.501231582660012 0.8651992967533995 0.014038427317950413 44.46743696031528 -0.8651880691322289 0.5008172832446455 0.025132724378745787 -10.369394663494411 0.014714128427584378 -0.024743195041787257 0.9995855484768436 -0.29310865015490006
0.467643135990018 0.8837932403365142 0.014812349472791633 44.74071163265102 -0.8837688655430234 0.4671917652466683 0.026161933844774103 -10.967941277268533 0.016201532588498182 -0.02532514207632942 0.9995479715954655 -0.27559598354492426
0.4350880296136851 0.9002443514410388 0.016078376329179987 45.00139239441493 -0.9001396869641906 0.43447943313185616 0.031243657555228777 -11.570554668254665 0.021141202399269927 -0.028066526039469786 0.9993824691664352 -0.2716949916423633
0.403856169912272 0.9146707689665625 0.01666068491704143 45.24563774914886 -0.9144419212441572 0.40309594933281856 0.036188786975623013 -12.188665779992924 0.026384971007790334 -0.029850293626529193 0.9992060814843655 -0.2665358652123622
0.3757720479399962 0.9266192287990476 0.013121463593539114 45.46720838478029 -0.9262021586025514 0.37505794246338275 0.038485077563986086 -12.82457386010009 0.030739703755111276 -0.02661474431570941 0.9991730210519446 -0.2662877024920669
0.34884463353388345 0.9371025432969309 0.01209317993878848 45.67595803279533 -0.9366995281201437 0.34822316053026303 0.03653251277715078 -13.479886140217445 0.030023585297349418 -0.024071846973952267 0.9992592909296204 -0.24151055888859996
0.3244431158497308 0.9458225888755868 0.012501797886629435 45.878322014428434 -0.9455385142697357 0.3239210311089618 0.03212605854887947 -14.151778010383762 0.02633595660491689 -0.022244009934993474 0.9994056340704347 -0.21086395114417084
0.30360796895628767 0.9527208366854326 0.012050250273100823 46.065791537875 -0.9524387973746027 0.3031227578498783 0.031255894309756366 -14.832160868348327 0.026125436682578843 -0.02096666446747266 0.9994387727816371 -0.21741591856198797
0.28384486218244376 0.9587895833278177 0.012434995564828251 46.24559078512974 -0.9585014510100929 0.28335221049406184 0.031408489611463246 -15.521068466057576 0.026590649186752857 -0.020834099697316484 0.9994292759698612 -0.2119679141506315
0.26561065800828787 0.9639979970002067 0.01260317943979808 46.41714584851714 -0.9637025800895677 0.2651179406517077 0.03146132027277735 -16.218881709363874 0.026987320747196012 -0.02050217852292711 0.9994255075765847 -0.2012487630578883
0.2510781700090901 0.9679069359954318 0.010766419870111886 46.575120409243866 -0.9676110711506754 0.2506688439020179 0.029898924453349938 -16.929334929734303 0.026240570335396025 -0.017924674299964024 0.9994949417179284 -0.18923372770265323
0.23999290694491293 0.9707431395656575 0.007820588362696319 46.724117024731136 -0.9704337408634409 0.23968736734305074 0.028430978350116615 -17.64976577888014 0.025724680948786917 -0.014412595962096831 0.9995651643928617 -0.17998166916923447
0.2308783099092957 0.972961694515517 0.006383339166856172 46.87289108242624 -0.9726502428565127 0.23062299818890206 0.02765027626493613 -18.37873433193785 0.025430514831437254 -0.012592605443451685 0.9995972765086779 -0.16469847607886584
0.22397776999849353 0.9745832529703194 0.004630504971385091 47.021230534601244 -0.974260743744434 0.22377431016449106 0.02722244127455476 -19.11514988381202 0.025494347315463947 -0.01060854090792362 0.9996186758533359 -0.14892062464299594
0.21946836551087404 0.975611068145975 0.004084146306419804 47.17133073639069 -0.975278403820196 0.21927898058896889 0.027363547171218628 -19.85898950464644 0.025800612045327267 -0.009988612662940256 0.9996172047514839 -0.12754528285951003
0.21615171284602774 0.9763493407090297 0.00451684965087877 47.32197641420658 -0.9759818626309866 0.21593702788882693 0.028820197811389656 -20.60866904268872 0.027163226043222497 -0.010637898456981956 0.9995744065687943 -0.11212061333664623
0.21332131548241087 0.9769766337745919 0.003267019944505397 47.47432275140269 -0.9765532576562416 0.21312741896088874 0.030338725221244246 -21.366701628694898 0.02894393411119719 -0.009662315743889824 0.9995343357447236 -0.08865238326160017
0.21182502871658687 0.9773058081432693 0.001874720951435974 47.62323609761371 -0.9768580911175984 0.21166903597867975 0.03073254018033964 -22.137474938743093 0.029638269640722706 -0.008341257536231956 0.9995258858055812 -0.06441779115902757
0.21120514951196626 0.9774401610983607 0.001765302137355495 47.77838720975861 -0.9769921956956498 0.21105289478481182 0.030707086360356732 -22.92015611428973 0.029641767312669532 -0.00821018117705711 0.9995268673505656 -0.03936796116437978
0.21132165964579566 0.9774161842007186 0.0008712215851092198 47.93732113974643 -0.976994188755116 0.2112040527814567 0.029583833886396363 -23.717563997507895 0.028731712501623555 -0.0071028833013284665 0.9995619229170074 -0.020722052287712137
0.21189527525535315 0.9772921909468683 0.0006048460342776763 48.10002848558878 -0.9768807518702188 0.21178802548608483 0.02915182474870224 -24.525975023893384 0.02836175153143543 -0.006767996378052897 0.9995748122452418 -0.004653578120329724
0.21217501750427867 0.9772313829159534 0.0007656312621430396 48.26773650197756 -0.9768199029680014 0.21206280559303425 0.02919321238907199 -25.34698321050545 0.028366161401232014 -0.006941954204853229 0.9995734941259657 0.010620969992648874
0.21220570006555864 0.9772248822181148 0.0005200321864166255 48.437135517288056 -0.9768030896780812 0.21209841112611807 0.029495558871292488 -26.178848556895264 0.028713496043482722 -0.006767094765531245 0.9995647760767736 0.03109663354809658
0.21300233438133112 0.9770516562993814 0.00025781919372244244 48.60919985897974 -0.97662680848363 0.21290191943025558 0.02954402907511026 -27.021907889916296 0.02881115234038395 -0.006544740296359294 0.9995634466482292 0.052826724664435526
0.21461406504328143 0.9766986735138671 -0.0007100998855731502 48.786318207708554 -0.9762938673983687 0.21454593871469368 0.02864131039890768 -27.875572073567977 0.028126278920843403 -0.005453561889350539 0.9995895012938067 0.07122212561178862
0.2164339707639898 0.9762959879202197 -0.0015748873649260673 48.96587875835973 -0.975969308721515 0.21640279450885527 0.025568319506871537 -28.73807914661123 0.0253030577792275 -0.0039968111837733345 0.9996718365380695 0.10382723122398436
0.2180403846520973 0.9759392018950747 0.0010319230435844474 49.15028956333869 -0.9756807696181673 0.21795804568691413 0.02326641608929958 -29.604730451887193 0.022481691619270612 -0.006079845782937734 0.9997287677251293 0.12232088642026585
0.21883571185857353 0.9757535199899869 0.0039999303117541395 49.342172096132934 -0.9755123033843931 0.21868525704990754 0.023505409902625573 -30.469864563299943 0.022060760662886543 -0.0090458043403649 0.9997157077203623 0.13250634496433583
0.21975776700986374 0.9755352694569701 0.006120611436217772 49.53371181026224 -0.9752824940700952 0.21954403819205848 0.02498943886399096 -31.334232920813665 0.023034335224849982 -0.011460948470328544 0.9996689782427597 0.14373746197143095
0.22043186064113568 0.9753693504225542 0.008026522943965497 49.724796075533064 -0.9750919576528279 0.2201466582697102 0.027039285742300963 -32.19920716224661 0.024606278366718592 -0.013786918037159375 0.9996021468344244 0.1595703683465797
0.22119274910858647 0.9751851445077262 0.00936491715016351 49.91708775252405 -0.9749395547728424 0.22088226163812505 0.026530944818403273 -33.072582419785455 0.023804039176479143 -0.014998680777695788 0.9996041252885203 0.17787899494282827
0.22185713623824257 0.9750247182437952 0.010305819412939975 50.11079211479884 -0.9748299362629175 0.22154907800515908 0.024951981899227167 -33.951801636294114 0.022045554331893525 -0.015582196529084406 0.9996355279228241 0.18977218997391312
0.2218141371580632 0.9750320888054471 0.010531588508354525 50.30345941191248 -0.9748400460616867 0.22150054813006084 0.024987832489651682 -34.832984603400135 0.022031185879824725 -0.015809268729729355 0.99963227932624 0.19937120389242632
0.22146032826004966 0.9751123535859881 0.010546131563031432 50.49357584484684 -0.974879162391206 0.22111764563637754 0.026788160139241828 -35.71249977116336 0.023789530099825273 -0.016213718642554817 0.9995855008879545 0.21116738245330013
0.2215099619633675 0.9750942151674789 0.01116280869249472 50.68559768885082 -0.9748032156772888 0.2211060331952309 0.029509537269943202 -36.59544460562109 0.026306414734875806 -0.01741819828765595 0.9995021655365348 0.22548660383232255
0.22185121270519575 0.9750089327242354 0.011816113116454426 50.88083389179146 -0.974700433322559 0.22141012486093886 0.0306042789472151 -37.48556352191513 0.027223238272633662 -0.01830676697320428 0.9994617339252935 0.25352451669952236
0.2218948804760971 0.9749914569673093 0.01242259470730009 51.07830753225498 -0.974667499092274 0.2214188520997124 0.03157464406856813 -38.38444242775427 0.028034411563446927 -0.019114151187271364 0.9994241947204876 0.2781840223025922
0.22167030952527694 0.9750415140767398 0.012502787765392672 51.276105509378205 -0.9747211071547764 0.22119356393000236 0.03149873875109808 -39.293289358898406 0.027947041738490545 -0.01916906630181652 0.9994255899041193 0.3003246451150591
0.22131381419995338 0.9751290965951369 0.011976669729960521 51.471973014457106 -0.9748259786462797 0.22087034273577702 0.030505787255900033 -40.21593446520999 0.027101789619679472 -0.018426520923207644 0.99946283388933 0.30980911018098156
0.22119669231566058 0.9751417750542242 0.013059167381883582 51.674270337959186 -0.9748727057068165 0.22073395642537422 0.029995468802314455 -41.14843279597376 0.026367233007647976 -0.019365924323384652 0.999464721737908 0.32332055876220867
0.22119661513240974 0.9751319141191882 0.013777065007228556 51.87967499086115 -0.9748453129175002 0.22069111179945297 0.03117770125427616 -42.08697546218493 0.027361895708139735 -0.02032690923311191 0.9994189028752148 0.3298064413401675
0.2216786800582811 0.9750021442878694 0.015145343894263075 52.088648411052745 -0.9746241617960886 0.221044153421953 0.035316079641463834 -43.030691914418824 0.031085463658876513 -0.02258984001781257 0.9992614237911396 0.33194469958048467
0.22168123983898777 0.9749843195432792 0.016217414965947193 52.300586958350465 -0.974566922397785 0.22096538942366348 0.037331092201498016 -43.984669222656684 0.03281374211448914 -0.02408055899638266 0.9991713491723425 0.3612255408287317
0.22184426459011866 0.9749160525087572 0.01799480006035062 52.51512301479912 -0.9745532035311765 0.22107841278215026 0.03701876401021958 -44.95417295968979 0.0321119254419219 -0.025749290523600126 0.9991525400467922 0.38762308247202093
0.22188261079334268 0.9748374175522938 0.021450323249427212 52.733674080594625 -0.9746615030907045 0.22109586948557622 0.03393480351178487 -45.93939049819246 0.02833833835099391 -0.028436347100022262 0.9991938314176706 0.4279502095661579
0.2218925360105145 0.974803072168651 0.022862041758834436 52.95348310449954 -0.9747524885908104 0.22115968306862022 0.03075679715131831 -46.93728410086896 0.02492565844348751 -0.029109535818158023 0.9992654034217449 0.4570824380078562
0.2215706750308003 0.974865660110603 0.023310527739924286 53.16985336704331 -0.9748901760521975 0.22090390878333213 0.028117747441031963 -47.94611323701595 0.02226163972637304 -0.02895527277309958 0.9993327831985404 0.47909473987803614
0.22056502883530532 0.9750944818690551 0.02327701620482392 53.38544615417953 -0.9751346815480725 0.21992178585173378 0.027326927194993064 -48.96354718349661 0.021527212941210284 -0.02872559026902436 0.9993555020945715 0.4792655823967168
0.21938094290851579 0.9753855041378064 0.022251296735393798 53.601108613494894 -0.9754006856021811 0.2187658860660735 0.027110691996273414 -49.98575909975181 0.021575551333872137 -0.027651499264285624 0.9993847558238468 0.47775331226811596
0.21810263537390298 0.9756820691391643 0.021811474119752098 53.81602781268569 -0.9756791957090793 0.21749061487887686 0.0273484825920648 -51.00801656416799 0.02193963316552236 -0.02724577765319589 0.9993879727596527 0.4814792329511955
0.2167335515972127 0.9759893672632092 0.021709965481718333 54.031006620562046 -0.97597567672903 0.21611494608692938 0.027673245403327107 -52.02775190175314 0.02231694525168186 -0.027186119013268357 0.9993812430137174 0.49811483397699985
0.21528684705452802 0.9763045299086588 0.02193258683219716 54.24728349020258 -0.9762878271861991 0.21465333510290244 0.028036123434729925 -53.045504253785815 0.02266389139943978 -0.027448326160873098 0.9993662679006201 0.5214027692925188
0.21391595304919164 0.9765980415533245 0.02227622645929484 54.46086028287742 -0.9765787036411827 0.21326102282327497 0.028526684680737113 -54.06260789451272 0.023108453551864753 -0.027856801298449342 0.9993447843441589 0.535030096521964
0.21235300940808116 0.9769255696754438 0.022861117856316945 54.674039534271444 -0.9769122258607651 0.21167309099014125 0.028931047586312663 -55.07940354339997 0.023424396664429133 -0.028476900550961904 0.9993199506544094 0.5555812501782745
0.21079637122328887 0.9772546644095031 0.023199370012162993 54.88455410469917 -0.9772364505936748 0.21009214890862007 0.029499298263367096 -56.09489864685912 0.02395432132550094 -0.02888961503424689 0.9992955421861044 0.5753145783979485
0.208503956327448 0.9777323313169662 0.023782104475635682 55.093197056200935 -0.9777178819382901 0.2077717055816148 0.029977686665378377 -57.10902228524045 0.024368905061606768 -0.02950265508722975 0.9992676067044879 0.5980607627666189
0.20581447271002373 0.9782870607099009 0.024389130174636637 55.29833878044633 -0.9782798098994848 0.20505660400151507 0.03033813933634663 -58.12540332569282 0.02467825695059993 -0.030103421781370834 0.9992420966066964 0.6141287832680351
0.20329022780085368 0.9788177712110804 0.024266314966390114 55.49878677434612 -0.9788030405321264 0.20253320258598884 0.030412328015544783 -59.145102421343 0.02485339264041236 -0.02993447196184737 0.9992428314792359 0.6297389070736669
0.2008203005353786 0.9793472011028115 0.023457761721173954 55.694530281782356 -0.97932818237625 0.20010877296843235 0.02954302260597758 -60.17040640019596 0.02423877258667106 -0.028905685827468438 0.9992882182985796 0.6436340319560347
0.1984475739244554 0.9798343092485381 0.023308513958116665 55.88693911706607 -0.9798994491376237 0.1978538537966297 0.025513175372757227 -61.20305067700974 0.02038700525521625 -0.02790302774360805 0.999402717156341 0.673204796161752
0.19668413408999508 0.9802101212058127 0.022438130112672396 56.07671958358007 -0.9803152310580875 0.19619968153802003 0.02208467160511035 -62.23977713719973 0.017245264648420546 -0.026340145217228984 0.9995042759273995 0.6943130013377797
0.19541740366055477 0.980485208244858 0.021466130522377728 56.26592219824995 -0.9805620718860185 0.19494609777269808 0.02222705877514703 -63.27650923282557 0.017608563972203527 -0.025392427537248255 0.9995224675306787 0.6951236150546956
0.19447994894906936 0.9807109158831608 0.019586958017455545 56.45575762614025 -0.9806928820768847 0.19398212354692548 0.02474685410223155 -64.31348441673238 0.02046999024177573 -0.024021557231709532 0.9995018480661649 0.6975244760861353
0.19472728546050722 0.9807047143479466 0.017307442124515744 56.646285348273594 -0.9805424380545386 0.19418729934440346 0.02877186033933521 -65.35172757495774 0.024855813630627267 -0.022573347758788113 0.9994361572905668 0.7051249022009424
0.19579626149966894 0.9805186709033163 0.015714960793645986 56.84110415840934 -0.9802109975563122 0.19520806438117244 0.03286657679487856 -66.39343179012458 0.029158605117702307 -0.02183913026082709 0.999336193749158 0.7206874445616532
0.19705739447067025 0.9802602353936837 0.016070289056161667 57.04200759410752 -0.9799209034675613 0.19642818492438152 0.03421974743668314 -67.44237250769145 0.030387599966883318 -0.022490866440216004 0.999285121822113 0.7518710204019861
0.1981242836295375 0.9800299835191054 0.016970552136644012 57.24901053927687 -0.9797004379804946 0.19745850888537295 0.03460042036725513 -68.50009258502315 0.030558469482411848 -0.023481240859584276 0.9992571297071643 0.7741428671649228
0.19919148418518812 0.9797882604063148 0.018377088944318592 57.45614011472607 -0.9794847434421866 0.19847542075162722 0.03488760125684963 -69.56504441030823 0.030535061684784048 -0.02494939132385311 0.9992222665055503 0.797144986145748
0.19996927522978852 0.9796012519668572 0.019841272868369328 57.66813021861768 -0.9793238004793381 0.19919794887481848 0.03528556331943037 -70.63611947037825 0.030613441145624944 -0.026487059274860388 0.9991802904942668 0.8152467130119393
0.20162949817860612 0.9792581996457266 0.01997307915298489 57.880465162382905 -0.9789766554317704 0.2008459236003432 0.03557559687127976 -71.71258401079787 0.030826183413867444 -0.026726267972423754 0.9991673798800753 0.84050613586401
