1.0 0.0 0.0 0.0 0.0 1.0 0.0 0.0 0.0 0.0 1.0 0.0
0.999999999259749 -1.9976795618306748e-05 3.288509780290465e-05 0.000185243991948969 1.9975934290570166e-05 0.9999999994574666 2.6192158252332245e-05 -0.0034091922794886598 -3.288562102045559e-05 -2.619150132239063e-05 0.9999999991162707 0.0006219659240363218
0.9999999979176815 -1.6472608305160134e-06 6.451297707203788e-05 -0.0001948301115760609 1.6410799959167433e-06 0.9999999954091101 9.58075527549333e-05 -0.0049650705035634846 -6.451313459589477e-05 -9.580744668447534e-05 0.9999999933294944 0.001123928949967698
0.9999999981974211 5.153093253080221e-05 3.081754532249236e-05 0.0004907273387073641 -5.153521825402369e-05 0.9999999890000181 0.0001390830165005888 -0.007635101608415351 -3.081037790596038e-05 -0.00013908460443880495 0.9999999898530968 0.00039350423624993913
0.9999999979807755 6.277582250561899e-05 9.881559482654711e-06 0.001265876271134947 -6.277749914212897e-05 0.9999999836194993 0.00016976450434509873 -0.01010065209691513 -9.870902214397232e-06 -0.00016976512434189802 0.9999999855411842 -0.00037218775301348095
0.9999999996510909 2.5244538705567595e-05 -7.780233499439466e-06 0.0017330259947889726 -2.5243031721407194e-05 0.9999999809344825 0.0001936332203429654 -0.011988666223196776 7.785121532431008e-06 -0.00019363302387872394 0.9999999812228221 -0.002115163166874559
0.9999999984625203 -2.596182992749713e-05 4.899942513547108e-05 0.002022919208731433 2.5950655301625592e-05 0.9999999736614482 0.0002280431238200079 -0.013918297421686932 -4.900534426169381e-05 -0.0002280418519022044 0.999999972797695 -0.001590021275740247
0.999999998862297 4.045201630134663e-05 2.5279267036350002e-05 0.004175669867859777 -4.045871396641839e-05 0.9999999640683453 0.00026500264189173494 -0.012019222638800564 -2.5268546236834308e-05 -0.00026500366435687484 0.9999999645672788 -0.0019433576319439066
0.9999999985921015 9.869989782178242e-06 5.213809849843895e-05 0.005670428702452046 -9.88890420010886e-06 0.9999999341436925 0.00036278756905136836 -0.011161396122933875 -5.2134514355216547e-05 -0.0003627880841292614 0.9999999328333972 -0.0025292814513335343
0.9999999984588047 -2.0298701596673226e-05 5.167546933523555e-05 0.006309910928664064 2.0280713957461113e-05 0.9999999392196249 0.00034806528005310397 -0.013381162782955258 -5.168253146763693e-05 -0.0003480642315012552 0.9999999380901015 -0.0021234189423534056
0.999999989788027 -3.80968462713683e-05 0.00013774097860494571 0.005564229025604606 3.804572432419082e-05 0.9999999304078574 0.0003711290929980141 -0.015507230150213103 -0.00013775510786725838 -0.0003711238487527537 0.9999999216453066 -0.0009198363527145731
0.9999999840521133 -8.337029079349812e-05 0.00015794039547328484 0.006527428253554457 8.329670264969258e-05 0.9999998880120864 0.00046587280933757763 -0.01792931237494516 -0.0001579792177374563 -0.0004658596459937326 0.9999998790086715 -0.0002711077367320708
0.9999999640856597 -0.00015689549612700097 0.0002172843365933129 0.00803189473253052 0.00015678473614165136 0.9999998578275041 0.0005096700097296664 -0.019873763209245776 -0.00021736427063049347 -0.0005096359245578238 0.9999998465119874 0.0011155780026205764
0.999999977647227 -0.00014792568750260989 0.00015107460542375435 0.010153910395080068 0.0001478570440690265 0.9999998858849254 0.0004542779235114555 -0.020355918145187057 -0.0001511417875580167 -0.00045425557591249275 0.9999998854040091 0.0018298752280742903
0.9999999747168384 -6.935453541442918e-05 0.00021390715519732152 0.01236520542645958 6.924829443388167e-05 0.999999874278629 0.0004966360845558382 -0.021203187367251852 -0.00021394157226953473 -0.0004966212592936433 0.9999998537981533 0.0029928548505442215
0.9999999754262894 -0.00010314704209249372 0.0001962348284737689 0.014829935146262185 0.00010305514503585829 0.999999885058932 0.0004682539484234122 -0.0227160690641528 -0.00019628310492805564 -0.000468233713907966 0.9999998711150574 0.0031615364897446263
0.999999968508275 -0.0002041060511331537 0.0001460279691416412 0.01585891094373304 0.0002040417400395482 0.9999998822593535 0.00044028200919930425 -0.0244381073773019 -0.00014611781617049607 -0.0004402521995331466 0.9999998924137863 0.0025850897517899624
0.9999999187798284 -0.0003905049840261956 9.973060387856626e-05 0.018618217322408426 0.0003904609039019496 0.9999998262517691 0.00044162961302023876 -0.02527591800383222 -9.990304511552795e-05 -0.00044159063624926915 0.9999998975085402 0.0025553020512099622
0.9999999486812533 -0.0002865956570025635 0.00014317967348082068 0.020066860453921698 0.0002865285117089619 0.9999998490832436 0.0004687588968919858 -0.02723653422704725 -0.00014331399613663897 -0.00046871784777711794 0.9999998798823312 0.003106992470695902
0.9999999738810451 -0.00017616227295752323 0.00014561854748117197 0.021555714342524013 0.0001760931941847622 0.9999998720350377 0.0004742584699999987 -0.029006427104665333 -0.00014570207529714422 -0.0004742328151777052 0.9999998769370632 0.00417487200661483
0.9999999506312338 -0.0002508104312520218 0.00018929251656336807 0.023363590506195964 0.00025072860338885773 0.9999998751766713 0.00043218261248698607 -0.031057927993658307 -0.0001894008888426631 -0.00043213513010235423 0.9999998886932598 0.004990840913288205
0.9999999091366099 -0.0003392848681750861 0.0002580940713837477 0.025546778265217118 0.000339163986684851 0.9999998328493224 0.00046826180656025503 -0.03478289541105911 -0.0002582529023884584 -0.00046817422779821 0.9999998570591551 0.006508696630094832
0.9999998624690312 -0.00046470111943100993 0.00024313532890035507 0.02708701276530623 0.0004645844004152221 0.9999997769313901 0.0004798942663952664 -0.03783816627263581 -0.0002433582820672971 -0.0004797812435139464 0.9999998552933419 0.006758516284526672
0.9999998865947026 -0.0003661926729424941 0.00030448892945693986 0.028489653932029402 0.00036605129074400027 0.99999982523807 0.00046425239289555833 -0.04030341235545559 -0.0003046588820685406 -0.000464140881681233 0.999999845878092 0.008329712519756824
0.9999998629242178 -0.00038833700665032715 0.0003512063711107199 0.029356929955354882 0.00038816182220073787 0.9999998002951842 0.0004987384022959842 -0.0421205966406516 -0.0003513999795513648 -0.0004986020090260489 0.9999998139570283 0.009094676812941321
0.9999998322633519 -0.00043170047050271896 0.0003861450153957689 0.03093247125794585 0.0004315119122077389 0.9999997876999766 0.0004882596377129591 -0.044807861079080025 -0.0003863557153325006 -0.00048809292963994107 0.9999998062472581 0.009624987306084437
0.9999998550911982 -0.00042171844860743686 0.0003346208810225458 0.0318831675650022 0.00042154289595918126 0.9999997735855988 0.0005245286841190769 -0.04703196372547236 -0.0003348420086824756 -0.0005243875510550191 0.9999998064492442 0.00834452798030616
0.9999997716466991 -0.0005682016042011963 0.0003658599292725116 0.03357881316834177 0.0005679635703996771 0.9999996272049835 0.000650390097713092 -0.048678607360662485 -0.00036622934557862977 -0.0006501821540826704 0.9999997215695778 0.007309046331302707
0.9999997548218635 -0.0006213837893199763 0.0003228597218655221 0.036169643799335516 0.0006211639262700239 0.9999995754415815 0.0006806409011853662 -0.04838130703545962 -0.0003232825240150533 -0.0006804401854946299 0.9999997162447417 0.004924333462649255
0.9999997898323258 -0.0005890539734298022 0.0002708333830362872 0.03943333086649803 0.0005888416206849936 0.9999995197091833 0.0007834838552364201 -0.0467468077881561 -0.000271294767235545 -0.0007833242126052376 0.9999996564011046 0.0009054961977773418
0.9999997380718643 -0.0006875113002243312 0.00022623973031632306 0.04133238085018898 0.000687338314199545 0.9999994720835997 0.0007638053196784283 -0.046430664756387185 -0.00022676473566910887 -0.000763649616381484 0.9999996827084587 -0.0013218716119704765
0.9999997524402839 -0.0006631505146385573 0.00023526743625376567 0.04293333783365505 0.0006629682038808111 0.999999480588429 0.0007741421287010701 -0.04648363904542574 -0.00023578068680418798 -0.0007739859622250195 0.9999996726765454 -0.0012202568927360408
0.9999997457522152 -0.0006774828461336878 0.00022251404194401238 0.043310561578775664 0.0006773220067383587 0.9999995098960636 0.0007221097802853226 -0.04722369368818391 -0.00022300314987817256 -0.0007219588830330936 0.9999997145224426 -0.0009870962736282796
0.9999996837860538 -0.0007744063131982873 0.00018089404317565394 0.04470470874346044 0.0007742877052911067 0.9999994858389502 0.0006548285178880705 -0.05003369347717973 -0.00018140105350529712 -0.0006546882467885698 0.999999769238452 -0.0016416999628021262
0.9999996739366923 -0.0007782821147020456 0.00021541462178532465 0.04556648404898744 0.0007781401065283523 0.9999994804163745 0.000658532428348846 -0.05282699742687108 -0.0002159270338703491 -0.0006583645908688409 0.9999997599657621 -0.0004908345875352244
0.9999995904640235 -0.0008839172180695789 0.00019432482388214632 0.04632581036544625 0.0008837787222450808 0.9999993562537309 0.0007116370544182327 -0.054204614478517044 -0.00019495372703168197 -0.0007114650228327059 0.999999727905246 -0.000770643639514984
0.9999995024339081 -0.000957636269007579 0.00027940063039812787 0.04810371179590989 0.0009574200862647445 0.9999992430260924 0.0007728479947528214 -0.05368726307443378 -0.0002801405261693453 -0.0007725801064342069 0.9999996623205757 0.0009672562595617468
0.9999995451303141 -0.0009019476866150521 0.00031020885798389744 0.0488052740039151 0.0009017138899721036 0.999999309958203 0.00075299082423855 -0.054932445472780145 -0.00031088780225878337 -0.0007527107620898137 0.999999668387587 0.0020670224539432597
0.9999994295871617 -0.0010383657111012604 0.000250243883899252 0.04979826794102438 0.0010381849989496575 0.999999201024295 0.0007211953150111094 -0.05718379242476701 -0.00025099254844658243 -0.0007209351041856997 0.9999997086276161 0.0014932253497488973
0.9999993924440186 -0.0010491227212675444 0.00033830919268704033 0.051721535392941775 0.0010488786846996707 0.9999991902119165 0.0007207142418391209 -0.05747738680151482 -0.00033906503641494164 -0.0007203589586638247 0.9999996830588863 0.004315084565095814
0.9999995529707185 -0.0009027122132031322 0.0002813699049516227 0.054491668001024784 0.0009025122013108254 0.9999993405659495 0.0007101685681366269 -0.056588197546489305 -0.00028201079724661597 -0.0007099143108981815 0.9999997082457487 0.0032775952947126236
0.9999994273966115 -0.0010190013612094652 0.0003268679775534804 0.05637280828049285 0.001018779015028066 0.9999992500625032 0.0006796791537905128 -0.05739932245341911 -0.0003275603264058251 -0.0006793457583677101 0.9999997155967466 0.004968254830415034
0.9999993694928654 -0.0010638891385250317 0.0003593797050675193 0.05879048702055045 0.0010636351280175454 0.9999991849411914 0.0007062558103026458 -0.05749924088809183 -0.0003601307900375256 -0.0007058731161247122 0.9999996860244301 0.004793651270033075
0.9999992908531175 -0.0011268118212404217 0.0003854716357207508 0.06184705500039189 0.0011265266709118706 0.9999990922874304 0.0007391630246463296 -0.05761310771259853 -0.00038630418345729663 -0.0007387282563926554 0.9999996525247604 0.005710415489089821
0.999999268121364 -0.0011315153602253767 0.00042828696670926163 0.06462816898537649 0.0011311738943759755 0.9999990428671501 0.0007966871453204051 -0.058186739879674765 -0.00042918802052395997 -0.0007962020952060613 0.9999995909298499 0.006125911153610858
0.9999993952026784 -0.0010292450875286558 0.0003876194356485502 0.0678922881373405 0.0010289216945647912 0.9999991232296623 0.0008335826629661835 -0.05802731416316864 -0.000388477056656233 -0.0008331833287710482 0.9999995774454694 0.005281708356901546
0.999999283989375 -0.001113106230417011 0.0004393350171788183 0.07239150705054354 0.001112718039341557 0.999998991220743 0.0008828454362830966 -0.0558564093067061 -0.00044031727474238744 -0.0008823559481574549 0.999999513784221 0.005707737222758455
0.9999993021842303 -0.0010889158183454927 0.0004581412366191072 0.07617467310414117 0.0010885013173378985 0.9999989989525385 0.0009040236753590078 -0.05418950546071555 -0.00045912518367824173 -0.0009035243571774444 0.9999994864237692 0.005527393554354526
0.9999993589510108 -0.0010552819517058941 0.00041046019289062006 0.07711679663856985 0.0010548770968655213 0.9999989581959827 0.0009853127740437786 -0.05456555608313757 -0.0004114995480587751 -0.0009848791573533655 0.9999994303404216 0.0032563208900724255
0.9999993928891737 -0.0009723640306450528 0.00051839123772749 0.07900036047724424 0.0009718268019049958 0.9999989915577127 0.0010355849685550777 -0.05226029497388396 -0.0005193976805339434 -0.0010350805533415356 0.999999329416924 0.005590510866608681
0.9999992002093068 -0.0011474661990314267 0.000531885390383675 0.08101669880869533 0.0011468861910892347 0.9999987488193254 0.0010895007346264465 -0.04986472732946212 -0.0005331348901657563 -0.0010888898512444252 0.9999992650427707 0.006224901593094134
0.9999991216573775 -0.0011976177972817968 0.0005677993353669426 0.0811942614171468 0.0011969739432840017 0.9999986418567578 0.0011329333700146598 -0.048427001961883265 -0.0005691553853811755 -0.0011322527339015435 0.999999197032625 0.008859861888727658
0.999999147857743 -0.0011685548461591385 0.0005820338128033895 0.08217785868364791 0.0011678893898522686 0.9999986655231928 0.0011423599296187517 -0.04533060318509996 -0.0005833679463245785 -0.001141679205051074 0.9999991781248787 0.011391769167420143
0.9999991362421264 -0.001191982525383593 0.0005537983929482247 0.08257607931436517 0.0011913610497085757 0.9999986618023226 0.0011211834887266598 -0.044629208522380726 -0.0005551340829828115 -0.001120522746460843 0.9999992181271573 0.010745102031777032
0.999999215646369 -0.0010901455298988614 0.0006166760666980761 0.08389608661191017 0.0010894147936079744 0.9999987055912432 0.001184057113365526 -0.04159461183694457 -0.0006179660630364548 -0.0011833843686161034 0.9999991088592942 0.012936460965158506
0.9999993987864784 -0.0009129818587708605 0.0006073638187263182 0.08639218587978048 0.0009121958173765951 0.9999987477577126 0.0012932060159287749 -0.0369687592726049 -0.0006085437317918561 -0.0012926512037007621 0.9999989793631759 0.01261864636869127
0.9999995307963758 -0.0007194781374775539 0.0006486587999044334 0.09115327369159432 0.0007185578052770982 0.9999987365572772 0.0014179416529936846 -0.03000018031378715 -0.0006496781583807403 -0.001417474888846687 0.9999987843408767 0.011909041785305968
0.9999995320579523 -0.0007773323972574528 0.0005758803879459649 0.09691540772678398 0.0007765447178071616 0.9999987644905755 0.0013667463646766886 -0.017896791038920723 -0.0005769420926684149 -0.0013662985282452463 0.9999989001824723 0.012903077359369991
0.9999995196941875 -0.0009695858335262433 0.00014322956418334927 0.10279444777979907 0.0009694185276359378 0.999998853150079 0.0011635833647476682 -0.004520522046927877 -0.00014435759386712124 -0.0011634439564785872 0.999999312779287 0.016701910296033448
0.9999994158115431 -0.0010782468055662714 -7.58973082659961e-05 0.11340603745718003 0.0010783363875944624 0.9999987101515991 0.001190330111849901 0.014681250078370733 7.461374072930233e-05 -0.00119041125930201 0.9999992886766595 0.02072155377509015
0.9999988716858559 -0.0015015503893426453 -4.442349041007861e-05 0.12888061876594925 0.0015016047680746875 0.9999980907215616 0.0012504944436255475 0.03366466015168451 4.2545725174568994e-05 -0.0012505597391999895 0.9999992171447947 0.021537007811557096
0.9999961650117535 -0.002769469571046129 2.892054774062988e-07 0.1454054949925504 0.002769466696363181 0.9999952669752906 0.0013401795537622792 0.04714964381999326 -4.00079060247294e-06 -0.0013401736132444997 0.9999991019589379 0.02189062611666283
0.999990494489571 -0.004356989340854447 0.00016605538082097235 0.1641196274916087 0.004356714675888003 0.9999891972544238 0.0016200036070883937 0.0591894278657894 -0.00017311192541517224 -0.0016192647522125744 0.9999986740060836 0.020784569667121153
0.9999795712306384 -0.006388587861003917 0.00020752477729809105 0.18471904589088184 0.006388191233265803 0.9999778677827372 0.0018587515859065935 0.06918427375196512 -0.00021939498213297765 -0.0018573879059361185 0.999998250986476 0.019715111131429874
0.9999617328926926 -0.008744431757767466 0.00026012204736717003 0.20949184425387646 0.008743776203509085 0.9999588374848876 0.0024227491772972195 0.07965588172448651 -0.0002812969049365275 -0.0024203820167266916 0.9999970313070666 0.015985815635455147
0.9999347941530792 -0.011412090743257905 0.00041427878183094224 0.23579337402853318 0.011410875980220399 0.9999309036157221 0.0028248723174454328 0.08638328189918454 -0.0004464878558898397 -0.002819960835452816 0.9999959242264356 0.01833597344418167
0.9998986289732258 -0.014229231076571711 0.0005106470760378106 0.27065464488571156 0.014227456329465888 0.9998932549478878 0.0033253866109045566 0.0936857288040937 -0.0005579102614945675 -0.0033177843040752856 0.9999943405057115 0.015657382576667447
0.9998588397454471 -0.01678406036440314 0.0007719459667400917 0.31360934814114905 0.01678096986282609 0.999851779422691 0.003849446160438139 0.10413640311998523 -0.0008364408851895646 -0.0038359487696346425 0.9999922929021421 0.01428334449047769
0.9998153800189975 -0.01911402435640063 0.0019646756409226656 0.3659595273269374 0.019104375502254457 0.9998058864919773 0.004817901271371339 0.11190268459104036 -0.0020563837530896043 -0.004779477889345819 0.9999864638468696 0.016929650413235547
0.99976669215157 -0.021285270569041365 0.003674033357790502 0.42528044974990037 0.02126481005544435 0.9997586342470175 0.005520969284886058 0.11577480021050018 -0.003790661896994782 -0.005441553577930165 0.9999780099467397 0.021200512924172618
0.999714319322652 -0.023372794840399547 0.004999220199068296 0.48216757338677685 0.023344954417503193 0.999712026937709 0.0055566446118380354 0.1220130568351594 -0.005127654872832004 -0.005438350618171225 0.9999720653588579 0.01668393846379028
0.9996594315924376 -0.025446413981686317 0.005787991340733022 0.5355432800941123 0.025414920462171933 0.999662126168169 0.0054511762801278075 0.12222017456607659 -0.005924748618231403 -0.005302218442142265 0.9999683914171507 0.007654327172590389
0.9996254148649267 -0.02667735129440415 0.006111373335124429 0.5851153736900371 0.02664374684662398 0.9996297756484115 0.0055156496515763225 0.12221788905573827 -0.006256253679266077 -0.0053507536871802985 0.9999661137883026 2.3311268028569643e-05
0.9995869517513856 -0.027985920284916883 0.00653560664229884 0.6298933039391337 0.02795008713242481 0.9995941271782314 0.005511219473004416 0.12383450932771034 -0.006687190566033145 -0.005326272298337849 0.9999634554851181 -0.0015894676622448534
0.999544595306462 -0.029424171015754674 0.006694785558920038 0.6704470644601151 0.02938831743056766 0.9995535254984934 0.005392259464602508 0.12489593843641367 -0.006850459272522712 -0.00519305532119843 0.999963051009479 -0.003570660122658248
0.9995146438464139 -0.030377976945050008 0.0069032784462238084 0.706515175606415 0.030341631567339246 0.9995254816332839 0.005310080939551063 0.12372480364650518 -0.007061312230168551 -0.005098046927868931 0.9999620731743325 -0.005975868329796699
0.9994907418655199 -0.031098234576720767 0.007152393398517375 0.7365388515802551 0.031060496843826033 0.999503304695749 0.005328173992300312 0.12365412713790885 -0.00731453764298031 -0.005103303683772353 0.9999602261243098 -0.00876180701356008
0.9994738521962134 -0.03162510862253087 0.007202171941695187 0.7595444623401693 0.03158779143082505 0.9994872584477679 0.005237521655180397 0.120247188015152 -0.007364116280132294 -0.00500726523952103 0.9999603477569666 -0.01351424685506393
0.9994600484809494 -0.03203705812616675 0.007296464697504623 0.7755345135193866 0.03199940148095825 0.9994742539798265 0.005220530272962787 0.11644807894145404 -0.007459879042032891 -0.004984228936464561 0.9999597530233839 -0.015341345329740505
0.9994607320803023 -0.032023659990472 0.007261558395045906 0.7840705653597712 0.031985882274467234 0.9994744785080726 0.005260242023181071 0.11293739358149102 -0.007426194492062362 -0.005025137991455015 0.9999597990037061 -0.016557897523631182
0.9994662010110202 -0.03193476455974302 0.006890852568174958 0.785034787022063 0.03189929065352839 0.9994775719769596 0.0051979198575270195 0.10981473458759411 -0.00705324694054124 -0.0049753319042394484 0.9999627481961704 -0.01684737910895008
0.9994564041550774 -0.032356352844942336 0.006321599795862828 0.7844828574521254 0.03232475469375275 0.9994647196859462 0.0050382871180132275 0.10697717611888297 -0.006481236563663338 -0.004831204163397007 0.9999673259856727 -0.012859391539484955
0.9994472974800422 -0.03275049450254462 0.005701286668941505 0.7890982838470358 0.032721933445669885 0.9994518227140873 0.0050328068777154775 0.1050206321231878 -0.005862988267070102 -0.004843468109735918 0.9999710826745188 -0.010913142957824432
0.9994380911983199 -0.03303842061088665 0.005653726682455006 0.801933549641622 0.03300987155212022 0.9994421633162947 0.005070558722684932 0.10434968866506733 -0.00581809607812415 -0.004881080739530588 0.9999711619886044 -0.00901417151848366
0.9994127001821758 -0.03371763903328128 0.006113553189207346 0.8247871601209056 0.03368719154026726 0.999419834383548 0.005016748637710309 0.10243270070477761 -0.006279159235539636 -0.004807853864872876 0.9999687278612807 -0.009320993816729309
0.9993760277608622 -0.03466955058307446 0.006751103560970499 0.8555628600836469 0.0346363113036048 0.9993875763968673 0.0049797673518806795 0.10217648396283985 -0.0069196153219005276 -0.004742826790715097 0.9999648116398047 -0.009904959662351609
0.9993403923748521 -0.03555460188702106 0.007392594452856586 0.8926431266634172 0.03551847165512503 0.9993566986859596 0.00496255607591876 0.10246698212261457 -0.007564280492752197 -0.004696709079559291 0.9999603605065747 -0.010165250832013029
0.9993085705045911 -0.03630045595690759 0.00804100823300832 0.9365351456600502 0.036259759014922066 0.999329126223221 0.0051504716420784 0.10312601618225825 -0.008222578200446473 -0.004855345433303962 0.9999544063748362 -0.010713429097828811
0.9992701621584812 -0.03716080010850311 0.008844091534471538 0.9875826448471859 0.03711483288271143 0.9992969198523816 0.005306143011056248 0.10295678353714355 -0.009035053949070879 -0.004974023407793002 0.999946812031153 -0.011273569600938213
0.9992275795075045 -0.03808403506537138 0.009687653210370599 1.0466959591714755 0.03803273691528479 0.9992617648951564 0.005425508397593308 0.1040380567596097 -0.009887126696748495 -0.005052869657848307 0.9999383547168763 -0.012763389941866682
0.9992134701179706 -0.038208766596202086 0.01060807664056733 1.1116669863413495 0.03814868419097206 0.9992551856468127 0.005809634452657602 0.10521432853983653 -0.010822154559636489 -0.005400380835922323 0.999926855753712 -0.016721862714311517
0.999163371282839 -0.03824149418571599 0.014496399869176268 1.1828096558222165 0.03816251442019237 0.9992553666694232 0.0056863587213613655 0.10375519800569144 -0.014703060220640973 -0.005128382281310725 0.9998787525071806 0.004166353228779909
0.9991017109555475 -0.03842697410933721 0.01786445707290458 1.252321395688679 0.0383286388343514 0.9992482690667052 0.005814826938435967 0.10372285723630159 -0.018074474012129655 -0.005124883219982698 0.9998235089060251 0.014670105510683346
0.9990762496213699 -0.03884381058339297 0.018379494603276546 1.316374735367801 0.03874447087413038 0.9992327186569158 0.005730614471203236 0.10566326976458446 -0.018587991263017734 -0.005013217020577846 0.9998146599424819 0.0031771867388182967
0.9990735689380457 -0.03888405174521787 0.018440020859101798 1.3743985543520174 0.038786692309713135 0.999231773522604 0.005608500919901871 0.10466072984467512 -0.018643935986816393 -0.004888077615192055 0.9998142379202937 -0.00540036190938456
0.9990644117470311 -0.03913289008622686 0.018409728245431817 1.4265631887096086 0.03903715493838228 0.9992224502297745 0.005531319114621115 0.10384123633771236 -0.018611870268408708 -0.004807480663543674 0.9998152261366957 -0.010845893315482233
0.9990526369860063 -0.039373183496226705 0.018535936790254944 1.4744577754597719 0.039278849117059984 0.9992135545983467 0.005426261973214858 0.10149872000616594 -0.018735008496370612 -0.004693051068889467 0.9998134699674216 -0.015338730849871113
0.9990383012740934 -0.03967128215894619 0.0186724920471689 1.518337245939009 0.039576962455316576 0.999201965298881 0.005394125108873964 0.09883469678912232 -0.018871582609753395 -0.004649937068931439 0.9998111028864646 -0.019850267187160098
0.9990307904648743 -0.03983270944731276 0.018730588918305088 1.5572002355268464 0.0397403296650862 0.999196097153109 0.005278790783013532 0.09859006707219664 -0.018925799884042353 -0.004529314750218111 0.9998106317731539 -0.02413711002459154
0.99902247832945 -0.039993855060603586 0.018830277477721577 1.591685458148194 0.03990406198237487 0.9991903952888047 0.005120527310184512 0.09625753481823168 -0.019019822023439596 -0.00436411732415791 0.9998095822956329 -0.02699504698712188
0.9990126877969598 -0.040252059048899516 0.018799504329390402 1.6186205161365064 0.040165166235382084 0.9991806579817352 0.004977161489917458 0.0939152240682376 -0.018984442103758558 -0.004217162261109281 0.9998108853680593 -0.030921570772968324
0.9990185280657219 -0.04023122213400284 0.018531846832315128 1.638339300381094 0.04014820630824218 0.9991820605929901 0.004830250449276778 0.09233900839662423 -0.01871101578329375 -0.0040814892841288175 0.999816602849528 -0.03396451060987021
0.9990251884342494 -0.04025681851612682 0.01811246633911459 1.6529858701817117 0.040177134794146724 0.9991813199724651 0.004742115334060149 0.09005634082403435 -0.01828854050105889 -0.004009785663625406 0.999824710089355 -0.03347650719003967
0.9990342387199485 -0.040232142988894964 0.017662517821321538 1.6697464450578405 0.04015622805997391 0.9991826767408392 0.004632045879909044 0.0916061558698873 -0.017834438966862202 -0.003918312335604538 0.9998332759091227 -0.03068527975983118
0.999039743194012 -0.04021457283130517 0.017389066992017116 1.6912996314939694 0.0401375468696491 0.9991828438424086 0.004756248764625232 0.09282194931246152 -0.0175661279211984 -0.004053727052966546 0.9998374860180159 -0.02886041215154038
0.9990504515435024 -0.03996238856809141 0.017355194342660307 1.7205480770987824 0.0398830045839547 0.999192359014761 0.004896491795244759 0.09396581853511177 -0.017536853084144183 -0.004199665043494654 0.9998373975789352 -0.02988937888414908
0.9990440099517275 -0.039993841263013974 0.017651029449191395 1.7600633732287512 0.03990611892294302 0.9991894064202949 0.005294503753414119 0.09863748411640288 -0.01784846918072491 -0.004585058180203571 0.9998301902770186 -0.03366118377470721
0.9990261456716365 -0.040195337356609136 0.0181960193250211 1.8069672541188713 0.040093701763984635 0.9991784075194367 0.005916504526510539 0.10254586100644225 -0.01841888550778218 -0.005181196940859562 0.9998169331707191 -0.040070424310434824
0.9990189252892873 -0.040071144643646354 0.018854449893844542 1.8568228124947745 0.0399530701533413 0.9991797720968952 0.006598122289517772 0.10575436698603963 -0.019103379260583347 -0.005838355879289934 0.9998004673440815 -0.04668921119637526
0.9990076401442726 -0.039969590247851156 0.01965112690928554 1.907027609848924 0.03983396754040693 0.9991800439000186 0.00724533656745769 0.10658126845074134 -0.01992460698171349 -0.006455364234870024 0.9997806450963181 -0.05059555381783694
0.9990062891074478 -0.03970504973266544 0.020247057798771482 1.9513661888586897 0.0395524541284508 0.9991864045816577 0.007882402655599637 0.1086488710026301 -0.020543556074764626 -0.00707374900139928 0.9997639343259281 -0.054212974029562266
0.9990021287331774 -0.039566808356359964 0.02071749171798532 1.9941767224186009 0.039400002970630316 0.999188220500377 0.008398796296653402 0.11063107300557018 -0.021032987246418486 -0.007574146143920426 0.9997500916517453 -0.05712681508297862
0.9989836909042484 -0.03982914401816749 0.021100345829354616 2.0320006603844902 0.03965253059003557 0.9991754476747362 0.00872362205883834 0.10968735087664466 -0.021430401889478312 -0.007878074053933206 0.9997393029305426 -0.05890297480948173
0.9989709883029911 -0.04004281683666887 0.021296416335697867 2.0644455244913518 0.039864103457452685 0.9991667874951564 0.008751229751935805 0.10908989954643328 -0.0216290957853506 -0.00789326209007858 0.9997349041766405 -0.0600938712161596
0.9989613864511149 -0.04015569791252832 0.021532958571397393 2.0893660536268674 0.03997387749717463 0.9991618944029382 0.00880896651148925 0.10826431582869617 -0.02186864187645397 -0.007939061551433936 0.9997293302710254 -0.06165792555862333
0.9989517288105916 -0.04033153655035942 0.021652036066634288 2.1075409118495125 0.040149949641211255 0.9991552916117037 0.008756985107182026 0.10625797346796434 -0.021986929075065997 -0.007878477254283003 0.9997272150671865 -0.06378110843379638
0.9989445597813992 -0.04051727025770326 0.021636018442055635 2.1167699349922375 0.04033468131181354 0.9991473848771345 0.00881003840432256 0.10368065892511452 -0.021974529952541653 -0.007928058026746355 0.9997270957262688 -0.06403814150691445
0.9989447441094527 -0.04054586677925342 0.021573847668725856 2.1192089911165546 0.0403630000635271 0.999145928180898 0.008845474856222562 0.10153220517282996 -0.021914069498521656 -0.007965355401952508 0.9997281263780295 -0.06204357750619823
0.9989529248791481 -0.040441029613391216 0.021391049511842453 2.115158037401879 0.04025967820315563 0.999150128776895 0.008841859313594269 0.0998473118776565 -0.021730443768768447 -0.007971404452910355 0.9997320863734703 -0.060167152805803065
0.9989522746694411 -0.040497856314531164 0.021313764723575566 2.1135597794124226 0.040317207927138644 0.9991478398302818 0.008838376970354512 0.09724453786228543 -0.0216535373028101 -0.007969805294851098 0.9997337678231287 -0.056351795023843854
0.9989559509342171 -0.04045445068288923 0.021223701681714585 2.114776184377856 0.040276721549800956 0.9991503736539876 0.008735933168559775 0.09485569017755918 -0.02155907684314204 -0.007871991302805905 0.9997365842853765 -0.05551416183736964
0.9989587615153623 -0.04040242478434578 0.021190489924819936 2.1161190431022607 0.040223463069761725 0.9991519141420805 0.008804855758115897 0.09218106391105402 -0.021528256092496232 -0.007943332914527675 0.999736684158292 -0.05552184000343441
0.9989577710594288 -0.04042143737133396 0.02120092075427252 2.1161728913079205 0.040239904369616886 0.9991502262029303 0.00892051427814421 0.08998936281390912 -0.02154348477655552 -0.008058094036298955 0.9997354376954816 -0.05396526775838033
0.9989554377804443 -0.04040229279355141 0.021346851428757627 2.118068800546889 0.040219751875274976 0.9991511083212118 0.008912592193900514 0.09005253174794192 -0.02168881942357855 -0.008044717369033427 0.9997324030131538 -0.052130456916090306
0.9989495185197508 -0.04052910273865572 0.021383434718800363 2.12009087894023 0.04034720165797602 0.9991463421986723 0.008870749089728763 0.08879870148867552 -0.021724704084159566 -0.007998668779354423 0.9997319933513206 -0.052482772090565274
0.9989499147267865 -0.040567990438914826 0.0212909844560952 2.12089009630361 0.0403868946481554 0.9991447622154341 0.00886808198943579 0.0866169479226479 -0.021632535867076322 -0.007998893000953168 0.9997339901707403 -0.05121429831291642
0.9989374818335682 -0.0408540091393045 0.021327384398257116 2.1213873974157322 0.04067296469830483 0.9991332750865445 0.008854860671690038 0.08531255576783353 -0.021670655981668438 -0.007978004268627624 0.9997333315025584 -0.05023952166050395
0.9989338697462237 -0.0409289282533418 0.021352908604766664 2.12301902725613 0.04074719246412783 0.9991300452319181 0.008878007726174092 0.08439785653936205 -0.021697699881370363 -0.007998471536956566 0.9997325813801013 -0.049964372133484564
0.9989301197051227 -0.04106641572382368 0.021264182220894188 2.1235744337655045 0.04088559296842897 0.9991244636591011 0.008869859387938083 0.08351324549153233 -0.021609817989636876 -0.007990971001070577 0.999734544841232 -0.050015825072850476
0.9989301763778148 -0.04105104623210112 0.021291179512981234 2.1242742264814525 0.04087018622617903 0.9991251684495109 0.008861469889444836 0.08254630112252531 -0.021636325927511784 -0.007981815207959235 0.9997340446470426 -0.04844721803590897
0.998923832490576 -0.04119397397972494 0.021312751819348337 2.1257623891415127 0.04101246392979301 0.9991191309763129 0.008884813986379395 0.08150936922710944 -0.021659978872630405 -0.008001163973004287 0.9997333778014541 -0.048618253881681575
0.998924605087959 -0.04118184183117801 0.02129998247118798 2.1270412899996267 0.040999360960267954 0.9991192278308605 0.008934258757337539 0.08172798051734592 -0.02164915127044734 -0.008051365231143387 0.9997332092949472 -0.04799380569200887
0.9989218628986096 -0.04126259889021233 0.02127227670027532 2.127708474787312 0.04108072836376743 0.999116039000942 0.00891708294224743 0.08091586229035258 -0.021621414854027465 -0.008033588483488268 0.999733952547266 -0.04794179582520437
0.9989215446547963 -0.04130878605302304 0.02119744841526439 2.1285035139264545 0.04112786000302058 0.9991142381810658 0.008901583874163283 0.07958491054410022 -0.02154638614858983 -0.008020178222609128 0.9997356800600871 -0.04857839177574365
0.9989106401321798 -0.04153728890957713 0.021264681064554494 2.130175984920444 0.04135558583327556 0.9991047216870257 0.008914629723439054 0.07909693375946936 -0.021615932807109123 -0.008025505140599411 0.9997341360162251 -0.04796727318453048
0.9989079039509111 -0.04161733867844922 0.021236679253991333 2.1313387481801085 0.04143584559356347 0.9991013837477407 0.008916035740419269 0.07865031203198658 -0.021588657307947515 -0.008026338810525164 0.9997347186933793 -0.04806090946419253
0.9989117560833778 -0.041548428863307514 0.021190366146644563 2.1323867767507165 0.041367356085597565 0.9991042473962027 0.008913174820636307 0.07877335519369627 -0.02154171323097437 -0.008026885690387483 0.9997357269284616 -0.048145996918444456
0.9989056372840788 -0.041679799375839134 0.021220794662175555 2.133365369616189 0.041497956971325654 0.9990986033996357 0.008938694095472334 0.07847352338727026 -0.021574229286590967 -0.008048292298136885 0.9997348536595917 -0.04774878638582608
0.9989069283750169 -0.04164902266809697 0.021220446630480772 2.1344518760581916 0.04146751962313189 0.9991000090392176 0.00892282209670122 0.07851278538617279 -0.02157297524009812 -0.008033109525991419 0.9997350028335636 -0.04764598360789574
0.9989063863942155 -0.04163600941791278 0.021271434850955742 2.1354389357251984 0.0414535095231205 0.9991003486907943 0.00894984883552877 0.07790158793365914 -0.021624933967148006 -0.008058285531907947 0.9997336776688054 -0.04642097291765043
0.9989030714977064 -0.04174814282165347 0.021207223378073677 2.1361309321226525 0.041566014482197475 0.9990956046868212 0.00895763001970062 0.0775098044971923 -0.021562008082050645 -0.008066304385958763 0.9997349721506268 -0.046772335163815626
0.9988987962233147 -0.04182957827094605 0.021248088980053002 2.137348941853205 0.04164661753073928 0.9990920326723128 0.008981620064536604 0.07773507430689924 -0.021604493788972397 -0.00808681843558936 0.9997338892003731 -0.045577822484610606
0.9988979353479069 -0.04185365726366109 0.02124114242127772 2.138383296260177 0.04167074917239642 0.99909102305017 0.008982000000309596 0.07695202630219927 -0.02159776426198352 -0.008086966937631907 0.999734033403197 -0.045469410778682204
0.9988948609665406 -0.04194083018845194 0.021213757275771825 2.1395989951111387 0.04175865667901079 0.999087559159118 0.00895900250419169 0.0764245157494518 -0.02157014897993071 -0.00806324355387259 0.9997348212282924 -0.04446599965055839
0.9988946053179947 -0.04194458669738041 0.021218367359670063 2.1426297087364903 0.04176146687871724 0.9990870627625812 0.009001161292074891 0.07892469303057403 -0.021576546312182362 -0.008105101310539407 0.9997343447046197 -0.04401056866438183
0.998894025971731 -0.041984326163208054 0.021166984542544294 2.143908070323489 0.04180140425467322 0.9990852978029999 0.009011676661862478 0.0798710582078419 -0.021525972227528004 -0.008116900303807949 0.9997353392018856 -0.04508794652496638
0.9988946286497835 -0.04201195857519785 0.021083552625294242 2.145066105903447 0.04182931433768622 0.9990839590717855 0.009030569611944005 0.08105245458745636 -0.02144363114462438 -0.008138676928900206 0.999736931708123 -0.045875358748455414
0.9989107806475641 -0.04192296794050935 0.020486997465446924 2.1460086445025746 0.041748304145935666 0.9990886937920419 0.008880373746658055 0.08259883897878184 -0.02084061916135478 -0.00801540367049181 0.9997506798682169 -0.04593544888969746
0.9989269047678219 -0.042098634544704 0.01930657661176965 2.149380426951866 0.04193724518932595 0.9990824589562373 0.008689515056614501 0.0858140247091182 -0.019654678754052603 -0.007870525742302993 0.9997758490919884 -0.03714521198116032
0.9989269933670665 -0.04202467218233066 0.01946249857073969 2.1614022929809464 0.04186074760973 0.999085095945843 0.008754933950093125 0.0877104094137483 -0.019812615481123598 -0.007930825107369291 0.9997722552066068 -0.02823034957476285
0.9989326402346881 -0.04167210220547838 0.019925264654382806 2.1857148919177227 0.04149920425549824 0.9990978782320452 0.009013642904805396 0.09187815012215295 -0.020282907087778242 -0.008177139477292792 0.9997608404363656 -0.022949565790144524
0.9989413709171511 -0.04123513323362851 0.020391205393097796 2.2198511016824534 0.041053010834012506 0.999113957188816 0.00927096823402916 0.09534257015251457 -0.020755427522482467 -0.008424033341508989 0.9997490924680105 -0.02091687423712707
0.9989474330791297 -0.040819148519873956 0.020924221819366328 2.261986777169468 0.04062239993889925 0.999127062040362 0.00974343480646948 0.10049741203146745 -0.02130367498432297 -0.008883187082139941 0.9997335857214241 -0.021396180741804008
0.9989844908810518 -0.0398308221654419 0.02105926363305549 2.3117188915711444 0.03962113350247642 0.9991618672945177 0.010282447400333624 0.10666976554899138 -0.021451171509279117 -0.009437613585364275 0.9997253516294776 -0.022612804623897503
0.9990500871261344 -0.038051013560070485 0.021237791324216725 2.3694538426433756 0.03782425547931594 0.9992240956286262 0.010978725455120854 0.11291771604473821 -0.021639064460254695 -0.010164992977608738 0.999714171054427 -0.021798100414788232
0.9991267031147398 -0.035903409518386414 0.02137232575180747 2.4366681748122168 0.0356504206248482 0.9992910318889231 0.012102937481112007 0.1195430345409475 -0.021791710175149342 -0.011330435620723925 0.9996983257944752 -0.024815036759143178
0.9992382396152593 -0.032786172010376646 0.02116618566300103 2.5137016331082105 0.032509753660749395 0.9993832665382023 0.013274128234227446 0.1269668597472851 -0.021588339619618882 -0.012575909047354632 0.9996878463320894 -0.031186404885481425
0.9993754345407438 -0.028713099734110552 0.02059851305741585 2.602057506746487 0.02841116214497878 0.9994866897502835 0.014804150688924425 0.1329811357700571 -0.021013012684744148 -0.014209676833330576 0.9996782174190822 -0.035713628873915465
0.9995401555182827 -0.023431660915026513 0.01924668213663046 2.7033783286243116 0.02311453544667408 0.9995960356577442 0.016537344056267427 0.13713139881174946 -0.019626404601701848 -0.016084861333382616 0.9996779888935671 -0.04633386003707371
0.99967961308606 -0.017558987824057307 0.018230554756182262 2.8184209099385242 0.017228730962405764 0.9996874186005974 0.01811728238807751 0.14173369319908696 -0.018542977364721703 -0.017797388524694244 0.9996696509108112 -0.05042582414737115
0.9997690387184538 -0.011156553274933315 0.018368465886414328 2.9522239726486417 0.010801733681755766 0.9997553095421815 0.019303978649891036 0.1441407268307422 -0.018579337164312582 -0.019101108901595314 0.9996449148919108 -0.05685324852614847
