1.000000000000000222 -3.288104128200433695e-19 2.199307547639937647e-18 0 -5.681318425110126656e-19 1.000000000000000222 -1.273613892030353574e-19 0 -2.923285529664562976e-19 -6.024150353257425012e-22 1 -1.11022302462515654e-16
0.9999995972046243908 0.000844624550748813833 -0.0003036444924878357724 0.0007712091578456758967 -0.000844719202089343809 0.9999995946385623613 -0.0003117244379349348293 -0.004456659716596811371 0.000303381079298146528 0.0003119808066515905262 0.9999999053139615457 -0.0009551561222329585377
0.9999871911896998089 0.00494293794450309347 -0.001088494928196547147 -0.007863534613873457424 -0.004943886168094142539 0.9999874003158778502 -0.0008701716654350815901 -0.006363247201940425146 0.001084180008988976356 0.0008755419142957723095 0.9999990289896232287 -0.002406367989985391809
0.9999530415444711773 0.009594883626072227278 -0.001361218068262110351 -0.03313209902932201523 -0.009595931397665999341 0.9999536651353987393 -0.0007652988127852877265 -0.01107150175499016509 0.001353812043388535847 0.0007783250301893021887 0.9999987807008836604 -0.004684892883837443733
0.9998681355534954074 0.01617519617457809436 -0.001440324396991001475 -0.06391614987044047513 -0.01617618814271412978 0.9998689258512524214 -0.0006797449471118485048 -0.008321932085785077593 0.001429140599864893403 0.0007029542704384839904 0.9999987317054974678 -0.004576004336871442035
0.999710858478306541 0.02400111464206673359 -0.00146490200162745633 -0.1016205785324733046 -0.02400204155362414479 0.9997117181897490212 -0.0006184770191390397262 -0.007314859276580987224 0.00144963555923651637 0.0006534588291106611935 0.9999987357734360094 -0.004304534134699999903
0.9994765165657246708 0.03233306156247773427 -0.001125151353358878632 -0.1416845511448785455 -0.03233232888203562555 0.999476953416114422 0.0006633981086196370953 -0.007658928924595131971 0.001146012538702965338 -0.0006266720688710722496 0.9999991469683906509 -0.003589292431487201007
0.9992116461069743272 0.03969828409700035948 -0.0003640417702102943126 -0.184197535459719397 -0.0396973805527199991 0.9992092781550285796 0.002221806392623055376 -0.00964431226450124246 0.0004519558158149605408 -0.00220560332033975558 0.9999974655217790387 -0.00926267555248616592
0.9988756452313504175 0.04739192484539810069 0.001204502474991499782 -0.2176778217194863529 -0.04739588942093084928 0.998870019479616289 0.003509109260700709991 -0.01758007700592523204 -0.001036837968310871244 -0.003562252245618106276 0.9999931176392373722 -0.009701089315094169052
0.9984749426108506798 0.0552005701245934996 0.0008282751429879680986 -0.2541846232623938828 -0.05520221760139175371 0.998472946469075584 0.002119041717728825484 -0.01223573024834437306 -0.0007100380115067849666 -0.002161532685224788666 0.9999974118078448493 -0.003654883166527067573
0.9979634857310275553 0.06378747020437047777 0.0001994905306018344179 -0.283259848174986395 -0.0637877181465268811 0.9979620343399504545 0.001704413615419721152 -0.00621505043567757709 -9.036374293071911641e-05 -0.001713667602052844959 0.999998527587781183 -0.003749532894194662624
0.9974050184642092587 0.07199463450234648565 -4.182940602102761944e-05 -0.3278420509527414373 -0.0719944549098221892 0.9974035346099786592 0.00172846907048828909 -0.008396565541282180467 0.0001661612965420041518 -0.001720972243880358266 0.9999985053213705788 -0.003562539952974508317
0.9967335380480620843 0.08075969917099939943 0.0003537300681026201311 -0.3666851519001056992 -0.08076036106949359417 0.9967299050879636635 0.002694508921062643229 -0.006300243735236049636 -0.0001349656071664363701 -0.002714274782668517697 0.9999963072415162246 -0.00281562172479665751
0.9959568487924100877 0.08982679080151832751 0.001050239656914121094 -0.4123348568951670234 -0.0898300005998952239 0.9959507222290934214 0.003567895474259073166 -0.001068058471048821678 -0.00072549434426407908 -0.003647812967312590547 0.9999930835352927039 -0.0003031469834215982928
0.9951811376885120186 0.0980327253830461931 0.002021867719548921423 -0.4566057478388949042 -0.09804054266015367614 0.995173477813487195 0.004219128535269859627 -3.269098406583070826e-05 -0.001598496460873084953 -0.004397022149587728919 0.999989055442653707 0.004720964425429019506
0.9945117437726395115 0.1045714070384980432 0.003348482477141413467 -0.4917764472788764829 -0.1045860281580607426 0.9945054906984280851 0.004537805474770941969 0.004140703108974408408 -0.00285555950541170004 -0.004863105324036041434 0.9999840978666533209 0.01017793828640733977
0.9939575364786116252 0.1096889639780974646 0.004092293457814761247 -0.5130116931352481924 -0.1097079221858746345 0.9939525779395059768 0.004737574328492191386 -0.0005748240706331952943 -0.003547886011940246196 -0.005157904726741073184 0.9999804040696314011 0.01014941274195657606
0.993585738954295139 0.1130128519815443155 0.003933781992623413062 -0.5369078921661045722 -0.113029565322915998 0.9935822230764524976 0.004322423237595077877 -0.00133769744945336222 -0.003420046479461798326 -0.004739331761585697557 0.9999829208622187382 0.008586037622259734547
0.9931934611354333864 0.1164451566934949639 0.002697081312379333816 -0.5543458598831125794 -0.116453699465890903 0.9931907637535346556 0.003262310299008716694 0.009248221993143207476 -0.002298836014222493257 -0.003554190360267020683 0.9999910415016700638 0.007757676302344806984
0.9928051814697609334 0.1197322521919763211 0.001435074569168771517 -0.5739020022078309413 -0.1197356350880318665 0.9928024995539950215 0.002564090940411504083 0.01311923407029674804 -0.001117741235775867367 -0.002717472343043270296 0.9999956829899130373 0.002138121669394532631
0.992395254080276068 0.1230898335276002786 0.0007433494285200284088 -0.5897474129334002724 -0.1230910102140118367 0.9923937035740041379 0.001827649842449665567 0.02827875072458468919 -0.000512730177094214163 -0.001905250668787591755 0.9999980535619023003 -0.0003614371895976908888
0.9918828568760342801 0.1271532247959375195 0.0006750310439543585807 -0.6030616973756495192 -0.1271540532799294299 0.9918820299045940647 0.001373127599920026011 0.02896570787579033635 -0.0004949535592221255458 -0.001447814667170101892 0.9999988294261173971 0.004340327754569495156
0.9913964532464520918 0.1308912944081608021 0.0007358982178922137329 -0.6277009104216477731 -0.1308920465273835931 0.9913960293561272508 0.001088634544516312681 0.03418655855263039167 -0.0005870737860016061625 -0.00117559165749915877 0.9999991366639051638 0.001278311374173668469
0.9909150762842723337 0.1344872525088722515 0.000700366333666739972 -0.6678028642506182999 -0.1344878751425296892 0.9909147989281189561 0.0009341825881132158772 0.03512842609519198356 -0.0005683677144913489672 -0.00101988639822085279 0.9999993183946723763 0.00077985147403203392
0.9904720919352183461 0.1377124298387735479 0.0005672507112183946621 -0.6787057968544553122 -0.1377126680186830932 0.9904721386353563251 0.0004045322508158085339 0.04568812465181495974 -0.000506136905236674161 -0.0004787955214307284689 0.9999997572900821696 0.0006280692871900583896
0.9899275469773067826 0.1415748088368953828 -0.000158891133490062788 -0.6995885664592307318 -0.141574894820120506 0.989927139364028652 -0.0008988320836458118645 0.03512639906976788851 3.003866554265195089e-05 0.0009122736271075710703 0.9999995834271695472 0.002586228863119655053
0.9893571696424815487 0.145503180323161424 -0.001102452289836625045 -0.7312230742089136371 -0.1455046670440998113 0.9893565523899905401 -0.001415663479414698426 0.04664351718191944718 0.000884734858892838121 0.001561008758180830415 0.9999983902466990093 0.003163313922707078341
0.9887032828871046286 0.1498762475272620576 -0.001711386495769027464 -0.7638744769814899138 -0.1498801134244976407 0.9887012338061750283 -0.002412853398446615505 0.05315812929720323265 0.001330420527535008425 0.002642098869630358018 0.9999956246378974845 0.003850150127295948188
0.9879425204662962701 0.1548088266069271579 -0.001950248144333155149 -0.7941065432277744085 -0.1548141052342741075 0.9879392665880580848 -0.002932293514020976703 0.06263972236941550698 0.001472781804110684118 0.003198863357493578717 0.9999937990743493765 -0.0001039614646812792031
0.9870324762205090474 0.1605102107653487431 -0.001833885189945699736 -0.8289332663281681057 -0.1605152942831929996 0.9870285481373677339 -0.003079846432757216146 0.06823310548456237856 0.001315750237403621146 0.00333427506256702734 0.9999935756850015789 0.001299216156296134628
0.9860472780702922435 0.1664610556792548435 -0.001217522679466473932 -0.8699400004221485849 -0.1664636652625463009 0.9860444036135248558 -0.002506439816737515355 0.06155397218755895294 0.0007833068074794460444 0.00267414143710422705 0.9999961176915203032 0.002183409163863059277
0.9848693786618433199 0.1732982185253194585 0.0001855796616799758455 -0.9248915375248413229 -0.1732974813209068321 0.9848673870118272999 -0.00205254933167471924 0.06424318869757145167 -0.0005384744980297034639 0.001989332487010811792 0.9999978762984511604 2.775268251387075225e-05
0.983688112683468785 0.1798754416104219878 0.001588231961758011833 -0.965546084316821096 -0.1798708450793620739 0.9836865973725273937 -0.002675300030286739943 0.08150030243341599423 -0.002043543267530995283 0.002345984202073489195 0.9999951601326915185 0.002897143704938431874
0.9824100492396334872 0.1867238714624377682 0.002165869223710684913 -1.005509989030239915 -0.1867146568391723493 0.9824065381666633456 -0.003876941927524336483 0.08600788170746836991 -0.002851681691056204022 0.003404347170142312841 0.9999901391171599485 0.004704483181751761833
0.9813095142506922386 0.1924332465531155278 0.001040611670134720815 -1.062344749203527394 -0.1924237349017875465 0.9812935178057108354 -0.006011501362575465135 0.09688229980493401339 -0.002177958208903151525 0.005698905086534025374 0.9999813893161277889 0.001416669266085412993
0.9804004340542095131 0.1970121178635028947 -0.001101967220541597275 -1.091823947618425494 -0.1970145795711039094 0.9803679779501411895 -0.007992698913404511218 0.1113133924419641985 -0.0004943251630700669927 0.008053149080943707364 0.9999674506865039447 -0.006189565938911956167
0.9797490645427133771 0.2002197133804197171 -0.001958803736161577724 -1.101177321219291017 -0.2002289786697676044 0.9797180205588310598 -0.007807450452105884481 0.1208316562916674775 0.0003558698288736501401 0.008041551536587695365 0.9999676028780127846 -0.01019887288161847039
0.9794117167306329863 0.2018614626638557397 -0.002153841346111065678 -1.09880993719287634 -0.2018715069382883975 0.9793893380668431403 -0.006664769821876670962 0.1160407225347308002 0.0007640890672612687343 0.0069623528392513713 0.9999754706046217745 -0.01071517452467207754
0.9793256490311805784 0.2022762792317837344 -0.002362206675366491839 -1.09602817410233655 -0.2022876737747107134 0.9793041267893445312 -0.006566908060908453401 0.1062858954737211925 0.0009849890184549404005 0.006908986780346028887 0.9999756475526908606 -0.008989784739996120599
0.9793045195368583755 0.2023710899353510784 -0.002932572859405064951 -1.097390821249053516 -0.2023875177456448127 0.9792783870998225115 -0.007289252996253214011 0.103689353831275366 0.001396671147727392539 0.007731914532997674963 0.9999691329273761031 -0.00798981237913598541
0.9792413299884673572 0.2026643832292323033 -0.003683126820434965299 -1.096687096968589348 -0.2026871465484986201 0.9792146822023783947 -0.007518428867304510939 0.1177483530140721046 0.002082854111333587617 0.008108878737133990919 0.9999649532881764724 -0.007459526936285598708
0.9792392479419785856 0.2026686987517027916 -0.003986708758873281321 -1.109636639793327273 -0.2026937390254265614 0.9792139378965297736 -0.007437202321539154205 0.1241767891112663391 0.002396552667756862535 0.008090881300969597623 0.9999643964538775798 -0.006583208054394273923
0.9792022166706755293 0.2028468352011273956 -0.004022477661133528996 -1.10320825401510314 -0.2028718256367338379 0.9791780885327376893 -0.007300225304113095413 0.1194270069657916988 0.002457894389791181935 0.007964444174770752768 0.999965262588879078 -0.006265170348671578182
0.9790423317280163573 0.2036160175635366998 -0.004078000315273726424 -1.108853832588125865 -0.2036408851267013098 0.9790200234442688609 -0.007084037638180428267 0.1174565198904835295 0.002550020433702753896 0.007766020309143535638 0.9999665926042962116 -0.00665343991011091429
0.9789465637432009926 0.204071777747672739 -0.004281923950267674424 -1.110695872973629372 -0.2040982573618727036 0.9789246859408339274 -0.007096519339161507824 0.1176890550166327098 0.002743481742475771274 0.007821046426053402528 0.9999656516806231243 -0.008382738877692474944
0.9786373614570496038 0.2055469473780377754 -0.004400817473268422292 -1.1065565243366704 -0.20557436888095032 0.9786156565849906119 -0.007111647847968445048 0.1235922652697199475 0.002844931376756338129 0.007864419548130382326 0.999965028023964031 -0.009085564258482947686
0.9784962786370480226 0.2062084698765285218 -0.004806210054630053082 -1.12432774573775407 -0.206239101909600292 0.9784757394042740142 -0.007117600012765519513 0.1240608811442494575 0.003235050530741020308 0.007955773558499325965 0.9999631193776743476 -0.01109989978682712763
0.9782960089408403448 0.2071452374225642434 -0.005269678739574817049 -1.12825001359863708 -0.207180159367737704 0.9782757121900195196 -0.007280967833808636887 0.1271999857954522473 0.003646980913018439251 0.008214714641994778216 0.9999596081812492931 -0.01303866302921385945
0.9780326782691950438 0.2083528069434180396 -0.006417794539374990954 -1.134205966059727233 -0.208397296705059909 0.9780171250990525866 -0.007284897259940257067 0.1290776284888302539 0.004758884174139996377 0.008462318598694654539 0.9999528699823335698 -0.01738771878265810145
0.9772954091792059872 0.2117142229236727291 -0.008412551298455911777 -1.149199155046234155 -0.2117761346830269731 0.9772908938887231445 -0.007305989997768799586 0.1371422908414483277 0.006674727785003782554 0.008921688068809330296 0.999937923819160468 -0.02020270005004787262
0.9763937309491479422 0.215709297305629738 -0.0111705518770703182 -1.179546151203132442 -0.2157930442324219322 0.9764146261496453594 -0.006916638688022003212 0.1407719827042711314 0.00941510696558964244 0.00916389003705407601 0.99991368571557393 -0.02532940874912426032
0.9750763782331222096 0.2214510624888897383 -0.01361923435405927585 -1.216513243844323799 -0.2215470318130151051 0.9751313710269855495 -0.005976781945527198658 0.148362701214693693 0.01195697795773105129 0.008845119826935608776 0.999889391150213469 -0.0304404050156608097
0.9733978426895265601 0.2286662092988023809 -0.01443622466380032818 -1.254033735933757665 -0.2287671225228918581 0.9734641746244304672 -0.005753639166033551987 0.1541873090290656056 0.01273748467118903174 0.008903113515169026188 0.9998792382360259801 -0.03558264061407190315
0.9711473674110628895 0.2380039763666062791 -0.01506313429429786098 -1.312818272307958001 -0.2381322948275489682 0.971204798000996683 -0.007365493058890957949 0.1701516432699165526 0.01287637166575234665 0.01073999791690140489 0.9998594158675292443 -0.03725154737159563911
0.9687627300037361389 0.2474624199739975938 -0.01615932136732713478 -1.370240633354663728 -0.2476416590560927 0.9687979347457088553 -0.01020638624319967179 0.1726892191057617376 0.01312942013098334498 0.01388928773863432921 0.999817336324319017 -0.04095912129827350423
0.9658434835492663018 0.2585565515421489047 -0.01717192333553408529 -1.412248532440002036 -0.2587949349970110058 0.9658380944644169297 -0.01348913965858045648 0.1860368298235434148 0.0130975922819334227 0.01747240440606294756 0.9997615556532490899 -0.04231098659435128528
0.9623237644374810218 0.2713173739406084528 -0.01788449071582024277 -1.470307381558600301 -0.2716057808364507054 0.9622699596428454516 -0.01633476575836083355 0.2046115637400115483 0.01277780241280721679 0.02057686432535906634 0.9997066171740170981 -0.04708608643625056267
0.9581415877148172777 0.2856316672690652481 -0.01947430501941049136 -1.535967346324810912 -0.2859719185563130428 0.9580738970670306109 -0.01773328911605386374 0.2299564201630637239 0.01359263436949876419 0.02256010614095320041 0.9996530807752164183 -0.05463269888761501658
0.9543371480081414004 0.2978647031830292669 -0.02274261508528156034 -1.592212842861999711 -0.2982547977383994131 0.9543484367689455405 -0.01622149343305219482 0.2478340033563758427 0.01687256883151662737 0.02226386782400355605 0.9996097421556546792 -0.06759581032900086051
0.9507890570780223038 0.3087506295411538426 -0.02594643925671218793 -1.648689192537895476 -0.3091395890874247265 0.9509341754705384897 -0.01252630700344687167 0.2594606169269785823 0.02080585065141467987 0.01993094717658779741 0.9995848507884262935 -0.07028799556176190677
0.9461073145969639553 0.3225128819278871295 -0.02943450811743031012 -1.689370388724787064 -0.3229440520612741339 0.9463520507260030357 -0.01117744652000287296 0.2761835971448869942 0.02425053663311882782 0.02008076321429644664 0.9995042143105443699 -0.0795655542104267699
0.9414608343650899824 0.3355451846920254888 -0.03257186512854260557 -1.75568487564220499 -0.3360590288622807842 0.9417684605890552785 -0.01168313936416155198 0.2897539053632263162 0.02675493412904837373 0.02194528747768897253 0.9994011095953231338 -0.08687940339889521635
0.9368105531253065887 0.3480419414661632405 -0.03539483782745263263 -1.804988465607559878 -0.3486335626874651483 0.9371822372802188772 -0.01200387769134561057 0.3135623308530600672 0.02899356041095324174 0.02358518769205148607 0.999301312107402917 -0.08811284022735954569
0.9316578445682911491 0.3613713579270566578 -0.03774125508794506922 -1.854663870317357244 -0.3620075960985759678 0.9321051549091207145 -0.01142280805647013196 0.3399219959204461405 0.03105094276628938763 0.02430476974005323781 0.9992222561196257846 -0.09403044689436823589
0.9258994775854589854 0.3756457829544289084 -0.04000503926753010142 -1.904026559875627189 -0.3762941486203720265 0.9264478113208394205 -0.009857311893963254662 0.3577133509667324573 0.03335972343207659757 0.02418054210310499955 0.9991508545960355869 -0.104362735792383865
0.9202501788316173048 0.3889816294074352476 -0.04281238553332987473 -1.968837105479527949 -0.3896461744664979077 0.9209288545453447883 -0.008118101631174833716 0.3923152012885356421 0.03626936877478872251 0.02415236669843693479 0.999050146927435434 -0.1090262438298553738
0.9140107668091573823 0.4031305533014412079 -0.04549807867169222697 -2.035649302898387525 -0.4038025132366046543 0.9148245656732099107 -0.006288428190566777189 0.4214345471480259731 0.03908770252969833575 0.02411992956457045117 0.9989446333572553627 -0.1191385717805690803
0.907505690712378521 0.4172631365207801202 -0.04821717781373585643 -2.096557845233570916 -0.4179443006578466013 0.9084612536679025352 -0.004551056591529905292 0.4586573471132115443 0.04190444966325805598 0.02428220439292659225 0.9988265072839601633 -0.1281917463510735544
0.9005213246903059909 0.4317588162251890793 -0.05143606128401923688 -2.170759029532105089 -0.4324272795303171213 0.9016663872242568489 -0.00209142347395797467 0.4885462846527320324 0.04547517703417307267 0.02412572746366645898 0.9986740997709434575 -0.1357290823720755935
0.8930744481581740501 0.4466362754443010674 -0.0541670334663527861 -2.234477517088622189 -0.447244086614830505 0.894411382947594702 0.001002509786546345368 0.5144808478093652049 0.04889536855686237027 0.02333056950782044087 0.9985313853183409583 -0.1419624933912337905
0.8849747528083417025 0.4621166792839369042 -0.05716521345554816114 -2.302421976211630028 -0.4626584625819292196 0.8865268439065958628 0.00415956948015394623 0.5407963558662929326 0.05260070270873514614 0.02276685577221872203 0.998356066921443186 -0.1517596660976655576
0.8761298565666442162 0.4783321666454491972 -0.05995675770469340027 -2.366733757516995329 -0.47881198948930348 0.8778893543351964368 0.007025685027255700564 0.5803619460658130391 0.05599601045846605563 0.02255260199810073252 0.9981762504499380739 -0.1550172316386608795
0.8667877685253589926 0.4946288376152084831 -0.06341354227196137339 -2.432014008206673239 -0.4951134065359724667 0.8687824140776179149 0.008934855440250386721 0.6179493614718544192 0.05951200750927548161 0.02365227149816424845 0.9979473388020256852 -0.1658648944130981517
0.8569741027235185937 0.5109586142826465505 -0.06720626280532293606 -2.512792567229387597 -0.5114837340592692794 0.859229406250139105 0.01045070389376007158 0.6483427321707873059 0.06308547447529722074 0.02541892763127758317 0.9976843694453511047 -0.1752518350335263708
0.8458787838365466882 0.5285921112722484771 -0.07127035122680977497 -2.58016105467252288 -0.5291770436930750554 0.848427165611552625 0.01195830526742187698 0.6745524695925797509 0.06678876792168454701 0.02759935701944661243 0.9973853497917999356 -0.1846199585876288074
0.8336604745460848287 0.5471133867167243814 -0.07534689948680937943 -2.647060309260504951 -0.5478243954864943088 0.836496542169822499 0.01272661119058595205 0.7397901117550511607 0.06999032024425808074 0.03066719690815212021 0.9970761646504100462 -0.1957885249743983591
0.8203148631097462173 0.5664042283091484942 -0.07918191410477364023 -2.729577302170126174 -0.5671924273045920728 0.8234605227382965076 0.01433589498083736279 0.807197649930706973 0.07332309192511746176 0.03315143429934645086 0.9967570950853037459 -0.2096173686837634609
0.8054201427522607037 0.5868747414032567944 -0.08292425192571573067 -2.809809779140649777 -0.587584530776966818 0.8089591514272505002 0.01815242405575974785 0.8586528693703059378 0.07773553165622679173 0.03410467965084570952 0.9963905147847408328 -0.2154431613544409707
0.7891164216735130355 0.6080420800734573916 -0.08706378069979264778 -2.899639144199341434 -0.6087073507351177248 0.7930962458647347058 0.02176478674839436508 0.9132345438851552366 0.08228386384369525131 0.03582141262356501599 0.9959649552861249422 -0.2207155719507227776
0.7712063154195440973 0.6297690791594681148 -0.09290708258754618032 -2.987960490808309721 -0.6310408012880557305 0.7755239618268923163 0.01871073833614284032 0.9845998225010178517 0.08383511323674658344 0.04419832023493567436 0.9954989614694110811 -0.2378023762452143863
0.7516477891826611746 0.6519266833327351796 -0.1000859659358205034 -3.081450854310245902 -0.6542924859665170123 0.7561529568976125271 0.01157793467846213002 1.066067586177816606 0.08322826365693836159 0.05678296642072409861 0.9949114286521889561 -0.2527574492998366784
0.7305241670283957323 0.6740996536916535886 -0.1091975195694052936 -3.195934524068043903 -0.6778416792834951465 0.7351979844385729823 0.00381857226865625881 1.151116975139079068 0.08285589455450149965 0.07122907067324013575 0.994012736456717394 -0.2693022047165032351
0.706650304115354122 0.6976751966451918419 -0.1178756449721699295 -3.281686890193833861 -0.7026319547725221604 0.7115531257822023115 -0.0006966453058354652112 1.262373217032260353 0.0833887515020012432 0.08331547942263616002 0.9930281199548778304 -0.2769898412620688255
0.6797616104370528545 0.7230715331166944759 -0.1228483250523601106 -3.391960273988057217 -0.7287249101948957142 0.6848046787688847337 -0.001599122347523548263 1.368905269768101451 0.08297082794827199959 0.09060965658030617487 0.9924241693215194449 -0.2915208360445247227
0.6511843902592013844 0.748129712690197568 -0.1275179315492425414 -3.507480098364079701 -0.7544601988303593076 0.6563425505233482227 -0.002065127161975496319 1.49772651176337579 0.08215046146294004148 0.09755198251773045115 0.9918341153628915663 -0.306723268141650518
0.6179405161166926508 0.7752776170420881963 -0.130744541172312656 -3.622558046505543139 -0.7821022849134813271 0.623148561621266861 -0.001373346972979561618 1.614502739767266659 0.0804085476276636818 0.1031042510811076007 0.9914151395286346924 -0.3139330507186436359
0.5830701543298228984 0.8021757507890572292 -0.1286206047449140466 -3.727827778184962693 -0.8089101060187009473 0.5879323078149044646 -0.0002044762582483443522 1.768220828068460593 0.07545618311121776722 0.1041617309751127346 0.9916938530812474673 -0.3337908078152225233
0.5474456845094186619 0.8276838918596599592 -0.1234609154954340871 -3.871860208560959915 -0.8339671000505989307 0.5518123576942894903 0.001413483036912884959 1.936078119640807449 0.06929717603272374238 0.1021885364263789286 0.9923484289425678062 -0.3426680209199617355
0.5078708009804728807 0.8533045914082800776 -0.1180615253895126865 -3.982520629872771334 -0.8591701745880717667 0.5116846386510673916 0.002332739908380390345 2.107653620384274173 0.06240080666321448644 0.1002502108434927819 0.9930035420685403569 -0.353766634972708327
0.4666995942343776793 0.8770158722787136929 -0.1141693850998269089 -4.098479358435554332 -0.8827314897123952342 0.469876615633922412 0.001040751184813060387 2.299288646497603228 0.05455827962162210221 0.1002951931796898788 0.9934607533042749683 -0.3558877177777188816
0.425425274564752931 0.8981023184980494456 -0.1114700015623778101 -4.212560840946926177 -0.9038018544784041097 0.4279488175642645609 -0.001420353201732138223 2.491861910970841087 0.04642783289513968681 0.1013510482267435675 0.9937667841909115785 -0.3626699623616990165
0.3841312497162078787 0.9168658633298427674 -0.1086285948875169299 -4.301767780615571191 -0.9224650138942108724 0.3860650236770535315 -0.00347788079347929836 2.68199220135908778 0.03874895091960644383 0.1015420409316177691 0.9940763213809582499 -0.3677199093211566128
0.3417577767065096417 0.9337190754424915529 -0.1066316565924385201 -4.373582930232846167 -0.9392406400488995111 0.3432251763904453079 -0.004847514481641301311 2.872408719825441548 0.03207245244385761168 0.1018094611018279805 0.9942867752453607988 -0.3707654060214989888
0.300536309682363445 0.9482267121985399339 -0.1026841214837064253 -4.451404757120103639 -0.9534032964191871962 0.3016611751092502236 -0.004763385007800582417 3.077101074951057669 0.02645904389038833057 0.09933095000614862446 0.9947026095120381495 -0.3677413716880145733
0.2629411674833406765 0.9599335605396221993 -0.09689944147827693477 -4.507389810046002587 -0.9645778211424850257 0.2637602812887388515 -0.004487873185736224874 3.252043208967734245 0.02125016390008976214 0.09464709868730215858 0.9952840585714642918 -0.3707975239482765861
0.2284642968833793253 0.9692203544438739993 -0.09173859354405004829 -4.544090083624058529 -0.9734192235444322217 0.228974569337756062 -0.005065754136398169238 3.417978018847080079 0.01609597297617442954 0.09045745439451430281 0.9957702388603620891 -0.3711692010415119647
0.1982912852018075822 0.9760673332828857518 -0.0892923685042151527 -4.60305757262472337 -0.9800747526130763054 0.1985290609014665475 -0.006300103560721794123 3.564838162559164303 0.01157780483197277596 0.08876245154439559026 0.995985532842813881 -0.3735817807034149673
0.1730370557429960487 0.9809223981562799066 -0.0885969869431440793 -4.627355426554256468 -0.9848779013998982812 0.173113057520623892 -0.006883944290184997906 3.698085747277322533 0.008584680205473531334 0.08844839196288475924 0.9960437667219634861 -0.3744135403111773508
0.1541434558177026959 0.9840770037015239557 -0.08849997612079822662 -4.631246801249083056 -0.9880220338304251948 0.1541750855171707679 -0.006519487082758392178 3.800990185697582735 0.007228814124239928314 0.08844486260979585179 0.9960548431310685125 -0.3749840757416520454
0.1412436150624095388 0.9859900110047133959 -0.08873522052221559375 -4.636747969491807453 -0.9899537798409491218 0.1412571452044860676 -0.00615895678872090558 3.876553940344556803 0.006461814110538368142 0.08871368022258620256 0.9960362081271132428 -0.3751951907358642702
0.1318284551949746863 0.9872623356357808078 -0.08907490664241997369 -4.647527988780272956 -0.9912579303957070875 0.1317811521802788599 -0.006437654840927174368 3.919949897513237858 0.005382739726341313584 0.08914487364093628963 0.9960041253011556739 -0.3778580077109712221
0.1272419207019285792 0.9878153046138143933 -0.08961259701604355754 -4.654557703632381305 -0.9918608538451987311 0.1271429086490842852 -0.006835746654084456052 3.956270340440442457 0.00464115112605626573 0.08975302046485260365 0.9959532393812009499 -0.3790465607631545719
0.1259036197047136985 0.9878207146353182866 -0.09142491038922627433 -4.659336409120174771 -0.9920296256254034217 0.1258353102887745101 -0.006534264205759076141 3.957533995590756692 0.00504980048293113791 0.09151890708132442986 0.9957905347822921804 -0.3809359016368983886
0.1237234131688428468 0.9878483374239670489 -0.09406476088022963644 -4.654520887707396248 -0.992291906546160174 0.1238338639756178666 -0.004684696197175735287 3.940604026748429245 0.007020633507533347029 0.09391930745520828128 0.9955550584436722028 -0.3785044600610099064
0.1226394314494187177 0.9878634883661315813 -0.09531683043241540032 -4.658381437121675184 -0.9924118555524283902 0.1229238516563973677 -0.002904426865216334225 3.94207450484979649 0.008847534723244164859 0.09494974975363100478 0.9954427488066552865 -0.3789998719655782722
0.1223752877300299108 0.9878159693006540731 -0.09614520115117790311 -4.649632993171754158 -0.9924433288916953977 0.1226706425941119782 -0.002855245419400377887 3.944050747822988701 0.008973736639624424125 0.09576807490652204657 0.9953632240946698184 -0.3812604426568170224
0.1212230859266872629 0.9879952558802329587 -0.0957618804811725538 -4.642510908779884815 -0.9925919238566869307 0.1214445810589559333 -0.003533619752139585853 3.940580179196912614 0.008138561958943073271 0.09548082540911294325 0.9953979986864809337 -0.3819956579331560409
0.1202264093891321356 0.988170274062109999 -0.09521092322877726388 -4.639111472924557944 -0.9927168435983165784 0.1204099250460974185 -0.003836460524884593992 3.94587676483179628 0.007673263934976685095 0.0949787309967529414 0.9954497283536704044 -0.3787266486136267041
0.1199971138196789244 0.9882442457018918436 -0.09473121697042616307 -4.633073546515104724 -0.9927452418275135582 0.1201754029957955577 -0.003841534383325891609 3.960515393519580929 0.007587987980449531489 0.09450493787790761879 0.9954954742014956448 -0.3762910418159669534
0.1199325401202562952 0.988222823859310151 -0.0950359730864112906 -4.636137836120567179 -0.9927542643047991833 0.1200945339427678255 -0.004034063029151426991 3.968924828697258267 0.007426747791063131703 0.09483118290930919736 0.9954656649858930617 -0.3776218660566402763
0.1203132126540016472 0.9881436831562721013 -0.09537710551227421285 -4.646800888013835618 -0.992710321280623198 0.120444346945336081 -0.0044019716792506507 3.966984969964041596 0.007137852732415608283 0.09521145234994882189 0.9954314795104096669 -0.3777661077539167245
0.1217240482557499504 0.9880253918085625253 -0.09481076507724782443 -4.638535335179906127 -0.992545995419952698 0.1217402925097662431 -0.005634553959658426987 3.951138865014653057 0.00597520794357247944 0.09478990585750117492 0.9954793672587700648 -0.3744564302124977484
0.1244712557869512709 0.9877663882819398555 -0.09393864284851086155 -4.640596969655109483 -0.9922176581513104665 0.1242282945034631353 -0.008452794833112717288 3.920032780088464897 0.003320450819341994389 0.09425971014409642579 0.9955421044084264981 -0.370130611817172217
0.1276763831272168803 0.9874194274621577172 -0.09328244968385003555 -4.643695588830092369 -0.9918158621690105203 0.1270922344311625207 -0.01220080081152157166 3.883010280746129972 -0.000191832735037035431 0.09407676731645651935 0.9955649275919272734 -0.3673954699438005678
0.1326013562030514681 0.9867774895426373316 -0.09320443349181158077 -4.617928967381485172 -0.9911646921482091255 0.1317217631142655609 -0.0155541056973165677 3.809681370074868401 -0.00307138900940670664 0.09444343907782887237 0.9955254910769436583 -0.3670547283258566162
0.1381422652705087684 0.9859279543515345745 -0.09414235673690328488 -4.611104669754663377 -0.9904070075570003961 0.1372024722902737415 -0.01641465876360166665 3.729627922101615756 -0.003267106791862472385 0.095506807904464322 0.9954234152642591482 -0.364832590375835486
0.1434930556212776764 0.9850844985004963972 -0.09496459214197373877 -4.598786273906743993 -0.9896505927697254457 0.142714142888376555 -0.01497924205282450023 3.631937455534102188 -0.001203028720758495939 0.09613118205762434532 0.9953679463181409615 -0.3599998189191045972
0.1493212220078191654 0.9841418385610032349 -0.09574974783486216168 -4.584629539716468472 -0.9887887163729480733 0.1486407218453263956 -0.01424114548065792338 3.507427083573314786 0.0002170045902907219535 0.0968027754398220891 0.9953035595112738054 -0.3626124642869180681
0.1546531991791832428 0.9832625428051724459 -0.0963180141971538839 -4.554368066067027598 -0.9879680924947840115 0.1540346414679406861 -0.01387002095739299848 3.365276959955738167 0.001198438760297895192 0.09730416781223305556 0.9952539689298788295 -0.3606096795277334843
0.1587409984365895921 0.982485238747904277 -0.09759124457155129995 -4.539672965780703784 -0.9873190535297242665 0.1581179460378134005 -0.01413512359188991152 3.214544773679187006 0.001543376917680813016 0.09859751879439566935 0.9951261966580307039 -0.3607889908239012566
0.161660277839698191 0.9818940593032942088 -0.09874214314603833864 -4.506235681247117597 -0.9868453943141127782 0.1609965339601734657 -0.01470659085837088334 3.059081538921027743 0.001456828657401855681 0.09982070069179489746 0.9950043745448757804 -0.357376499216523813
0.1640963405535771913 0.9813766325474698737 -0.09986138425961824105 -4.479632644060144386 -0.9864439780224624199 0.1633372263345102826 -0.01578698062788971151 2.867854732714892663 0.0008181076876272568845 0.1010982468284332692 0.9948761104719103798 -0.3562580271593788206
0.1655577279309614347 0.9809981989684628534 -0.1011591434453179561 -4.441293730539872975 -0.9861999927240314712 0.1647324614634262663 -0.01651637163753282359 2.657767252810296466 0.0004616639207482675753 0.1024975594307649257 0.9947331487272317307 -0.3552004374916915008
0.1659158793402250864 0.9807918006377961406 -0.1025639544092359218 -4.397091279287710819 -0.9861397970111791533 0.1650657226535550692 -0.01678117982625641075 2.432585197423761336 0.0004709497255464848374 0.1039266613280095675 0.9945848517201477668 -0.3510035429793536554
0.1650368428229081474 0.9808731598487554493 -0.1032021548172771946 -4.348558843511298733 -0.9862872976827418148 0.1641791214778925423 -0.01681019158865337815 2.196864800688842934 0.0004549734227681864621 0.1045612752757501124 0.9945183420689153175 -0.351161325116935652
0.162989299845255009 0.9811686258734731991 -0.1036465903777695208 -4.302296307911302797 -0.9866274234285175027 0.1621835336979851883 -0.01621199484813944103 1.936829205114290575 0.00090306962698898281 0.1049029500398853815 0.9944820539043625063 -0.3495463128308898826
0.1592344803743996617 0.9816972623649314889 -0.1044742326330173748 -4.251051723433503682 -0.9872398219823643739 0.1584885012297232443 -0.01545732549020199451 1.651475430839351333 0.001383550481739729589 0.1056024619576465262 0.9944074646824913044 -0.3496476122093301608
0.1536659555945148747 0.9825068630563195127 -0.1051999909564784036 -4.209755748332168146 -0.9881218256158689206 0.1529460203143805375 -0.01492557044330696664 1.350729436987170962 0.001425444610479857308 0.106243959102448271 0.9943390715754912845 -0.3509429987749405067
0.1479955480326279049 0.9832419365773041875 -0.1064547409777432257 -4.174052025452455794 -0.9889870859411358239 0.1472840457423901517 -0.01455863157440942871 1.036525630782138219 0.001364427889035477919 0.1074369766613466198 0.994210960703057034 -0.3512926375967481141
0.1432642642435163483 0.9839490152300585102 -0.1063940128797513512 -4.118653564542176682 -0.9896839819355782719 0.1425407349859134087 -0.01441370223340941378 0.7207428770672439367 0.0009831327283811701085 0.10736141870507733 0.9942195729431789752 -0.3463734032509269145
0.1408983870639735902 0.9844275322571542919 -0.1051193522373935485 -4.069541642828178318 -0.990023848840499765 0.1401716471456880553 -0.01430692510430873511 0.393127843867228044 0.0006506218282667477126 0.1060864882994067421 0.9943566933908349892 -0.3448642180646684929
0.1393934062691256637 0.9846791902551842446 -0.1047681751532341804 -4.028259306926250893 -0.9902366582623530755 0.1387088401613215116 -0.01382817186040574686 0.03521478432595737118 0.0009159590440692682439 0.1056728435727788129 0.9944005285346178002 -0.3421593797226357703
0.1378492540429245294 0.984817168928810216 -0.1055117382123937492 -3.984966285855922941 -0.9904524635342999428 0.1371964936620123088 -0.013455097482116209 -0.3276380485126564324 0.001225029565990494581 0.1063591361338997177 0.9943270254112064332 -0.3401468352934147177
0.1365281539527690435 0.9847598543962966522 -0.1077408571772202894 -3.926399025815403565 -0.9906349717669420407 0.1358887639071205411 -0.01328896530038999046 -0.708130124582295517 0.001554332423013061711 0.1085461788468633365 0.9940901926425819157 -0.3443402495216159043
0.1337792238140433632 0.9848991218146556648 -0.1098946726729340961 -3.873429387335839191 -0.9910098084554677111 0.1331371076302321765 -0.01319356508929856245 -1.086952391117292471 0.001636728246999938786 0.1106717233513026671 0.9938556689835741365 -0.3418773179475045332
0.1311247136829502002 0.9852052708954316396 -0.1103489176145817652 -3.799377086769835987 -0.9913653863542916111 0.1304209705949810061 -0.01360298536266579296 -1.474908822460349711 0.0009900801137646460942 0.1111797848440415071 0.9937998164534983525 -0.3353646621057864152
0.1293968914885154087 0.9854639197727548261 -0.1100786412361835498 -3.743345719859777265 -0.9915922050406420496 0.1284672498298770338 -0.01552625734880601176 -1.871792151548631544 -0.001159066068047306984 0.1111621719669397129 0.9938016039878330155 -0.335764103678246606
0.1262556748936596585 0.9859917996612095337 -0.1089939242112987899 -3.692299529765406874 -0.9919926159840074531 0.1251376804355382732 -0.01706490000920187627 -2.271330364294083637 -0.003186604559891975663 0.1102757084106278235 0.993895926988849987 -0.3339277714466560854
0.1237859749355724598 0.9864352185716076526 -0.1078081255178176129 -3.634394877699755444 -0.9923000938082949807 0.1225934102152187455 -0.01764595262427635924 -2.704895985473563691 -0.004190023323725616811 0.1091623344521400751 0.9940151047345855417 -0.3296082647190817783
0.1206000011766199809 0.9869508869492285008 -0.1066938912167096076 -3.58561689816095841 -0.9926886583748605331 0.1193599992835117779 -0.0179560059425128149 -3.156377294304938186 -0.004986713157723178524 0.1080793100047609534 0.9941297679074380111 -0.3289409321858409729
0.1169650228377397683 0.9875434594218819306 -0.1052477987515040847 -3.539526792239796382 -0.9931167139042110792 0.1156430665181522599 -0.01859768198413965304 -3.625270676074738851 -0.006194840957635742475 0.106698626278013714 0.9942721091807227296 -0.3309731439121607055
0.1138188543259857632 0.9879805515229393986 -0.1045930120445910244 -3.494605727345596602 -0.9934774218453448213 0.1124503686486930804 -0.01890838225181110804 -4.129288575777057879 -0.006919591108593261229 0.1060629262924119992 0.9943353432941465231 -0.3300661950845203974
0.1109161102177977781 0.9882693196189149543 -0.1049827050049075561 -3.438171003598329278 -0.9938083931175474284 0.1096002827337713703 -0.01823885520025732287 -4.644595164068736182 -0.006518766814054287144 0.1063556761779351073 0.9943067815431571033 -0.3251925820321606153
0.1078442673051702438 0.9886994361952085031 -0.1041299132455430487 -3.368909816446341576 -0.9941479010536858896 0.1065862381908586204 -0.01758762929577597708 -5.174732479425342646 -0.006290063377973728956 0.105417259623270726 0.9944081840346103984 -0.3269422526120836503
0.1053435576316659184 0.9891496920619116118 -0.1023993238015445256 -3.297929075209111272 -0.9944177464163969082 0.1041596784305613282 -0.01685547527805140999 -5.718516757719196875 -0.006006707487285256435 0.1036033204790176021 0.9946005587419142202 -0.3282086139802884439
0.1034903595843314761 0.9896365605495101025 -0.09954508251248665729 -3.235453172124603594 -0.9946161288750445806 0.1024320712520365301 -0.01569799369693033672 -6.283724313761329228 -0.005338699450145095379 0.1006337355680852336 0.9949092167392697972 -0.326878886301419147
