1.000000000000000222 -3.288104128200433695e-19 2.199307547639937647e-18 0 -5.681318425110126656e-19 1.000000000000000222 -1.273613892030353574e-19 0 -2.923285529664562976e-19 -6.024150353257425012e-22 1 -1.11022302462515654e-16
0.9999998180535886183 0.0005820533575225225655 -0.0001584509340750529034 0.03465307361186820145 -0.0005820579911147063384 0.9999998301779430276 -2.919833151187868921e-05 -2.439982477026036989e-05 0.0001584339121803776792 2.929055380208380407e-05 0.9999999870203883923 -0.001279779064342068118
0.9999905955332915042 0.004326595168318829281 -0.00029903088423293198 0.1395430652689815254 -0.004326655001672497641 0.9999906200373444021 -0.0001997336801456569243 0.009675286227288359964 0.0002981639125680235329 0.0002010256049797551423 0.9999999353435087279 -0.002878662612405991084
0.9999690831003260616 0.007862472190476272466 -0.0001198959674236309129 0.1993413888174205839 -0.007862467570309292567 0.9999690895648953859 3.896088868378020341e-05 0.001231354346755419993 0.0001201985902970444163 -3.801700642035038828e-05 0.9999999920535097564 -0.007157415426223834309
0.9998995812531951133 0.01410726343527008049 0.001346302015468087056 0.2730703219602370613 -0.01410751415447563002 0.999900468419429922 0.0001769126225740637976 0.003537454827955532899 -0.001343672262912162926 -0.0001958878328066494378 0.9999990780859016049 -0.002246336957652306232
0.9997584767461735744 0.02171989472552803349 0.003351768049468098216 0.3648798411128130192 -0.02172465900954631199 0.9997630232143074336 0.001391618810438662425 -0.01328999166189498427 -0.003320747944190154642 -0.001464098721354116462 0.9999934145021378562 5.804777284179607477e-05
0.9994704916839627362 0.03209259900233586704 0.005366688452369882539 0.4822221344646089314 -0.03210917618188446898 0.9994797692129566702 0.003031787738111787599 -0.009369255702592282908 -0.005266598587698303156 -0.003202502328145176262 0.999981003278336944 0.00226516734404336173
0.9990461334424201034 0.04321210854588205391 0.006287840027125811415 0.6247266008429580575 -0.04324146288171495933 0.9990540153302036597 0.004609808858272049746 -0.01140005496489407411 -0.006082692266138303022 -0.004877307119294227271 0.9999696059027788353 0.004292812411953783602
0.9984853919947017653 0.05474362305823112645 0.005482491375526369476 0.7945713284942522714 -0.05476884048860536369 0.9984886474478441576 0.004560156343200894025 -0.03591574648367396039 -0.005224565918260659809 -0.004853519192544454922 0.9999745733076468301 0.002873123010483369377
0.9976161973635684355 0.06884814836238033198 0.004674957721370574804 0.9744082493497274733 -0.06885094748732861758 0.9976268606938839545 0.0004402816386249817221 -0.04313419677281646325 -0.004633550819683809711 -0.000761107366705183596 0.9999889754001533015 -0.002172654632969783783
0.996475440350124364 0.08376971861399040709 0.004396706488537321933 1.192735366410635045 -0.083754483624161713 0.9964801251053690967 -0.00354213745928150291 -0.05180238372115442136 -0.004677954489614276866 0.003161409097823020958 0.9999840609898635879 -0.0061967877355585399
0.9951403523453087319 0.09836132846043357802 0.004552823735124199474 1.420715021080449336 -0.09833696098271879626 0.9951390699232546266 -0.00529845365414405127 -0.06849061008258514049 -0.005051855716969479507 0.00482499418023195608 0.9999755987944928259 -0.006040368572775789424
0.993647274306824313 0.1124121811307257496 0.005347504399309464286 1.657449501034671702 -0.112393783438670597 0.993657129702007258 -0.003625745455732204674 -0.09734602009903289832 -0.00572116382681612471 0.003001685831268933059 0.999979128865191691 -0.005495937728104860476
0.992018796426256344 0.12591568918982321 0.006629235321344964342 1.905915051217843992 -0.1259206426185298655 0.9920402615360430776 0.0003335366405709226396 -0.1257738364144559695 -0.006534470845457897824 -0.001165632195796196093 0.9999779707531598616 -0.003642052628264558223
0.990291862535834011 0.1388623643755434178 0.006266638974770711787 2.175916176601894847 -0.1388837677057440101 0.990303779561262032 0.003118212068340729757 -0.1769817791310199506 -0.005772873960867780721 -0.003958274476483010507 0.9999755026943094594 0.002275044970895478968
0.9883054218328809482 0.1524345826294765949 0.004011384225667276315 2.464748218512895939 -0.1524557646214805828 0.9882941653359199607 0.005646466853233682651 -0.2220512251755263067 -0.003103710806445736121 -0.006191992463002355535 0.9999760128164092432 0.003982452734749730716
0.9858815847305580915 0.1674418064998127176 -0.0008615883509231416111 2.774158949876001756 -0.1674412444831748781 0.9858818164929258332 0.0006881461923525749973 -0.2555270692004329991 0.000964648730975278812 -0.0005341652424046692193 0.9999993920600296349 -0.001610580550061802008
0.9836970891894544211 0.1796336256486472105 -0.00847332670491016994 3.086977169414633959 -0.1796860387525303637 0.9837063908596006545 -0.005887618332551821862 -0.3035972208049159127 0.007277651405221612774 0.00731417151625474854 0.9999467679261212494 -0.008734423099605037599
0.9815282015740107724 0.1907274334493894719 -0.01501451475650463288 3.40872549548740178 -0.1908836010983847031 0.9815642445591052923 -0.009751134532004450753 -0.3594620236810825986 0.01287790197341997026 0.01243703817484179304 0.9998397270181301755 -0.01835936921311098757
0.9797718107004891319 0.1993820021745251747 -0.01714689984697414377 3.771619444876229021 -0.1995712771302703137 0.9798309783264725903 -0.01012715388808353018 -0.4255115400672776493 0.01478189143545537154 0.01334432859184601222 0.9998016926279587047 -0.02578857426155123367
0.9784500613382908218 0.2058531650137069013 -0.0161230248437978195 4.137748576984880522 -0.2059884981953059857 0.978527771608366681 -0.00722071960262729573 -0.4937329728480587265 0.01429041958976339823 0.01038627120020781981 0.9998439424630987116 -0.02061501708681057199
0.9778171081848336943 0.2090672709681034303 -0.01282884097164656116 4.503844597487986157 -0.2091144318345829478 0.977888140491949498 -0.002437021263477568041 -0.5761120553617771201 0.01203567005911652076 0.0050656568635312621 0.9999147372492070973 -0.01865576333847596135
0.9775935669943851547 0.210306596873434698 -0.009052794753978543954 4.887290244630054126 -0.2103336536908817778 0.9776273240846685697 -0.002137596075491389903 -0.6859832098475844298 0.008400708956224071933 0.003993807557031997177 0.9999567378597912226 -0.007434538350389208183
0.9768780153055632853 0.2136767800048317567 -0.007181706616152985778 5.278089100089545127 -0.2137208537693481292 0.9768760088719077306 -0.006054745530581487865 -0.7687745515038892918 0.005721878369052853935 0.007449628254230098584 0.9999558806004728018 -0.0009881143083835253194
0.9765258481609644381 0.2151980040692246521 -0.009332037743192179297 5.703493625441288906 -0.2153321765236095031 0.9763897561558056992 -0.0171784113546285741 -0.8430752920905136838 0.005414946221999733175 0.0187846507036623471 0.9998088893663568122 0.004709274586295331133
0.976377688789264564 0.2157871539035103869 -0.01106856155490179051 6.164057195092592423 -0.2160048448548347322 0.9760639503301178355 -0.02531939680257905625 -0.9552646696935909176 0.005340023343521087609 0.02711215703945805966 0.9996181346354107156 0.0130541985171532815
0.9763210827070196718 0.216011875318661617 -0.01166246942926437921 6.640157982993463825 -0.2162475098128854578 0.9760018996387744838 -0.02563798725469257009 -1.035118849281239095 0.005844482613527395357 0.02755288743364159645 0.9996032615081479333 0.01615574364497418536
0.9771233217429964313 0.2123737598679955041 -0.01128717127731836654 7.1402724087468874 -0.2125566389365353137 0.9769691876408617137 -0.0187318347621521393 -1.135926876877003 0.007049068378000291138 0.02070247578193371019 0.9997608304651279809 0.01552938726805674907
0.9786389635207908277 0.205293763754943237 -0.01096584023299191496 7.617306496054938592 -0.2054191456901998947 0.978601951815115112 -0.01188252821830925593 -1.287756504124488499 0.008291783716223005002 0.01388129861982210882 0.9998692693909511098 0.01321099132401626353
0.9795973863468725451 0.2006883847834148304 -0.01063639436009689021 8.146084780643189305 -0.2008011463664862439 0.979571719867750379 -0.01086946377256809045 -1.408224437589664202 0.008237735990225694346 0.01278349847144719977 0.999884354249801488 0.02196793533018381872
0.9802656078167973908 0.197414647253624842 -0.01033417586329923692 8.713545887676707125 -0.1975646560930778284 0.9801529869591463218 -0.01638074502584325326 -1.517773509511945118 0.006895274340972868711 0.01809914886766915768 0.9998124204083648214 0.03569875068334593671
0.9815342306521837035 0.1908923491192009714 -0.01227457187724760243 9.279077195659906963 -0.1911265491491386526 0.9813161432148823637 -0.02211943187133288274 -1.614153900653732876 0.007822805225026031178 0.02405697609752420821 0.9996799816042950537 0.04018315323302257269
0.9827650258740219247 0.1842368550547641148 -0.01515536758856459928 9.86490033267055999 -0.1845071166615502023 0.9826486677310366513 -0.0189398969890366628 -1.716317164239171467 0.01140297471531112605 0.02140974151888684965 0.9997057542782572526 0.04191070420470055513
0.9838352287086364889 0.1781123207494620941 -0.01855381245988881392 10.46736881119248963 -0.1783634549145590165 0.983880321143421388 -0.01288377305309848855 -1.823422745740119977 0.01595997224446674134 0.01598483188999919036 0.9997448496677788787 0.04593506595342911059
0.9850945850819640137 0.1708958356591915584 -0.01957732882271057823 11.08617724046611031 -0.1710581135439885603 0.9852365981879106505 -0.006925848143646605969 -1.9579312501264452 0.0181047022459546389 0.01017147643034420346 0.9997843571620316228 0.05859703542724137293
0.9864121013855114972 0.1629355204351393416 -0.02105189843010491987 11.72072846214458686 -0.1630660316745323468 0.986604304689379874 -0.004627663907996281203 -2.088578456858415144 0.02001588278683286148 0.007997633207135604327 0.9997676741631762454 0.06924587541540361268
0.9877497726402839628 0.1543521280730488499 -0.02293048657432364412 12.37433542729393565 -0.154481437939069377 0.9879877210362164597 -0.003968426043736872355 -2.182818930219703635 0.02204250416881009533 0.007462146452599524929 0.9997291855211677403 0.08104302614525304982
0.9893677412927944781 0.1432566114292053161 -0.02508018692882383466 13.058216834706311 -0.1433486524578456989 0.9896704231306225896 -0.001901949209364020479 -2.292942996995247729 0.02454865241196391851 0.005476938185297686688 0.999683633363916524 0.0910625308959501778
0.9912555198391851397 0.1290215525679560271 -0.02767550118184798277 13.75774343577798042 -0.1290129605624079911 0.9916406768803347482 0.002103320163241537578 -2.39831781582368242 0.02771552635847490328 0.001485570614189214754 0.9996147471310048438 0.1077127814527601979
0.9934392786352580496 0.1102489744837454044 -0.03039018415579716401 14.46416200133344887 -0.1101515346385305572 0.9939028878335485206 0.004867131222186693758 -2.492324282333560959 0.03074148802040420347 -0.001487673912878644108 0.999526261658048365 0.1223544654321637726
0.9953364870012052501 0.09056227713475104024 -0.03322275735035679772 15.17267976227006976 -0.09043657579365982357 0.9958882729286984148 0.005270066063096585582 -2.556409324693007967 0.0335634236229740146 -0.00224093663225739901 0.99943407726649236 0.1448908325024893529
0.9969777021700968467 0.06962874591477249964 -0.03445720705942736245 15.89425978431108177 -0.06955079677203228339 0.9975724208844475305 0.003457131009640007982 -2.644739168122501649 0.03461427515984925873 -0.001050156327350274931 0.9994001946821805538 0.1661877312703494702
0.9981680758600655068 0.04955274313273187042 -0.03471336890867617736 16.6314329209146301 -0.04942789508802337278 0.998767798767632442 0.004446046436216312576 -2.68661892837231786 0.03489090884959237387 -0.002722092861387680109 0.9993874197197312181 0.1842835317571676068
0.9989366699478685607 0.02963584125597229849 -0.03531637501758182196 17.40169110483188319 -0.02948450452337627453 0.9995537200211133122 0.004798414642331366893 -2.730376541185288275 0.03544281908086316379 -0.003752026525209529832 0.9993646626114873754 0.2062311968030297038
0.9993267093380232557 0.0108198543957660695 -0.03505793421185703779 18.1363028434376794 -0.01063431744085674771 0.9999284682750567699 0.005474452025727678112 -2.758771050019710458 0.03511465923084388513 -0.005097948926258429048 0.9993702875450224399 0.2315149197146787463
0.9994359642148972211 -0.009003063263428293453 -0.03235271675519392487 18.89182821685679059 0.009213611150488687507 0.9999372979663190275 0.006364707849471372414 -2.758384307407560687 0.03229338630626066992 -0.006659203276390653244 0.9994562482751540022 0.2507249251308314442
0.9992021621086680794 -0.02639709877010842573 -0.02997052566639603344 19.66248074667561596 0.02670316536114193673 0.9995947954832657967 0.009858286072729241858 -2.755308854049099754 0.02969815132236998043 -0.01065072865832172345 0.9995021669763486383 0.2769047308490968362
0.9985816231194405423 -0.04460020465886092855 -0.02907857813272837072 20.42948297560810289 0.04502815133306515422 0.9988843393756666744 0.01423173006729611632 -2.74970685828441086 0.02841139823381838916 -0.01552089872277698755 0.9994758096904616806 0.3034804115799593083
0.9975680140061569112 -0.06209947253145959439 -0.03164984889850304406 21.18671176801617051 0.06273305436127743495 0.9978411122663514154 0.01943395394739742821 -2.726316296871956535 0.0303746821378198667 -0.02137218252934870721 0.9993100662468649142 0.3225554285962652923
0.9963913335468412846 -0.07741695668871653724 -0.03479835111791862445 21.97557322825001691 0.07839304417385663248 0.996539900084103758 0.02761807689288351894 -2.679122158387397423 0.03253983788244805414 -0.03024636113450627009 0.9990126708867328453 0.3519170594471324742
0.9950585697349443315 -0.09288586003580590056 -0.03508076099544794185 22.7199309379392318 0.09394357424291503722 0.9951311405882651284 0.02980969468019717059 -2.616848061565334227 0.0321410585732504403 -0.03295800421960810855 0.9989397991446359315 0.3592295876407609612
0.9938968553682865359 -0.104512054944642746 -0.03530256717237872932 23.5115418961257916 0.1056680574900353692 0.9938656979149766979 0.03263795554535570131 -2.553421920072737716 0.03167495075659942233 -0.03616911507069067722 0.9988435776501584096 0.3862445687945919581
0.9927788978630173178 -0.1147330906878903378 -0.03501967799747498361 24.2842479846223398 0.1159056473365288747 0.9926945489997398564 0.0335173583453289084 -2.480435787782645285 0.03091829334005645122 -0.03733430451554089341 0.998824413421390056 0.408550388306121004
0.9918638429009191126 -0.1226006059388009828 -0.03428131497914511938 25.00838798910682215 0.1238226750987443808 0.991646146088513758 0.03613676920556965766 -2.37854065391867131 0.02956454407949108895 -0.04008755889069350736 0.9987586922568881809 0.4240377614533915596
0.9914008256117790019 -0.1265448629482513188 -0.03332867571534577772 25.73768246604006649 0.1277901931719660211 0.9910599698734684493 0.03833800533755828133 -2.294903106086211064 0.02817923871802725799 -0.04226740804130585394 0.9987088648478612551 0.4423498148968018073
0.9913531331161388183 -0.1273446289704810996 -0.03165929437873925278 26.451953278856422 0.1285188462922781938 0.9909662610060526733 0.03832460965536176045 -2.2018700526215782 0.02649285937841325267 -0.04206203783481170938 0.9987636924607915523 0.4547745940459053116
0.9917862423080845424 -0.1238850269720045832 -0.03182058528961263094 27.15855898372149113 0.1250489868406023941 0.9914362910170064769 0.0376408256303825059 -2.104072802108760687 0.0268849483578819104 -0.04131078495023111224 0.998784570666475302 0.4662773824558660296
0.9927455985148238016 -0.1154368985672312303 -0.03362289497762756957 27.84473289477394786 0.1167412965001180941 0.9923635555435427191 0.03982515950224910228 -2.012618925383383939 0.02876884270847182221 -0.0434614321478447585 0.9986408050985549067 0.4779518826778849094
0.9939421128884580181 -0.1040999401885745468 -0.03524597378823642047 28.52397623948285954 0.1056329939974056525 0.9933930699352709892 0.04485397632157085007 -1.93881103021667478 0.03034380985050993962 -0.04830539372450374375 0.9983715952209502031 0.484822919521564033
0.9954238606684878699 -0.0881969909768172966 -0.03677809652760882092 29.16503111753780431 0.09008553761364483659 0.9945059006644023647 0.05331612761249793914 -1.893039287431041107 0.03187371198403473466 -0.05638532017281862319 0.9979001764488301118 0.5057764714896139102
0.9968027044499314648 -0.07081645632847004268 -0.03700537670834282838 29.79649174045921001 0.07294122128904263758 0.9955521942856813133 0.05962723115843879262 -1.853075130725509112 0.03261819476884388752 -0.06213580264040457352 0.9975345585008645877 0.5257084022937776879
0.9981161314827871056 -0.05158672608974383678 -0.03321141005607311514 30.41151349626463229 0.05363065855319863739 0.9965130988814508983 0.06391710432418280796 -1.814913370605627296 0.02979833099761674056 -0.06557784268886418522 0.9974024293237639949 0.539232642244972582
0.9992668901120153047 -0.02849921576658474148 -0.02556319662609484594 31.0102022141289595 0.03015048200113616683 0.9973158801963073472 0.0667231859697437063 -1.792056667498176603 0.02359302346776093878 -0.06744501323597489051 0.9974440031578045707 0.555233463680786854
0.9998550367672357497 -0.001037623289381712274 -0.0169949635802993243 31.60819132323024405 0.002197064712119479145 0.9976592025857697887 0.06834682438200151422 -1.772117559032261092 0.01688426355431711309 -0.06837425563574554832 0.9975168584099028957 0.5713931577753226243
0.9994187862773129538 0.03224539500202775605 -0.01106002431890631792 32.20851808154203866 -0.03144372581548039725 0.9973054917772716799 0.06628007374657249318 -1.7529361387683009 0.01316745014887520625 -0.06589378248371956237 0.9977397595002721609 0.5815822156416957656
0.9973526908966957594 0.07193508480849125641 -0.01062796019574500581 32.81985386531174953 -0.07112569325349232807 0.9954646689814948823 0.06317617085754012596 -1.784447002921785153 0.01512434208470693139 -0.06225300296866913274 0.9979457990789042388 0.5957283268413920974
0.9929030495508878174 0.1180623569874963003 -0.01431132629841088723 33.46356879625788849 -0.1169436155689857065 0.9911358788891033722 0.06303856239630446778 -1.831543626142068337 0.02162695022474396891 -0.06091756260430411518 0.9979084755589550104 0.6071980316375247266
0.9856538585514081907 0.1680331204754784424 -0.015853755188464623 34.08131285191917215 -0.1667093162432635445 0.9839268912243203102 0.06399903587690675133 -1.913593146162727132 0.02635289376136579903 -0.06043792797363475855 0.997824023490739842 0.6062897714984135655
0.9752763538988376002 0.2206577950149002654 -0.01209012138745175005 34.68272429465066864 -0.2194959079819883419 0.9735856537794097543 0.06286907921496083518 -2.025492440984728137 0.02564332112889609536 -0.05866099418665517151 0.9979485496983531156 0.6142275675239606825
0.9615201199320427827 0.27472130225109892 -0.002695379087130490674 35.29890117099181168 -0.2739994370512183752 0.9596185033920979768 0.06369172966820091375 -2.158621231876793889 0.02008401056296494486 -0.06050234720834635205 0.9979659806345568818 0.6351848848564688454
0.9449259036533386169 0.3271981607678893234 0.007510007361180820462 35.87754588801691824 -0.3269968325813773502 0.9428856493717022724 0.06355882058321354888 -2.335105243643688766 0.01371525102904695703 -0.06251412460918846781 0.9979498364721272052 0.6465533077978425913
0.9257621467957960482 0.3776102960231867978 0.01936264225059370486 36.45355097516368659 -0.3780497195729537463 0.9235222544141700185 0.06469200193700158641 -2.528991242618045199 0.006546534981256863645 -0.06720944808426219941 0.9977174113787466991 0.66470100914584207
0.9049410991965333162 0.4245589979331830799 0.02883165409457590783 37.04221106318352952 -0.4255221417219978153 0.9022671856075212826 0.06960483216966965869 -2.766887145670356762 0.003537502404060329994 -0.07525678055255106969 0.9971579127989499414 0.6814395290981708486
0.8823600116049974407 0.4689336168157708928 0.03926923681836240465 37.6276723513316611 -0.4705726554751503143 0.8790158232368152635 0.07676300149792579519 -3.064048231517930265 0.001478471404327883106 -0.08621163196244194249 0.9962757492964938733 0.6971402048702138865
0.8586496374455310221 0.5101630808562882535 0.04954221498995901862 38.19722607256655067 -0.5125614994341410879 0.8548585467458251763 0.08060753273724448331 -3.409665933092520529 -0.001228598662303276908 -0.09460706078450753509 0.9955139349071241428 0.7120730345663434102
0.833764504032644016 0.5494365202583632035 0.05437151865942426582 38.76556306773520078 -0.5521115941016202511 0.8302497021886313666 0.07653900741108013439 -3.772986622002032941 -0.003088611271944560407 -0.09383465342010553767 0.9955830042226370136 0.7169010250926756145
0.8072188168172002021 0.5873940425500763229 0.05801741610673690625 39.33562731611292662 -0.590232975145236094 0.8040790502084316227 0.07128755886866162961 -4.14088432398034012 -0.004776701443021156603 -0.09178845107105250423 0.9957670728499589119 0.7186527909448213736
0.7801349893134654767 0.6225355475071802092 0.06195878110781354725 39.85479061598644535 -0.625597038416724982 0.7769488765599226188 0.0705605323111594962 -4.540096551817248915 -0.004212365750277996014 -0.09380797011571499755 0.9955813983379090404 0.7241402529517591002
0.7525749531881860133 0.6551343099894352262 0.06655806280677893649 40.37842957239554664 -0.6585040404978588224 0.7489997311445815154 0.07329277848540828588 -4.969795292228283756 -0.001835357276412389639 -0.09898706265537153548 0.9950870277968822952 0.7249240221119316319
0.7241323436555475723 0.6863735735802118931 0.06725820676135081666 40.87322402640753438 -0.6896607602996110975 0.720592570035598845 0.07151491941530375984 -5.421696090171558957 0.0006201867500237390803 -0.09817161224739585912 0.9951693071616101172 0.7229668393602269871
0.6961513295749507391 0.7148731715736796888 0.06580026525019788686 41.38707745900366319 -0.7178838703464478499 0.6926982544182095358 0.06936769428789046898 -5.880389941786943631 0.004009374755760441653 -0.09552736173077017168 0.995418730019984821 0.7245568022556623244
0.6672402680116807927 0.742318511621844368 0.06126705522753909949 41.85645396524745365 -0.744788519638948987 0.6639402262143287992 0.0668837575132691653 -6.395589575888884326 0.008971388838002069058 -0.09025853569108274743 0.995877959851301231 0.7239225685065309168
0.6385497836738974753 0.7674159244116292022 0.05767991622524155232 42.34828349926173274 -0.769476203918337931 0.6354334283728767518 0.06427075308880056403 -6.894943460084123288 0.01267065249715886716 -0.08542339849903890503 0.9962641705667222292 0.7224457133042347934
0.6080119885147642345 0.7922125232248855564 0.05216071195034226171 42.82000890266348136 -0.7937161470424737297 0.6050194699096134165 0.06297713037007139636 -7.47343204827427332 0.01833302508172578518 -0.07969164962330207991 0.9966509625607040679 0.7295321847502456158
0.5769926835313641256 0.8154552443525091565 0.04595854228779176071 43.23947063774939892 -0.8163773379361840554 0.5741180466071346133 0.06258203146288066065 -8.077083834386039385 0.02464721725752726939 -0.07362888672420163372 0.9969810939649147441 0.7412942832434257223
0.5474588199909262709 0.8358290890703641285 0.04097040730666388214 43.66092464072603718 -0.8362929291903293816 0.5446916063168676381 0.06265134152095250264 -8.67574560041651921 0.03004957676908795103 -0.0685622914790184057 0.9971941812536080363 0.7506847171439314792
0.5195248509406850124 0.8536249050578202935 0.03766232486493804876 44.0938044376729934 -0.8537904189352242268 0.5168774818019074013 0.06228634957224431917 -9.303544681767734303 0.03370237163065734759 -0.06451503864526628163 0.9973474619902640281 0.7628796952014558208
0.4932464386937285283 0.8691779766851697175 0.03517947630356021288 44.51458387176543852 -0.8691633087829790938 0.4907791624255732343 0.06075324188153437277 -9.933123941450119787 0.03554002596811328685 -0.06054303026704375978 0.9975326801884067951 0.7796799930505915466
0.4690177604803565936 0.8825304152478266051 0.03409408314858069361 44.88208191541671255 -0.8824141479727291015 0.4666407050300739323 0.0599309925962011672 -10.59545094350211158 0.03698123681308667504 -0.05819380130875043827 0.9976201028531811454 0.8079043197649611319
0.4472467710210416003 0.8937582310397486074 0.03415479830394699962 45.23343226799583761 -0.8935875374713831976 0.444871418188373835 0.05992273494862324079 -11.28075684237416176 0.0383619440573566492 -0.05732055187185277484 0.9976185220740373394 0.8364453167827889946
0.4272657992416628581 0.903422332425120489 0.03566547433288576319 45.58425987751485309 -0.9032739158016317438 0.4248185686472015776 0.06021143392618993201 -11.99757311815993965 0.03924499835118388374 -0.05794197914609578587 0.9975482730981388713 0.8630761872184616879
0.4087992894669844057 0.9117974188805026969 0.03884080120227263039 45.92056141543805836 -0.9117990038517651552 0.406249965318048134 0.05986269511273884653 -12.72046756111221377 0.03880357678181411279 -0.0598868311196195241 0.9974506754177614454 0.8938202872856103598
0.3919204405645071998 0.9190612787454520705 0.04152991886514808412 46.26374191510178235 -0.9192458658083221268 0.3893740536277759956 0.05809375671754771903 -13.44169632688364224 0.03722104951367886244 -0.06094433699824117895 0.9974469315531133695 0.9193598247066488982
0.3759296890111074041 0.9255658834215314545 0.04477347816778388945 46.56334191699131964 -0.9259989180941162745 0.3734190896126240999 0.0555354590942840759 -14.18038639409489576 0.03468245483557812203 -0.06233762025675541885 0.9974523289013796923 0.9487318258462912324
0.3624181098952133917 0.9307403057636903787 0.04874009465443728678 46.86619750726306677 -0.9314756976689795298 0.3599327455553585353 0.05292866280102791893 -14.94927017747139786 0.0317196837461663772 -0.064582519652253631 0.9974081209923773006 0.9870953144776402066
0.3491549850761800911 0.9355339465423873069 0.05354466586209843948 47.17427505525000697 -0.9366217035504191823 0.3466622211518686214 0.05064670653235406328 -15.72566018177137614 0.02881980047833215125 -0.06783464626736503134 0.9972802413910313302 1.006453986785238008
0.3392027055426583559 0.938892922130304397 0.05849448952211605546 47.46281451694967757 -0.9403359050583632861 0.3366493172995820848 0.04935202973534896786 -16.51721699651142572 0.02664414148365088289 -0.07174481080410205491 0.9970670849294870353 1.042118873052387151
0.3313621383512104224 0.9412938812860747184 0.06453651910766938782 47.73251650042635674 -0.9432141096664483637 0.3287901768783346723 0.04737259687337759539 -17.32124219422782474 0.02337256208108640099 -0.07656924045843781224 0.9967902862485541471 1.065487913079588234
0.3263097014223373948 0.9426929218245326814 0.06965654224238182479 47.99645170985199627 -0.9450686995475563457 0.3238619491684694984 0.04425597176795054849 -18.13047959682343802 0.01916068782740370374 -0.080271370773863579 0.9965888696336401287 1.08550321142740791
0.3226047121157291642 0.9438258494081103178 0.07154694743378481325 48.30569554841368785 -0.9463977411108295268 0.3203540351660661423 0.0412868961607403967 -18.9426254414486479 0.0160472865605536183 -0.0810312167330390215 0.9965823731684461118 1.095093323945489638
0.3191086310549481331 0.9451817531802129135 0.06929022310751693781 48.56194622829351459 -0.9475929484929043189 0.3170241903580532372 0.03953816784152441866 -19.73435771395032035 0.01540407795434815645 -0.0782758974790035561 0.9968127197510273652 1.118065685552211308
0.3141673839939549406 0.9467908935103592771 0.06989891827976436878 48.83018939587644525 -0.949242654797169072 0.31207893387875274 0.03930803181399642604 -20.56312871000624298 0.01540250670429963754 -0.07870033632884342045 0.9967793235466680946 1.129598219974685236
0.3101274123438588215 0.9481838788925642802 0.06905302236082605516 49.11112310194487662 -0.9506013446478466244 0.3082582591036425179 0.03652299646917814974 -21.38650808243883006 0.01334435203945781058 -0.07696867834302394129 0.9969442064748527121 1.138637913652179812
0.3066282395411484285 0.9495665158784992732 0.06559386109841228163 49.37844839507102535 -0.9517489574086648307 0.3049777525255014665 0.03409534513013430523 -22.21422028319112485 0.01237112978331546785 -0.07288348461575316906 0.9972637328305321569 1.148048860582389974
0.3023264212025494335 0.951140329320547151 0.06269616382098566754 49.63163993871032176 -0.9530851346016228076 0.3005932891751821323 0.0356707264852724748 -23.0462447070941181 0.01508182047268909719 -0.07053898486357457198 0.997395002146543308 1.153452502431489002
0.2968176308243981598 0.9529418814204902999 0.06165277480387883202 49.8991380065090695 -0.9547493423038792004 0.2948708009839903221 0.03879309373146078155 -23.91675834002770529 0.01878796067557452279 -0.07037742041817747485 0.997343487084865199 1.172974328358208584
0.2928938726877957088 0.9542320669795938404 0.06045115105465504596 50.17613801479928526 -0.9559883390982554241 0.2911157272089252013 0.03657771048359172855 -24.77620568103075982 0.01730534351884832275 -0.0685039828203765494 0.9975007415661208965 1.178187928447602451
0.288727944917124002 0.9554643104939547493 0.06102561077053890448 50.43015246117590067 -0.9573136031905058463 0.2872014401072677248 0.0326496243764046179 -25.61979477340933897 0.01366890758484846057 -0.06784750633185039626 0.9976020633755311451 1.183894367537731807
0.2842385525767621712 0.9566760110440828413 0.06308292237353373133 50.67106886413808553 -0.9586535397723889851 0.2826424990701772444 0.03311507854086841174 -26.44274646805007833 0.01385048645465009054 -0.06988724887513260431 0.9974587392322374901 1.191984106563367174
0.2798778276314991542 0.9579284827580870632 0.06357219120033523463 50.91288456002931184 -0.9598509420880106946 0.2779110083458155023 0.03810039945154559266 -27.28007966730961442 0.01883004611907971443 -0.07168328469407286851 0.9972496859163579863 1.214985521801934087
0.2760327198378577096 0.9591813086115640319 0.06145856133716338238 51.16062513826878444 -0.9608898191285523138 0.2739110977774786293 0.04078561063511266377 -28.1538653549622353 0.02228661341729377271 -0.07031306897049867388 0.9972759794542241929 1.22274727865328714
0.2713479900739984019 0.9602629019606618854 0.06531023942014121952 51.41480669759072697 -0.9622606450297104264 0.2692075576414125759 0.03977111969382120249 -29.01524079151022661 0.02060872080776908824 -0.07363728655278145574 0.9970721291148577636 1.236525265147739638
0.2666049853858631358 0.9613594450963419691 0.06862797580704080302 51.66881472674428011 -0.9636416303708076336 0.264568408561590529 0.03739472468242539815 -29.87853245866714502 0.01779297746797932692 -0.07610239457262606144 0.9969412397401501424 1.252650085350056841
0.2623907074824940455 0.9624755638691747661 0.06922359101560858485 51.88857485988923202 -0.9648228769006380601 0.2604601428923096207 0.03573975658579520848 -30.73288267929380169 0.01636865600508747784 -0.07616628429838938341 0.9969607636402246786 1.264756524225534751
0.2580322244066425852 0.9634833015684621804 0.07154927489308378352 52.09362709963009763 -0.9659957654625087597 0.2560230840335476765 0.03611594631048552911 -31.56171285869262633 0.01647884521224064758 -0.07843537458111950189 0.9967829952783667791 1.275510204875939024
0.2544513764649913856 0.9643726240685683848 0.07238742247866102042 52.33955015193610905 -0.9669270386659406524 0.2523407276926267206 0.03709796587305802529 -32.38012322435977097 0.01750996787294632415 -0.07943298458380390614 0.996686411057469801 1.283745181643485944
0.2502160593798517518 0.9652725965047120882 0.07510484695482490258 52.55972465855494136 -0.968044275966341905 0.2480785879491105572 0.03670550364757745737 -33.21201085852818125 0.01679891247177626307 -0.0818891237215317036 0.9964998584832823747 1.292313700586774194
0.245538791684118074 0.9662106522621096705 0.07840712470087282671 52.75058702671238109 -0.969280837024958708 0.243511867201629012 0.03459233349786879769 -34.01551027671395389 0.01433041581516089798 -0.0844922832767045634 0.9963210793967335333 1.304579597379987188
0.2413565954464859109 0.9671871309253734506 0.07934763749979539815 52.93579379062278178 -0.9703677136973837269 0.2395579097575780692 0.03159917903368057723 -34.81968923097178958 0.01155396516651638686 -0.08462305590789569176 0.9963460464609961154 1.308398235675447996
0.2367477061379822945 0.9683434656939922114 0.07912936279087239011 53.105910677819125 -0.971493151667905952 0.2349101801715078597 0.03191024198919672344 -35.58302716200655169 0.01231178149014579282 -0.08442831068993367216 0.9963534916842436973 1.312245731789545289
0.2327692607229152055 0.9692662035862542602 0.07963352194387833538 53.28049207624723493 -0.972401239852941246 0.230613781191034567 0.03539933172913571624 -36.34427951584023475 0.01594678831096697433 -0.08567561179812700767 0.9961954574714544375 1.319695452529766833
0.2263184203790417348 0.9706598154952511548 0.08123727684081635814 53.47387547696547472 -0.9738958734551996788 0.2239937242520253502 0.03679183595127913375 -37.10674126331859668 0.01751571655024060717 -0.08744331893063915506 0.9960154946834169909 1.319160809975018722
0.2186403468118705562 0.9722724266584662489 0.08296220268077707238 53.648313445805762 -0.9756764461024289847 0.2164371561680419331 0.0347912342650612133 -37.86026196016806722 0.0158704545897846161 -0.08855103464750620212 0.9959452007691508291 1.327150890419782625
0.2118038434561844707 0.9738199860496682403 0.08254554279169758202 53.82590786432784569 -0.9772393726558910032 0.2100002050099245288 0.03005199592071080422 -38.59528718169267592 0.01193065338194355257 -0.08703188274250084344 0.9961340827905170725 1.329940473255563083
0.2042014441529458879 0.9755018165717427303 0.0818411634675829669 53.9738943689325481 -0.9788718650089665019 0.2025723463561179549 0.02782654161769254966 -39.27832996717015845 0.01056608542789815378 -0.08579423235200091258 0.996256848174434384 1.319841818586535265
0.1962717113624879439 0.9769875467968804905 0.0835029861060915396 54.07531195466153662 -0.9804465802026627319 0.1943040852312748201 0.03115165909542693193 -39.92722677221351546 0.01420981171229384644 -0.08798440665657536464 0.9960204944866116739 1.333711205948154177
0.1874388942061968044 0.9785160033198780916 0.08586671154124496386 54.20533500742337907 -0.9820798902350633686 0.1849361524612584406 0.03630025815264986688 -40.59485907262754267 0.01964052431385123615 -0.09113205094223905678 0.9956451170458501254 1.343728367612480934
0.1780740014233939128 0.9803620888338101524 0.08473384659538110708 54.34506957908978819 -0.9837553224583086564 0.1753792576921657798 0.03830902687446169352 -41.25673128746598906 0.02269615853487012488 -0.09017921433622989869 0.9956669090068763772 1.338128405179574099
0.1675531294284507144 0.9822632496589437379 0.08417159349572092553 54.47596826155513838 -0.9855907527836765825 0.1648886846324512101 0.0377172340204392012 -41.88264038583376703 0.02316930956710109429 -0.08927838483957988014 0.9957371907770290465 1.343370439635515279
0.157754451453465977 0.9842021032042265194 0.08037258896816067144 54.56889024087310247 -0.9872742158118652522 0.1555435784035936464 0.03310314254542647688 -42.49458591331765689 0.02007874246792876183 -0.08457195289003592575 0.9962150515259794448 1.344785815783860583
0.1468513084517472089 0.9859570938860481304 0.07951919380417375727 54.63477886743709888 -0.9890076892886673354 0.144949576740525804 0.02921319509745886819 -43.04718061318774858 0.01727668350317379878 -0.08293509009284157074 0.9964051821622461613 1.363653831606095768
0.1363056511837950069 0.9870282522986447704 0.08482923187406782306 54.70252889234821936 -0.9905334415446783725 0.1343816098030942985 0.02801935342758237607 -43.56866072139555257 0.01625640475341141519 -0.08784538725668082637 0.996001464478542875 1.365151773253569623
0.1261364291215600619 0.9878254970969666537 0.0910515705167719569 54.75771992795724685 -0.9918612644533015832 0.1239800109053053878 0.02898601407262146185 -44.06574495933767821 0.01734454910171937675 -0.09396671822264748841 0.9954242424635569852 1.368704400444415992
0.1163941588762875401 0.9885678067886445319 0.09584409799161619503 54.82713707892125399 -0.9930132770286811406 0.1139422114383662338 0.03068882755434704235 -44.51919297241708051 0.01941729851738458607 -0.0987464621501373957 0.994923165240661822 1.376244921783889907
0.1071452802642896968 0.9895970928587286553 0.09600772198685122993 54.87955750351485307 -0.9940441242688656809 0.1046900713049479376 0.03026991933939847043 -44.94685839894930268 0.01990396896678465338 -0.09867919096624166997 0.9949202225761867302 1.378583928126024816
0.09809586434553860257 0.9909765081596495495 0.09133871923558940786 54.91590139603090392 -0.9950117871420032234 0.09599342287970169529 0.0271441753128804017 -45.31735913531630899 0.01813132381635866597 -0.09354583365111997229 0.9954498641842771667 1.377981523061501345
0.09056984632586120854 0.9919301699926545979 0.08872226750795042527 54.94913285679309212 -0.995732490619042343 0.08861049963087536119 0.02578733259880136228 -45.64534965456452653 0.01771750880546245355 -0.09067919919989958499 0.9957225380172425311 1.377436158568621005
0.08491128998837657593 0.9922465807119363879 0.0907567950869317408 55.01484771752242864 -0.996222852654717328 0.08288335359658463575 0.02589165091845305536 -45.96391638713238592 0.01816867460392625894 -0.09261248682882070038 0.9955364516419512588 1.376526571770876561
0.07896282842890747777 0.9923100844522264596 0.09531824577169023538 55.02692251098636689 -0.9967240628141909031 0.07691104553647477859 0.02501666893078945825 -46.25769018498451146 0.01749326696818595886 -0.0969813761724071105 0.9951324526351674749 1.375363064661108137
0.07390751781696265621 0.9924392485532512742 0.09798988058415683544 55.02349898497300273 -0.9971499176477418569 0.07204803377692982347 0.022385767964506538 -46.52127059247558805 0.01515653656083252795 -0.09936507794931637161 0.9949356063004890505 1.384760834974617882
0.06897377810739110937 0.9928350051342296201 0.097576997642854435 55.04397935913758744 -0.9975463331822249646 0.06746185302244239734 0.01871394094253421223 -46.73673636068912174 0.01199713062871114386 -0.0986283474616372613 0.995052017702719005 1.387219770824091869
0.06448539143061227108 0.9933170773496927675 0.09572261014194738404 55.05111320007029008 -0.9978844317379523821 0.06339147326643997105 0.01442851541343921282 -46.91451686276676725 0.008264093529826347859 -0.09645053094042785324 0.9953034712285780961 1.393126860216935103
0.06082576436578177731 0.9937139634012034373 0.09398289889836355937 55.05101245259663045 -0.9981334317246922661 0.0600389945851248566 0.01117907188475489658 -47.04682298089954884 0.005466161122652479949 -0.09448744904362774144 0.9955110461746525807 1.396435395850908368
0.05765434709453786527 0.9939441368205850225 0.09354693525375144814 55.06772345166012883 -0.9983293951509961683 0.05704415680585036424 0.009186021864940120338 -47.17655128951681576 0.003794086581210901789 -0.09392026943370217207 0.9955724925369748846 1.394991287309091721
0.05549269097454144484 0.994073366961908178 0.09348102641459733742 55.0642454727813373 -0.9984530477433837259 0.05492279374162246236 0.008660151599062951636 -47.2689392590407067 0.003474586977255544711 -0.09381699089691168669 0.9955833965389956353 1.39843360617245871
0.05373494108103671341 0.9942139600061892235 0.09301160029687963182 55.06285263825169807 -0.9985518976796929902 0.05326034799682877185 0.007579117226712115025 -47.33919409193738659 0.002581434003190251954 -0.09328417345096100266 0.995636178120153259 1.399896691309884478
0.05209802335964259373 0.9943358945542916105 0.09263867829774957707 55.05795428774062827 -0.9986418145171643834 0.05182063489543499435 0.005398902077642278585 -47.3974416783760546 0.0005677270532651946307 -0.09279412996705574401 0.995685154619213475 1.402798286878139233
0.04936049519142152869 0.9944955944085813737 0.09242323392943675719 55.07129314713232304 -0.9987758242032513945 0.04944715551383772195 0.001353457083754863906 -47.4612532834012768 -0.003224058862450724251 -0.09237689900619347472 0.9957188930483770184 1.403115624449480681
