1.000000000000000222 -3.288104128200433695e-19 2.199307547639937647e-18 0 -5.681318425110126656e-19 1.000000000000000222 -1.273613892030353574e-19 0 -2.923285529664562976e-19 -6.024150353257425012e-22 1 -1.11022302462515654e-16
0.999999988038279719 0.0001542779677661506373 1.103451935438928585e-05 -0.004482786064916033375 -0.0001542777325999421635 0.9999999878721198554 -2.131036430377013498e-05 0.002227124546414882555 -1.103780693938842166e-05 2.1308661657895916e-05 0.9999999997120532225 0.000409328502845252018
0.9999999701613334624 0.0002442521682752502119 -4.269237091679796146e-06 -0.004349192075672303481 -0.0002442523492311340612 0.999999969270085165 -4.243351043180509783e-05 0.005112371164038231885 4.258872485114399456e-06 4.243455192069148246e-05 0.9999999990905856784 0.0006264209604852633007
0.9999999887826506173 0.0001491965115601158139 1.323294200235301673e-05 -0.002715273509669269281 -0.0001491947805336226883 0.9999999803268933007 -0.0001307177147409381221 0.003049368682769448835 -1.325244436461354403e-05 0.0001307157389725502772 0.9999999913688835118 -0.000386847943445123299
0.9999998802928760089 0.0004887665443422216502 -2.283699590649640644e-05 -0.004467627633277126975 -0.0004887694309874314079 0.9999998725426461066 -0.0001265665947900341138 0.002154553840585882174 2.277513148300265187e-05 0.0001265777416304510118 0.9999999917296856777 -9.331306908522130072e-05
0.9999998941621134341 0.0004590605758586511413 -3.064598242203117942e-05 -0.001307199597957220405 -0.0004590622741338594285 0.9999998930945938058 -5.543103533471310654e-05 -0.00124242658332129885 3.062053294484115307e-05 5.544509785414170912e-05 0.9999999979941138761 0.0003213900307110773014
0.9999999975364817217 -6.785806835422082933e-05 -1.795307521474602108e-05 0.00393029313866255503 6.785804377356300765e-05 0.9999999976967068882 -1.369954082803151233e-06 -0.005916106595885595176 1.795316813574110432e-05 1.368735823242270641e-06 0.9999999998379062172 0.0006149103562904656428
0.9999999987944929725 4.71499082630203769e-06 -4.887512394762811685e-05 0.001242540180421802809 -4.714800476370498755e-06 0.9999999999813009577 3.894733560802150298e-06 -0.005764700222908925031 4.887514230999161289e-05 -3.894503118107986775e-06 0.9999999987980294769 -0.00154794824921067331
0.9999999950470750409 -9.769360445355922812e-05 -1.902107525863356679e-05 0.002687529641031138894 9.769280373578806051e-05 0.9999999943421569171 -4.20928598286329447e-05 -0.008136562993522000742 1.902518735542252921e-05 4.209100140182800876e-05 0.9999999989331960215 -0.0006839287368662905209
0.9999999749571172325 0.0002180520364698346853 -5.038931663423401114e-05 -0.0003518841332829092394 -0.0002180531058083999454 0.9999999760013384975 -2.121676917138440977e-05 -0.002306083585103591016 5.038468906586483016e-05 2.122775617507992795e-05 0.9999999985053855678 -0.001029460735743614741
0.9999999594782384982 0.0002844348583521851947 1.184705873398670418e-05 -0.002090173535650663439 -0.0002844344278609204886 0.9999999588887784618 -3.632463820078890782e-05 0.002577787202172610037 -1.185739023879278274e-05 3.632126699885772228e-05 0.9999999992700832063 0.0004449380594798713062
0.9999999965070069941 8.308666731070316568e-05 -9.08824347132623676e-06 -0.0006316327874468230519 -8.308680031505394413e-05 0.9999999964412004116 -1.463481343523842514e-05 0.005461668720079915218 9.087027481609964138e-06 1.463556849193600386e-05 0.9999999998516134747 -0.0004532501487150009112
0.9999999728208561756 0.0002330983494980493401 4.843795317348593824e-06 -0.00128670022389421046 -0.0002330980849834994552 0.9999999713452718542 -5.454102328552853305e-05 0.005853878185534844292 -4.856508599069977166e-06 5.453989270726023998e-05 0.9999999985009070391 0.000320317345764209449
0.9999999659034448651 0.0002600103016664043936 2.424401182284503415e-05 -0.0003953235414300149131 -0.000260010042473643769 0.9999999661401980378 -1.069411010785630388e-05 0.00903723020045038572 -2.424679158007023432e-05 1.068780604047259215e-05 0.9999999996489306042 0.0002399607901176770142
0.9999999203228293609 0.0003980605936197841271 3.003545161613373429e-05 -0.004837819765424078433 -0.0003980600667209865853 0.9999999206201232171 -1.754720860865582478e-05 0.00557104649572526256 -3.004243408316731759e-05 1.75352512720247536e-05 0.9999999993949818533 0.00110597100238807311
0.9999999709168242434 0.000234536432027336139 5.620529177199027753e-05 -0.005363692940071107529 -0.0002345333055893974951 0.9999999709499450828 -5.562573521877689492e-05 0.003552431323756100046 -5.621833639842363273e-05 5.561255156983874821e-05 0.9999999968733682687 0.0008169355160289049067
0.9999999370451929659 0.0003540934008817779003 -2.296724119253085462e-05 -0.007115874793937715381 -0.0003540951025371419348 0.9999999345608447943 -7.412787057278371987e-05 0.002158555995997901711 2.294099150237810885e-05 7.413599847014606177e-05 0.9999999969887836127 -0.0007074539474120067339
0.999999803119281605 0.0006259447636470301824 4.42108233892081663e-05 -0.007127785014900522853 -0.0006259401977217557032 0.9999997987726763071 -0.0001032154800768979742 -0.002920514495735215821 -4.427542167798813956e-05 0.0001031877863813655154 0.9999999936959813596 -0.0005967008297055320654
0.9999999683999091227 -0.0002126867547380061313 0.000134031812266980732 -0.006020732498926428811 0.0002126942315717523678 0.9999999758253206306 -5.577218090768876625e-05 -0.004288025839287723517 -0.0001340199470203558036 5.580068694325079865e-05 0.9999999894624609365 0.0009382926036936023451
0.9999999808157002956 0.0001213971418077273344 0.0001537249437811042329 -0.006120069811721084996 -0.000121382171229790476 0.9999999878906628004 -9.739114402924671651e-05 -0.003961941921721667814 -0.0001537367649221247929 9.737248267607060965e-05 0.9999999834417945266 0.001448390116724040944
0.9999999818876574853 0.0001272828990279804438 0.0001415053808553289581 0.004814776370583251364 -0.0001272659086556307139 0.9999999846931252323 -0.0001200713516368331863 -0.006488311758202469637 -0.0001415206617143669626 0.000120053340632640581 0.9999999827795407192 -6.670883397663640579e-05
0.9999996306360289244 -0.0007192107049254770068 0.0004705993778124860881 0.01286761699329219688 0.0007192361283387601343 0.999999739899429807 -5.385639636042629245e-05 0.0001162630836586409089 -0.0004705605213090906973 5.419484856494942345e-05 0.9999998878178238959 -0.001156436905394575554
0.999999887993623493 -0.0003431225138977467976 0.000326005668446284686 0.01672448186436237272 0.0003431622811078559516 0.999999933685755571 -0.0001219350482134308781 0.001170772285237486887 -0.0003259638081619390315 0.0001220469074069109393 0.9999999394260538077 -0.002936917371557767886
0.9999998117274899734 -0.000552898702286683686 0.0002661728832388628651 0.0198701636503573198 0.0005529332114579122966 0.9999998387352304619 -0.0001295932584563695374 -0.003527788563355505058 -0.0002661011883650690724 0.0001297404099002811585 0.9999999561787756841 -0.002225833148590261601
0.9999999698533941217 -9.786711907526659095e-05 0.0002252004821479463496 0.0123123962128091069 9.790272962504909795e-05 0.9999999827061462065 -0.0001581226397341134633 -0.009413710263215024909 -0.0002251850032400069021 0.0001581446826986122509 0.9999999621409734196 -0.0004385227787826462276
0.9999998847712316952 -0.0004518871128577213697 0.0001620356431666509492 0.013787965923503398 0.0004519073265195355663 0.9999998901107023386 -0.0001247332392844992244 -0.007634376649599095011 -0.0001619792600128000027 0.0001248064500194846326 0.999999979093025182 -0.002608237407365932015
0.9999999489499443728 3.334267680278827896e-05 0.0003177867421215345499 0.001793430510184323978 -3.332548175127296491e-05 0.9999999979805462846 -5.41139314594877896e-05 -0.005964054535316898331 -0.0003177885457798130544 5.410333828542160037e-05 0.9999999480416150721 -0.001252263684448640113
0.9999995676773882902 -0.0008934070796997482453 0.0002578154332121722413 0.00520766529477900697 0.0008934266764255374433 0.9999995980135235607 -7.590536095249033536e-05 -0.002058386434365622186 -0.0002577475151839705276 7.613566736080195762e-05 0.999999963884773968 -0.002110631888469161055
0.9999995229759657267 -0.0009404323196117996431 0.0002638841829149666846 0.01116649017307058678 0.0009404490990770258746 0.9999995557634938637 -6.346942890226183571e-05 -0.003516746206647214379 -0.0002638243769831228464 6.371756830936480497e-05 0.9999999631683691437 -0.000217718863893323622
0.9999997127024282673 -0.0007106712843553173549 0.0002637069779538253416 0.01557513252719600061 0.000710706702467935568 0.9999997384379141208 -0.0001342390882604767538 -0.00132797822380770203 -0.0002636115091077287603 0.0001344264680350742557 0.9999999562192326552 -0.002523845620898579334
0.9999999450911409848 -0.0002073497395235566598 0.000258503030468276219 0.01651102887903377336 0.0002073839673423803277 0.9999999697326574788 -0.0001323880198519600216 0.002745310802378719828 -0.0002584755720172674095 0.0001324416219627417408 0.9999999578247822374 -0.001754714866774143012
0.9999998874098686708 -0.0004043934350491581726 0.0002482865317209041376 0.01650697778195042709 0.000404420844013859027 0.9999999121331029084 -0.0001103521364705846463 0.01204609575795062559 -0.0002482418842207411791 0.0001104525363035546042 0.9999999630880872514 -0.00118832768580057202
0.9999999400741470534 0.0003084735749745567621 0.0001571489550486789423 0.01978531692213358895 -0.0003084469870184397252 0.9999999381182935743 -0.0001691858301543424856 0.01662867132791123748 -0.0001572011346753928146 0.0001691373478619271741 0.999999973340171322 -0.001697166201947930553
0.9999999926894854729 -3.135830002618401197e-05 0.0001167805518724627031 0.02108290483654351455 3.137827486753015486e-05 0.9999999848789726808 -0.0001710481228972840712 0.004523337384149561657 -0.000116775186322158893 0.000171051786007561039 0.9999999785524144036 7.621650713907079933e-05
0.9999999867117825847 -6.132916894785136368e-05 0.0001510469492359625958 0.01752207471526079363 6.134743863590324153e-05 0.9999999908035467344 -0.0001209520656549917548 -0.0008849885782662991751 -0.0001510395299525855604 0.0001209613303830501917 0.9999999812776997343 -0.002108798664067323969
0.9999999816935224439 -9.891416932602661101e-05 0.0001637954647252195964 0.01414186006193085543 9.89352614154181487e-05 0.9999999868153347515 -0.0001287678178500724238 0.00190309988962250598 -0.0001637827255989972937 0.000128784020633046926 0.999999978294937919 -0.0005966602816304122925
0.9999999749655403836 -0.0001882230436203823748 0.0001210000253188845489 0.004095774411602248755 0.000188240706230087025 0.999999971628063089 -0.0001459771273636136489 -0.00216065535417747645 -0.0001209725456214851333 0.0001459999008380435742 0.9999999820248292037 -0.001464572374707207025
0.9999999046091128108 -0.0003995944051408172396 0.0001763691321808929992 -0.009210598370387734768 0.0003996097236762390396 0.9999999163864767837 -8.682818865269076195e-05 -0.002655104736876079397 -0.0001763344213722972936 8.689865920244587848e-05 0.9999999806773872679 -0.003968744767324006162
0.9999999870602689356 -3.960483407392304916e-05 0.0001559196409488585453 -0.02017543115100683959 3.962542490144273282e-05 0.9999999904950357399 -0.0001320596718014636515 -0.008389183471382510859 -0.0001559144092604431873 0.0001320658484645008911 0.9999999791246452219 -0.00160370271294596467
0.9999999765810111407 -0.0001672015935173436847 0.0001374103667475530901 -0.01541668468335644082 0.0001672185209619685348 0.9999999784315036777 -0.0001231867262642219755 -0.007525600844383417698 -0.0001373897667623519845 0.0001232097009358078417 0.9999999829717030053 -0.001267209466510932359
0.9999998953348877562 -0.0004338146379354425124 0.0001453790280006162893 -0.003137237442734641668 0.0004338299070930564261 0.9999999003817603427 -0.0001050148060010556463 -0.01159243659158842865 -0.0001453334565543925845 0.0001050778647940285804 0.9999999839184060546 -0.001433771794731586446
0.9999996168940854524 -0.0008602723721337747834 0.0001616882512122459661 0.01347294714018976158 0.00086028534927250135 0.9999996267378881143 -8.020759721660249218e-05 -0.01998521916576190272 -0.0001616191904774978141 8.034666456156637352e-05 0.9999999837118159762 -0.001515844060187010456
0.9999999952624492039 -8.958041919965733341e-05 3.808475753295477776e-05 0.01526852819829804808 8.958827185670329687e-05 0.9999999747200244427 -0.0002062374788849100906 -0.01704472471290929825 -3.806628172352452511e-05 0.0002062408898478620663 0.9999999780078245859 -0.001773750652892203128
0.9999999661662062334 0.0002031885006468602385 -0.0001624254115262453225 0.005654740755283826914 -0.0002032032898256077127 0.9999999752099990591 -9.104071128792700447e-05 -0.01171847854695340363 0.0001624069090764629277 9.107371357429889299e-05 0.9999999826647965051 -0.0002383857779045817082
0.9999996029645668028 0.0008192749397312415428 -0.0003505129036454149869 0.004849790771976225656 -0.000819341455970007751 0.9999996463529786661 -0.0001896666622900545411 -0.004260258803456762333 0.0003503573905494608066 0.0001899537766926427933 0.9999999205836477278 0.001172949936088962808
0.9999983664213182299 0.001802520494355150729 -0.0001344420484959723183 -0.004546742419051841289 -0.001802540248590401564 0.9999983646245961255 -0.0001469580496084681967 0.0001162280768730039604 0.000134176933742204661 0.0001472001466378916352 0.9999999801643411068 -0.0009159783595120707389
0.999995279489055422 0.003072321895639286947 4.287167247183563913e-05 -0.02767487667927603923 -0.003072314032607082867 0.9999952638173736919 -0.0001822885242472226596 -0.002334790319003021697 -4.343151843929756654e-05 0.0001821559483246393903 0.9999999824664543846 0.0012889826983005781
0.9999945653658974809 0.003286905874854059544 0.0002559075669635292268 -0.05958169102675781037 -0.00328684800885255821 0.9999945727137337093 -0.0002262145664914300722 -0.00739902151210003467 -0.0002566497240560298293 0.0002253722076128477541 0.9999999416691274234 -0.00264793847353150813
0.9999969688505638832 0.002082921233235484042 0.001312908643439273 -0.09516021383780004506 -0.002082431907902706613 0.9999977618129646251 -0.0003739602575932770624 -0.02047795432851917674 -0.001313684634645031915 0.000371225081030382366 0.9999990682118011787 -0.008999694908289890272
0.9999880847201519929 0.001890963268379123458 0.004500519556288292908 -0.1014062967017114181 -0.001889381917761651054 0.9999981518918159562 -0.0003555963974903812827 -0.01908929289457461653 -0.004501183658533152235 0.0003470889599157230346 0.9999898093852822578 -0.01422090315025370533
0.99997042236743372 0.001838753242682062425 0.007468157589409567601 -0.07733728867556199926 -0.001836966352472033754 0.9999982824881687993 -0.000246120321779129121 -0.01451754181912057184 -0.007468597317255964985 0.000232394287554658983 0.9999720826333884371 0.002320741603296538891
0.9999579332670609499 0.0005642663962155037736 0.009154960446859311887 -0.05046482951830089103 -0.0005573562399810975563 0.9999995579003131407 -0.0007573329273396660951 -0.0245814359722930087 -0.009155383736907664674 0.0007521984941132413543 0.9999578056823257288 0.008409854681307282753
0.9999596477241581294 -0.001116445260850946293 0.00891383611589063006 -0.01403168593028503164 0.001115986894599369861 0.9999993756962304303 5.639568882301692043e-05 -0.01545223435666409628 -0.008913893513608973918 -4.644568906719279074e-05 0.9999602693828436584 0.007159485992722092185
0.9999450646595832159 -0.004635702214749981044 0.009400953605184428699 0.03741540260526998729 0.00463615538912767744 0.9999892526251805691 -2.641295782348292926e-05 -0.01196286688489262007 -0.009400730126961706276 6.999578849202783783e-05 0.999955809709907939 0.004879337085526014306
0.9999221386511820686 -0.007043321769567395009 0.01030088609826887783 0.1092903699506898585 0.007025859414168263671 0.9999738211049127301 0.001730434857955168593 0.009319517058295700984 -0.01031280444196788597 -0.001657927546237975436 0.9999454471818027823 0.006393946098415814738
0.9998524175145857562 -0.01335591700252321615 0.01080567774886370333 0.2013485346005120524 0.01332808470675492761 0.9999076824067619773 0.002643638189024548422 0.01324317221423498836 -0.01083998840697391643 -0.002499229045432547862 0.999938122337715618 0.007426537436342806053
0.9997295643294940026 -0.02048442892125737144 0.01100846843244401504 0.3182723479168653169 0.02044518381686911621 0.9997842549274149615 0.003665795861467684418 0.0141385767258926931 -0.01108118514445149798 -0.003439734337864796317 0.999932685515485975 0.00438771463608333967
0.9995214602896868028 -0.02843925606425921904 0.01216795522573332206 0.4647189590848657126 0.02839284111609075359 0.9995889565647048114 0.003970452008689479007 -0.004948693850961527474 -0.01227587036904277847 -0.003623069168881010767 0.9999180848324908943 0.0108157452014452371
0.9991842142102733693 -0.03825759466433593242 0.01293300129140621986 0.6210619375160332245 0.03820039000942433705 0.9992593180473877679 0.004641713174045187552 -0.02119803512140044921 -0.0131010028319795812 -0.004143880835089269396 0.9999055915309817966 0.0120347767775861314
0.9986000411730038273 -0.05111371456107287325 0.013614181985416118 0.8019639096181513382 0.05104569715504934935 0.9986822669135164698 0.005297788022672129254 -0.01634359046695249562 -0.01386703175221536653 -0.00459542592420710428 0.9998932880509661114 0.004599407722457704573
0.9976723000528688878 -0.06655814097907662708 0.01483224776484789662 1.016695298112399337 0.06647389864504273105 0.997769501756587962 0.006102636147436434413 -0.0006968141536585203966 -0.01520534457932926076 -0.005102473703416542626 0.9998713728558243918 0.01012159654384470198
0.9961740989498103493 -0.08601166254551698143 0.01546474970635052133 1.251915285374828546 0.08589329291521254073 0.9962708986685769874 0.008163253293938983052 0.01438859429077354868 -0.01610921507522641502 -0.006803703213442061255 0.9998470897144222658 0.01247104649628416606
0.9938820099113676587 -0.1097318089306710542 0.01254912256046395759 1.493618379311635103 0.1095301056981629467 0.9938583987124808283 0.01576829928553954291 0.02772196853910463554 -0.01420233485770012669 -0.01429732225973780538 0.9997969195087322847 0.01057582397650524975
0.9910351143229469972 -0.1333371503077262765 0.008402768480870348444 1.758276855330376698 0.1330947474839942191 0.9907939339003141166 0.0247622444148876894 0.03861966823741330712 -0.01162713914464181056 -0.02342188936694258178 0.9996580539026425072 0.006872021832159957988
0.9872521720681016744 -0.1590882229376076873 0.004907754923518402659 2.04420771562670911 0.158877248544782218 0.9868552874539164854 0.02957467719567715564 0.07111919975062913624 -0.009548226735121477515 -0.02841793369051758347 0.9995505251911058764 0.005167564511915689884
0.9822054463497801313 -0.1877993333272321153 0.001967625236425165659 2.335618960488730966 0.1876399606070894843 0.9817094415562906962 0.03221517588355574113 0.1107456485606546637 -0.007981624826139498488 -0.03127271607389485453 0.9994790197365321927 0.004695155003096918023
0.9756413073512419931 -0.2193598633588342839 0.002299939347295282786 2.635944326166097973 0.2191857390143695239 0.9751915556300824184 0.03096839772679523331 0.1670124038138787181 -0.009036104923473247189 -0.02970993412533827135 0.9995177180125280891 0.001130934637098679474
0.9676510459492347893 -0.2522718531792121355 0.003219526063354828226 2.937893068990024226 0.2520886900463923941 0.9673037176032565077 0.02783541416319277803 0.2387367874316672078 -0.01013635104414406865 -0.02612336150603483328 0.9996073350920937628 -0.003060615279746659034
0.957737160224895967 -0.2876364134096747183 0.002196721018575883456 3.244938810038277222 0.287497619991839759 0.9574634653103130111 0.02467450339994024106 0.3340188844374193944 -0.009200565777930528114 -0.0230001367341835794 0.9996931245629701035 -0.004898892655976205823
0.9456568603217104796 -0.3251658724024334979 -0.0005078639187325867518 3.574094114049635174 0.3250859032022994088 0.9453872626019828029 0.02370821113964079879 0.4162104938764178419 -0.007228973076293952575 -0.02258493189128379583 0.9997187918604164558 -0.008295401242543687381
0.9317004256283513142 -0.3631975086903777017 -0.004678304797274933889 3.896739167192878828 0.3632027614689407602 0.9314086013359698102 0.02370171826115489641 0.5202153788147131364 -0.00425099169344407557 -0.02378207419146415383 0.9997081284136020152 -0.01103585240708448989
0.914345547802043801 -0.4048089009324821186 -0.0100981635405914226 4.233667028479832339 0.4049342325008674082 0.9140168785924809303 0.02452372383375570411 0.6455535307663647915 -0.0006975297693439336212 -0.02651224978130495638 0.9996482451660662072 -0.01222296283538981676
0.8941835752927123071 -0.4474269931653189758 -0.01564670655193928228 4.5572899596074814 0.4476668775012794255 0.8939984972985403067 0.01900141188231850575 0.7800821649956809489 0.005486387565557459059 -0.02399526265072543171 0.9996970175619961374 -0.01190326082037740374
0.8726344484227910314 -0.4878801709901215977 -0.02195582242729323189 4.893109905809587268 0.488182532829715965 0.8726690622404612574 0.01124822158727318243 0.9541519696119845628 0.01367238270313520659 -0.02053403461396458712 0.9996956633771973966 -0.02097273031952184841
0.8479944935431872333 -0.5293309578730532872 -0.02672219885303268871 5.225486497774632255 0.5296060878396966487 0.8482343770075175815 0.003979124227210724743 1.144537998135406021 0.02056041406524672377 -0.01752651459489019264 0.9996349787106760809 -0.03306133092952268093
0.8202333830995298669 -0.5711364179075960612 -0.03194353359722668789 5.552656193408581409 0.571439422548072673 0.8206441348018160831 0.0004363720099803129922 1.343093947474133465 0.0259650455537928232 -0.0186117212484011689 0.9994895798578575796 -0.03621103833655048287
0.7901581064210543293 -0.6119499902984629758 -0.03416688714496643464 5.890142812792701577 0.6122648772829321073 0.7906511996338426718 -0.001549391434057552711 1.580478800855547039 0.02796224039263442776 -0.01969492072625822141 0.999414940459119161 -0.02390280387670462581
0.7580896553144604866 -0.6512382121776337796 -0.03447992819260913694 6.225345909926454979 0.6514261293826084653 0.7586796613776657372 -0.007012091183095802219 1.820280972905893524 0.0307257619837387301 -0.01714533233660733499 0.999380790856520651 -0.02027941131953592269
0.722367391628036426 -0.6906689468525589737 -0.0340845611166152862 6.529571593302986976 0.6906844768077101682 0.7230355713143753471 -0.01321045671992849765 2.087152877822048058 0.03376840236477482438 -0.01399887405759235245 0.9993316399127111227 -0.01034445202494049809
0.6853983152346726504 -0.7274446935934779646 -0.03245561853100061706 6.828739121073843066 0.7273179125843171056 0.6860710052215532873 -0.01775471447986807019 2.381299943096335525 0.03518243168208155108 -0.01143650128612922964 0.9993154671790179799 -0.006608537302992933959
0.6466146919303260576 -0.7621631047369649137 -0.03157280306815531123 7.111706738461424315 0.7620284153103944469 0.6472741560458024068 -0.01867782735791781445 2.714749457805060828 0.03467181036774436009 -0.01198201546044561604 0.9993269219205591636 0.01266023729165288714
0.6071191216175223504 -0.7939169506687807631 -0.03320011357510621597 7.372452985814376802 0.7938682036482127558 0.6078280141058897135 -0.01784322186066988197 3.060895982691564488 0.03434599541323877375 -0.01552355329436231474 0.9992894334956342606 0.03729058099610671473
0.5670197202942384163 -0.8229700880616933611 -0.03476882060245312794 7.661782376849316734 0.8229522814541955222 0.567800388362638464 -0.0187686304173426792 3.438511176998901853 0.03518777129157924649 -0.01797089661931435683 0.9992191289352625461 0.05069013976746106209
0.5274695962576885222 -0.848796922454049918 -0.03632642823487169936 7.932399940377798941 0.8487494598844438354 0.52835906088253215 -0.02147224238451126907 3.8280561949712264 0.03741897078695900769 -0.0195060812715131919 0.9991092700114587721 0.06350102639803922866
0.4883833499317389859 -0.871850943663629252 -0.03684610527393016033 8.193853986932525757 0.8717848974628363834 0.4893326505795043135 -0.02333773118209882258 4.240741685878504086 0.0383770253388718216 -0.02072411872111468156 0.9990484046499591431 0.07792885980893549114
0.4504307139756502099 -0.8920751318558508558 -0.03625094430848369714 8.437806935388087126 0.8920465211226187296 0.4513540333922514969 -0.02307684462805340703 4.690921277799964706 0.03694828917198297175 -0.02194300910196594206 0.9990762374728479056 0.08990262904833568047
0.4128177507664834156 -0.9101606976520635328 -0.03448201028645897503 8.671585376198734707 0.9101825216495086357 0.4136450747571458475 -0.02157613212252927279 5.168151737654999245 0.03390106121980880627 -0.02247791268631199255 0.999172388276007406 0.1098589350697067868
0.3757615591860111182 -0.9261580159461803019 -0.032164888762019124 8.902658404067189224 0.9262341948412528003 0.3764592673361801811 -0.01919990645419539579 5.658772458032293784 0.02989091775920735619 -0.02257763300367864739 0.9992981454634831673 0.1382396282865647752
0.3394324427032971991 -0.9401259960944088334 -0.0308014324513056284 9.10860454729332325 0.9402567895650264518 0.3400385307872642038 -0.01705776424139160419 6.179675946936376008 0.02651012147146614151 -0.02317129735089387341 0.9993799599959743984 0.1596687008477176706
0.3047914583141803635 -0.9519546424277167684 -0.02974097565689520772 9.2892944610005177 0.9521181436620622662 0.3053315239821874916 -0.01561092680182525096 6.727613621049622239 0.02394175170160090654 -0.02355884533067573519 0.9994357274656359147 0.1781508011896637544
0.2738748277442716872 -0.9613520893888031216 -0.02819111368512270191 9.445402060158432533 0.961497564574408714 0.2743725711217452345 -0.015560385472747627 7.284996589107739062 0.02269387747024757124 -0.02284408920252119571 0.999481433302468858 0.1992874323250533042
0.2462160431458468579 -0.9688744446723712711 -0.02568989089925968056 9.602799374544058963 0.9689584320946746931 0.2466742003541547712 -0.01647409523488364835 7.839503823392476534 0.02229836320833308155 -0.02083624980558154011 0.999534208366437027 0.2065913196917396055
0.2228745544114223986 -0.9745660896284664698 -0.02340662041284639547 9.733864292829489173 0.9745786356068441014 0.2233124271454793308 -0.01811195631644365103 8.414198607079187653 0.02287828770129102587 -0.01877489793461797202 0.9995619476360277922 0.2219883848115158376
0.2023714789398173841 -0.9790347160963220885 -0.02316914171320087756 9.857012232235488725 0.9790123963259396156 0.2028356655854188784 -0.01980961044988377787 9.031808563803528145 0.02409382466716926754 -0.01867397672723192237 0.9995352771207043352 0.2445246763535658951
0.1860074417245475564 -0.9822909705612768994 -0.02248734567334580159 9.99040938632583142 0.9822178660125976402 0.1864897165596809403 -0.0216713950120168003 9.667661890007515524 0.02548127440546378228 -0.01805643187630508184 0.9995122159960796449 0.258663165086584157
0.1736410302089106961 -0.98455205936994028 -0.02249522077082259305 10.10030497131075045 0.9844448742177340783 0.1741526493861679514 -0.02321948311458000083 10.30179631458059575 0.02677839225931517853 -0.01811344975464561011 0.9994772737030901411 0.272118223677154436
0.1624856512262783104 -0.9864491170770987027 -0.02272779142473356148 10.22735143518633194 0.9863058812551888099 0.1630357706273667107 -0.02490072598479358551 10.96652783836300671 0.02826874219806867206 -0.01837054361367698382 0.9994315390986082681 0.2938785632501181855
0.1539923444225068661 -0.9878158939713466147 -0.02249705351667423414 10.35013585128159974 0.9876332428225246263 0.1545625416059664692 -0.02628684957953452903 11.63065559295004547 0.02944376963396396624 -0.01817086426544609404 0.9994012628193231773 0.3065091055121809127
0.1450541642456020242 -0.9891546712271964692 -0.02307218595955171439 10.45291745118634452 0.9889502223154038596 0.1456666558257482535 -0.02754420481580447874 12.30873123364288446 0.03060632707727154594 -0.01882184176553299004 0.9993542870367786435 0.3263649531890524536
0.1355263412321467409 -0.9904892509198848227 -0.02374141077111587353 10.5419025144537013 0.9902434152622201502 0.1361988282662793259 -0.02945942572594455883 12.98145093105723902 0.03241279689590433055 -0.01951724744241274331 0.9992839874896680685 0.3471359421775578324
0.1263786442808526311 -0.9916382328523867251 -0.02611615125932927745 10.63012748434397459 0.9913449181912701302 0.1271971498221705632 -0.03249828161700823309 13.66925723688203576 0.03554843860603290606 -0.0217830250018522277 0.9991305261768224089 0.3678228190690485122
0.1173213932604450505 -0.9927383918567205257 -0.02657397145929394147 10.73249907026547767 0.9923887403659447104 0.1182043796898406968 -0.03452988084163639143 14.387398871502171 0.03742029823854848419 -0.02232061627380715549 0.9990503047259602365 0.3933719620106774784
0.1065641444422202183 -0.9939689120728294469 -0.02588213466110597313 10.8182006944099367 0.9935392775383635744 0.1074678412520872761 -0.03647419825409341232 15.10553668237644942 0.0390357163455694739 -0.02182807558133443432 0.9989993733582249735 0.4118707921901367808
0.09573849807151334212 -0.9950635751202473456 -0.02612702430623315905 10.88964010152566431 0.9945952520582790335 0.09668700495592857935 -0.03784055639334705373 15.80490825591737192 0.04017990310766852285 -0.022363016230115388 0.9989421759520401567 0.4336267944462845469
0.08141876337943039499 -0.9962949206498659116 -0.02770227429376858827 10.97126217437957685 0.9958850179078818643 0.08243229216055275588 -0.03765565518459693811 16.5051224615642127 0.03979970001278188008 -0.02452240299159171716 0.9989067201870253099 0.4614500993212951041
0.06564025276761588368 -0.9974198888784747696 -0.02906754945309233951 11.05587461558642381 0.9970823400594498453 0.06669983486529440508 -0.03712060372998840507 17.19006376396049163 0.03896362924729181165 -0.02654613435642350083 0.9988879508487886749 0.4878542756130220814
0.04708973611171318741 -0.9984484946242647707 -0.02971801274617230995 11.12448004616306818 0.9981811783800860205 0.04815658002412646216 -0.03626677512389996083 17.92054738105755263 0.03764162493868605797 -0.0279561680514362268 0.9989001755650958048 0.5152112516062734571
0.02839413323976677783 -0.9992290467939780596 -0.02711245448271009176 11.15345309738436796 0.9989471383986430197 0.02934297495645641837 -0.03526477781859239241 18.66203030522689232 0.03603315045149017154 -0.02608259596006685943 0.999010165243818693 0.5415701156597768628
0.008631876317922311873 -0.9996563881477102953 -0.02475068272443822076 11.18813624822347563 0.9993822978281182712 0.009467450141083362525 -0.03384361421669492692 19.40933769945275245 0.03406631105909479346 -0.02444326022166104506 0.9991206200876399102 0.5597325315077879004
-0.01180998865740702855 -0.9996162654194189479 -0.02505685588538648575 11.21807990445999792 0.9993871666820991484 -0.01097408624762820015 -0.03323944266265514702 20.16521388697824335 0.03295171149734220373 -0.02543405758981727438 0.9991332711042764103 0.593055559738886795
-0.03062805259843106448 -0.9992100227800312373 -0.02532296825600982224 11.17996985683317845 0.9990040728294170558 -0.02977966807835875571 -0.03322700534937101519 20.94188443898370977 0.03244664723953731567 -0.02631542683112329806 0.9991269756127917345 0.6057980028770352243
-0.05301441256778224864 -0.9982178354007625876 -0.02739753822670617373 11.13989868621329293 0.9980903718657161416 -0.05209670915879716091 -0.03318949423164957446 21.69592352887793041 0.03170302356738879251 -0.02910474059662983629 0.9990734869742774471 0.6331955932462088876
-0.07901289538615356711 -0.9964979810316617614 -0.02736304291251641721 11.11093326681872284 0.996425067401340514 -0.07812427474618172107 -0.03215093764505141949 22.46487967173820621 0.02990062662873976124 -0.029805560490841293 0.9991083930656787793 0.6496171880890634354
-0.1029957069057343827 -0.9942694036762859122 -0.02863978402443719332 11.03755035241033688 0.9942866167103804331 -0.1021005523668033488 -0.03113841802689935184 23.22388115351696314 0.02803583861534345023 -0.03168327727736118538 0.9991046800496564684 0.6656900810097874377
-0.1253943291106204283 -0.991664171933616001 -0.0296383584004248947 10.95757151246906957 0.9917806644264777205 -0.1245309832675622758 -0.02937937907619924544 24.00628452835337612 0.02544358377160478926 -0.03307875825574866507 0.9991288304317128555 0.6811023468012895599
-0.1507877866968716785 -0.9880274555349450871 -0.03263112705494157495 10.84699063512011996 0.9883095928978522515 -0.149914524283300904 -0.02774498210382318406 24.78014123215233511 0.02252092424610867283 -0.03643326027886199803 0.9990822916651720398 0.7036436890046910975
-0.178069021119498877 -0.9834562042606512788 -0.03324632283017529139 10.73886456486627239 0.9838443493300349507 -0.1773012456324585817 -0.02479041394696022971 25.54682589681471683 0.01848567201687251541 -0.03712361153749948323 0.9991396886313853587 0.7136622979874360784
-0.2047944355058247679 -0.9783273754407836309 -0.03057426391826545756 10.62094550861305109 0.9787244789454370153 -0.204276989928781294 -0.01921732895570113508 26.286779995059252 0.01255522046440924258 -0.03385938249895000668 0.9993477416080775999 0.7371020831861178069
-0.2311526564641737669 -0.9725341954517232601 -0.02730728939198527258 10.42010414588807699 0.9728882407240593277 -0.2308369911245613249 -0.01423919314224080489 27.03905030458562919 0.007544569795836083767 -0.02985836799793458937 0.9995256661676297227 0.7276777850222908572
-0.2594386113603044941 -0.9654797091072051529 -0.02324947757150882394 10.220638937864992 0.9657587403708809415 -0.2593310511394971152 -0.0075803260098808228 27.78304630718967516 0.00128933956410760722 -0.0244200153699770002 0.9997009555126432634 0.7379695226144289411
-0.2851056738214999275 -0.9582720773428108352 -0.02072149878015789801 9.991520751111876208 0.9584883163842550236 -0.2851237985050653623 -0.002137032895687632651 28.51153127196942805 -0.003860333418775942389 -0.02047059462580737288 0.9997830027466316771 0.747138930053330208
-0.3119094022256522214 -0.9499322524460480643 -0.01847269715342053295 9.752204172369662416 0.950050154719994211 -0.3120517566094947459 0.005329609798073389401 29.24158077636167619 -0.01082720576262351762 -0.01588763332677757198 0.9998151602778312386 0.7506238630909880527
-0.3363933779355887665 -0.9415244674888380016 -0.01926583445577910794 9.50495946267293057 0.9414708972108462026 -0.3367054458134974837 0.01618618209141716238 29.99583272804198586 -0.02172659777859158384 -0.01269329792626648981 0.9996833674390270819 0.7411340670695650834
-0.3594720269584789629 -0.9328929249469584128 -0.02215067486139527322 9.25402276102150978 0.9324742764924601746 -0.3600153426308592142 0.02967619880934736776 30.73683805836008176 -0.0356592986317244634 -0.009987171123140022033 0.9993141001857143157 0.7248226494090995731
-0.3860091860391690055 -0.9221069322186558059 -0.02675282842726892096 8.977205825918261439 0.9210883347227732942 -0.3868593773815424131 0.04400115673721213816 31.48293264355549681 -0.05092335412339325101 -0.007656867435865228819 0.9986732120068569918 0.7181320915898621315
-0.4095377857689631029 -0.9116238665702826038 -0.03493891685019250709 8.653877643556045385 0.9099364605752244817 -0.4109311870594954952 0.05613552566245778169 32.23997452831732602 -0.06553197545265712631 -0.008802575400789712165 0.9978116429728258741 0.6907702308013869974
-0.4346177720794783816 -0.899737041099547441 -0.03975737733378498229 8.316005583694597192 0.8972819745756281939 -0.436381587181659758 0.06675453911852330391 33.04002834549703493 -0.07741091884851286631 -0.006660868919859839685 0.996977022031829585 0.6378862925129524797
-0.4585789551750712456 -0.8876367748652440604 -0.04250056195072358239 7.955183516619402262 0.8845520828752374554 -0.4605297560905036724 0.07402672799232908052 33.81808691832031144 -0.08528161943528964062 -0.003646860969962521359 0.9963502124162229023 0.5992188561529401269
-0.4822950601612956967 -0.8750370709205507191 -0.04125044787277961506 7.573837207463265386 0.871701487900233829 -0.4840551496549441723 0.07633562801231831563 34.56001414887292356 -0.08676399597713845002 0.0008582195655663374867 0.9962285242108673833 0.5253252283399642009
-0.5038542580083855693 -0.8630399267043059597 -0.03595791420033642161 7.129047602307500675 0.8599066286683136884 -0.5050972529487410823 0.07373842317740388064 35.30213089759512712 -0.08180144693322814742 0.006232969770167491944 0.9966291553823430904 0.4451635533513270127
-0.5234060614569518988 -0.8516268393856420982 -0.02788944714452950072 6.687092179305160755 0.8487325909971198401 -0.523968312149808324 0.07148564091464740256 36.03689408026128405 -0.07549227689389984008 0.01374533507192465462 0.9970516445422827889 0.3751082405731006597
-0.5397862425249227991 -0.8415124096103234752 -0.02208340661326362378 6.226785927316470293 0.8386200912946383257 -0.5398395757985141596 0.0727294637137335942 36.75429754074848177 -0.07312424302973044576 0.02073877551441851222 0.9971071899565580043 0.3076535953574075499
-0.5532710954649605606 -0.8327293177241440469 -0.02128328738312139368 5.738137073185869852 0.829725850369877449 -0.5531792456231544586 0.07448312192809931898 37.51411146936139573 -0.07379775207529165604 0.02355006478515563745 0.9969951284879617903 0.2421589726126980313
-0.5654865299881747243 -0.8245028031286850689 -0.02049663465188535788 5.24638751352492605 0.8212470848403422563 -0.565196201571969703 0.07814396573939011437 38.26638879911789815 -0.07601453876031595558 0.02735655861281335172 0.9967313622983479116 0.170575659455613482
-0.575386832121139169 -0.8176351093580407348 -0.02007041017732788535 4.722276744769075663 0.8142954042603334219 -0.5749869683677003573 0.07945426872528361939 39.00359457890478865 -0.07650482390962876078 0.02937369725504197435 0.9966364421489196657 0.109550897975173811
-0.5830551044453459175 -0.8121251276059942015 -0.02234999530256444322 4.187739401833891151 0.8088092364664896117 -0.5828303219506710819 0.07833539960577509675 39.75451160964542652 -0.07664440126802013475 0.02759697200671988593 0.9966764986099818646 0.04992099128981775102
-0.5893810720339967002 -0.8075313638019115947 -0.02287025150103317792 3.636986499618258595 0.8043101324155341736 -0.5892087868461730604 0.07692994479575797351 40.510986509660313 -0.07559869628889516469 0.02694627836538449409 0.9967741645894147018 -0.02530312632546471985
-0.5948462080066839741 -0.8035163162364437062 -0.02279294543916778049 3.077901859787711025 0.8004000003064112301 -0.594683047751375482 0.07557719388360539803 41.27908769603291006 -0.0742820865905107347 0.02671333370010316871 0.996879415679645442 -0.0956028083496434089
-0.5983961845631892151 -0.8008473324542335625 -0.0237814297602408492 2.513661629623948013 0.7979799975160527525 -0.5983870004313144308 0.07183955238653279285 42.03518732895253152 -0.07176301222221433129 0.02401140883105521567 0.9971326503101043404 -0.1524552660595868137
-0.6011622544115343691 -0.7987192048710590742 -0.025525979738999411 1.931877199530271705 0.7960755345506563829 -0.6013498984939662506 0.06813253905863482507 42.81580737091175592 -0.06976881265626819206 0.02063810285698314609 0.9973496786398227121 -0.2247463738539262623
-0.6026689646825379443 -0.7975471975501530197 -0.02661929167415270567 1.33789226258377103 0.79494857120638307 -0.6029471305677237547 0.06716790069845587907 43.60522201382391216 -0.06961959640851367315 0.01931904133432244333 0.9973865280972171732 -0.2900774246875681417
-0.6037482274459406995 -0.7966333120825784819 -0.02938441657369186139 0.7434092994053540515 0.7941452168861051764 -0.6042554980737829817 0.06487424412935380302 44.38908350030984451 -0.06943667915047034567 0.01583221607053335658 0.9974607202867042943 -0.3632458068724239153
-0.6048217885544648897 -0.7958921340690414681 -0.02731876677122337116 0.150842528154419786 0.7933566512316396757 -0.6051624237690571562 0.06605804123146183371 45.19787518317959041 -0.069107366430150724 0.01827981736798147197 0.9974417377341540103 -0.4325951218509765939
