1.000000000000000222 -3.288104128200433695e-19 2.199307547639937647e-18 0 -5.681318425110126656e-19 1.000000000000000222 -1.273613892030353574e-19 0 -2.923285529664562976e-19 -6.024150353257425012e-22 1 -1.11022302462515654e-16
0.9999999957871991141 9.020459096265415709e-05 1.69923922388695574e-05 -0.004140656590842617391 -9.020372395111366014e-05 0.9999999946302325915 -5.101781116389675678e-05 0.001604326903501707147 -1.699699418659743515e-05 5.10162781633771256e-05 0.9999999985542198377 0.00049045768503641618
0.999999987999446005 -0.0001528248645357021412 2.540987179337177301e-05 -0.00236364830875479548 0.0001528256483956213076 0.9999999878463252667 -3.084932038454813092e-05 0.01021954089239340835 -2.540515694032648584e-05 3.0853203300639538e-05 0.9999999992013274275 0.00122447049034701827
0.9999999930781009461 -0.0001120191515413636855 3.599312240883023644e-05 -0.003272803146973424226 0.0001120209107285336046 0.9999999925311678917 -4.887726789584716138e-05 0.009133281217536648455 -3.598764694824533423e-05 4.888129954237022552e-05 0.9999999981577518682 0.0008713515806505478523
0.9999999994811421544 2.418872154773248157e-05 2.12749992932339525e-05 -0.001549748450551002854 -2.418767011485212817e-05 0.9999999984863038316 -4.942011201337233024e-05 0.003525337688534802005 -2.127619466862585849e-05 4.941959739024529263e-05 0.9999999985525122037 0.001261023163851571205
0.9999999995181680923 -1.011120731700706937e-05 2.935012762861733228e-05 0.002205088445641600892 1.011252061661897058e-05 0.9999999989477564855 -4.47462242493523179e-05 0.001241099475304041633 -2.934967515779026391e-05 4.474652102869475901e-05 0.9999999985681710113 0.0003916206488724371937
0.9999999805334652825 0.0001881591662697713603 5.940720907444580092e-05 0.0004356466412757109552 -0.0001881494756634185964 0.9999999690014386156 -0.0001630855124324805507 0.002441562284781984005 -5.943789326120703408e-05 0.0001630743318008035252 0.9999999849369461957 0.001270308238912942755
0.9999999984113014939 -4.284059934714937396e-05 3.663443290410449275e-05 0.001362797143736216299 4.284509948347304154e-05 0.9999999915364392589 -0.000122847148938602809 0.005256818828847320546 -3.662916974441405877e-05 0.0001228487183437763355 0.9999999917832461671 0.0004744081783675246911
0.9999999982227752993 3.879252765378397839e-05 4.527247529915343164e-05 0.003357208455954108217 -3.878976431609084318e-05 0.9999999973848986423 -6.103732089435215207e-05 0.005377228816586809845 -4.527484297048323949e-05 6.103556467014705389e-05 0.9999999971124216014 0.0005392816009565093438
0.9999999896623675832 -9.895830289905526767e-05 0.0001043193381802959703 0.003845524961739510417 9.897104139405614974e-05 0.9999999876466371118 -0.0001221125096229583751 0.006587337956049765797 -0.0001043072528404863705 0.0001221228329495921471 0.9999999871029993104 0.001337755051204259082
0.9999999980811006273 2.791484382859831879e-05 5.53043261859028097e-05 0.001406230990957380023 -2.791029913259961639e-05 0.9999999962341155069 -8.217531626371991633e-05 0.00649859727704771295 -5.530661988579112372e-05 8.217377253778350107e-05 0.9999999950943213589 0.00018129637784847219
0.9999999939047803377 8.750593080766051865e-05 6.732878029683881033e-05 -8.406587107356866539e-05 -8.749590133558441773e-05 0.9999999850789785816 -0.0001489513481874758989 0.004721407552993828194 -6.734181341335092135e-05 0.0001489454562718029915 0.9999999866401618753 0.0008283784102354196932
0.9999999979626255087 6.162988851166657388e-05 1.662864607363034251e-05 -0.002625431005465306278 -6.163073807568534483e-05 0.9999999967954897873 5.109470331322541684e-05 0.00591687642771238087 -1.662549706101184124e-05 -5.109572804607235408e-05 0.9999999985564087535 0.0007525998470115924377
0.999999953637292438 0.0002992343858086720125 5.642890430994069415e-05 -0.003129104352487477314 -0.0002992267184761314381 0.9999999460059769696 -0.0001358359099157217115 0.00250795551140520212 -5.64695480332564481e-05 0.0001358190185556883665 0.9999999891821890197 0.0008248302364680659693
0.9999999876219404227 0.0001547676752472930753 2.833900455994181782e-05 -0.0009399839803266862859 -0.0001547657806575693901 0.9999999857896515465 -6.684489502417337227e-05 -0.005625221669632696209 -2.834934958380225684e-05 6.684050827513646068e-05 0.9999999973643287632 0.0005187757404847559428
0.9999999991990603521 2.139233919454788105e-05 3.382680286234679971e-05 0.005440587209159963855 -2.138847579425469215e-05 0.999999993249569008 -0.0001142076774483271169 -0.003400495616793897113 -3.382924579947252944e-05 0.0001142069538444286369 0.9999999929061750281 0.0002118415307363896716
0.9999999976984986771 3.746438747165139538e-05 5.656351790989042332e-05 0.002763629755968222135 -3.745863941680683509e-05 0.9999999941352117894 -0.0001016190152600675734 -0.0003149188187175355758 -5.656732466870986758e-05 0.0001016168962241408642 0.999999993237068896 0.0006935848890422535717
0.999999998456711281 -2.53660687839235853e-05 4.942816997284138621e-05 -0.001310551837333528979 2.536563499935518324e-05 0.9999999996397780366 8.776703787307649614e-06 0.001900885633732529723 -4.942839258557569674e-05 -8.775449996523296498e-06 0.9999999987399098567 0.001461447824841144438
0.9999999996002920666 2.804194056139583887e-05 -3.614834572320766869e-06 -0.005043584970724768191 -2.804202142807529064e-05 0.9999999993565702461 -2.23719248947340353e-05 0.0004190435964337435593 3.614207218540653277e-06 2.237202625033645037e-05 0.9999999997432152954 0.0001181259253368871498
0.999999997016179254 5.965657448423488144e-05 4.907896109782593794e-05 0.000156126506599463255 -5.965112692701168189e-05 0.9999999920614860427 -0.0001109899400633053201 0.001008389553158406393 -4.908558198394039816e-05 0.0001109870121056230629 0.9999999926362416192 0.001006439027706473865
0.9999999910554095983 0.0001335127811720499978 7.970431448834663408e-06 -0.002045847318695837025 -0.0001335126391257776025 0.9999999909283980859 -1.782050547748693993e-05 0.003833348342884734805 -7.972810641052539002e-06 1.781944115589097566e-05 0.9999999998094505349 -0.000444410324229704834
0.9999999997584017031 4.895690811093682906e-06 2.142969252659568459e-05 0.0005631066713314147876 -4.895989594343863565e-06 0.9999999998908182253 1.394248491322047985e-05 0.007387750577657670181 -2.142962426650635494e-05 -1.394258982960642433e-05 0.9999999996731864238 0.001254659185985440573
0.9999999944230785198 9.452617263943265266e-05 4.710262489984545585e-05 0.002558869182218814764 -9.452765741030822334e-05 0.9999999950354793166 3.152074868089031718e-05 0.004187541089795077109 -4.709964513100257835e-05 -3.152520101106408366e-05 0.9999999983938898662 0.001423269210124700201
0.9999999832890680285 -1.209219375937732093e-05 0.0001824161791880937484 -0.004243731706184972197 1.213035509999299515e-05 0.99999997804416485 -0.0002091997252626472755 0.008400268785525688564 -0.0001824136454917096471 0.0002092019345228649408 0.9999999614798952274 0.002723323292448620592
0.9999989966695458365 0.0008390267516015158201 0.001141356296913107653 -0.02526508708792651881 -0.0008393364326279411638 0.9999996110703689434 0.0002708752659942015566 -0.002848214273042881661 -0.0011411285814141095 -0.0002718329762093392313 0.9999993119658948659 0.000988004800414832296
0.9999919333784281772 0.0007488731367510783948 0.003946183928473397801 -0.001795362447502335534 -0.0007471675522483387172 0.9999996268364238494 -0.0004336676291975800446 -0.005553047387907961152 -0.00394650721790581506 0.0004307156701830276431 0.9999921197511212334 0.005149068590983962856
0.9999856495760973685 0.001105209500656635733 0.00524205632364997242 0.03088277657298399426 -0.001099439841675733031 0.9999987868671892377 -0.001103402062389540871 -0.009805499930308103629 -0.005243269454720455788 0.001097622902232662416 0.9999856515714578009 0.007394092402102980799
0.9999873885648044025 0.001575883751009511669 0.004768574461311300174 0.07171400876386269108 -0.001571149236166664983 0.9999982692963794717 -0.0009964407758907571546 -0.002436301555967024246 -0.004770136483093755445 0.0009889360669196171384 0.9999881338310196988 0.006638371730276815263
0.9999884970396766271 0.002313267770007385038 0.004201735496532111279 0.1204617400598495536 -0.00230961356209827013 0.9999969506076497039 -0.0008743342863213935095 -0.001945200410487846199 -0.004203745253066815818 0.0008646198432846236188 0.9999907904365397115 0.007365214186786261941
0.9999887812133460008 0.002283713110517982502 0.004149952107885723079 0.1865234551300920529 -0.00227967739325281955 0.9999969243213986392 -0.0009769434866544802511 -0.003694174689538809453 -0.004152170402562487851 0.0009674719742111269382 0.9999909116979288637 0.006329594552590078749
0.9999889681367315486 0.002651104590392564311 0.003877531418386819147 0.2746542071585483802 -0.002646584351597755687 0.9999958128468491303 -0.001170418671247613809 -0.0108442208251291472 -0.003880618084822564946 0.001160143545031964421 0.9999917974012554334 0.002753876304833924316
0.9999906631644280841 0.002590733329053312821 0.00345856695010202499 0.3620389933946437377 -0.002583289314063002065 0.9999943411159653017 -0.002155075914129842788 -0.01256075290585245696 -0.003464130605381681577 0.00214612131311626422 0.999991696946562536 0.007238440537440604672
0.9999922228565846227 0.002289206462254279352 0.003211504419289864555 0.488458914733411631 -0.002279795029659951403 0.9999931054425418298 -0.002931143437739096042 -0.006341087258861621834 -0.003218192269775356495 0.002923799069605409473 0.999990547273898911 0.01064194661958139942
0.9999903598685323525 0.003062616461065092999 0.003146514098756205899 0.6204611550264729214 -0.003051842249026263075 0.9999894836226324024 -0.003423288305994331461 -0.002643223802786531795 -0.003156965227814910457 0.00341365263991397867 0.9999891902144983913 0.006241115383009754325
0.9999929630367262456 0.00254981937225331589 0.002751781000990191454 0.7526437465480970701 -0.002540560899508119332 0.9999911185047217765 -0.003362805647437972119 -0.002446996675213919392 -0.002760331107920864068 0.003355790915861101356 0.9999905595750356868 0.006166567672740264072
0.9999951308877249589 0.002565530893886453032 0.001776584488188194619 0.8934742131569330947 -0.002561907609266862208 0.9999946400536611213 -0.002038747944550197214 -0.001635809516875141867 -0.001781805436550434928 0.002034186572021333406 0.9999963436204034606 0.0004681174695189138646
0.9999959205051824895 0.002707388219257791852 0.0009105066189599113737 1.03946366531439871 -0.00270655324077662086 0.9999959168009668886 -0.0009170336806776872157 -0.001148630963405838923 -0.0009129856673274460701 0.0009145656047683034659 0.9999991650130629628 -0.008210322446376316918
0.9999954536571282748 0.003011371021898242 0.0001559161842494982567 1.187329813958115654 -0.003011296094960259819 0.9999953515150767913 -0.0004785852800144881178 -0.002033005542652954745 -0.0001573566573002539823 0.0004781135942015748877 0.9999998733231201253 -0.01003770882784804641
0.9999965982734865255 0.002586070096354773761 -0.0003401220983181404067 1.357475525960031959 -0.002586203651833705527 0.999996578616845655 -0.0003928168858169552025 -0.004286074153268037978 0.0003391050826418321525 0.0003936951744158396311 0.9999998650059368499 -0.0114581793529140441
0.9999953015299060111 0.002995984105039278204 -0.0006488431829548846081 1.537330088696746033 -0.002996517225506874649 0.9999951723914010104 -0.0008222397543663577911 -0.0001353066647730161165 0.0006463766333857658662 0.0008241801606763254212 0.999999451462042277 -0.01274800151916666291
0.9999936582031475618 0.003450884592960103744 -0.0008803119543341703318 1.72718212457122311 -0.003452778977746502782 0.9999917072289011832 -0.002159581100960193591 -0.006405570945680394424 0.0008728521890294199627 0.002162606927656891918 0.9999972806265201575 -0.01227586105187072896
0.9999925782224438064 0.003575209682690483337 -0.001435749220251647269 1.918514885650263846 -0.003580991112621819371 0.9999854087852380058 -0.004044591331044475845 -0.006567932863821068779 0.00142126800896523681 0.004049702717802428249 0.9999907899102431497 -0.008255480974561857366
0.9999911441009715629 0.003785820726394191395 -0.001838282104105185303 2.120518048071392769 -0.003795101744155958152 0.9999799369209041444 -0.005071780571464499544 -0.0163899756710931821 0.001819044370658467807 0.005078712123468615523 0.9999854487746104859 -0.009144216087364154255
0.9999876292671346922 0.004268002806392967065 -0.002554498918888777666 2.339209450952730585 -0.004280442538739893596 0.9999789107779731845 -0.004884241055540182799 -0.01255040003960411488 0.002533599092112663511 0.004895115019303643983 0.9999848092470625671 -0.01382992317568743079
0.9999803486857303803 0.005547532427100914515 -0.002920124374606391116 2.554029896012941059 -0.005563437414077231774 0.9999695793933269794 -0.005467033172380308427 -0.01122279171573892231 0.002889706999017133907 0.005483171666665982193 0.9999807920266623462 -0.01278816250199277249
0.9999752334683146282 0.006389489219044103101 -0.002950741870722677334 2.797395786803154483 -0.006407861479420398285 0.9999598787215390194 -0.006259413554571938848 -0.01084940342219875564 0.002910629027958042212 0.006278166475158649361 0.9999760561457021746 -0.01508221673604692725
0.9999691801681503955 0.007113971820282351775 -0.003321162275503737344 3.042708952659857857 -0.007139649914024981218 0.9999442087353623831 -0.007784909456749963819 -0.01459648566826771132 0.003265595357406131209 0.007808381462371252052 0.9999641818916727987 -0.01937191856569242532
0.9999507547098679394 0.009193365184438688498 -0.003737671992092453464 3.337648525723611481 -0.009229568476319442716 0.9999095105312921783 -0.009787022745231481816 -0.01236578422053363768 0.003647358098284390025 0.009821037879098899054 0.9999451204912739311 -0.02168558198398851111
0.999936095182948792 0.01040775213785837677 -0.004414096270362262257 3.61829348334074119 -0.01044999236423562079 0.9998987668447217869 -0.009656796638534468832 -0.01386711477100699419 0.004313143871914265799 0.00970230679404035859 0.9999436294278386539 -0.02126446378070256937
0.9999088855837453549 0.01258813080224617693 -0.004874371122064486729 3.920587363800953185 -0.01262497773546642811 0.9998913900777204322 -0.007603813833200586715 -0.02378666604387219552 0.004778123914107730054 0.007664659842044578911 0.9999592104290669914 -0.01560454385154508294
0.9998791697369260323 0.01532116854260456504 -0.002628254434437400991 4.223492412025696474 -0.01534676973025388656 0.9998320834877553187 -0.01001406442957911494 -0.03030768837744735045 0.002474385938529491923 0.01005318964178607104 0.9999464039600057808 -0.02155966533142916752
0.9998383073951500055 0.01797764175325613015 0.0004043060664238390866 4.558479222715352108 -0.01797004645718936616 0.999736736450174357 -0.01426657706474489425 -0.04835003051703537502 -0.000660679038403160163 0.0142570048641017192 0.9998981454705515581 -0.02256796320213327878
0.999782847019969334 0.02079725113617936563 0.001316492046191494476 4.894711976761979777 -0.02077519237256455695 0.9996716986097891056 -0.01499621216154014246 -0.04103849451849228558 -0.001627939829919505636 0.01496560531179317623 0.9998866838144139235 -0.02689565516841352366
0.9996982634401467838 0.02455948420168737462 -0.0004623981185235471916 5.241956950927407988 -0.02456309625476882016 0.9996371579094133208 -0.01105471969882987349 -0.04016259041526426543 0.0001907321276189596058 0.01106274201322264734 0.9999387878067521607 -0.02176399768429160275
0.9995869842545177519 0.02871249933628507167 -0.001205525825127649192 5.596639910232038773 -0.02872133877222212903 0.9995546401680531767 -0.008099754059977407397 -0.05370780281244003085 0.0009724247495824028201 0.008131033047581585557 0.9999664697837653549 -0.01892091329131861954
0.9994339745462467173 0.03363963190846473023 0.0003250998733129553436 5.961389509414861898 -0.03363643529981964753 0.9994083644352707019 -0.007177138358868565514 -0.06542453640685064187 -0.0005663438249207698987 0.007162140712683927497 0.99997419116446562 -0.02059358227211993686
0.999293083073077959 0.03746140436349324615 0.003158687725571150771 6.348608156786368362 -0.03743324704383304419 0.9992625849740230937 -0.008546243879481768904 -0.08418029328597348426 -0.003476512759179805137 0.008421962454339701129 0.9999584913420476173 -0.01701180293943937993
0.9992155922007357471 0.03927058188691931462 0.00510114734725066344 6.748792304609098736 -0.03921463933742283525 0.999174169089370956 -0.01063916743739608782 -0.1103233905930426917 -0.005514740957712756936 0.01043078233505338043 0.9999303907829912852 -0.02121573665880538417
0.9991910380135664571 0.03998835077449207354 0.004266305042858437035 7.155700680128354918 -0.03991475832594097717 0.9990729115243641711 -0.01612853135144444797 -0.1229461765613420188 -0.004907303169165873162 0.01594519544462843358 0.9998608248737844706 -0.02094811761162140851
0.9992401959359757946 0.03870409790235253278 0.004585153690690547089 7.566696903268330665 -0.03861135648344386773 0.9990768314261045946 -0.0188321017339081534 -0.1369030317485424031 -0.005309800329417121989 0.01864075401937892798 0.9998121465102576266 -0.0264557776909213338
0.9992472057270253005 0.03783520509772924506 0.008574328271984952773 8.007500603763055835 -0.03768777267200924125 0.9991491866285157064 -0.01674916858462679667 -0.152470220455318578 -0.009200741346814304833 0.01641341256834080026 0.9998229574507089268 -0.02672777869145015472
0.9992228195346121167 0.03788188475043912512 0.01089585851104793793 8.461080676841898907 -0.03774737739796326513 0.9992116561720206791 -0.0122964087114005808 -0.1675737667721845514 -0.01135307996538264912 0.01187556209627504272 0.9998650301910275706 -0.02457760678404929955
0.999233888829625605 0.03787540115227499421 0.009853395632816314142 8.919187078994784912 -0.03777304197960872079 0.9992324852538311264 -0.01037485955106650856 -0.195837180443448361 -0.01023878497332164801 0.009994718525345298171 0.9998976312016670809 -0.02751773557323067276
0.9992422925480933804 0.03812962484830663412 0.007808488679601444278 9.393932472056114591 -0.03803917832696790402 0.999210974996070922 -0.01142139909310511958 -0.2146194230941711467 -0.00823782124898420412 0.01111571651749406961 0.9999042849925375842 -0.03706903822835150297
0.9992520764869794458 0.03828825235600018945 0.005412704593923548316 9.887517065155213558 -0.03819783069886149157 0.9991433153474862383 -0.01592360273237293511 -0.2159608290205009273 -0.006017754532197950798 0.01570493951852449527 0.9998585607496833783 -0.04330531418045846515
0.9992693337862886827 0.03808254843632725289 0.003243156129414178669 10.38330245912276162 -0.03800990355358421086 0.9990751362014003156 -0.02010272254386147317 -0.2317841915350756787 -0.004005719555965805111 0.01996476210859611175 0.9997926597471764598 -0.05548290830276181307
0.9992884253199124656 0.0376133207610408124 0.002807334265241914241 10.91127438306307518 -0.03755034569963478647 0.9990974227373082828 -0.01985727612758280206 -0.2437215718594266667 -0.003551698524873577161 0.0197377298171640958 0.9997988835055043877 -0.05969177494161803654
0.9993021697625512623 0.03723962119998641684 0.002895535084467483217 11.4289670195101607 -0.03718665392141587422 0.999170644529972618 -0.01658842600714941634 -0.2636508206067081361 -0.003510880356802162545 0.01646917483763430529 0.9998582099472377305 -0.06970056836668192535
0.999340846482747458 0.03625491537540391496 0.001858403824914537294 11.95732761205287886 -0.03622457587200365176 0.9992405290741102064 -0.01435775596463161052 -0.2901936764272246561 -0.002377531648182322488 0.01428097210599369934 0.9998951950973199443 -0.07097995794509870393
0.9993441462385476148 0.03621067354340418154 -0.0002539735148921061134 12.49129384627432771 -0.03621016355134502179 0.9992192269945563421 -0.01580381149430610047 -0.3067260246168416749 -0.0003184914389586191385 0.01580264292465178091 0.9998750797173482363 -0.06904615328980534539
0.9993447220489970473 0.03610613421204768997 -0.002544324482399682851 13.04083162973500798 -0.03614345837494895713 0.9992089542997724116 -0.01658662297221685095 -0.3416303422380583821 0.001943432970890568391 0.0166677148070027252 0.9998591952628302915 -0.07059528209452692327
0.9993544179193581956 0.03572934224830074529 -0.003763175441033974646 13.62494600996233451 -0.03577844268867381994 0.9992629717921710508 -0.01390741678498355963 -0.3393259054689560794 0.003263499020983773313 0.0140330789600537735 0.9998962057480901278 -0.0774043222194326086
0.9993737131672911778 0.03520909793763328521 -0.003535654743889780991 14.21290740127245478 -0.0352479871788613508 0.9993110876372826024 -0.01161591678826189543 -0.3831490156441362815 0.003124233036220246118 0.01173326660305216984 0.9999262820943983776 -0.08140627130155786428
0.9993344489539682796 0.03643003698317134886 -0.001873910714843636874 14.8368465110794574 -0.03645004159317891124 0.999262656371473712 -0.01206391507814461722 -0.4168094405804158575 0.001433040126709983876 0.0121241900476397272 0.9999254724287502949 -0.07757243602310182062
0.9992939781010893308 0.03757051355641680829 -4.29462312902104186e-05 15.4492274047809186 -0.03756788149010701489 0.9992090718429305074 -0.01303399496711930144 -0.4296639645875842128 -0.000446781620207893442 0.01302640607729000158 0.9999150529574265533 -0.07916298622792017348
0.9992559000157993365 0.0385448726685255344 0.00139250751436245635 16.05707872859634122 -0.03852465266746266798 0.9991804466114349026 -0.01242120138447848007 -0.4493417578953055047 -0.001870139905385168793 0.01235831289745231362 0.9999218842883974556 -0.07553546743892958215
0.9992339288480783788 0.03910925519538802769 0.001421829641256985117 16.68012020000003659 -0.03909336298670760407 0.9991867935106819587 -0.009872215647741088354 -0.4705035976080170212 -0.001806768400877411173 0.009809068723023924366 0.9999502576421166467 -0.07795211357429754351
0.9991870163339234834 0.0403149296988960168 0.0001132944956703929985 17.33193140660582898 -0.04031394863815061097 0.9991759462557476823 -0.0047131694859050546 -0.4973582806920763266 -0.0003032122311679831084 0.004704770405049238553 0.9999888865371205915 -0.08074703735578347974
0.9991394495470087289 0.0414654149602303318 -0.0009898098699690706555 17.98916388285214296 -0.04146963033100099782 0.9991286810336920121 -0.004706218597406249329 -0.5375844991565473796 0.0007938021230532933854 0.004743215705665177612 0.9999884358246629024 -0.07561082860202505973
0.9991021374152395662 0.04236053312536659093 0.0007101044887097835009 18.67619161866831234 -0.04235584157016266532 0.9990865078353614592 -0.0056685574511741426 -0.5719412119632409919 -0.0009495789292350018465 0.005633390789548991563 0.9999836814708367161 -0.07608157676217330856
0.9990259638602727588 0.04369920220361295238 0.006123990796002623353 19.36447871636343976 -0.04361343643823659827 0.998957252777407434 -0.01350093636656563879 -0.613656644004199836 -0.006707585169283205792 0.01322069767985069658 0.9998901046881578658 -0.0819398414617811266
0.9989451038183333464 0.04414734841774073382 0.01263689792947590533 20.10261139975883893 -0.0439416763262139437 0.9989041149310283751 -0.01611515599696737924 -0.6503002650364529957 -0.01333449074766871086 0.01554286969804006234 0.9997902832877136881 -0.09057044888578791308
0.9988034812709269961 0.04616994093782547659 0.01612272804499123233 20.81003346811582233 -0.04588086060018664591 0.9987872132635885469 -0.01786194975198798426 -0.6611591060835262379 -0.01692785977862185098 0.01710085295251122239 0.9997104622787904571 -0.09028022440069061183
0.9987803671856491095 0.04772908418158076926 0.01263774711418179028 21.51032579475775464 -0.04753105319919638527 0.9987489924151045084 -0.0155321965182262673 -0.6905914099444602217 -0.01336327471118438186 0.01491256750728685819 0.999799499008580228 -0.1074431802323354557
0.9987234874321038181 0.05027318844613892085 0.004899201835019520272 22.21778160870964669 -0.0501647207555744809 0.998536752258790683 -0.02019542465384799312 -0.7051714608114267868 -0.005907321477595849253 0.01992387784431945072 0.9997840480043342914 -0.1079589601620430939
0.9986487514380691932 0.05196779070831745312 0.0001413624624848552555 22.95258704557618046 -0.05194789603210729634 0.9983346791386631391 -0.02508554412084464461 -0.7357193054274324684 -0.001444767354379866611 0.0250443038285215365 0.9996852982278342514 -0.1313735241132345521
0.9986303818331634385 0.05231536330261730983 0.0006806214891430950207 23.71814362005979149 -0.05228090484323623388 0.9983051877523151374 -0.02556284593841109606 -0.7700012168780662192 -0.002016797534882633705 0.0254922510884457304 0.9996729853616720396 -0.1465226321253717545
0.9985043899193457584 0.05463031601316943597 0.002124120463699630517 24.4844419582453412 -0.05457367405739212141 0.9982877478621970946 -0.02105437163205901158 -0.8120883241572812716 -0.003270690408800126271 0.02090696143937790033 0.9997760757025812017 -0.1465465665515942595
0.9983642969617869678 0.05716482238541836791 0.0009558437663799916433 25.25167799752128772 -0.05714340992076301362 0.9982475048482162272 -0.01538017436419061509 -0.8593237440547834005 -0.001833373589960209929 0.01530039678992477746 0.9998812612501299935 -0.1481812439910616952
0.9982637687467670329 0.0588654158486473511 -0.002076253329225915753 26.02409978595336426 -0.05889008975750679303 0.9981507568696469379 -0.01506731181519834796 -0.9111170087226097003 0.001185470256924717062 0.01516342221828160738 0.9998843259532811389 -0.1425398852789893089
0.9981348427330400952 0.06093579936131652414 -0.003696495887233965712 26.82480082263772658 -0.06097452305648687343 0.9980734341178399971 -0.01146855015007479384 -0.9526749147496820225 0.002990529073980644544 0.01167255157010180233 0.9999274015027564966 -0.1493732916517563902
0.9981114991875332798 0.06138518846547974528 -0.002300832504733812955 27.62828949792201882 -0.06141034066035832434 0.9980251009370536552 -0.01321620050690158234 -1.009780004516387608 0.001485009634441133335 0.01333253660523430265 0.9999100150584737667 -0.1518960442061366711
0.9979673719568733503 0.06371583452931030289 0.001190354485715605128 28.46686785256667918 -0.06369048620789362347 0.997854108134362483 -0.01518883939406183263 -1.050349278730188018 -0.002155569690570405088 0.01508215187267281446 0.9998839343713658012 -0.1568746988529824415
0.9978241163011716264 0.06584721938009611975 0.003343147041538589714 29.29994264260234615 -0.06578229170008843829 0.997692717526495132 -0.0167908156245123695 -1.100500232477060525 -0.004441061976233704606 0.01653436088380640448 0.9998534351984730284 -0.159187638476281923
0.9976914786360944198 0.06776819588000303207 0.004380078625811297671 30.10958212326652728 -0.06766046625074254028 0.9974812973499163071 -0.02128667986904734383 -1.168935715238713424 -0.00581160640028769316 0.02094118094655087955 0.9997638181945522895 -0.1706899830864954115
0.997541644177550757 0.06992919886055493084 0.00453599857666109503 30.96130310221075987 -0.06980037306012783216 0.9972691104764251913 -0.02412942614570480135 -1.221674027082475744 -0.006210962704021386754 0.0237534930320887315 0.9996985523198240742 -0.1720495606776240027
0.9973772245627022803 0.07225631718171128537 0.004206727451488226528 31.79042961172807225 -0.07212866822167110503 0.9970785809833311308 -0.02513480774964408151 -1.286004929087353865 -0.006010586477949371974 0.02476545913892021569 0.9996752197004482587 -0.1907014550421496368
0.9973055738796131608 0.07332934160268139712 0.002097611381519649734 32.63766126305552007 -0.07324310417960057384 0.9969272527969904596 -0.02777589452247042692 -1.342329424355328316 -0.004127954008665415259 0.02754741885196316381 0.9996119745730440709 -0.1930852941320529981
0.9971480242536274741 0.07546965472268724051 0.0003859375446283735836 33.51510886592829763 -0.07543253246064754447 0.9967939698767886991 -0.02667798079798790536 -1.389272993175426407 -0.002398078215677708 0.02657278359157175598 0.9996440048301155068 -0.1997692256274578027
0.9970887595360240496 0.07621980570848493897 0.002132329612851719975 34.38764866457015756 -0.07613733288955000511 0.9967481025426221386 -0.02638800132105800431 -1.451881692155447823 -0.004136683828253524299 0.02614882960835376857 0.9996495018537960853 -0.2063592039479503759
0.9970377309572858726 0.07666124798430236364 0.0062302576537245297 35.26207699201520995 -0.07646167375407993128 0.9966891064391599775 -0.02764846375118259689 -1.544268195512865205 -0.008329195668661970586 0.02709018562866571597 0.9995982924861142038 -0.2209996531289388777
0.9970240861280240674 0.07620140591881917336 0.0116755052380162587 36.14058828984796179 -0.07587262153921141283 0.996767860977679887 -0.02640410230123877572 -1.616053563208439403 -0.01364979809821029177 0.02543967477051953252 0.9995831661036880256 -0.227140126274255616
0.996986794630977391 0.07602442790470879952 0.01541485321421740343 37.04163516380096866 -0.07564641735697177904 0.9968511205355826688 -0.02377946642757843704 -1.669070930545356379 -0.01717413402949550388 0.022541735585782572 0.9995983789878517545 -0.239001383439081061
0.9970930508238571299 0.07428612049521109151 0.01694167367835887339 37.93356807214708937 -0.07386680299306222497 0.9969753569061907683 -0.02416263919836080312 -1.728119352041812329 -0.01868537988800977531 0.02284097235616600746 0.9995644784395419924 -0.2549486920495867004
0.9971844396263797039 0.07333554419500001864 0.01565539303005692232 38.81255442890213914 -0.072965287065190787 0.9970683174436494323 -0.02303990514944204843 -1.773270863230474559 -0.017299140368744019 0.02183273465297862204 0.999611960431689428 -0.2791108194204040549
0.9973318963056237996 0.07167295313800159384 0.01385916324623257846 39.67023453582496018 -0.07133637834459966021 0.9971773031504588269 -0.02342108456194473207 -1.857995959050425805 -0.01549870132505985765 0.02236993216099325901 0.9996296196044643922 -0.2983215952624624911
0.9975029008673905739 0.06977690951760003035 0.01091538661014997309 40.50642135617971462 -0.06952137220530164863 0.9973320710989010962 -0.02226025067606114682 -1.908541098506729927 -0.01243951663107110972 0.02144581196254379679 0.9996926205458480652 -0.3217529594491514988
0.9976396703140624211 0.06816288479350515739 0.008301166027788310295 41.37175910068538798 -0.06801429456065624657 0.9975389748098135723 -0.01703083869731831027 -1.97245861164808689 -0.009441607744390033419 0.01642604234664896481 0.9998205044781544037 -0.3354271911442895382
0.997798304077633369 0.06575101519806207662 0.008680344766822714261 42.21535993389711905 -0.06560680283787787004 0.997717793054937685 -0.01596724268728562379 -2.035666575597974592 -0.009710396839598678387 0.01536259800157080413 0.9998348357477617743 -0.3608854268471286542
0.997943244379031924 0.06312616309938502701 0.01115206419362101478 43.03878780216284383 -0.06295020197008974194 0.9978965814173470505 -0.01548175906353419125 -2.085752432625721742 -0.01210591078157680078 0.01474789217037442493 0.9998179567297730275 -0.3696677586352311584
0.9980147291634943185 0.06088445867551539603 0.01611468492145379239 43.8510281527540684 -0.06067311837732462104 0.9980691523925298014 -0.01329435012127012233 -2.124929158442157462 -0.01689298923057542048 0.01229022904512801738 0.9997817647781662709 -0.3888951425149794749
0.9980655059154278641 0.05960237868597858396 0.01768621956409626925 44.6224254277965926 -0.05943590287279730544 0.9981840756219340083 -0.009794111539456033105 -2.16909127851355521 -0.0182378550711854541 0.008723968455944704214 0.9997956156208631651 -0.4163237140802745762
0.9981897080256609822 0.05846921423903687909 0.01409460120593834971 45.38726705175565712 -0.05835483228358982755 0.9982606082820760784 -0.008394730363403829151 -2.226364340895289562 -0.01456091846097353967 0.007557045356696954173 0.9998654263036553802 -0.4308525758112139448
0.9982411671964105393 0.05835469614576563324 0.01045473849032852592 46.12057344347088161 -0.05827617177775441804 0.9982710761191229132 -0.007664618928466639287 -2.289774976269673523 -0.01088392955150571662 0.007041876005042814121 0.9999159724989942211 -0.4487189814458142356
0.9982079657133310358 0.05901070924407084833 0.00992942021276019271 46.85653005547338523 -0.05892032175257052445 0.9982206433969478265 -0.009162029095656555946 -2.337044637739809527 -0.01045241006791785936 0.008560565787450125086 0.9999087277526796935 -0.464398574988840851
0.9981230645847258831 0.05982560549488352003 0.01308605656298513636 47.57913292601689648 -0.0596809688000521088 0.9981549192395889891 -0.01117761858619517254 -2.381373180526670907 -0.01373061953115247216 0.01037565038012758754 0.999851897015210489 -0.4850773303833061378
0.9978559730383912418 0.06279003854088283099 0.0184626145935438378 48.26382686963805213 -0.06260765254099756594 0.9979851006161692961 -0.01029663962794485736 -2.409435247600842267 -0.01907194068130956682 0.009118662390790907915 0.9997765305670432978 -0.5073345046572276251
0.9974194299877184866 0.06840865447276207878 0.02178845297159348951 48.91572192373774186 -0.06829340530700070411 0.9976472904217063009 -0.005991218710262266947 -2.431163926181586721 -0.02214704227977500398 0.004487750296250351927 0.9997446517051287174 -0.5196783454835350868
0.997100649984843046 0.0727457041127385351 0.02232389616420380613 49.54562729191026449 -0.07263983928576636662 0.9973429721857168806 -0.00551811343488799004 -2.492420652644774304 -0.0226659999979264247 0.003880510257917206465 0.9997355620771154472 -0.536200332466355678
0.9965324086037986584 0.07981496396259969706 0.02351021347204900608 50.16944556609492167 -0.07964361437763040064 0.9967901811710092597 -0.00813814506774132411 -2.544773200616013753 -0.02408429570091731239 0.006237486924540095942 0.9996904723236623713 -0.5494964830191809702
0.9956873876173418791 0.0886793827059904477 0.02725056386751715035 50.75005405767664257 -0.08841576332678401096 0.9960258249625927318 -0.01073353612192482626 -2.614328537110460093 -0.02809410871369092538 0.008277867129275260152 0.9995710069665696418 -0.5743069138794956174
0.9941264395569112677 0.1031609460622549129 0.03271760063491881143 51.34333693295655365 -0.1028655390318741203 0.994638877400134569 -0.01059171552964800408 -2.67644154340874918 -0.0336348489604280515 0.007163990815776145708 0.9994085121546422146 -0.5890782882903424778
0.9920608105554951095 0.1201184247150783729 0.03724127032214001598 51.87447838902892983 -0.1198465429499726009 0.9927473847268324381 -0.009457074286741719987 -2.711995408982726286 -0.03810714258110147606 0.004918755270856354188 0.9992615531113638871 -0.6151619980511443542
0.9893575221844711498 0.1402794164476563188 0.03864425740695087014 52.41716618622580626 -0.1399294911446618828 0.9900931780024669893 -0.01162911746892127639 -2.769693879609750997 -0.03989274143887754087 0.006097883559996860638 0.9991853606773967167 -0.6377384612061819391
0.9856673817023934303 0.1645787842491978348 0.03706260158688611667 52.91652126951343149 -0.1641534396189308909 0.9863317122120616176 -0.01426189809119168816 -2.829595210315850817 -0.03890322512981642111 0.007973534206854423351 0.9992111697845961205 -0.6676922725011442683
0.9809008634371844115 0.1914301156202441734 0.03446747678696768236 53.38038273527672573 -0.1909856779383972969 0.981465876762226852 -0.01578618268382169648 -2.906349239524244954 -0.03685060309920708266 0.008901885791357973948 0.9992811363557133619 -0.6882701222404911112
0.9740205593211884727 0.2240590684333849392 0.03288592233391383207 53.85336983745763462 -0.2236710151735032681 0.9745479328190157498 -0.01508653698300341413 -3.002607035689169201 -0.03542918304963395271 0.007338969542745173331 0.9993452419011337184 -0.7166065054865251582
0.9651277495847691013 0.2595389556133556042 0.03417539344703087595 54.30602126847556832 -0.2592031181817638363 0.965721460256480424 -0.01399302370597573821 -3.11441014075499778 -0.03663564562055103557 0.004646686916454292361 0.9993178862436521426 -0.733285712464993189
0.953938086093995552 0.2976595007725969522 0.03742926017491181312 54.73096409871994439 -0.2973967391686166417 0.9546717470297561015 -0.01253135832316245452 -3.238744950530421107 -0.0394627350606611485 0.0008228000311776925311 0.9992207041175321658 -0.7559198128974617958
0.9402971429147387594 0.3380587235540098434 0.0394662194109274625 55.15224125021804014 -0.3378574470528824536 0.9411224999431740956 -0.01186530897762117648 -3.37108067808261902 -0.04115371827912261971 -0.002177040023993198365 0.9991504551186687344 -0.7838045987075363819
0.9239715400216126362 0.3804152798970957261 0.03950706355401204656 55.58808828445848604 -0.3803253000777648274 0.9247980356881799757 -0.01006276765542461933 -3.497854968741214154 -0.04036408534014685606 -0.00572782489653323075 0.9991686207202498116 -0.7990675844040255882
0.9057710804718522857 0.4219467827503760038 0.0392385311577365184 56.04182982655503054 -0.4220097872426824548 0.9065637137846225269 -0.00706910919834953435 -3.677644122599295962 -0.03855501640745714192 -0.01015604953370175152 0.999204866563055849 -0.8196483467093629294
0.8842938179062596049 0.4652199193005882027 0.03993582750627812372 56.45302513870782235 -0.4654679675828056751 0.8850581526843085411 -0.003411378856131750195 -3.886436302641318896 -0.03693257110819657407 -0.01557218725683976769 0.9991964232177584782 -0.8455045111634009736
0.8598992290715347098 0.5088925029119706345 0.04002169838351751774 56.84546411381825237 -0.5092616758930793575 0.8606110006506377808 -0.001118485740203742709 -4.098798883361946643 -0.03501230289350754088 -0.01941973219411096546 0.9991981848680475675 -0.8629311841957205687
0.8318164776401036908 0.5536046118497216506 0.04004099503527130954 57.26399475194806143 -0.554083370974409295 0.8324605299757585897 0.001041166453090633425 -4.328471893897027911 -0.03275615338830441953 -0.02305210894917292946 0.9991974953353537359 -0.8875329535007316917
0.8014464699816054027 0.5967196769905676046 0.04011462156229544246 57.64924442320505449 -0.5972258357152956387 0.8020727314405811104 0.0007966306924106876996 -4.614720197430107973 -0.03169947886662972253 -0.0245959452767831252 0.9991947670558970485 -0.9079888253586595459
0.7688623461550628813 0.6380505544399976969 0.0417394616489025691 58.0104658373136246 -0.6386184080571976063 0.7695234914411134275 0.0003535525955361526517 -4.906691595241663428 -0.03189391181642959455 -0.02692742186521382419 0.9991284663831144774 -0.9304160164379640108
0.7334843060799229875 0.6783264681524947548 0.04328943694408944609 58.37023172984898167 -0.6789444089432180585 0.7341894538565343353 -0.0005791386444546320041 -5.200642052783268632 -0.03217549312412113643 -0.02896633211063570634 0.9990624050791696575 -0.9441408040349538178
0.6960280319438738594 0.7166210290769717828 0.04471330275227831941 58.73080813069326211 -0.7172470488357143292 0.6968131834041961792 -0.002838725835650145277 -5.520331391596458914 -0.03319110944393185297 -0.03009465172617570294 0.9989958269119761924 -0.9612914724405151601
0.6559070281764199928 0.7532039323751008597 0.0496971493207782819 59.04933055828011845 -0.7540152115892805318 0.6568473915300896415 -0.003544704361431952593 -5.859900120250409294 -0.0353133281428148274 -0.03514741009888437684 0.9987580429787531466 -0.9704282870860533317
0.6144657505868231784 0.787147056891955188 0.05321045184867302658 59.3548946571354179 -0.7880506624755803102 0.6155805903912064947 -0.006057235830355001995 -6.229294197708949987 -0.03752325669930735991 -0.0382105679126601358 0.9985649491656232168 -0.993543202767835032
0.5699143701611026902 0.8197164536126826384 0.05711870412229148181 59.66956151887875848 -0.8207858419456931509 0.5711857869182400682 -0.007576179016392584932 -6.592476985534277745 -0.03883571053323060102 -0.04256445040679830705 0.9983386475262086002 -0.9947553458589528663
0.5247621390199532776 0.8493916076463537967 0.05620137282103693926 59.94713965117537668 -0.8503737130743100892 0.5260719129534193739 -0.01062499517064975987 -6.980781417556531032 -0.03859074541333271102 -0.04221657493983088649 0.9983629175627140029 -1.016341715024259518
