1.000000000000000222 -3.288104128200433695e-19 2.199307547639937647e-18 0 -5.681318425110126656e-19 1.000000000000000222 -1.273613892030353574e-19 0 -2.923285529664562976e-19 -6.024150353257425012e-22 1 -1.11022302462515654e-16
0.9999999951536153731 -9.6666218861381613e-05 1.866566856432332324e-05 0.002474628753041829832 9.666589425783622181e-05 0.9999999951766349593 1.739084201606154155e-05 0.001474556959902562081 -1.866734958178334724e-05 -1.738903759236668466e-05 0.9999999996745746467 -0.0003973291507024523384
0.99999999638670789 8.497941072700816408e-05 2.256003023151333592e-06 0.003013981780036756319 -8.497948817265160888e-05 0.9999999957992871114 3.434977534442443264e-05 0.004866185117097965307 -2.253083991052328982e-06 -3.434996693729907506e-05 0.9999999994075016163 -0.0007342009051412023979
0.9999999967042126903 -6.742375063902993244e-05 4.522845562993250002e-05 -0.005278879897329669113 6.742355683552195484e-05 0.9999999977178468669 4.286583671739594781e-06 0.002807138140178744301 -4.522874454424619025e-05 -4.283534191656214833e-06 0.9999999989680035117 0.0004605313054020232499
0.9999999972470381415 4.393031140564015357e-05 5.980017895694025989e-05 0.0006064122789376513722 -4.393205427116321873e-05 0.9999999986103050853 2.9143810827770938e-05 -0.0002179727404125197943 -5.979889857778376085e-05 -2.914643789508035641e-05 0.9999999977872849888 0.000372103012594604543
0.999999994050275065 9.202052485485230475e-05 5.858059137101285336e-05 0.00143130255302370557 -9.202279494723165215e-05 0.999999995015116272 3.875005525558998661e-05 0.001724233800592611665 -5.857702527948923434e-05 -3.875544577978680649e-05 0.9999999975333703217 0.001029932799988753089
0.9999999935133012663 -9.033095191947674001e-05 6.93809687774459222e-05 0.001136281327474675251 9.032717523760131677e-05 0.9999999944389034168 5.443529080626417717e-05 0.005344311515886601693 -6.938588558476506667e-05 -5.442902346032298225e-05 0.9999999961115360048 0.0001777897521838545103
0.9999999989388177468 -4.20745823451905334e-05 1.876416147516385256e-05 0.0005688540670519826037 4.20750184208086266e-05 0.9999999988447996202 -2.323998036480542475e-05 0.001989856533515521608 -1.876318364020351082e-05 2.324076984307800949e-05 0.99999999955390384 -0.0002295303817119176415
0.9999999987512557809 -3.135703267336487982e-05 -3.8912960174571514e-05 -0.0007483410964149728173 3.135902227909762307e-05 0.9999999982011701372 5.112997037320446278e-05 0.005898737023741162933 3.89113568185462885e-05 -5.113119057584268633e-05 0.999999997935756002 -0.0003180524167848419737
0.9999999926465286126 -0.0001073020947937578553 5.650842906237312294e-05 0.0003793046960193224848 0.0001073025461067508141 0.9999999942112164364 -7.983588568450769894e-06 -0.00163208278991444633 -5.650757207903979961e-05 7.989652011889241884e-06 0.9999999983715267549 0.0005296161372236873888
0.9999999819469738149 -0.0001895267533303713378 1.362538520346255265e-05 -0.001921098810980015337 0.0001895258345168776245 0.9999999797682931346 6.740463006099908154e-05 0.001812992636937460489 -1.363815991077382196e-05 -6.740204646753460269e-05 0.9999999976354815301 -0.0002190515056298414365
0.9999999992446273467 -6.897048453927126366e-06 -3.825142042073816399e-05 -0.0002865816895479822435 6.895746663503975573e-06 0.9999999993971205869 -3.403245793174709642e-05 0.0009088832184376838264 3.82516551221145939e-05 3.403219413368424828e-05 0.9999999986893125525 -0.0009215970754220537131
0.99999999477414514 5.842844760505853095e-05 8.389183083873536244e-05 -0.003218789897610485617 -5.842475745832509518e-05 0.9999999973257646113 -4.398880297985074256e-05 -0.001027506303156289214 -8.389440080998149772e-05 4.398390138158997603e-05 0.9999999955135682184 0.0004283611221279626236
0.9999999891372868266 0.0001461621713411322013 1.902781098221652066e-05 -0.002017397448174751418 -0.0001461624211865725448 0.9999999892320772243 1.312946127270365181e-05 0.002274096533086855665 -1.902589174697872428e-05 -1.31322422892271427e-05 0.9999999997327787549 0.000319053345657738241
0.9999999510725794405 0.0001021920622024700357 -0.0002956545183812743331 0.004293373730592686677 -0.0001021651631949739412 0.999999990641101566 9.099488877071612472e-05 0.0006688709352239974315 0.0002956638145653288623 -9.096467871757817091e-05 0.9999999521541836911 -0.000348440139453565223
0.9999999299648432149 4.338667267344032021e-05 -0.0003717362852953414484 0.001992840563365905204 -4.325324025364061159e-05 0.9999999346440945347 0.0003589442322232233281 0.0001970660510836053092 0.0003717518343826651454 -0.0003589281282560472788 0.9999998664855981323 -0.001118846984288990321
0.9999998703318633275 -0.0001027005318984660433 -0.0004987873234296589164 0.002272747618437431782 0.0001028384910878194782 0.9999999564662573892 0.0002765713929539952761 -0.0004493399601491199213 0.0004987588976749609193 -0.0002766226515897171547 0.9999998373597502876 -0.00124432841854504872
0.999999867628875827 5.000560202146552241e-05 -0.0005120953190973176429 0.000323030319279271616 -4.986842198200712824e-05 0.9999999628742741731 0.0002678891344443664431 -0.002418806069646561863 0.0005121086960317414085 -0.0002678635615693737595 0.999999832996912863 -0.0004536169002787859839
0.9999998957949782774 0.0001588222857801742426 -0.0004280017236710013354 -0.001373042792398804224 -0.0001587353437545353525 0.9999999667643311163 0.0002031610624972610168 0.0006815781747190330364 0.0004280339759418890161 -0.0002030931023099288954 0.9999998877700715383 -0.001419063615563431746
0.9999998747409236666 1.506093073281813236e-05 -0.0005002911648171790406 0.002511605379082459955 -1.485193863023868435e-05 0.9999999126355230139 0.000417741985429767094 0.0004598368147197828826 0.0005002974126766362691 -0.0004177345027714375017 0.9999997876001975872 -0.0009689333399838240268
0.9999997907243112216 3.033915525142005589e-05 -0.0006462436056634898599 -0.002203580434212426553 -2.996145452136341088e-05 0.9999998287559903609 0.0005844572701417316074 -0.0001229509743927437171 0.0006462612269159085602 -0.0005844377853788000144 0.9999996203894151447 -0.001582529461035986351
0.9999998798658521482 -1.87448839516889747e-05 -0.0004898130802363981134 -0.00443480468839041464 1.893784178607206634e-05 0.9999999222262916376 0.0003939400598519102246 0.01205892136975639239 0.0004898056577659363944 -0.0003939492884899344614 0.9999998024471959956 0.0001667413884866020268
0.9999997649952421241 0.000251290615407278998 -0.0006378576887088523465 -0.002309154449069872328 -0.0002509550989474002665 0.9999998301565883319 0.0005260307192525327802 -0.004477514991138631384 0.0006379897669361279337 -0.0005258705219577143597 0.9999996582146031265 -0.0004497633328715000545
0.9999995054178706377 0.0001304190954549131788 -0.0009859790919544628163 -0.004766099398560985634 -0.0001297783035712024265 0.9999997803676708985 0.0006499401469058722338 0.0001393372492166089494 0.0009860636399818861926 -0.000649811866702336015 0.9999993027113305288 -0.003382388292788474082
0.9999993196870781142 -2.242846894855505993e-05 -0.001166242775128754211 -0.0005520317165685906247 2.327241693072134549e-05 0.9999997379029402778 0.000723638340692034452 -0.01240316011151942899 0.0011662262393307653 -0.0007236649896000879123 0.99999905811229306 -0.001107009839360739711
0.9999994357491985841 0.0002501968516194693899 -0.001032425647877994318 -0.000912676416837454596 -0.0002495217593927429684 0.9999997550333682428 0.0006539664210823144903 0.002367144920134456321 0.001032589015281775617 -0.0006537084393613868142 0.9999992532123803679 -0.00273795826502321038
0.9999987758778229319 0.000315318677345545733 -0.001532585016666040663 0.003426381523629840054 -0.0003150662165696304154 0.9999999367595107103 0.0001649673719006142215 -0.001539798399254832528 0.001532636937025788539 -0.0001644843041564739118 0.9999988119838479905 -0.005101843342189327224
0.9999969252674717479 0.001246451067930148034 -0.002143785244539528432 -0.002205675163048481657 -0.001247068938437430243 0.9999991812527397883 -0.000286902129000185112 -0.007854650975921251277 0.002143425879856507982 0.0002895746948247730919 0.9999976609333836031 -0.004485977726612189187
0.9999889130306027774 0.003218583379793631127 -0.00343722805735460768 -0.008396529850599465661 -0.003219525044934827118 0.9999947812794450774 -0.0002684625679236598878 -0.0003873129845615719269 0.003436346050258408391 0.0002795258332162463559 0.9999940566781003737 -0.006605949871517968752
0.9999784094567657489 0.005208383319487214919 -0.004006664871942178241 -0.03315394937349835924 -0.005207999554057728131 0.9999864326379054313 0.0001062093344693930988 0.006889091908215405624 0.004007163690978282622 -8.534033264730082424e-05 0.9999919676460595763 -0.004874807951124382477
0.9999472460495418824 0.009363779051535512862 -0.004221937936061940025 -0.04548529784987553892 -0.00936119826175844244 0.99995598416817566 0.0006306288558031637346 -0.01029719150084013046 0.004227657173191672058 -0.0005910731899344493639 0.9999908887323878393 -0.002412434890272985299
0.9998859498192621542 0.01449779141494170372 -0.004231004440260906739 -0.09310333154507877129 -0.01448841963642184642 0.9998925342417075424 0.002237333949305711066 0.003635586879674634897 0.004262986153009188511 -0.002175778213716744996 0.9999885464037603366 -0.001700168243455424388
0.9997899013057577333 0.01999878922343824306 -0.004494627614281143484 -0.1368277630405737577 -0.0199807326778418913 0.9997922552495593917 0.004026991851525191235 -0.001459651335440959041 0.004574228840108957722 -0.003936339833719941679 0.9999817906640825482 -0.0009357549153281574661
0.999643215985919209 0.02631072914749441397 -0.004602854137591393113 -0.1681922899044537845 -0.02628344238047725448 0.9996371693296755012 0.005891548989946111987 0.00385054204525381305 0.004756195030501787248 -0.005768468128960991745 0.999972051301838305 0.0015469455460117576
0.999479661778401085 0.03204382279449855681 -0.003687697610186543851 -0.2262616030515087751 -0.03201873480056037502 0.9994649980635141873 0.006672200958064145038 0.00393694557068624551 0.003899527509794587909 -0.006550653746413177825 0.9999709408883465933 -0.001200077454044046199
0.9992615694059721054 0.03836951856716133702 -0.002023846692155352716 -0.2777834667392043988 -0.03835551167523859606 0.99924264341999669 0.006557003332845613534 0.01351723245111713378 0.002273902979519750421 -0.006474535767302221773 0.9999764545988486519 0.002813925199600442184
0.9989766193872868794 0.0452095544826870005 -0.001345400948824311722 -0.3013893980541157425 -0.04519977808293172694 0.9989563176102012054 0.00657689630894093321 0.008656035635359160541 0.001641335329425445749 -0.006509353818608073529 0.9999774669118171033 0.003362287721563550491
0.9987338452992401416 0.05029267167348538958 -0.001163371286946844824 -0.3493726646976536565 -0.05028273836788524354 0.9987076454045646923 0.007394946215005534541 0.009453407749544673333 0.001533779400616278087 -0.007327085577455858846 0.999971980276372685 0.004095719988226331765
0.9985251430043954324 0.05428212468235332072 -0.0009948523976935988184 -0.3769544201040374576 -0.05427173333079537976 0.9984899457089411179 0.008509246500542386876 -0.0003815189134520613479 0.001455250095899299732 -0.00844270421735898724 0.9999633008229873443 0.003325466812526767235
0.9982464301915614513 0.05919051017126682884 -0.0007403506337282787005 -0.40078229732581927 -0.05918153566951687289 0.9982070755743104318 0.008954334451204424075 -0.0006613157673685532423 0.001269034865252595748 -0.008894817316055085923 0.9999596350731114747 0.00280006067280225146
0.997964469266326426 0.06375949621472655482 -0.001282469579001463368 -0.4262826297385388652 -0.06374527362499539385 0.9979247691421858635 0.009093691164761526571 0.009556975407763429464 0.001859617325816138433 -0.008993429305756318534 0.9999578291372672734 0.001357478471217588023
0.9977259876758965973 0.06737721268123057772 -0.001778969200410954144 -0.4505160996815551488 -0.06735959440490339734 0.9976918124264831933 0.008586760423203684475 0.01121487143201591041 0.002353414988979713081 -0.008447403383671366409 0.9999615506679307986 0.0001358075937588631987
0.9973699391032139205 0.07245309683931280831 -0.001937352799597693871 -0.4738345532218172784 -0.07243595479202877274 0.997342558080820285 0.007800915951285260913 0.01102869404411807586 0.002497404915853753456 -0.007640065071096721096 0.9999676956655468851 0.003295695370697404591
0.9970345137568652483 0.07693518045802495708 -0.00177662320221535228 -0.5224976317594073327 -0.07692401840921377076 0.9970208274115666125 0.005671427914887152734 0.009531604243348285044 0.002207662665196062288 -0.005517944381517732658 0.999982339101846085 0.0003700708236892280567
0.9967860133444745863 0.08010901481661920898 -0.0004351445416455628672 -0.53662523534122053 -0.08010739141876821456 0.9967818608607704745 0.002954267103115091123 0.01681279089774792568 0.0006704076132484932532 -0.002909913838327867278 0.9999955414676392484 0.0009065156237395566308
0.9964989674322410895 0.08359973210782142838 0.0009448297008399717803 -0.568466252343229006 -0.08359901261995132671 0.9964991727755471151 -0.0007770080746624642926 0.01413798905462579358 -0.0010064796818954635 0.0006953009091691965664 0.9999992517773109713 0.002527497717997762017
0.9961692454108316275 0.08741135981346069561 0.002467524822089219635 -0.5842209191746867702 -0.08740112231731655967 0.9961652089945691735 -0.003990012684740511933 0.03311257290524258212 -0.002806834814119578414 0.003759063481260889201 0.9999889954993277374 0.002179159454735235535
0.9959302652738750705 0.09003828895493104501 0.004001654591396411331 -0.6114148973282726995 -0.09001489439646843949 0.9959241895432802139 -0.005685724577375405805 0.03009538934432728907 -0.00449727751768892476 0.005302376665593225638 0.9999758293559487532 0.004096603499988415997
0.9957224875238669393 0.09225777534130005786 0.005023020454542353845 -0.6214990691148847279 -0.09221703552563023654 0.9957082648972748196 -0.007814702082639971015 0.0071760021879387903 -0.005722430009855693223 0.007318066535432589566 0.9999568489171513086 0.0008100211089205888726
0.9955485560789765209 0.09409618190888750788 0.005383404638910841387 -0.6171165867862508092 -0.09404341102032841293 0.99552432781275213 -0.009335393460578262151 0.01079478736364830604 -0.006237735165112941009 0.00878756373890969382 0.9999419330055316912 -0.003934007070119038829
0.995454912902760114 0.09509315283600869306 0.005177708737343861799 -0.6175378654748446827 -0.09503518622498323409 0.9954187446722730925 -0.01048027330996935229 0.02359645853165628915 -0.006150590562550384797 0.009940575034730177173 0.9999316752673732545 -0.001267970691554043405
0.9954825198874472925 0.09480464701030358321 0.005160572649925187008 -0.6386708030180188178 -0.09474823583163920204 0.9954484379714524378 -0.01025568824571234869 0.02160843154023733836 -0.006109370886714579618 0.009720403217420105213 0.9999340925020853144 -0.003570695481307617491
0.9955421089645150046 0.09418173990389044903 0.005070419450357497443 -0.6277600715851979762 -0.09412678628568961481 0.995508346891869067 -0.01016264564887480945 0.02467392537420654008 -0.006004780533644296647 0.009640079387860335178 0.999935503659841074 -0.0005302860841416290327
0.9955258102298711886 0.09437801907779334865 0.00459898763944574171 -0.6298588582320987506 -0.09433036304417385942 0.9954940428963872101 -0.009664013668358154355 0.02717465886975897749 -0.00549033526413121413 0.009186950857534070813 0.9999427264358740075 -0.002150212038793841707
0.9955560972348380666 0.0940796295510608338 0.004132864406382843157 -0.637900682094531879 -0.09403856007292486774 0.9955259772517859318 -0.009207487752940010997 0.02942007216431441474 -0.004980610913271761066 0.008777921948891841131 0.9999490695033564913 -0.003892174371411205591
0.9956108073223297605 0.09350882004869895403 0.003901400024379179411 -0.6327629618464994943 -0.09347150214323897421 0.9955826380236327822 -0.00884811547451851664 0.03251783304920177753 -0.004711542965315047501 0.008444609664176188496 0.9999532438719198613 -0.00348707286815375106
0.9955977833310132308 0.09364907906739626531 0.00386054688812225745 -0.6264097501127170453 -0.09361148614263239964 0.995568306434821082 -0.008979803957969961781 0.03499714188883901178 -0.004684388497565998219 0.008578881377816951342 0.9999522285080332251 -0.002109150033661744139
0.9955896285593307526 0.09373520730301107551 0.003873296146158962134 -0.6163333234240938596 -0.09369724254492604876 0.9955597389049697377 -0.009035098527144791447 0.04079680697720183824 -0.004703004532790609586 0.008632333212209013229 0.9999516811182169729 -0.004280500334807979534
0.9955055697884889199 0.09462100710275378468 0.003940246323880747421 -0.6237527546894434671 -0.09457656995363644681 0.9954648331359285951 -0.01024882431684392969 0.02974300988314845795 -0.004892130727124538274 0.009830106703020551409 0.9999397162122349858 -0.001279517767593496558
0.9953674395408018682 0.09608118369354362587 0.003473679345973144147 -0.6347174188251878402 -0.09603582176108170498 0.995311886293494319 -0.01146167247437132088 0.03484873170142627208 -0.004558645399946359075 0.011074977926907573 0.9999282792358278327 -0.004826302602816467946
0.9949765794683019804 0.1000784518859329369 0.002431004717059343824 -0.6344238565471225222 -0.100037192379597184 0.9948928962536132126 -0.01344191649523472643 0.02383018844516399115 -0.003763835516178706646 0.01313120120281742811 0.9999066981957651645 -0.004385772718211500276
0.9942398456923583483 0.1071776311994096231 0.0002908857470049989319 -0.6604068420521709282 -0.1071573749901317124 0.9940978909994371282 -0.01693162985445501034 0.04288785048827015167 -0.002103860886802763966 0.01680293049363471708 0.9998566073672582322 -0.01303181585567070311
0.9929314151842062453 0.1186838327227746487 -0.001163012192437093114 -0.7136939382968483514 -0.1186829355157505705 0.9927252735365323932 -0.02027047341526063209 0.05739041767080135803 -0.001251225878013448528 0.02026521954778043658 0.9997938564075833368 -0.01549561843407332162
0.9906917564213196803 0.1361202542694185114 -0.001058368651655523882 -0.7901339466997607808 -0.1361116384572245985 0.9904628352399819091 -0.02137741512296839619 0.05912813576317643705 -0.001861624365384732978 0.02132248521819180356 0.9997709167497500493 -0.01404775665712587607
0.9874462622275488322 0.157939069728557091 0.002264834492811417833 -0.8898741678924093623 -0.1578815399381818807 0.9873218054730888982 -0.0164034074354747518 0.07872374427067718727 -0.004826859389906318354 0.01583990779249375494 0.9998628899749260057 -0.002808650922625499646
0.9832118342372152542 0.1821765077836741131 0.01030577696191984326 -0.995705300608761168 -0.182149051098348308 0.9832645193452649313 -0.003550798610383755233 0.08637614479142824431 -0.01078017692042405364 0.001613999709464504582 0.9999405896298410035 0.0132939926637508643
0.9779498476227787007 0.2079148080189745784 0.01963487087498034731 -1.13061937963664727 -0.2080900724823681325 0.9780822189098374864 0.007327671899043925255 0.08620258752517614975 -0.01768098657616857042 -0.01125191733244237588 0.9997803644141091128 0.02942932907031536871
0.9710513619363925208 0.2377112726034809609 0.02350751738287244069 -1.247719506494151975 -0.2379826109936735434 0.971223243435326733 0.009470388754748527288 0.1096149573589255133 -0.02057982911333089068 -0.01479061427649788936 0.999678802596427496 0.03508744135551500332
0.9627101090965015651 0.2698093941252726613 0.01980244178322057222 -1.385295490236504889 -0.2698586903735745723 0.9628999175803772959 -0.0001895793340137175587 0.1526804563149286587 -0.01911891984395355099 -0.005161351080175842314 0.9998038944497282809 0.0301941552629773069
0.9534520808265677383 0.3012746626572939679 0.01275567417792046118 -1.534580365329275109 -0.3011973217050197271 0.9535311583754650933 -0.007648750944035308426 0.1984875959841047866 -0.01446730763208153685 0.003450742586582113743 0.999889388574471849 0.02126956305615823606
0.9431675406163899655 0.3321797438127153113 0.009571214343302426181 -1.659642903887490695 -0.3321382526865290785 0.9432135745681652361 -0.005686285085268146834 0.2542799977215177698 -0.01091656801295462324 0.002184153091674948324 0.9999380270881027544 0.01022547354763614358
0.9314542631922924087 0.3637212447391625081 0.009990581701418628155 -1.795298828684056547 -0.3637424691264324883 0.9314994931895120844 0.0003321537392959876718 0.3039821715807050628 -0.009185410415932909398 -0.003943384893345930516 0.9999500377268963902 0.0164124326512634644
0.9177491851666246259 0.3969826268403697234 0.01188390213332145631 -1.93346134467602937 -0.3970663362953635867 0.9177722493961308903 0.005694102505917287595 0.350502991655260776 -0.008646255817491970211 -0.009944455438325580307 0.999913171263071332 0.01689521447112418695
0.902836449117034201 0.4297853412675914364 0.01307312489470261949 -2.085266374605915018 -0.4299016172114783485 0.9028414864572538168 0.00786446656343089967 0.4212983961726406434 -0.008422927061227722736 -0.0127204846245586034 0.999883615012094884 0.02675379895029594834
0.8866057272491351116 0.4623414888207345586 0.01306262382723523928 -2.238564796945778479 -0.4624825661495270412 0.8865558373074170495 0.01134122248507750917 0.4990022227105836983 -0.006337227709464196557 -0.01609642862312017988 0.9998503610689868371 0.02144835138132061836
0.8693368101285429139 0.4940846612797581416 0.01156970441928671829 -2.401361725122886259 -0.4941925206470306198 0.8692973872570352034 0.009788004316377326569 0.5610191917311977416 -0.005221411018368741878 -0.01422673386747377172 0.9998851618610096192 0.02248632975606457141
0.84823708832208633 0.5295213397221727458 0.01004951688978002709 -2.528592794442982239 -0.5296165727080529573 0.8480969915023381933 0.01542008111956441087 0.6424839407696192328 -0.00035770301875835556 -0.01840227543214085701 0.9998305998054779486 0.01979810798047265674
0.8267717110632958333 0.5624519560727883061 0.009815034922810859236 -2.677621153861980741 -0.5625031314545929639 0.8264021112125868873 0.02549073697184186735 0.7353437029434366501 0.006226149299112542293 -0.02659600813213568171 0.9996268740970092326 0.02582361964837420754
0.8062208439554564565 0.5914246405128404938 0.01499484513787901867 -2.82697233264832537 -0.5915595600469173432 0.8055406992189618753 0.03408032868758637673 0.8157039663881238134 0.008076988115816773062 -0.03634661538079791282 0.9993066025070120872 0.02780030726922078088
0.7853754615577106524 0.6188405306863697941 0.01489234623534005722 -2.950938018114171779 -0.6190029572243881395 0.7849499923194697137 0.02624592332431814612 0.9123265027811551242 0.004552294067026946625 -0.02983131053783046396 0.9995445810621637062 0.02406254024324194773
0.762564481591341381 0.6468379267114391373 0.009803468504902513106 -3.067865076207456632 -0.646912027090704278 0.7624652031137447716 0.01231435074800060932 1.02214777703332782 0.0004905855153458022529 -0.01573246821310440857 0.9998761167113617843 0.02321893235177019399
0.7406217565170443162 0.6719178817195571307 0.002402916729298430407 -3.171764473552525665 -0.6719210264222332807 0.7406223728942757933 0.0007968755195939365103 1.137963930640718768 -0.001244218963552578498 -0.002204753660220384274 0.9999967954850270679 0.02854638969793865666
0.7197033602141855724 0.6942809046134801321 0.001048233588158894178 -3.283111944906175417 -0.6942757351510485675 0.719702617163864522 -0.00305719154196739144 1.245583666834778169 -0.002876966149545244576 0.001472507841011369122 0.9999947773794152228 0.0376620892643866334
0.698388953402167556 0.7157133847894956435 0.0026871184843841045 -3.373569673013610881 -0.7157008794149023467 0.6983931983294737744 -0.00438083618424040238 1.324548877411141135 -0.005012088348414166054 0.001136354494584422255 0.9999867937469375523 0.04567034205391073964
0.6769415911395317842 0.7360161967792806514 0.005499115330017920709 -3.458938341711609521 -0.7360012431678589762 0.6769634265612786139 -0.004763312842267688335 1.410734041609854161 -0.007228575340099899736 -0.0008228711865682676466 0.999973534940169051 0.04520146606959596358
0.6582030681443743481 0.7528086849549380233 0.006914112073535416507 -3.544497510368509907 -0.7527778686401872532 0.6582390117961405274 -0.006847176956132357273 1.508711954871413408 -0.009705752558635077215 -0.0006979577125235551576 0.9999526544897985314 0.05134300741294206549
0.6422118073901577073 0.7664983070918877095 0.006658804446189586085 -3.613547953933494483 -0.7664434366496701845 0.6422458176782229744 -0.009206958784030737364 1.561875083017423727 -0.01133370760665220259 0.0008092206337168043277 0.9999354440325439741 0.04989340796061125793
0.6276039340903935004 0.7785026150913375576 0.006854211241714676731 -3.659615568992315993 -0.7784365075912295096 0.627640454692885652 -0.01020114120759861923 1.635483581927199559 -0.01224359534541365029 0.001066708048264192101 0.9999244754007984293 0.05109026446482389794
0.6140881783382199366 0.7892081252107590039 0.006800318152575294053 -3.715427867767506775 -0.7891520008504260275 0.6141256870372854282 -0.009421256586317688225 1.697998755240865965 -0.01161158228245571904 0.00041899757313810566 0.9999324955198762854 0.05309372594950256818
0.6030508182556875152 0.7976885149180188428 0.004769042710240254876 -3.74559795126046069 -0.7976458848520270317 0.6030684337169921472 -0.008337063901980327693 1.7613688415667208 -0.009526439217003856985 0.001223665869894653572 0.9999538737344829675 0.04718059169988575441
0.5943455482437610682 0.8042090583139837046 0.001076943317218188477 -3.771577268186131704 -0.804177269176727938 0.5943330297396112183 -0.008195700242601395777 1.807251046250297311 -0.00723111933498685102 0.00400502457204939509 0.9999658347616280363 0.04656916310769998457
0.5868587068855688482 0.8096747857441866092 -0.004857929601744069917 -3.771089541498308328 -0.8096752044072078602 0.5868024089588563807 -0.009433780337526410584 1.834965181571925452 -0.004787649256172503941 0.009469641226699066633 0.9999437005697363601 0.04508544544641990282
0.5824389469524752228 0.8128296826148706522 -0.008531127111494401713 -3.817145061398818484 -0.8128693828644202313 0.5823661778658107968 -0.009643717292116452122 1.860040063516224862 -0.002870459752109807711 0.01255156852778875447 0.999917105858273203 0.04360909698386739031
0.5791406845552801164 0.815165305755579328 -0.01007927485314404938 -3.813912926537950554 -0.815224125164563107 0.579057750835215379 -0.01008696938068010147 1.868682093527657795 -0.002386065227741704549 0.0140586423296669271 0.9998983254653006636 0.04358568938724527442
0.5769436140710209049 0.8167177205991903444 -0.01040341472962361298 -3.826035187473432853 -0.8167805701519602612 0.576857614064631985 -0.01023686094732427845 1.898468056612661492 -0.002359336714700697567 0.01440339851898014313 0.9998934821475286006 0.04466900091576808673
0.5768105700037099437 0.816806714729162886 -0.01078689489219039795 -3.826325668003419889 -0.8168731713233599034 0.5767117984802286879 -0.01103283599348907525 1.884548904212349552 -0.002790764943427670886 0.01517538141031435708 0.9998809526287477656 0.04242088154861201055
0.576628900974977876 0.8169151338480714619 -0.01219732127705606788 -3.817341236047208763 -0.8170041823724428776 0.576530144633572883 -0.01082396964918035283 1.87642432307212248 -0.001810141189418189821 0.01620667617289433399 0.9998670246768336378 0.03970334045454160243
0.5753240204390080992 0.8177888274176764449 -0.0149567794790651052 -3.824705376220666864 -0.8179255375039649056 0.5752212030387787722 -0.01088038040820967292 1.861583652525437893 -0.000294396824907981595 0.01849327604777888448 0.9998289414052317081 0.03976296157953496113
0.5736174695663746048 0.8189484931814324797 -0.0169222965204541935 -3.835454864080252158 -0.8191227858274175988 0.5735180745056857043 -0.01071820685144328142 1.890227149277987184 0.0009275835916155142271 0.02000958931341598537 0.999799357833513036 0.04177851237271079654
0.5709310044358195668 0.8207935458675713614 -0.01832329749592247203 -3.827887103867956498 -0.8209963484772758724 0.5708329736177775171 -0.01071036985290309274 1.908067949328953405 0.001668539972737041657 0.02115824250663952966 0.9997747470048392593 0.04270027132862308505
0.5671129964485771557 0.8234126080194473785 -0.01935267961861790453 -3.841696602475222377 -0.8236380182399707373 0.5670066044257693338 -0.01113218093567799882 1.938394831065761048 0.001806719045928646987 0.02225280712837624658 0.9997507431062065963 0.04471487643417659807
0.5638481356762951036 0.8256448759556010986 -0.0196422681232777778 -3.863588400985366711 -0.8258776610831589648 0.5637217691280280718 -0.01199399601615422882 1.971274605162422366 0.00116999280941275873 0.02298490270107692718 0.9997351276037017564 0.0441610241724061936
0.5618218050549188547 0.8270508570932408876 -0.01852401523618422974 -3.900569234900737481 -0.8272581950712054599 0.5616708212196835914 -0.01302947749037703697 1.97494054683340825 -0.0003716416495454806903 0.02264438792425196856 0.9997435138964315682 0.0452286220709886555
0.5595571469021001221 0.8286228173077331283 -0.01673397687348367885 -3.894714329559295418 -0.828786588697037252 0.5593681799095964191 -0.0148333983516581551 1.991319877895334045 -0.002930838119547382256 0.02216902962060961213 0.9997499408918546493 0.04883134432016300597
0.5578286253423574426 0.829802697628764574 -0.01595956612222830528 -3.89504598617013631 -0.8299358041801653263 0.5575771315874629153 -0.01772860053855016341 2.01079722527958582 -0.005812551425634989062 0.02313493616325155294 0.999715454003779036 0.05233363201028573553
0.55762698556024759 0.8299528019219873931 -0.01518194819499585867 -3.911759359129059366 -0.830051385413699272 0.5573265335793006203 -0.02004576134890007424 2.019620999543792816 -0.008175733211015367638 0.02377985455823155778 0.9996837879563280627 0.05169283228868581936
0.5575666838870609876 0.8300172283331349599 -0.0138128086792822357 -3.893484772337252764 -0.8300757471148743072 0.5572576417820216399 -0.02093262367910969299 2.019514364789388949 -0.009677145070216289224 0.02313701100545910438 0.9996854663262401131 0.05228783872344977546
0.5590003543009658404 0.8290504563297167451 -0.0139264046056926695 -3.89950852047405716 -0.8291141151451530966 0.5586951375566299172 -0.02072504148053359863 1.985531563079510509 -0.009401490533469903862 0.02313188411381812692 0.9996882153511735813 0.05251904193920942099
0.5599565017231814545 0.8284135109845633949 -0.01340787047364442632 -3.878574163865134317 -0.8284654770700760062 0.5596559350192763516 -0.02074096688655835061 1.948018160648690378 -0.009678302886658208398 0.02272199702013986619 0.9996949741313797544 0.05763691896986544716
0.5612352559957197728 0.8275604798747844271 -0.01259522018341626554 -3.821815856592932548 -0.827591673826942209 0.5609362299136476659 -0.02103728568846163424 1.88945626762735186 -0.01034451088856931308 0.02223056572422910798 0.9996993513256222652 0.05767571732193099709
0.562038634095292311 0.8270233459777159846 -0.01203989148035794661 -3.78996108278149535 -0.8270347753089412057 0.5617297133144105725 -0.02175338171299825291 1.833944338764834425 -0.01122738971464113875 0.02218364984173061549 0.9996908679179810076 0.06035472228988403298
0.5623524706306267662 0.8268163815587502574 -0.0115918055762606019 -3.733741092452842025 -0.8268122508732305143 0.562037700816484409 -0.02225139711195996475 1.731820155344796275 -0.01188278786398742209 0.02209737495268344898 0.9996852031371752378 0.05850822057531068765
0.5618076896992810765 0.82718667791865641 -0.01158963603397640194 -3.665415201502634446 -0.8271779612938195969 0.5614849722595883774 -0.02261075591624922554 1.652694853549703691 -0.01219590957816027617 0.02228958800193941991 0.9996771649161864115 0.05901132317366930558
0.5607020658135573044 0.8279458745027911126 -0.01090056333017851847 -3.583858736294149416 -0.827923500254843403 0.5603912454482987693 -0.0224572874009555945 1.532500859270206295 -0.01248483816901866349 0.02161667993689623743 0.9996883754265455391 0.05777734083419161504
0.5592383008916355092 0.8289511862485124949 -0.009615280946299349998 -3.487447546641144314 -0.8289178088289842483 0.5589704686628026442 -0.02114902777388054725 1.384601194273622493 -0.01215685353781858699 0.01979762392265283291 0.9997300960747778076 0.05507751289784668103
0.5572657261617598445 0.8302799911352768403 -0.009489297145005457998 -3.392302436583732206 -0.8302515004709293267 0.5570125173439756106 -0.02048173563798718136 1.232391653078821259 -0.01171991796681781314 0.0192922724279758831 0.9997451934098379178 0.05869845495908365685
0.5550586634886146564 0.8317389137783600672 -0.01096628411263791784 -3.285011159449530371 -0.8317382950751956994 0.5547872269381247667 -0.02055581034067829882 1.062116119526512303 -0.01101311298519987852 0.02053075901721526653 0.9997285627985681433 0.05371070462989402383
0.5527659229279788811 0.8332391847218131309 -0.01273952462268421355 -3.159564775567542227 -0.833261194242117087 0.5524457308759819218 -0.02189741113664591537 0.8700028432612372242 -0.01120788498490060854 0.02271949412908170693 0.999679052446031946 0.05450928302073287934
0.5505101726180123833 0.8347251254595419168 -0.01313448759277863372 -3.028511407709633563 -0.8347386099334056508 0.5501519770321164904 -0.02332927906778515734 0.6929510772990983281 -0.01224757105317344358 0.0238068693130920328 0.9996415507447642401 0.0508004898816799555
0.549182420530209936 0.8356169507849211531 -0.01195744684862448844 -2.913225152122949968 -0.8355980155078522875 0.5488312961654427946 -0.02366780168438947438 0.4853384153662842482 -0.01321459519538391997 0.02298955942592557575 0.9996483654914382067 0.0546888070599252929
0.5487961969559470576 0.8358936763479457577 -0.01022233055270874505 -2.75377250083624725 -0.83585144379855425 0.5484928477861378271 -0.02253796430735418785 0.2474112479933920916 -0.01323246661930157879 0.02091309880158424145 0.9996937251599440355 0.05460733168547415861
0.549456271009649666 0.8354861311936440105 -0.007792998471857754891 -2.597579416552504128 -0.8354121900231741282 0.5492083083873690041 -0.02137069878569053047 0.009796450747117213531 -0.01357494291438231249 0.01825263033514904279 0.9997412477282137111 0.05689570584245884355
0.5516362816627427001 0.8340595663028568252 -0.006484798084669957628 -2.433202824080131332 -0.833966630366795969 0.5514106195282320044 -0.02111843066008132 -0.2491608819684017484 -0.01403824256113774677 0.01705779772256302285 0.9997559498602870409 0.05339204852137224844
0.5556050699013366234 0.8314244496655621708 -0.006032478165963073985 -2.272370923939371234 -0.8313176914226270142 0.5553768593249628349 -0.02162036218921867259 -0.4924345728873166794 -0.01462539893038600387 0.01702728861945055835 0.9997480528346747164 0.05168781194586735683
0.5615571828052319248 0.8274221577225675528 -0.005109143247833217508 -2.089585834076240545 -0.8272751168658772913 0.561313496620009178 -0.02330320865253015031 -0.754494547408463001 -0.01641376009769224611 0.01731275123035400099 0.9997153880592272168 0.05278463256160104144
0.5700729328005936791 0.8215880047936835462 -0.003162540634590749015 -1.895371084910297821 -0.821393167635681154 0.5698441724173922696 -0.02430809185105358219 -1.015456009851484209 -0.01816908130783493822 0.01645507443393658814 0.9996995123574493602 0.04961610157044848979
0.581690737579170003 0.8134085916133678706 0.001532612627393489845 -1.699653269852155368 -0.8131711938092444081 0.5815645602371416478 -0.02313594259965900263 -1.309612372621836496 -0.0197102876493393496 0.0122116870281601831 0.9997311534900037433 0.04583872416880330203
0.5949685542076840195 0.8037346457195763128 0.004799872155093270858 -1.497826862211605103 -0.8034985522923123735 0.5949216355479474139 -0.02140850356153426587 -1.59790340219851057 -0.0200623037942540515 0.008880696037305004994 0.9997592896302937016 0.04333016680088452866
0.6105870626772951226 0.7919144308866395976 0.007414380942731263642 -1.277170255814836342 -0.791701696720545578 0.6106035517456994688 -0.01928019728746492231 -1.891057243264398835 -0.01979551377681756583 0.005902261011289420579 0.9997866277096368881 0.04143592226625625319
0.6288471719719981312 0.7774539798316586481 0.01079553373683673177 -1.040476742690477963 -0.7772714220778388361 0.6289356179969622929 -0.01700367125734288457 -2.168092909945483981 -0.02000926755122825126 0.002301650678794593587 0.9997971452319385222 0.0365073760781974288
0.6497011522267434058 0.7600555599586671374 0.01428140662035452466 -0.8286055724999681349 -0.7598854156135982363 0.6498579729259912341 -0.0160863345989000206 -2.461047105512114364 -0.02150739398744336978 -0.0004009225249746054074 0.999768608860342356 0.03443438936436860054
0.6738945592455837241 0.7386396055527366666 0.01666301695705153449 -0.5718650888641658714 -0.7384558837741588277 0.6740995117088320887 -0.01651532712062149522 -2.761623181872784105 -0.02343140628506788087 -0.001175313865163430576 0.9997247560374550313 0.02822073207804087769
0.6995012946017798994 0.7144226159170312673 0.0172703423454433902 -0.3001192121795499546 -0.7142041003137110655 0.6997144597627792395 -0.01766855649890135965 -3.021857738598753507 -0.02470712459979164735 2.462878649298846131e-05 0.9996947320980612561 0.02467634404541896309
0.726233395076082866 0.6872366987700625485 0.01705214795418207724 -0.01911325140240827114 -0.6869997289177913746 0.7264321506955082608 -0.01810256599638503799 -3.304959872604069648 -0.02482797619066485356 0.001431866901304892003 0.9996907128470385873 0.02029893586436493091
0.7528920233230805836 0.6578752174269429931 0.01880955937430271382 0.2798111160847690515 -0.6576875298637223644 0.753126758064556423 -0.01572257421029238725 -3.597706273649465825 -0.02450947438461405919 -0.0005334119717530019789 0.9996994554036038316 0.01723841294946326652
0.7798909982359447657 0.6255118591448256549 0.02247098025593182238 0.5952546188034647523 -0.6254444043619633575 0.7801942339906616786 -0.01078212821609035761 -3.87348198164997104 -0.02427607828082870012 -0.005645464160007908176 0.999689352126424291 0.006399509532720837335
0.8066597651625567744 0.5905818931457537113 0.02265062409079734648 0.9426051261399400749 -0.5905560384071281144 0.8069515615874159886 -0.008528935439782316108 -4.166157949697781859 -0.02331499130817579757 -0.006496513805482008116 0.9997070603361829511 -0.003345924330365068755
0.8347723365033661302 0.550152350555733749 0.02208024916961996015 1.302061897048206518 -0.5501699404834354823 0.8350324593272304696 -0.005816222499435285895 -4.42240368425325503 -0.02163753323638438475 -0.007292667757563746182 0.9997392830883207182 -0.01429557310314211183
0.8615652979156321889 0.5072230330843593427 0.02073721663391437167 1.703333712334878625 -0.5072533319163783361 0.8617869406827727286 -0.004162464795374767185 -4.668925243099411482 -0.01998236049168799003 -0.006932787039805867087 0.9997762958436036129 -0.01490898417930597297
0.8883784192476469332 0.4586393652074951532 0.02082587129315430566 2.106824936019977557 -0.4587505172030263978 0.8885648877829031012 0.000634940468991553454 -4.901562924684846223 -0.01821392928847261755 -0.01011794666318560111 0.9997829164039102601 -0.0232714546937549116
0.912806427778258711 0.407883789344799963 0.02037743394979010803 2.56127576241915289 -0.4080499058763283338 0.9129479971775849023 0.004607466518834828564 -5.123460760106647527 -0.01672422660414820891 -0.01252073508241059556 0.9997817418994842109 -0.0249107602050949728
0.9349186966137282839 0.3545507208355367368 0.0148599156763286628 3.022300467291212378 -0.3546654321157849399 0.9349747985547210982 0.0058785469484872949 -5.338873840417864614 -0.01180940360427756332 -0.01076626188555798898 0.9998723046420282534 -0.03136921606770692872
0.9539623104708174761 0.299808521638783132 0.008411930155919535718 3.514893811567614712 -0.2998685966638185429 0.9539540371108801153 0.007107728217418007866 -5.518981419310525105 -0.005893637240478621572 -0.009302978540305532895 0.9999393579761066686 -0.03746291631865661387
