1.000000000000000222 -3.288104128200433695e-19 2.199307547639937647e-18 0 -5.681318425110126656e-19 1.000000000000000222 -1.273613892030353574e-19 0 -2.923285529664562976e-19 -6.024150353257425012e-22 1 -1.11022302462515654e-16
0.9999989312842373357 -0.001349761782085518195 0.0005617592818751428012 0.5759231411405449919 0.001349982852184692609 0.9999990114150428822 -0.0003933386878406649263 -0.004351070979388582671 -0.0005612278129856184674 0.0003940966329077297812 0.9999997648555335461 0.002669654383144148824
0.999986840543160671 -0.005107149104952048851 0.0004855597268579290335 2.288978592405016776 0.005108149379152810907 0.9999847867217872555 -0.002081618416615370597 0.003681683170400018579 -0.0004749212042026376571 0.002084071335424755086 0.9999977155456244438 0.0007697129783036382733
0.9999800652940998846 -0.006307317814847416756 -0.0002945436189372193769 3.539746352309713906 0.006305577504173440553 0.9999645701507683393 -0.005576570265898487568 -0.03734369189837671854 0.0003297063844605900768 0.005574601831053173535 0.9999844074325209276 0.009444066738431455832
0.9999678205626376659 -0.007965123554127232983 -0.0009563709240464200083 4.776110944441143147 0.007960302831896564485 0.9999560998783911803 -0.004942863070440493313 -0.01696029369190149572 0.0009956994544648375706 0.004935091009925111905 0.9999873266494132551 0.01733530728788845732
0.9999505631053573484 -0.009913709314346116561 -0.0007679271908900705233 5.983728304989009317 0.009908698209252888092 0.999931216107353249 -0.006275408712122421476 0.004560517227926608186 0.0008300869478636708609 0.006267489316865710106 0.9999800145670034723 0.01666054839929609344
0.9999460833997012577 -0.01038090586476090454 -0.0002590102557846503525 7.183332498993406645 0.01037855868796039999 0.9999154534789947979 -0.007833990944665367509 0.01704919688277739542 0.000340312280157511614 0.007830880409534016207 0.9999692802779550638 0.0253614664298295045
0.9999557289458392839 -0.009407193437267126479 0.0002118004609610384895 8.379178983881166332 0.009408726114798001902 0.999914711440948123 -0.009057909110895684401 0.01299074291599799924 -0.0001265728933727108851 0.009059500880267586098 0.9999589538691566748 0.03260044835723829859
0.9999739570451001702 -0.007192040594310670359 0.0005998193483371901721 9.580563825052728077 0.007197606564027741669 0.9999254805223658504 -0.009860418972820599384 0.03549685636162386304 -0.0005288581162660039832 0.009864479441897231263 0.9999512049867146368 0.03575949543540068998
0.9999917759586092192 -0.004016808922328586953 0.0005596972656145780258 10.79535029851348682 0.004022028697235862336 0.9999452535826955923 -0.009659871782081644667 0.04789888281519283364 -0.0005208647647195041976 0.00966204345703525723 0.9999531857122520018 0.03966385858712839774
0.9999997581853633521 -3.951884040142355169e-05 0.000694310847364141919 12.02371932823268175 4.636357765481170307e-05 0.9999513773888777379 -0.009861070352545270312 0.05797881045145292234 -0.0006938873897703080624 0.009861100158160489293 0.9999511374181698775 0.04337167639349559511
0.999996360088048708 0.00257206679410196563 0.0008150357789251246824 13.28235909123197978 -0.002563948973186704755 0.9999486003340360973 -0.009809324925355652688 0.05134744500049776006 -0.0008402241249481410103 0.009807199509408968952 0.9999515552571115462 0.04677476435580529834
0.9999826299052065881 0.005775236244087474623 0.001177512081103076428 14.53364135695931481 -0.00576723373058581415 0.9999609915337148713 -0.006689874858978191695 0.05878986214949472044 -0.001216101755688844214 0.006682967667085079611 0.9999769292536448972 0.0506283487979904967
0.9999648396982662168 0.008130082059889489482 0.002054539773697350736 15.81255343843759675 -0.008122572080901321878 0.9999603950837050448 -0.003637593476901584792 0.04679469693650639694 -0.002084032337153509523 0.003620777429879761932 0.9999912733518167007 0.05581142852021869771
0.9999572674843226761 0.008787077162850426629 0.002872365073868488137 17.07865857051917047 -0.008789477517286509167 0.9999610321968924742 0.000824119002223290347 0.03391912257381857199 -0.002865011546853017503 -0.0008493303743304071946 0.9999955351632444644 0.05963202040158921413
0.9999612656312574233 0.008381071705874055741 0.002687912767254071241 18.37514352373250759 -0.008391376515571338096 0.9999573968904992283 0.003845673362415074487 0.01645772399707523537 -0.002655567389709786747 -0.003868079691105350427 0.999988992899938367 0.06438840870336304256
0.9999733494545953727 0.007007566290532192717 0.002048022443660319457 19.65989702329953559 -0.007022266717469020925 0.9999489811442299203 0.007261052149570194382 0.004410942726775612943 -0.001997035651843948045 -0.00727524039847310313 0.9999715409577957237 0.06908186346692990476
0.9999922363399564862 0.003574985814354374007 0.001657328169537886564 20.95206439011038313 -0.003590286673563168173 0.9999500937836156567 0.009323078006869175635 0.0008153103564009223092 -0.001623915587234827035 -0.009328955908639961769 0.9999551657347526268 0.06949631895828756178
0.9999974433985132638 0.0007793516501076675276 0.002122688798532250919 22.27228718104124638 -0.0007991927443968146983 0.9999558524197438292 0.009362398326701267676 -0.004625863156659137942 -0.002115298486670534866 -0.009364070827859083748 0.9999539187830525089 0.07265032785716807329
0.9999914300088009744 -0.00180469662133472754 0.003725987032360161041 23.60963538140174123 0.001765382630093055658 0.9999430232286937725 0.01052775952279963456 -0.01479025838588532427 -0.003744774150020052129 -0.01052109150664071874 0.999937639705410275 0.07373401279332025826
0.9999671636733882263 -0.006750009406598502654 0.004484300177164391756 24.93545940117124715 0.006711075935380427133 0.9999401436286206035 0.008641216362740841012 -0.005917241251386706757 -0.004542360055226066402 -0.008610838137216740573 0.9999526090926361688 0.07583623958796592568
0.9999289608179772193 -0.01089722346509418641 0.004829475961878951229 26.26449042552148327 0.0108448321614146824 0.9998834625975183688 0.01074480526289968083 -0.006315189815041089005 -0.004946001691667529891 -0.01069166710343440706 0.9999306102531473339 0.07819585787416716283
0.9998699743716653598 -0.01543696747691433897 0.004662015083068631223 27.62431147643415486 0.01538915219219772791 0.9998303275192945705 0.0101237428118752075 0.01280571892084481078 -0.004817503956249250679 -0.01005068200493770131 0.9999378857940625087 0.07367707523622324395
0.9997967127980722513 -0.01968892589878330421 0.004345028689540272014 28.96273057454153843 0.01963085693999534406 0.9997224480109473399 0.01302522169328118075 0.0459540310462459578 -0.004600275343328678879 -0.01293727719411251302 0.999905727718877424 0.07687989707749109947
0.9996873775131103201 -0.02477967298996503268 0.003333923544935090896 30.33793285767922043 0.02473530281489555796 0.9996127298459800414 0.01274971082936454843 0.06929432023588133482 -0.003648566081320979686 -0.01266325937261457077 0.9999131611430916999 0.07352068814760692739
0.9995610826274423655 -0.02951763494930264783 0.002520182924674665113 31.70909691017345367 0.02947636780233514608 0.9994516343846622242 0.01508556492353048395 0.1296810169250276479 -0.002964091141911377042 -0.01500465776577346137 0.9998830303633836625 0.07713973262925977181
0.9993856963778459113 -0.03500966766618660714 0.001597824492530588872 33.11159094420898441 0.03497880053857136545 0.9992533689849827372 0.01640695241332575452 0.1621915248733029058 -0.00217103345913629989 -0.01634098357597615556 0.9998641202029419084 0.076132737271457529
0.9991629139170817853 -0.04087934688327204275 0.001533117265182779672 34.4801862598216573 0.04085166349394045437 0.9990515375896609207 0.01507205468293945985 0.179112746897009345 -0.00214779891318355072 -0.01499680768201486908 0.9998852347739205504 0.07971633330430327735
0.9988713136052267405 -0.04743274107911910065 0.002496783404616670712 35.86247761264651501 0.04738565956396204037 0.9987422850677959429 0.0163843610975888225 0.2535194619973605845 -0.003270798321030137911 -0.01624755656021358713 0.9998626499593612493 0.07525861340573336555
0.9985669916389566803 -0.05342739338091797435 0.003078448045695081087 37.26000323240834433 0.05337406259232361366 0.9984561985503298542 0.0153762486506582273 0.2964059748895844781 -0.00389520841896524514 -0.01518990507533818715 0.9998770395077076767 0.08143348578524289838
0.9982165474423068119 -0.059649980619102351 0.002367323532195382985 38.65695239892649937 0.0596089335424312694 0.9981134215498721485 0.01470961481948726557 0.3723290963938077347 -0.003240285629942472184 -0.01454226728410633676 0.9998890053455298244 0.08332347933847272792
0.9978194547421181948 -0.06599528362547966986 0.0009789141582118340412 40.09518142216406034 0.06597582837353635488 0.9977278136651134277 0.01365283538712063448 0.4720181103027479286 -0.001877712626869791884 -0.01355848008470985494 0.99990631651812234 0.08347127350889627095
0.9974074873495687443 -0.07196000775686724193 0.0002479067062071839802 41.55226565793164895 0.071947651911068361 0.9972893244077190023 0.01541229418310465123 0.5751681055961279654 -0.001356303520926775783 -0.0153545013051448534 0.9998811928075449496 0.08626462022580616562
0.9969754287362369016 -0.07770777945638907003 0.001222907573174757947 42.98049082173140789 0.07768143729706832035 0.996869344267862445 0.01473447535365746304 0.6883581616862930463 -0.002364062432118295681 -0.01459491265978426176 0.9998906938925716803 0.09501748271093002352
0.9965814469919036522 -0.08254997188772016103 0.003304791600510352447 44.4555742842241628 0.08250132771181085956 0.9965082339931995437 0.0128401914083085076 0.7741458773575335961 -0.004353209481591886407 -0.01252364683322961837 0.9999121000551421945 0.09037344499969901523
0.9961868535300003602 -0.08711094281454292987 0.004841124917030224795 45.95164121879020769 0.08703368829996827039 0.996101776064859501 0.01436623915829172808 0.9007882099055473102 -0.006073709766065649336 -0.0138901176215654211 0.9998850807374900507 0.09660938083593750836
0.9958528149960099718 -0.09080812883880337583 0.005572665038571222688 47.43347935310784891 0.09072440590695869667 0.9957806239370438073 0.01378517939191443997 1.069404442273266032 -0.006800958215627998273 -0.01322243297202726868 0.9998894510058846663 0.09903747897965520242
0.9954347855096610242 -0.09529250036767988874 0.005378397993064610617 48.93076513517073778 0.09522462625544073078 0.9953868909755302363 0.01171357483335301597 1.199646720630372254 -0.006469802691012216389 -0.01114794390720323138 0.9999169290491204398 0.09210485661889178388
0.9949811927525877842 -0.09994696704385011565 0.004798941646102722683 50.44448575544628 0.09988005351051813807 0.9949197751793255051 0.0125942794560615131 1.334760267467419936 -0.006033321977537487932 -0.01205175264047044295 0.9999091730169785697 0.08940063580200174886
0.994602294617868643 -0.1036710693938406591 0.004311021320307592032 51.95085246951768454 0.1035969738063094586 0.994508614811901781 0.01484190319886091215 1.527359885162594466 -0.005826023818369450817 -0.01431518220876537226 0.9998805593690203164 0.0854412252230135616
0.9941597611498655951 -0.1077992237673881248 0.005069187171865092642 53.48894193469322289 0.1077250401654485656 0.9940938054390988654 0.01314616737801000378 1.674576989169455521 -0.006456394205163529243 -0.01252331222222810916 0.9999007358853641003 0.08474274342742516009
0.9937299860379703587 -0.1116715863843492501 0.005492871391878629238 55.02972044141101549 0.1115874241818628904 0.9936590281495691901 0.01378341573716965543 1.805813138890254299 -0.006997257150299781084 -0.01308405815120142375 0.9998899168477730637 0.07997605502462423743
0.9932605209835209115 -0.115815209438649383 0.004513835459070957359 56.53155336848817569 0.1157425317144216703 0.9931811858299312012 0.01395702239677472367 1.929800575473915814 -0.006099491926022985143 -0.01334051658627408328 0.9998924076193071997 0.08185954780847748413
0.9928536598497107457 -0.1192923589426970327 0.00330805272728806497 58.05243517471274117 0.1192419573909858227 0.9927847401314142672 0.01264181032968987421 2.154613024613969863 -0.004792255642801735056 -0.01215700896327881995 0.9999146170640524911 0.08217089036417779546
0.992565798903307317 -0.1216724293169643145 0.002992454386589378425 59.59311072889046557 0.1216276847713484571 0.992500822123899562 0.01219936020321748735 2.353070501423611738 -0.004454339230934817144 -0.01174470239994180806 0.9999211073014820927 0.0812891330682821156
0.9920151233485022813 -0.1260569242322474304 0.003955615305332736524 61.1836365732557752 0.1259990221345858585 0.991951636596589359 0.01249788316650635861 2.531497696947265563 -0.005499223787266095329 -0.01189968544293031061 0.9999140743201125892 0.07709326540221606017
0.9915069723976838167 -0.1299611438705398914 0.004901506087818757393 62.75342608687724066 0.1299015262488125433 0.991466135495721046 0.01097705119124119978 2.741680084146471685 -0.006286267428064310457 -0.01024710966297689117 0.9999277371813640736 0.07892420098142016727
0.9911158916852083056 -0.1328736128917283044 0.005821703986185699196 64.35774316145824514 0.132810775940390785 0.9910899033056103091 0.01010452222742101724 2.958350397728043646 -0.007112456415514657911 -0.009241567525919761744 0.9999320008843477492 0.07942007529615424666
0.9904932451113989123 -0.1373962615077169158 0.006737855988129312808 65.98618065307029212 0.1373384294315064813 0.9904885200234581077 0.008405207493435850816 3.153401701000767332 -0.007828613092381975225 -0.007399934678866966486 0.9999419752080089818 0.07159139625962451792
0.9897079838940866514 -0.1430091022329222084 0.005148134141984747267 67.61248009032961193 0.1429781158637599414 0.9897079315625182394 0.005955551751840847292 3.344904382866882742 -0.005946847302070315706 -0.005158186589203476308 0.9999690135787163703 0.06735167316545720428
0.9890994629008731387 -0.1472170659612104804 0.003063979230052428157 69.22535401481819406 0.1471980845188212983 0.9890905999918448988 0.005701660500858776216 3.565746137364727897 -0.00386993478470505246 -0.005188497456810636441 0.9999790513298032479 0.067788248749248603
0.9883649877776415904 -0.1520720145642407428 0.002958599504676924941 70.86640416049633018 0.1520631129046177976 0.9883661330767455899 0.003032604774043463382 3.819007039632212219 -0.003385353868650250488 -0.002547426521203596545 0.9999910249581809296 0.06431114981436647504
0.9879358476517375864 -0.1548213546646725058 0.003620642712275062586 72.49244071676632473 0.1548081919059098865 0.9879377216968516784 0.003671754147977088212 4.101748271795928602 -0.004145435462944100855 -0.003066952385855711491 0.999986704495318901 0.05358199233639460157
0.9871125124870679945 -0.1599810899209267723 0.003865041786634564828 74.11521711832899939 0.1599597422000171576 0.9871092244387440484 0.005316005544822885107 4.377611772163517934 -0.004665678761036049643 -0.004629244492728092943 0.9999784005350247362 0.05169727949124047761
0.9863846257299940801 -0.164426764345451254 0.003034679352393162589 75.71897419662415984 0.1644101683191336039 0.9863789452259210666 0.005086548960817477427 4.630315565835289249 -0.003829708605507899707 -0.004518361540341728211 0.9999824587164235501 0.05300652761789770295
0.9854579414597958165 -0.1699007115745063135 0.002528598068653495172 77.3386018150745258 0.1698768898029744678 0.9854349193883710223 0.007737051987353384813 4.907430803464564839 -0.00380629947161271933 -0.007194988938987760194 0.9999668715602800795 0.04887561918158245255
0.9846305839480758992 -0.1746270135015771663 0.002831836355136328667 78.95811446499079977 0.1746015908795480465 0.9846100432044446737 0.007572799759810460059 5.184486740917519931 -0.004110669921350635497 -0.006961967106687224488 0.9999673161690448842 0.04378474736982396198
0.9834670073075054697 -0.1810424784039287027 0.004033179657919580378 80.55312545776884292 0.1809959757647549572 0.9834342976706210715 0.009871116226525861528 5.456297789438071533 -0.005753458549997910419 -0.008977927835821675889 0.999943145646699727 0.04704979736400627388
0.9825512358919922251 -0.1858707642874093957 0.006717724124630945759 82.19147182617319913 0.1858301021449293711 0.9825620376787705945 0.006246219909482935914 5.74510434394975622 -0.007761570372220832903 -0.004888875720826305754 0.9999579275742813689 0.032853961055830605
0.9810658832417912256 -0.1935275580487901825 0.007537705302595012861 83.83023174908332464 0.1934937681684470445 0.9810888293892329193 0.004987037401659503988 6.018728925240766081 -0.008360287640992914229 -0.003434113239911600925 0.9999591553937879906 0.02506992508722538648
0.9800484364156250017 -0.1986746842395405444 0.005782050461931900233 85.44302900673297074 0.1986423951603398241 0.9800553924798731664 0.005711963841844449642 6.36307367164747717 -0.006801552346607101299 -0.004449440867999704917 0.9999669701349424011 0.003515738050745120802
0.9785748776332803267 -0.2058895590665199837 0.0008356537559593619525 87.0911868870130661 0.2058754024026927532 0.9785418377033038295 0.008437450164691528628 6.689643816843135582 -0.002554905055288535145 -0.008084636197052999865 0.9999640549126821432 -0.0003167306274447501124
0.9773327024318688716 -0.2117045487204819998 -0.001404561264625961469 88.70433209288735554 0.211705065145354393 0.9772505646475150298 0.01273967440811410098 7.047378057294610088 -0.001324438731766547795 -0.01274825313866127276 0.9999178605784474483 0.006537164103049275532
0.9761509955599079191 -0.2170923702950423584 0.0003696091213286002339 90.3067983606320297 0.2170558346538858652 0.9760152531545983612 0.01676276435856937502 7.391440484239399034 -0.003999812386752316096 -0.01628276328745941262 0.999859426679622354 0.002512488466165252454
0.9746258083186876142 -0.2238162154387354219 0.003291724383230518712 91.92608158565683141 0.2237338099646253298 0.9745100897769062298 0.0165307960772797316 7.690295646039237987 -0.006907678839635575906 -0.01537487043794880104 0.9998579385748991299 0.0003885618162969839418
0.9729760932609652357 -0.2308625816276207443 0.004471054684513475763 93.52136623218871136 0.2307884887914384286 0.9729164817548708877 0.01304580349444865207 8.060846388283865238 -0.007361750666517653807 -0.01166138694994669177 0.9999049038186921257 -0.01041550353570308562
0.9715740519375858364 -0.2367057673258745054 0.003773764541759498138 95.11456107412426775 0.2366455206515114817 0.9715202545700476477 0.01213641355275622141 8.45892345862418793 -0.006539047769781891964 -0.01089838000273263621 0.9999192298214969465 -0.01554120882466636377
0.9698393564601106576 -0.2437306594566406859 0.002643536215246327422 96.76808416874749241 0.243679978113660628 0.9697741192970250612 0.01257878479889573166 8.865184761619449461 -0.005629468517995768993 -0.01155522369296130107 0.9999173895322288619 -0.02768366160812418819
0.9680925192528440082 -0.2505864922434382636 0.001812195627861099435 98.41340309642059481 0.2505415502973438735 0.968014872987072672 0.01327167170503734325 9.293171879219107367 -0.005079933978067113429 -0.01239417577874709145 0.9999102853141079716 -0.0318757181871632822
0.9668306349331236005 -0.2554121608688185718 0.001775222775915137824 100.0902337459484812 0.2553607227545900415 0.9667368340558261108 0.01451878003989885701 9.719535519955609715 -0.005424446228035277595 -0.01358387913815788973 0.9998930210827725595 -0.03475736860484435198
0.9651818354329942951 -0.2615608144789983713 0.003156716597879369226 101.7551697466184919 0.2614892213330445858 0.9650947909552051174 0.01467758897699141148 10.15380692952461139 -0.006885612871175054994 -0.01334109488794065976 0.9998872954097222099 -0.04735079965611377339
0.9637149225055432478 -0.2669065864312045733 0.003797662411493637601 103.4023118406670392 0.2668140183095912277 0.9636115019096104239 0.01622199253845114236 10.60585778740931495 -0.007989227832224077633 -0.01462010669808963201 0.9998612027265799673 -0.05288978090796592202
0.9623655000227634426 -0.271732818987503455 0.003730875317736756427 104.9979988708658283 0.2716602792183583359 0.9622962028647248367 0.01366421122477055015 11.03898044232913733 -0.007303221785402888057 -0.01213643482124182431 0.9998996799182049422 -0.06746710231848129791
0.9610317853530105925 -0.2764346147852351776 0.001345833821751772803 106.642999470896612 0.2763929131982286735 0.9609518531588298051 0.01336014468739902053 11.5257172940596373 -0.004986487953576684146 -0.0124675447545120055 0.9999098435684540265 -0.08607737162636508454
0.9603956124601041866 -0.2786387637782230531 -0.0008407532514033082922 108.2918915606625205 0.2786241966507477796 0.9603044916095341277 0.01355877786313566986 12.02243845250393228 -0.002970621976854914345 -0.01325604495277577476 0.9999077220808497701 -0.09406794461890732872
0.959567385860066846 -0.2814708546420455759 -0.002142418930578779933 109.9139200696295973 0.2814704195680080012 0.9594508559023995353 0.01511482843196471429 12.5104857073457012 -0.002198837998273259122 -0.01510672394461944935 0.9998834692117044565 -0.0950393753305813771
0.9589768384702782589 -0.2834768107469816667 -0.002078707344692406079 111.5504825721263558 0.2834732891278936018 0.9588483482738514585 0.01589777927538668992 12.969342337161196 -0.002513486661339474175 -0.01583486009935308053 0.999871461533988648 -0.09578160322903050972
0.9581030461888561112 -0.2864230619201188488 -0.0006184349591455295557 113.1473911700222885 0.2863976944993633089 0.9579846127491584706 0.01555128110179351125 13.44197721782129484 -0.003861794373426028371 -0.01507684812519229436 0.9998788802621817462 -0.09975553496215705529
0.95749185885489696 -0.2884583977980802461 -0.00104543961931018517 114.7691972418160162 0.2884308847422549227 0.9573362091389411299 0.01774844841534407511 13.91802873346308012 -0.00411885178961538586 -0.0172955319220364917 0.9998419373255754694 -0.0964527980543946617
0.9563834730140529095 -0.2921061273468311681 -0.002159372413243435245 116.3831675972132302 0.2920918929321699165 0.9561934423722151521 0.01940172340098665973 14.40474391477155436 -0.003602584543696843011 -0.01918622276678888516 0.9998094369629103584 -0.09696875965998497104
0.9552942201345898665 -0.2956401742906464292 -0.003136925187986281966 118.0053905241175158 0.2956428906267808965 0.955092479790159099 0.01984026949690100711 14.901749429526566 -0.002869527073657701221 -0.01988070438865899292 0.9997982413502274346 -0.09701723677054674422
0.9541043881713369146 -0.2994506667914551001 -0.003756941142503896457 119.6502717499551665 0.2994557670542408179 0.9538311652145509134 0.02307275162290188184 15.40014941364419521 -0.003325663308968501361 -0.02313885124392041359 0.999726729424709859 -0.09743666270155826314
0.9530399687192064873 -0.3028320996972111989 -0.002745431275058957381 121.3040892437217479 0.3028206855188518287 0.9528119346327702521 0.02119079204566320582 15.89715822966929792 -0.003801372363087083747 -0.02102704515074787714 0.9997716804050311712 -0.1032916310362897994
0.9521036435451251112 -0.30576921964499576 -0.00195863264337343447 122.9823195956984421 0.305749328654832786 0.9519188519149520689 0.01917934880269889925 16.41347824605372452 -0.003999995177614298382 -0.01885957847327967771 0.999814140897141268 -0.1057057212604173291
0.9509342506838507347 -0.309388805744758244 -0.001617940648576795572 124.6682611484057475 0.3093580948774053985 0.9507352653946175014 0.02000060733223475024 16.96263145763028035 -0.004649730782845150172 -0.01951978556476060764 0.9997986587181324492 -0.1102327299077101586
0.9498093105500249322 -0.3128287851559104493 0.0006517254604218751307 126.3464604439213446 0.3127660512134595727 0.9496566618802144699 0.0181554889746756605 17.52418089329939832 -0.006298474982986338247 -0.01704041484839005638 0.9998349631183786057 -0.1144886899976200745
0.9486575065976755594 -0.3163019691259225108 0.001414029149982672573 128.0354994611360269 0.316230066172785762 0.9485202870392656083 0.01754452474795849953 18.06362674991376238 -0.006890603058207819993 -0.01619658655142379791 0.9998450830867539052 -0.120528231465083735
0.9477882436314848391 -0.3188997799285441803 0.000612838192145987587 129.7269648444977861 0.318841552596683564 0.9476485959356837352 0.01738398643629268658 18.64204922529684083 -0.006124504698922724616 -0.0162809396721681314 0.9998486992764714643 -0.1297359244965979874
0.9469724854878726061 -0.3213140361658798905 -0.0006339294491847320343 131.4041273489170578 0.3212814907240307827 0.946844534017470707 0.01623675291150597499 19.20725176484318908 -0.0046168639760346495 -0.01557942804023585218 0.9998679742788075808 -0.14117114235955186
0.9457564992182583286 -0.3248443992572080941 -0.004556361679357077629 133.1426598437491009 0.324865927940201582 0.9455207870993624919 0.02127369391531109058 19.79903226430315399 -0.002602505636395021499 -0.02159994092810499366 0.9997633067461327849 -0.1405005553401514895
0.9443367582212773836 -0.3289105949812423657 -0.006775511399621755512 134.8854172905117821 0.3289766437893593132 0.9440276588966393101 0.02421047512871312216 20.39204454827638102 -0.00156681161286591512 -0.025091826578113232 0.9996839227176222975 -0.1480161560222811312
0.9431080384515433401 -0.3324269028988188768 -0.00629142356215457374 136.5842489731562353 0.3324832229814336237 0.9428469365123247625 0.0222387223593463329 20.95028301663277404 -0.001460900164244387624 -0.02306531058484917809 0.9997328929359603489 -0.1471099047179168506
0.9418140540098000058 -0.3360581181883310897 -0.00715743265355163992 138.272820164535716 0.3361333566017782326 0.9415465521615389299 0.02246011397239068216 21.54371975900297898 -0.0008088475963050669728 -0.02355910283586328327 0.9997221186104549018 -0.1440691803409310801
0.9406193075921219782 -0.3393981286880236592 -0.006650443638829959224 139.9428800913804878 0.3394621486415415612 0.9403850780844144053 0.02100844076531033916 22.14566372462626731 -0.000876247519412340207 -0.02201851887272388703 0.9997571790273755976 -0.1375639138172081166
0.9393714014798375533 -0.3428485537585378995 -0.006019903641906824629 141.6181126797696948 0.3428959214366629205 0.9391123864443217117 0.02214300604848926796 22.77230629160614583 -0.001938331521840370563 -0.02286470701019824997 0.9997366893557353418 -0.1413624027015673024
0.9378493032049347589 -0.3470100784390485193 -0.004763392896347486659 143.322265087312644 0.3470351469859776494 0.9376493807226138344 0.01949988756612924812 23.39285255657604523 -0.002300265111857580612 -0.01994102069954149792 0.9997985119380617958 -0.1366337248112109437
0.9363837189063687338 -0.3509467914486593676 -0.004677660822878344608 145.0474197569010073 0.3509707595528774871 0.9361959448796152161 0.01888594075871906711 24.05600086944589222 -0.002248753216141181812 -0.0193262095935747176 0.9998107024489252259 -0.1365037607934989072
0.9348261021763546452 -0.355083870971043436 -0.00395009335336298905 146.7585119379900789 0.3550887316772106672 0.9346140297224864169 0.02021405725470195452 24.68405911517968931 -0.003485873028485140905 -0.02029926197012777572 0.9997878718269439524 -0.1329684939067076188
0.9330248294334624326 -0.3597914197060554375 -0.003847328641039774767 148.4922723295710227 0.3597872881806133405 0.9327821534795620595 0.02169242824336201081 25.35746415602562465 -0.004216030056782653183 -0.0216237940786330185 0.9997572888554854265 -0.1454426867134706036
0.9307512615815902723 -0.3656303579865178288 -0.004065753743510656763 150.2303812744712559 0.3656172535912068922 0.9304474402261478927 0.02432251802554959499 26.02547526712882942 -0.005110080806696070538 -0.02412472403253054787 0.9996958961423511036 -0.1443618485691495756
0.9287830624762902776 -0.3705992915245360786 -0.004264733143963008767 151.9709403010149913 0.3705868038352422289 0.9284661442057524638 0.02482015143850380481 26.67603136124163044 -0.005238670197428029612 -0.0246329900668302397 0.9996828357705600521 -0.1373593544732539806
0.926634159829888171 -0.3759351691499711601 -0.004677862988377940769 153.7365628058501557 0.3759313378939855843 0.926316578751788855 0.02476338324730817039 27.37154737138816785 -0.004976244627452447097 -0.02470515209892208686 0.999682395788054734 -0.1559930559523038385
0.9248507148317212101 -0.3803044380343085784 -0.004437302773036715976 155.4615080064911865 0.3802998990733841289 0.9245662192099525223 0.02343700262319475813 28.05885420529862273 -0.004810615860237167814 -0.02336323440343871308 0.999715468147135855 -0.154114370860820471
0.9228038583804030193 -0.3852412472618586547 -0.004713845048236171495 157.1909678081441086 0.3852309088231400946 0.922466474019278837 0.02554899664683456945 28.79018137567523894 -0.005494163310519982815 -0.02539263147217705671 0.9996624572503174377 -0.1636005093785233289
0.9206520874721357828 -0.3903602265030696183 -0.004315943237419111317 158.9209680235425708 0.39034583017205432 0.9203508403716407216 0.02417568048330882152 29.49137344299395025 -0.005465042120331486779 -0.02394210112553630393 0.9996984090752738528 -0.1623737908156270837
0.9187132798038867287 -0.3949135952906972502 -0.003026835748471076639 160.6340926094815984 0.3948642268970010138 0.9184098023030029534 0.02461051367922181474 30.22977032814650045 -0.006939150814093536339 -0.02380519487398797401 0.9996925331731458808 -0.1803260146398326658
0.9168467143196946667 -0.3992354957186408648 -0.001766739172943431304 162.3766818877810465 0.3991473381740499593 0.9165312787284620732 0.02553071824570417661 31.00932655574985475 -0.008573497237857734612 -0.02411294435203975572 0.9996724768936842143 -0.1934435168642399949
0.9146516018683414906 -0.4042374070391802077 -0.002136800708509191318 164.1176829537048434 0.4041762372042133067 0.9143915387586359911 0.02301484650385133418 31.75070570493804567 -0.007349589382395378505 -0.02191421026743341563 0.9997328397743949768 -0.2111226949104503259
0.9123671088615551428 -0.4093312398399548413 -0.005847625604166922612 165.8574334399237955 0.4093414444730586466 0.9120263131868959761 0.02544770963293909588 32.53961174339246298 -0.005083354110629816069 -0.02561132875183998181 0.9996590515520296094 -0.2226223747069072667
0.9107881878415901022 -0.4128125909525764969 -0.007116291543151926496 167.5937320485571718 0.4128592868141359173 0.9104754738852491869 0.0241168152778271222 33.27955890616655665 -0.003476516081360833677 -0.02490333750979664001 0.9996838188229041355 -0.2234369501029994654
0.9089514390226953733 -0.4168263661231990658 -0.007941156636964393986 169.3651680551234904 0.4168959413064040054 0.9086705796179352923 0.02270576785186777941 34.06319948355394445 -0.002248467295508556514 -0.0239490763092090192 0.9997106512078554053 -0.2215154583830535318
0.907498929395737397 -0.4199647068373467129 -0.008679753561590591859 171.1167911709570149 0.4200494161440772034 0.9071938312276930372 0.02361864971725878906 34.89093225240637963 -0.002044780412634862425 -0.02507982472266603174 0.9996833605020343239 -0.2242535358776601706
0.9054482104387300279 -0.4243932686542035149 -0.007341096602297880053 172.8634229780613225 0.4244398636300125705 0.9051224451332007259 0.02457969717698370998 35.68715942889972581 -0.00378686671661216355 -0.02537149683724654325 0.9996709192470325522 -0.2105083280274749891
0.9038285117291954274 -0.427872730129678247 -0.004352948630610627666 174.6333466532787213 0.4278420375277464105 0.9035102888303283564 0.02490680504707329032 36.53701527126294479 -0.006724008795428166978 -0.02437385492339784118 0.9996803003465982718 -0.2291505330234430149
0.9019002423423935211 -0.431932344954372105 -0.003225245683767211536 176.393174809228924 0.4318761723833278166 0.9015999781292005633 0.02450410580109642356 37.37058936126732789 -0.007676234437226886302 -0.02349316569553912964 0.9996945266377803563 -0.2375703367232097074
0.9002431912653590107 -0.4353696160689058403 -0.003936235354852254086 178.1314775459733255 0.4353275751295233587 0.899932805720679907 0.02471533038506620525 38.21136149961998285 -0.007217956569314600002 -0.02396335966520368385 0.9996867801944959719 -0.2425791148766712757
0.897920612616651681 -0.4401449656341730465 -0.003314004987961091143 179.8876195057077325 0.4400826410000955868 0.8976037725574432802 0.02519397979634836401 39.04764155763057687 -0.008114339987476518884 -0.02408062981413380821 0.9996770882406678105 -0.2617834555480162972
0.8954470172761680447 -0.4451631325144339568 -0.002103488734676293905 181.6195977971816831 0.4450876789971368597 0.89518543970983111 0.02323761118887943816 39.86928250808934848 -0.008461515296193149183 -0.02174428652002801873 0.9997277573227693059 -0.2697611631793043196
0.8930868603388824045 -0.4498618797738374031 -0.004488761458765739773 183.4032953217294448 0.4498460851157551343 0.8928365966299346423 0.02193881177223840767 40.75162439884905297 -0.005861704594886481788 -0.02161251626774011655 0.999749238338844104 -0.2874476107633028299
0.8910144362617019587 -0.4539145925055182995 -0.007403853468534673903 185.1723690291762523 0.4539600181731029971 0.8907342192421784377 0.02264624934492697611 41.65560143206538868 -0.00368459739941319345 -0.02353918852149004468 0.9997161248800940925 -0.2815881090598759684
0.8885293494226660371 -0.4587634524111767198 -0.007189569409604662509 186.9145314537826437 0.4587936783952662467 0.8882025503773022246 0.02458841610266712316 42.55600855230311907 -0.004894472769679037057 -0.02514605833107001059 0.9996718060874241196 -0.2937232573449715112
0.8862986840255027143 -0.4630756501112578416 -0.005965310588883309013 188.6510084643710741 0.4630744948184374876 0.8859810287264782147 0.02448732375024167615 43.46644604362975173 -0.006054331347586565035 -0.02446546597487872163 0.9996823425697851651 -0.2997768141027246092
0.8837154584504802735 -0.4679954677756166248 -0.005218294596979304589 190.4099452797819652 0.4679920203858289884 0.8834676181637175496 0.02164339508112089749 44.39013284364661871 -0.00551881650120278431 -0.02156872301015836865 0.999752135707374201 -0.3051733968878915793
0.8812234073144907809 -0.4726744315769447202 -0.004918139427412340954 192.1697074209072014 0.4726761959339229602 0.8810268515935575362 0.01920678547256747873 45.31214848099924097 -0.004745543504452691928 -0.01925015634536320769 0.9998034363298320404 -0.3081203498084942316
0.878879641921016419 -0.4770168882949136213 -0.005046113237216638334 193.9115877593119706 0.4770271860959338084 0.8787125853391359875 0.01758567974008199905 46.24531897024650107 -0.003954583013620563241 -0.0178628290830207051 0.9998326262979454482 -0.3165618619747976314
0.8766910158180779566 -0.4810312782369057238 -0.004666058496788577994 195.666563651280768 0.4810280190353640739 0.8765019639326215861 0.0188772923249798108 47.21069310342002723 -0.004990758614426611672 -0.01879405743129503731 0.9998109199909299694 -0.3280810311824486902
0.8738892521039589578 -0.4860957962349878314 -0.005334032208623989448 197.4267138762855893 0.4860876998639367952 0.8736334497773641239 0.02198507475726908106 48.19062193280849016 -0.006026863453667614251 -0.02180532795554553441 0.9997440695442622038 -0.3355105608917212656
0.871021245186116011 -0.4911993471979800296 -0.006722477658168736665 199.191496449271682 0.4912109397287746648 0.8707167229397094754 0.02375291825171929258 49.14986823262822213 -0.00581404421654194755 -0.02399145097094551593 0.9996952571506145802 -0.3471856075230168592
0.8682102029923547404 -0.4961130571373075226 -0.009103730902278372658 200.9411251551032649 0.4961750197949788554 0.8678553306831394698 0.02524826287923965726 50.13225237900220321 -0.004625271485517631551 -0.02643784327053226579 0.9996397587662708695 -0.3543746511293663914
0.8654072647208280733 -0.5009186104950716922 -0.01228054501483087993 202.7072798681232371 0.5010601674897670055 0.8649853163429415126 0.02718659796480641863 51.13924147830826428 -0.002995781755802860713 -0.0296807712935723382 0.9995549395139113891 -0.3608475115849097969
0.8628430211654236626 -0.5052597972735113352 -0.0146443860371368844 204.4837995653597318 0.5054687852602957054 0.8623724022670151701 0.02855077895359055956 52.15415501115755603 -0.001796646413165622642 -0.03203712035938473951 0.9994850649111449714 -0.3615910744566001034
0.8602274598470122102 -0.5096336542961593663 -0.0168004669714970703 206.2554655656544469 0.5099072643878700406 0.8596376015584288321 0.0319025979368790652 53.17630937913234135 -0.001816324429309918798 -0.03601017090853331215 0.9993497728805337266 -0.3608532052682879021
0.8580069959336391605 -0.513366369345818252 -0.01670226660876683936 207.9927489993592076 0.5136285788031877964 0.8573405729131402531 0.03395327845475898387 54.20737011613662304 -0.003110940457964974509 -0.03771091187874857364 0.9992838481503917292 -0.3599923820954339382
0.8557961800687987619 -0.5170690990585895541 -0.01588851580205867184 209.7517218689447702 0.5172901177013597973 0.85506450953475166 0.03571580472697748893 55.26784153560781476 -0.004881832994280502561 -0.03878442143119219948 0.999235676084563762 -0.3718784005450948005
0.8534296213834405842 -0.5209519734259403512 -0.01633776865292091429 211.5057190568412295 0.5211868623935462796 0.8526925319913967183 0.03577290035098103921 56.33138802676598544 -0.00470486970661449129 -0.03904468315322422861 0.9992263892221010524 -0.3708943117008474122
0.850914613622627436 -0.5250741074898862548 -0.01554033212301684889 213.260313487300067 0.5252866679575082243 0.8502735741231258748 0.03329813296946340651 57.38127488348856531 -0.004270453705846035709 -0.036496997197980309 0.9993246381532224776 -0.3816929839610411213
0.849033058894812287 -0.5281002103311952522 -0.0159070018202092725 215.0037171578788957 0.5283294948965032711 0.8484443746174301637 0.03178188238435820934 58.46838645265610523 -0.003287812553499669475 -0.03538800702313327912 0.9993682400632167839 -0.3846509461666960394
0.8464654367961691461 -0.5322319178517861404 -0.01501498864634876092 216.7575430889420716 0.5324362390062145067 0.8459679698447929441 0.02915210859015929593 59.57377418375961042 -0.002813483194719429686 -0.03267077638269708095 0.9994622077309573971 -0.3939603377142815166
0.8440982600887045884 -0.5359741890019413812 -0.01515902349646799235 218.5290867812419435 0.536184288274337395 0.8436418919744876899 0.02783463955864937459 60.67089454116660363 -0.002129861093147220226 -0.03162320101367614017 0.9994975922177246064 -0.3903948394568179658
0.8416758189574614635 -0.5397847514407954073 -0.01463686607301518602 220.2826892726619121 0.5399774530431512565 0.8412330092655324609 0.02741120889917261771 61.79009711604191324 -0.002483137681938190223 -0.03097492932893038467 0.9995170772827947081 -0.3965658130096714196
0.8391098751468557548 -0.5437873844148001234 -0.01378034601267906153 222.0268269567669961 0.5439551657130554663 0.8387034423400041572 0.02625478142395323844 62.91074621057642702 -0.002719395273675301056 -0.02952653672889425651 0.999560297589766833 -0.3966774827343071408
0.8366246113037497656 -0.5476042500951776582 -0.01374208834616600511 223.7849207614655427 0.5477680925387614641 0.8362079950363072722 0.02657641587347141926 64.04529627458295238 -0.00306211413315022685 -0.02976196108796967318 0.9995523243576569516 -0.3998264524024107702
0.8340491331190608149 -0.551517808229473161 -0.01378951421650268482 225.5367585451980119 0.5516783086972728567 0.8336067280902970111 0.02740194596713006053 65.18947301118868154 -0.003617629345017972335 -0.03046194512723280484 0.999529380586925531 -0.400824505882288018
0.8314277857932883542 -0.5554758367916662332 -0.01320725953440212048 227.2794233219987916 0.5556055919522464581 0.830916794427654759 0.02965985463966601052 66.3590358083130667 -0.005501198811463663303 -0.03199805448829053101 0.9994727916856357419 -0.4096923258641160803
0.8286996641263766339 -0.5595520280258943213 -0.01258549012119435789 229.0067232987933608 0.5596387678860912374 0.8280944406589789697 0.03261973140559344675 67.51980851114566917 -0.007830462451114926503 -0.03407528861070544673 0.9993885923718088815 -0.4234915037866721077
0.8254566513852240606 -0.5643158927565345984 -0.01299576155887045489 230.748947998136515 0.5643864484533301917 0.8247369213798588783 0.03573440029004926882 68.69468888190796463 -0.009447405614441215654 -0.0368318300797956244 0.9992768199147531449 -0.4413015728628714163
