1.000000000000000222 -3.288104128200433695e-19 2.199307547639937647e-18 0 -5.681318425110126656e-19 1.000000000000000222 -1.273613892030353574e-19 0 -2.923285529664562976e-19 -6.024150353257425012e-22 1 -1.11022302462515654e-16
0.9999999966527473028 -8.178533482931331356e-05 -2.37879814026229775e-06 0.005249802328183394984 8.178525764364005541e-05 0.9999999961297253437 -3.243032924793534552e-05 0.0007440158961499743207 2.381450457377385521e-06 3.243013459170055677e-05 0.9999999994713076878 0.001068307314281646825
0.9999999942813159182 -9.703889811765914247e-05 4.495352711384053998e-05 0.007309191923431046511 9.70426603877736914e-05 0.9999999917887024692 -8.369781006030623611e-05 0.001805980778247062712 -4.494540479858292282e-05 8.370217199094249008e-05 0.9999999954869259744 0.0007842762446905737761
0.9999999988170790166 -4.785493984996883277e-05 8.703135455273619721e-06 0.00590243430785919454 4.785578224484280931e-05 0.9999999941680480786 -9.681803022867307388e-05 0.006510063565203116909 -8.698502180342706662e-06 9.681844660656242166e-05 0.9999999952752618437 0.0004727543170257586524
0.9999999971326535286 3.054504142168644736e-05 6.929432450722002273e-05 0.0007417368735032070504 -3.054453043405485176e-05 0.9999999995063177938 -7.375236828915047469e-06 -0.0001397046224592135566 -6.929454974933422172e-05 7.37312024075286355e-06 0.9999999975719472411 0.001685405002331830104
0.9999999847536560349 -0.0001745629274979318781 4.52343401754809534e-06 0.005068027156711840675 0.0001745625222606830916 0.9999999807646280381 8.943534580503547196e-05 0.003361717645031792046 -4.539046029350133852e-06 -8.943455480464798104e-05 0.9999999959904283253 -0.0002918017237265591035
0.9999999803405602572 -0.0001852422717181587825 -7.074008475604147655e-05 0.008451136458551333774 0.000185257294037873536 0.9999999602805311749 0.0002124115904739746162 -4.850716323107073791e-05 7.070073433331732274e-05 -0.0002124246913900900205 0.9999999749385819481 0.0003756425167166232981
0.999999998173272342 3.57608638267861126e-05 -4.872999940878414469e-05 0.006146025129169285783 -3.575105282079252993e-05 0.9999999790960973911 0.0002013198083705254268 -0.004734996687386361369 4.873719775362113398e-05 -0.0002013180658432439153 0.9999999785478633774 0.001085700593016047932
0.9999999996156134774 1.795918010662195382e-05 2.11244964903732346e-05 0.002481694916164012277 -1.79594724170403543e-05 0.9999999997429914744 1.383739591541054455e-05 -0.003738714546446253451 -2.112424797699254694e-05 -1.38377752958477408e-05 0.9999999996811397285 0.001268838571425234818
0.9999999925535448808 -0.0001127241198299874721 4.675661542074125478e-05 0.004966859443104487681 0.0001127201155333916151 0.9999999899803885262 8.563530794312094313e-05 0.001837857745325022218 -4.67662681196310157e-05 -8.563003688468823421e-05 0.9999999952402037762 0.001539461284207233049
0.9999999888105597368 -0.0001481813864603706186 -2.052182414861787973e-05 0.01044949984068699322 0.0001481814968848853384 0.9999999890066598729 5.379035898925815554e-06 -0.001725322299057530095 2.052102684963073292e-05 -5.382076783943697889e-06 0.9999999997749615677 0.0005989333013541875417
0.9999999975030393617 -3.274794073976075245e-05 -6.262175583505178236e-05 0.009196656380913048601 3.275053960493329666e-05 0.9999999986025625009 4.150035626427139244e-05 0.001049736159091763099 6.262039669466090534e-05 -4.150240705072505941e-05 0.9999999971781216024 0.001980012057040680951
0.9999999976524288625 6.631848338865535433e-05 -1.72337828621187582e-05 0.007496698532424850292 -6.631600532140551377e-05 0.9999999874688036972 0.0001437517865916452121 0.0004530194007672516676 1.724331604191221192e-05 -0.0001437506433737694323 0.9999999895192110966 0.00125078668258693515
0.9999999909690879818 -0.0001342789675351862915 -5.565389703168715122e-06 -0.002481826369270079269 0.000134279361461804586 0.9999999884753986157 7.083971191549808726e-05 -0.0001303843838789120468 5.555877353212844071e-06 -7.084045858095302953e-05 0.9999999974753810417 0.0007832510837719741659
0.9999999906400837135 -0.0001359854755125223223 -1.509212722574026854e-05 -0.0005682678561760301506 0.0001359849539232727206 0.9999999901569808225 -3.455632695873016991e-05 0.002252170224175786828 1.509682623669033176e-05 3.455427433938413777e-05 0.9999999992890449274 9.323004814931756812e-05
0.9999999958274464751 -8.694564997921568842e-05 -2.8027706461648351e-05 0.004550677329445473873 8.694731526830623211e-05 0.9999999944547288688 5.941979768874008905e-05 0.001392483775392860945 2.802254001116034776e-05 -5.942223436546459087e-05 0.9999999978418692148 0.0002905508495404385272
0.9999999988061125666 3.393433395959092209e-05 -3.516012195492956919e-05 0.0007159950057893382791 -3.393167700200608859e-05 0.9999999965692754067 7.556512823371955398e-05 -0.002714677147617472475 3.516268608399799038e-05 -7.556393509818895278e-05 0.9999999965268405733 0.0005556559675513605967
0.9999999999166016007 -7.561484271694543887e-06 1.047003719747882927e-05 0.001770057051647344615 7.560940958446596031e-06 0.9999999986250481809 5.18915856934266278e-05 0.001991237372534759853 -1.047042956213863476e-05 -5.189150652279208171e-05 0.9999999985988201612 0.0002839724171935786856
0.9999999955761510462 -9.380919525320802037e-05 -6.893934024572055497e-06 0.003386321639768596903 9.380971814521700894e-05 0.9999999927205541761 7.588566890242091619e-05 0.001382364027077032098 6.886815198281471735e-06 -7.588631527493205453e-05 0.9999999970969196683 0.001147621326040959566
0.9999999999826123531 3.954350566717447313e-06 -4.374762053468368048e-06 0.003988155455991959641 -3.954013792862907845e-06 0.9999999970294196627 7.697744221021975478e-05 0.003577975079711581685 4.375066433741331221e-06 -7.697742490681575163e-05 0.9999999970276676198 0.0006042589092656314165
0.9999999962740168113 -8.40779406414590805e-05 1.956689265711632447e-05 0.0055242679032826425 8.407663606611380058e-05 0.9999999942434996125 6.66642749162363389e-05 -0.003448849907031037443 -1.957249754157451078e-05 -6.666262954147284567e-05 0.9999999975865043744 0.0003645392492159782449
0.9999999962730549141 -8.473012124011584402e-05 1.657387358172626683e-05 0.004423589188426557683 8.472843477959883128e-05 0.9999999912361526855 0.0001017290162181656735 -0.007884862339177511892 -1.658249295165788159e-05 -0.0001017276115507166395 0.9999999946882559554 0.002223445606347795866
0.9999999997869165602 1.632262050780636538e-05 -1.263877478769364982e-05 -0.0007579377292129541033 -1.632310482295440662e-05 0.9999999991325515536 -3.832039177061002499e-05 0.002438799127097490693 1.263814928872145378e-05 3.832059806384088157e-05 0.9999999991859050974 0.0004076761586161437023
0.9999999879923219259 -0.0001507513732242017276 -3.590773867992517039e-05 0.005066409315237385691 0.0001507541054928616389 0.9999999857409636039 7.610047712473665832e-05 0.002470847050627111852 3.589626591371876169e-05 -7.610588943597794355e-05 0.9999999964596777424 -0.0003241691114417299957
0.9999999965480630415 -7.936986742920915528e-05 -2.458231802311549796e-05 0.004512381713894786373 7.937124398865840196e-05 0.9999999952820076699 5.600174562859005443e-05 0.006882550026030886947 2.457787305400550959e-05 -5.600369655599800637e-05 0.9999999981297584828 -0.0001768460959541418021
0.9999999905567732439 -0.0001374174459548446964 1.700144062052422651e-06 0.009462377143104938604 0.0001374173751329944946 0.9999999896932858512 4.159209484388998206e-05 0.002411836336200179343 -1.705859525430135058e-06 -4.159186081170241825e-05 0.9999999991336034899 0.0024292601090514232
0.9999999762905661393 -0.0002174932215697985595 -1.074945967134903442e-05 0.003367972872549529484 0.0002174937572256511868 0.9999999751055470565 4.985363878749875255e-05 0.004340246833591798747 1.073861657339709652e-05 -4.98559755303500728e-05 0.9999999986995324885 0.0004613037995713220596
0.9999999957586827026 -8.641650160599554395e-05 -3.185614338832444249e-05 0.000442297474684716363 8.641803089903402145e-05 0.9999999951135930543 4.800774699517509675e-05 8.559433275212580128e-06 3.185199456933695248e-05 -4.80104997281098343e-05 0.9999999983402229065 -0.0002577818735571835163
0.9999999988414917107 4.764658093125209568e-05 6.842829081638509402e-06 -0.003546347438545871533 -4.764678375145359982e-05 0.9999999984255485419 2.964260678198939175e-05 -0.00322297812331923117 -6.841416702895259688e-06 -2.964293278773699999e-05 0.9999999995372454986 -6.65679182025868954e-05
0.9999999905458625271 -9.096748428929289751e-05 -0.0001031172831878784837 -0.002766804892965213369 9.096227472401902017e-05 0.9999999945865799544 -5.05243573318620972e-05 -0.004898406337361826957 0.0001031218787044311754 5.051497707729582601e-05 0.999999993407063581 -0.001343016898468163411
0.9999999771935148551 -0.0002036133187364931488 -6.445592058337028176e-05 0.004327312322832899127 0.0002036176016633587413 0.9999999770623027029 6.644757151846721825e-05 -8.667492323211067884e-05 6.444238949171015576e-05 -6.646069434559040716e-05 0.9999999957150809138 -0.001663434060331980824
0.9999999226174324241 -0.0003918589329041417694 -3.480914453611145762e-05 0.00992440105396197314 0.0003918606123562829824 0.9999999220584602222 4.825307902216617774e-05 -0.009012636730073797509 3.479023342093708347e-05 -4.82667155947572393e-05 0.9999999982299838663 0.001115135671310052423
0.9999999735636684317 -0.0002075477114003747628 -9.897770048748348636e-05 0.0005406472739143408646 0.0002075459789356936624 0.9999999783089763561 -1.751363165846465917e-05 -0.00431005947064799777 9.898133325466829308e-05 1.7493088785813696e-05 0.9999999949483493467 -0.001154703823752045722
0.9999999999988968824 5.447943199837003305e-07 1.382011157762304228e-06 0.00161870455428136939 -5.449406070879443467e-07 0.9999999943969528626 0.0001058574397255104658 -0.0002116313136050762544 -1.381953482931494508e-06 -0.0001058574404726999127 0.9999999943961460636 0.001563617777507797513
0.9999999985655836365 -5.353490030068979263e-05 1.686505203056678358e-06 0.007007527101946964265 5.353482800409231201e-05 0.9999999976493083587 4.284167690413364846e-05 0.002256098554471286377 -1.68879872542062276e-06 -4.284158655053747506e-05 0.9999999990808730033 0.0007466912739879649763
0.9999999945878088603 -0.0001013857383725325691 -2.33517702141347472e-05 0.006357189759085613012 0.0001013847217301854257 0.9999999939130040927 -4.35331699023139431e-05 -0.001069512285029550203 2.335618371579653411e-05 4.353080215809966742e-05 0.9999999987797802969 -0.0004217906309498253847
0.9999999927872165184 -0.0001181935566165703654 -2.135041693867746881e-05 0.001484193450798643177 0.0001181953572593062881 0.9999999894570057446 8.435552027516919377e-05 -0.006967825867914001492 2.134044643167554798e-05 -8.435804317476619247e-05 0.999999996214154141 0.001306647226530954775
0.999999992832619311 -0.0001186518974965944715 1.60150784578385824e-05 0.007015607433803139337 0.0001186511350089259812 0.9999999918279013356 4.760371382954505269e-05 0.004419306930049160531 -1.602072659950283033e-05 -4.760181327222801827e-05 0.9999999987387009348 0.0006689699066300125452
0.9999999975728807167 8.977191166524356309e-06 6.909165924892168105e-05 0.006590203631315239008 -8.979448590783338003e-06 0.9999999994259328728 3.267267139693147426e-05 -0.003117112629645368838 -6.909136590117182192e-05 -3.267329172358184551e-05 0.9999999970794156701 0.0006327845523215192003
0.9999999971889090844 -2.01812562004366647e-05 7.221430535828790066e-05 -0.001705650447553108684 2.017658882560385708e-05 0.9999999977077742574 6.463248572608585869e-05 -0.002097476365237604945 -7.221560955929037123e-05 -6.463102850366305124e-05 0.9999999953038638534 -0.0001063129387783856572
0.9999999839232651677 0.0001138262289312763653 0.0001385535365043550206 0.003518286035826934111 -0.0001138418364663066164 0.9999999871757273562 0.0001126435722468802108 0.007262493989859009069 -0.0001385407129373934592 -0.0001126593436297283979 0.9999999840571633936 0.0001557787544207434038
0.9999999814676515664 -9.670587623730572582e-05 0.0001664712672316970971 -0.002301715870887122151 9.669998606094272714e-05 0.9999999946983241239 3.539026826328598666e-05 0.006179056709250063673 -0.0001664746887964654268 -3.537416983615083657e-05 0.9999999855174134256 0.001265525552489377148
0.9999999826517770307 5.600598877647644373e-05 0.0001776507778826365682 -0.0006140932719811420526 -5.602549225170603073e-05 0.9999999924044806754 0.0001097824195293367535 0.001025163619575053531 -0.0001776446280630261968 -0.0001097923705999703168 0.9999999781940002164 0.002063605145422697795
0.9999999573598037372 -0.0002426952528666646662 0.0001624173878145002538 0.001195752051371790081 0.0002426922956021150513 0.9999999703841143672 1.822735183307049034e-05 -0.001399469027117128395 -0.0001624218066961456426 -1.818793359760963817e-05 0.9999999866441685592 0.001594673135500102035
0.999999984924024532 -7.51583445433229503e-05 0.0001565349389516831175 0.006679996933291465488 7.51532779118795481e-05 0.9999999966519868 3.237308325905942661e-05 -0.002930367348478235545 -0.0001565373715353232545 -3.236131865625531731e-05 0.9999999872243892085 0.000372257981325896381
0.9999999895011468798 -5.309267104026655184e-05 0.0001348291008152401277 0.002870437373337031417 5.309528975983185699e-05 0.999999998401898349 -1.941899233897135692e-05 -0.001139578849326416954 -0.000134828069592368222 1.94261509228185541e-05 0.9999999907220004092 -0.001415226174373174217
0.9999999797502941989 -0.000104773079868172129 0.0001718197489877373938 0.005902039317685403574 0.0001047451610168332497 0.9999999813126929649 0.0001624902222358044909 0.003451260116806353917 -0.0001718367703824883515 -0.0001624722216487519365 0.9999999720374403989 -0.0007482174696851195961
0.9999999875354672607 -8.316240094073074443e-05 0.000134212853907268823 0.00273155613545406073 8.316327270908929553e-05 0.9999999965208790087 -6.489819036337862085e-06 0.01001263814572805888 -0.000134212313730610618 6.500980535617613549e-06 0.9999999909723883418 4.496059941461183485e-06
0.9999999960496992468 2.44061556983227274e-05 8.546901521906926833e-05 0.0009664398291484577186 -2.440138428734553536e-05 0.9999999981439664509 -5.582685626558080963e-05 0.005445187576915810901 -8.547037757713740931e-05 5.582477047548161883e-05 0.9999999947891998753 -0.0002015399078607593708
0.9999999929537266574 -7.548379585815567251e-05 9.162286141225563804e-05 -0.0038369477077360159 7.548413534339528861e-05 0.9999999971442238289 -3.701753214734876232e-06 -0.00175097718004346703 -9.162258172771992081e-05 3.708669262230832411e-06 0.9999999957957689256 0.001817187282573851093
0.9999999806171975258 -0.0001636495762311940586 0.0001094733870997019297 -0.001883533858530461735 0.0001636449371531144227 0.9999999857119700186 4.238402314657614011e-05 -0.003081766969566301917 -0.0001094803216639603216 -4.236610755139047621e-05 0.9999999931095796546 -3.817086801416458286e-05
0.9999999889089683514 -5.026765197230873304e-05 0.0001401971439458736665 0.005163896657934374801 5.026510226755517667e-05 0.9999999985712724193 1.819005763863158968e-05 0.004347517393335220692 -0.0001401980581170253677 -1.818301041380345458e-05 0.9999999900069332925 0.0009094928211217379044
0.9999999895243402159 -4.978527565889549555e-05 0.0001359145252443485575 0.003352119816001364327 4.978097647395468789e-05 0.9999999982605497495 3.163476652089695581e-05 -0.001308767609713989977 -0.0001359160999539339688 -3.162800023155463964e-05 0.9999999902632338289 0.0006670671637798442077
0.9999999812258333343 9.388756453426749544e-05 0.0001695095393149782619 0.00107485402995288748 -9.390166257010969285e-05 0.9999999921331494956 8.316352973688711744e-05 0.007616939912058029449 -0.0001695017299620459029 -8.317944540938007137e-05 0.999999982175161839 0.0004134484759688028532
0.9999999901162310856 5.385191434903375304e-05 0.0001298750453127676973 -0.004494667874160307441 -5.386816313431688671e-05 0.99999999072276613 0.0001251106932410896687 0.002435839555253282995 -0.0001298683066609781567 -0.0001251176881350026221 0.999999983739885856 0.0003909336316891831586
0.9999999797294236714 -0.0001395367119746161451 0.0001451573826087063611 0.003165383489494133507 0.0001395193186805373663 0.9999999830879271467 0.0001198270187245034911 -0.004551898171726020959 -0.0001451741004253226017 -0.0001198067640265386343 0.9999999822854014342 0.001590274910048039558
0.999999987706638338 1.882381702502814724e-05 0.0001556676146687098234 0.003035513545322943152 -1.884697562142782163e-05 0.9999999887562219802 0.0001487694409133658068 -0.0007598988534580075616 -0.0001556648125137856289 -0.0001487723729461072424 0.9999999768176144332 4.346531693355526471e-05
0.9999999895299439556 -6.103675916292467928e-05 0.0001312045616477875765 0.004960608128389609739 6.102623915734669896e-05 0.9999999949232645235 8.018274901668214578e-05 -0.005556934181782491322 -0.0001312094550788807444 -8.017474125255028862e-05 0.9999999881780372579 0.001889164240038931908
0.9999999937708226039 2.475451553487301625e-06 0.0001115896044697291316 0.006240361532043992021 -2.476342305533061923e-06 0.9999999999650758253 7.982258962618673503e-06 0.005659862838869544888 -0.0001115895847058668048 -7.982535250291699497e-06 0.999999993742015425 0.0003628679298613990412
0.9999999919405093696 -6.076530188835976116e-05 0.0001114745190303919454 0.007558326664079739743 6.076911209028609579e-05 0.9999999975695278431 -3.417694598576481903e-05 -0.003343717434101056707 -0.0001114724419854181195 3.418371991578582011e-05 0.9999999932026776284 -0.0001001349991808231366
0.9999999942011225107 -3.198161704871478118e-05 0.0001028345318943379256 0.003843389762673066201 3.19808447661052892e-05 0.9999999994604018561 7.511610399997264755e-06 -0.001692374091710746598 -0.0001028347720720747147 -7.508321622351004997e-06 0.999999994684311444 -0.0005634247322283680859
0.9999999952433485939 2.180298447083824337e-05 9.506810703794864596e-05 0.005574611159845366259 -2.180974120624843427e-05 0.99999999723654176 7.107215180451545043e-05 0.002244026502411511359 -9.506655719205870129e-05 -7.107422487765485892e-05 0.9999999929553965439 -0.001633779936222712337
0.9999999903152035907 -6.938455636295051373e-05 0.0001206457021455408142 -0.001808466191632773779 6.937114727376198962e-05 0.9999999914172107429 0.0001111450738920611241 -0.009379833024471317948 -0.0001206534128648138954 -0.0001111367034786741047 0.9999999865456864478 -0.0001907951731325852052
0.9999999767195336675 -0.0001877376841258693936 0.0001063743124195120899 0.00861630944337066218 0.0001877323892413521197 0.9999999811390634097 4.978388538026460826e-05 -0.006838890685866072516 -0.0001063836567258065496 -4.976391430744970168e-05 0.9999999931030290057 -0.0002431828727601503815
0.9999999834410675525 -0.0001189675947110157048 0.0001377119611255275778 0.008732885445140281533 0.0001189575970610239324 0.9999999902888598857 7.260425825898220457e-05 -0.007146925862198671986 -0.0001377205973439659607 -7.258787516642616002e-05 0.9999999878820107213 -1.368321772032832229e-05
0.9999999916858065552 5.615599219694649064e-05 0.0001160814746326018052 0.006094023091627764899 -5.616073843389110575e-05 0.9999999975872227997 4.088425896444783717e-05 0.003238812923236189523 -0.0001160791784571332509 -4.089077785057572894e-05 0.9999999924267776175 -0.0008710932164608387041
0.9999999872982808791 -0.0001064590164818780691 0.000118616704240073081 0.00680940202882729384 0.0001064571399905594014 0.9999999942082103965 1.582604525302878251e-05 -0.002881792507654190594 -0.0001186183883783203708 -1.581341745384336675e-05 0.9999999928398001225 -0.00135788859526941863
0.9999999683126036265 -0.0002199803952667934894 0.0001224067698345952479 0.01029227814245470274 0.0002199740738021895437 0.9999999744716281391 5.165427946826000683e-05 -0.003272867008982605075 -0.0001224181296398419447 -5.16273515042317194e-05 0.9999999911742020187 -0.0006591726632978467393
0.9999999936020971258 -4.780516529298702803e-05 0.0001025206346428964911 0.005193575012143458736 4.780231569392857319e-05 0.9999999984711155365 2.779768103537358449e-05 -0.005252639456415741925 -0.00010252196335934701 -2.779278013285784747e-05 0.9999999943583982587 0.0006308282112693630594
0.9999999601026232643 0.0001941825605245763714 0.0002051534084002230288 0.005770788302028595496 -0.0001941800979856790198 0.9999999810747584039 -1.20233032044689309e-05 0.005290044231958945797 -0.0002051557392319345598 1.198346599739924297e-05 0.9999999788837476977 -0.00117458142938731136
0.9999999004726460861 0.0003694116235393222168 0.0002501795417217196789 0.00742145907423530371 -0.0003694190810765573141 0.9999999313218354002 2.976311923222566143e-05 0.006412964827990363936 -0.0002501685296971441056 -2.985553739394581168e-05 0.9999999682621619757 -0.002502809588697307852
0.9999998785392671952 0.0003781972878369455602 0.0003160511400358503474 0.01025494890123335168 -0.0003781867281451650677 0.9999999279272473451 -3.347050041837792197e-05 0.01228891968557643821 -0.0003160637757067716021 3.335096997272895869e-05 0.999999949495681939 -0.002850913417621558921
0.9999998111272618839 0.0005199094739927360509 0.000327779881678558118 0.02919774187434320822 -0.0005198503211508928579 0.9999998485832228834 -0.0001805246270445996423 0.008490998584593290044 -0.0003278736885032289402 0.0001803541964213071721 0.9999999299855830692 -0.00301977382158802321
0.9999994838622866533 0.0009731371583749851136 0.0002920262452813607323 0.03623540038226447102 -0.0009731257696054483033 0.9999995257470488674 -3.913886182314194143e-05 0.001473986524475445758 -0.0002920641942643911683 3.885466329025800248e-05 0.9999999565943933355 -0.003510792928152040027
0.9999991430750209132 0.001283816301896541093 0.0002562519069396201215 0.05997929908333199389 -0.001283835899259781104 0.999999172969412542 7.632687260390279141e-05 -0.006683255558357803494 -0.0002561537053283676098 -7.66557926721570833e-05 0.9999999642545690515 -0.001236831710692110065
0.9999981297956596071 0.001918226585723100753 0.0002466010988772563643 0.08073310664795418923 -0.001918245093165906476 0.9999981573659719736 7.483514380151973461e-05 0.006937318168394823736 -0.0002464570937189730681 -7.530804530559673552e-05 0.9999999667937848891 -0.001439278619779216228
0.9999960793025650663 0.002778908588823533407 0.0003450315541991131251 0.09438327563597792569 -0.002778862253830205985 0.9999961298827531042 -0.0001346993286520134872 0.006632784371793765121 -0.0003454045359994473022 0.0001337400051972527067 0.9999999314046369436 -0.004431615271679123502
0.9999923861108309664 0.003876096584022260122 0.0004512160701178837734 0.1293026832032535545 -0.003876081505881341996 0.9999924873799419522 -3.428679928654390977e-05 0.01240290597074777956 -0.0004513455792419082051 3.253758772863905537e-05 0.9999998976142058238 -0.005827053848386554158
0.999984755895186983 0.005278575464114187814 0.001620067542024822369 0.1627418840404859512 -0.005278469847949961158 0.9999860663683404205 -6.946146149631499025e-05 0.009930092662152889549 -0.001620411626152206243 6.090892458917387286e-05 0.9999986852771757251 0.0003683849138567119041
0.9999680623971504145 0.006961990497495559004 0.003924904444793762479 0.2093650759226193259 -0.006959664444547577523 0.9999755976276043512 -0.0006059865370718948594 0.003011145013340210674 -0.003929027540282341302 0.0005786511648447168832 0.9999921139213898691 0.0006427816831127142194
0.9999406707222709967 0.009305193443552911212 0.005662897820140086122 0.2727100954511627595 -0.009306255288688983565 0.9999566828771397908 0.0001611869928060156055 0.004070694301152921746 -0.005661152643521305712 -0.0002138778031892809932 0.9999839526744348506 -9.50824844669906355e-05
0.9998969048998505027 0.01252424546720096871 0.007023022767060348691 0.3510148337003462515 -0.01252962682170112585 0.9999212399265561269 0.000722768731207525778 0.009912751878645154058 -0.007013417500244800533 -0.0008106900726219214755 0.9999750770673100364 0.003393300826072809251
0.9998366067256315715 0.0161957505913705932 0.008028543835310505625 0.4539319124957100771 -0.01621397704850128033 0.9998661017151423414 0.002210336669181114846 -0.002515920993719222842 -0.007991670765662560461 -0.002340150141567578883 0.9999653278463078721 0.003571594665671806723
0.9997632818577480984 0.01998953830582214306 0.008590611713280599249 0.5725103802778990225 -0.02002569991846914893 0.9997908764944215543 0.004144227310901155842 -0.01465605219392368541 -0.008505974023938713338 -0.004315279310574172272 0.9999545123501369925 0.01209114876347339163
0.9996844639817416001 0.02385935274481360696 0.007855174253908213389 0.7023635342655001335 -0.02391368971627259518 0.9996902309673375564 0.006897648228920675965 -0.009670589918038596799 -0.007688167542135776467 -0.00708331797345525347 0.9999453578498396222 -1.833449012655918864e-05
0.9995737352985952784 0.02837711740868136684 0.006861990336586404685 0.8576041080939983408 -0.02843143564963328609 0.999564112727946541 0.007952233112275176527 -0.01742983624147292909 -0.006633337829840275056 -0.008143939594066075191 0.9999448360166444116 0.0136652174520788261
0.9994613738813741266 0.03234991728814669981 0.00551769637538329985 1.01934737774101758 -0.03240369904748341412 0.9994253000310098223 0.0099533885633036525 -0.03255484362051352942 -0.005192534058941066823 -0.01012682118248802755 0.9999352404441871345 0.01879558112263879366
0.999360350879287096 0.03551704241490821062 0.004174780383827438046 1.203933058783049015 -0.03556518060708111634 0.9992942811819747195 0.01208542606245148823 -0.01535886691451238129 -0.003742595573008402916 -0.01222617245010948137 0.9999182535013279027 0.0081711934410826359
0.9993481199499441026 0.03596421454240578824 0.003148083146475816156 1.409128159833468175 -0.03600371744296813892 0.9992598046980960547 0.01354898677781765648 -0.03183631955592985951 -0.002658474283183896985 -0.01365349716110875015 0.999903252584681268 0.004664072461094348476
0.9993992758228775752 0.03462270494426253342 0.001534858111186626151 1.63101939387103867 -0.03464257818220639606 0.999276169890049526 0.01571712647217821807 -0.05080582010131509674 -0.0009895777027082955802 -0.01576085625755620223 0.9998753002979163806 0.002931157944888962419
0.9995162529595890133 0.03107457438222402391 -0.001277066332661855839 1.872283701580694348 -0.03104782279130941652 0.9993677533841415217 0.01732415059566745283 -0.05055537813004840064 0.001814599517560160817 -0.0172761199606514225 0.9998491100700430678 -0.0009251847200096863233
0.9996400202104410715 0.0265966877454782008 -0.003527916656424256395 2.13818657498715492 -0.02652921990698096574 0.9994866696139856899 0.01796100646870467388 -0.05754260716477815896 0.004003808949678320551 -0.01786094799297646002 0.9998324639913892531 -0.00126394318408629136
0.9998044734486825069 0.01922394176215879574 -0.004631947304836826762 2.40435940096690981 -0.01913119699159599937 0.9996307272712439129 0.01929783396169047413 -0.06227592863567041337 0.005001217288596521322 -0.01920544602628955488 0.9998030499398751214 0.001530813491009475058
0.9999571862979509396 0.007720265553651286736 -0.00510128128861082452 2.71199684219685011 -0.007608931973226047696 0.9997400005943162249 0.02149500791931498872 -0.08136890549938907702 0.005265902126992487095 -0.02145527233522476207 0.9997559409997739399 0.008376114445887372639
0.9999801757930302237 -0.003595935267525508881 -0.005168875087321387826 3.032959156560836256 0.00372312599796228343 0.9996852078793925234 0.02481176092635742694 -0.07234924852409840845 0.005078026479153165303 -0.0248305134243405265 0.9996787780335529838 0.01045282088653898267
0.999848385323742872 -0.01691273900142211198 -0.00414314172875608535 3.360458450816810938 0.01701676426152577692 0.9995036704782710446 0.02651117567720986251 -0.06437477388978829485 0.003692708769444461112 -0.02657765905743070256 0.9996399311458623593 0.01522966277262849388
0.9994566667544687588 -0.03292318130144911148 -0.001560580231725285007 3.702453342065736397 0.03295415218374555394 0.9990571637748372202 0.02826318040182975583 -0.06008923044561315097 0.0006285950466818789788 -0.0282992516712734718 0.9995992983306334345 0.02114624584466262558
0.9986135093845148747 -0.05262862252714670119 0.001134443563514727889 4.065750652769385631 0.05257236838094631742 0.9981816987153363518 0.02948630930480483636 -0.06236734575132063529 -0.002684204646379900489 -0.02938578642419288969 0.9995645404881332574 0.0194649423765241858
0.9971975849757268584 -0.07462358693216888939 0.00531947247596840575 4.444610154044921657 0.07443592979244033347 0.9967903725972064866 0.02946600514021852774 -0.05745877338877219964 -0.007501257948300300155 -0.02898746927933155623 0.9995516283579551908 0.03490524348841361757
0.9947431023674537798 -0.1019317358778571714 0.00980211748902195569 4.83032180215033069 0.1015688014566315384 0.994304859462591395 0.03227421613817841456 -0.01439021272500651261 -0.01303605992818518931 -0.03110896455555363371 0.9994309848430092957 0.03020109902951750858
0.9908237052870776385 -0.1343012114571131288 0.0152174122129323016 5.25874814300084914 0.1336902852146129861 0.9903755097140574115 0.03582258237585478344 0.01044661580527556088 -0.01988196858813398235 -0.03345944361474655765 0.9992422994227745381 0.03769189410471940338
0.98506580791097198 -0.1710484956270463264 0.01969178047203103479 5.701493524882401687 0.1702250583150109464 0.9846787888858548055 0.03783004431951504654 0.06175287951974955947 -0.02586085071688168022 -0.03391304868092955699 0.9990901468467974222 0.04083513830243779008
0.977597336397159844 -0.2092310628804898986 0.02293055128123745387 6.148202232026304337 0.2083308179850586472 0.9773807115536452539 0.03640350226351107138 0.1540003464751488749 -0.03002862199854279546 -0.03081082633039040897 0.9990740587355082525 0.03873938188457781706
0.968040354271119452 -0.249567041853651389 0.0247823345725525189 6.59749316952794107 0.2486740550776149195 0.9679804723369243025 0.03427855781061648482 0.2537553422474851939 -0.0325436141961085515 -0.0270203035997539677 0.9991050076767177268 0.02926256410124750129
0.9562973033346507945 -0.2912456266748660316 0.02591240162499814509 7.063923350943429824 0.2903268737974194491 0.9563182627189603657 0.03414215524612060348 0.3784827585675304418 -0.03472425630402640323 -0.02512698441862913981 0.9990810080640006863 0.01868145907813290041
0.9418723481804722741 -0.335136332913173407 0.02366681370069113541 7.53840505262913485 0.3342269114800423546 0.9418236965456384668 0.03550346877856983691 0.5351801775396215488 -0.03418846829486182903 -0.02552964943981479717 0.9990892781084241836 0.009420243374752113041
0.9243959729481843191 -0.380991082796454994 0.0183815124061503278 8.013122784794179054 0.3801905320322813697 0.9241997824654628602 0.03619283735447238748 0.6827174129353438259 -0.03077733805706116266 -0.02646803609654605274 0.9991757595757492227 -0.003464189060400357789
0.9043002541475871903 -0.426711533183486591 0.01258243870106732533 8.491219836357077 0.4260982046209153551 0.9040182382661153815 0.03451586500747787917 0.8809037557725362122 -0.02610307173976383205 -0.02585135093312358051 0.9993249407963709086 -0.02370304591667071747
0.8814263260778385511 -0.4722590895348658391 0.007680104875206548824 8.978452785262378555 0.4718141322641914992 0.8811165307311110695 0.03201693158973880488 1.12062183455836184 -0.02188735431990511057 -0.02459698433836815523 0.9994578190598139011 -0.03629746754991869384
0.8554088290302391817 -0.5179452084212329277 0.002914832471611622164 9.458289014463900912 0.5175966015225033079 0.855014867764614328 0.03230068170047860343 1.375553721518017802 -0.01922220840872949227 -0.02612158089850753068 0.9994739464903603654 -0.05194727827588885294
0.8260969768799093504 -0.5635275593456551269 -0.0006889130724358346562 9.930631241157627187 0.5632024266893553843 0.8255775699132642531 0.03499575225873259587 1.672943090915803399 -0.01915231966903574445 -0.02929788262548708652 0.9993872236139088594 -0.06466652951018880824
0.7939319937398857663 -0.6080019690783288189 -0.002365346186859271487 10.39082390257786415 0.6076295668920479454 0.793296722043474789 0.03829647877631420227 1.986089713117527022 -0.02140791311794280546 -0.03184205399127498087 0.9992636212987283661 -0.07572383616785194338
0.7590185689494008958 -0.6510594310948737418 -0.00352549547261428323 10.83732419830464622 0.6505887587413519135 0.7582396720149412461 0.04250725631080623512 2.336761550841282453 -0.02500157956810820578 -0.03455744454006184907 0.9990899379150232074 -0.08654782254864490376
0.7210144199512411589 -0.6929157264218652745 -0.002449947433118838166 11.2815084745566292 0.6922918575916894302 0.7202057258758159941 0.04511869223019863984 2.701186390855103703 -0.02949898521814243654 -0.03422730632613221746 0.9989786290853974737 -0.09357125608507010917
0.6806734016153187516 -0.7325864924486701346 -0.000866807530134148423 11.70918901363028297 0.7318490136427642234 0.6799341342001082866 0.04567925616011438844 3.106370319519649037 -0.03287463400379470047 -0.03172702686700651364 0.9989557819050399745 -0.1054681080182064967
0.638577217745264325 -0.7695567481544670629 -0.001244300756065711824 12.11254525104294899 0.7687646788548684329 0.6378449040999776276 0.04641925166505760092 3.560392719881816603 -0.03492857744759827326 -0.03059885100451175191 0.9989212705667432912 -0.1141014685082371027
0.5941315754778202507 -0.8043524924890925742 -0.004973809648051882165 12.48895085566435625 0.803602072129644518 0.5932848258568421684 0.04729508584840037833 4.023400446044996137 -0.03509103437219879273 -0.03209646756021162367 0.9988685779785092533 -0.1326198104186795401
0.5473495748747905232 -0.8368413652768633693 -0.01024559319004243567 12.85051979880443085 0.836155287639052891 0.5463011160347264195 0.04898393249495727048 4.541089426488370329 -0.03539460192746504696 -0.03537824149879139485 0.9987470161050644446 -0.1503984488677273523
0.4995623543200896077 -0.8661208089085672412 -0.01649843793939275924 13.19588267556639671 0.8655850041206876178 0.4983106197258351799 0.04948865507517018897 5.053191356013424951 -0.03464180710475676939 -0.03900346946243672674 0.9986384103199725804 -0.169665210515277276
0.4497523585412537273 -0.8928270748959549197 -0.0241377350091128498 13.51781587288116526 0.8924670851324389975 0.4481834878577315995 0.05132312577092908862 5.587970093998818832 -0.03500454196192379075 -0.04462483081580034122 0.9983903577822794695 -0.1875420587067726519
0.3988560752726778014 -0.9164852850109096449 -0.03112159232127654704 13.84192858457764252 0.916299739142538372 0.3969772173168257812 0.05295164823556627182 6.176775183501796107 -0.03617484327481042955 -0.04963679346584780328 0.9981120024547602831 -0.2080985298865406508
0.3474136222831817888 -0.9370015884329949696 -0.03649381124030502688 14.12117118599423549 0.9370059540715852675 0.3453790977875565993 0.05227925895982784427 6.810009741083963952 -0.036381549051641697 -0.05235744508879444647 0.9979654707594450835 -0.2313045355068141795
0.297058312152008841 -0.9539089830242837298 -0.04259121060542526982 14.34283602760327625 0.9541077329463204526 0.294759621179646103 0.05286964842560704092 7.429123502364820553 -0.03787866342135506187 -0.05634197186273626201 0.9976927327888027719 -0.2554766955983817089
0.2477129954727671224 -0.9674591518103330401 -0.05158547651936599976 14.56124718492149483 0.9679705651813199641 0.2448945674608611345 0.05531397508889938919 8.086923915622966419 -0.0408810084232159171 -0.0636352132644307511 0.997135548848941955 -0.2762411308958103717
0.2003537197739099218 -0.9780176267191416084 -0.05779194352815397034 14.72494249108330067 0.9787468289681918732 0.1971720077493526735 0.05637237100389765054 8.786183297718354268 -0.04373821892195944167 -0.06785809563246966714 0.9967357960149325624 -0.2920789682294487877
0.1554063551722330017 -0.9860124859722484425 -0.06023489203525840552 14.88608272401097565 0.9868661333792475565 0.1522409892265623732 0.05401773832738237385 9.506608110448567572 -0.04409194486020037024 -0.06783847476625373685 0.9967215467394325845 -0.3164375840883761892
0.1131609109561727833 -0.9917205469635841375 -0.06070391176683982704 15.01055333658880819 0.9926660019724767858 0.11023074918643673 0.04963255509040594843 10.24763152709772385 -0.04253018696120242775 -0.06587517448528718012 0.996921082422562721 -0.3473149689427122988
0.07367829679971846235 -0.9954141948436747711 -0.06100892745183841143 15.09833904667890359 0.9964135997377230325 0.07092378194903921351 0.04614927379970434201 11.00852284930701153 -0.04161065830445816877 -0.06419032485084759376 0.9970697845718314856 -0.3775627861325050461
0.03799445450736221169 -0.9973526555700994445 -0.06200082096821613736 15.15509646141555322 0.9984163462489843432 0.0353125705577745086 0.04379294419805175587 11.79882258315018184 -0.04148760077406924568 -0.06356652210180979701 0.9971148761527002247 -0.4098747665370294779
0.004471865240648725121 -0.9980938696251154818 -0.06155184633419546331 15.17459847058840161 0.9991287065636846876 0.001905400291862495345 0.04169169252811489451 12.62256402453456872 -0.04149494176664758616 -0.06168465618537759959 0.9972327576820805284 -0.4407337452192969796
-0.02505708981965843948 -0.9978763318696103335 -0.06012460806924692369 15.17293001539420061 0.9988213278983265608 -0.02749106926313794538 0.04000245117233820064 13.43738732033470207 -0.0415703889507288149 -0.05905139579944378853 0.9973890090690598065 -0.470542190653324699
-0.05099403130362261533 -0.9970878817072831302 -0.05670418747379935009 15.16813290938840986 0.9978047418379833999 -0.05326834537008965503 0.0393469261684799218 14.26452312704547154 -0.04225288144989779865 -0.05457324869936976131 0.9976153840687616015 -0.4983641278993637957
-0.07448368944273398018 -0.9958137291770360333 -0.05298298542421303603 15.12072401103250563 0.9963066462947505197 -0.0765864121730975983 0.03882767143891155404 15.13454855190123993 -0.04272290499178603429 -0.04989527223844998638 0.9978402753909902945 -0.5290910367345557086
-0.09460780781599016642 -0.9943538676429959366 -0.04805984352982164975 15.03737175979701135 0.9945663232174017931 -0.0965141438257526435 0.03902369551904185524 15.99265135545346261 -0.04344181715949069211 -0.0441067555293447322 0.998081861689486538 -0.5648653056644852288
-0.1110353916135995017 -0.992940319130291682 -0.04172127050183288555 14.94758050014665152 0.9928362010544158345 -0.1126922057421733403 0.03970824458750799729 16.89601766111096026 -0.04412957899058260469 -0.03701336716204686045 0.9983399175152627425 -0.5903411558842701634
-0.1233722400638847527 -0.9916911322043807653 -0.03644157855169604526 14.86281991336637631 0.9913926134844551763 -0.1247902432999075384 0.03959900443313728313 17.80024402426849761 -0.04381753493180122472 -0.03124249386092727357 0.9985509151790101789 -0.6211211839705771398
-0.1329014480063614723 -0.9906560066656234786 -0.03062485158023242268 14.72846700249116658 0.9901729384838735548 -0.1340668490544778824 0.03979487309445482041 18.71815230718131318 -0.0435288073565229458 -0.02503510296501409646 0.9987384475150045127 -0.6615413170361434947
-0.1403331220137816748 -0.9897754623997933043 -0.02551761855691610237 14.60381169210660346 0.9891367476780226209 -0.1412885443683756237 0.04057143907385588055 19.6500699337899789 -0.0437619619874761584 -0.01954689746107264245 0.9988507443445514555 -0.7000659419622090596
-0.1450700642897206072 -0.9892319256503835367 -0.01936165491227597943 14.45263494249654102 0.9884352541885550458 -0.145771188628931625 0.04179125372628933466 20.59597523705178546 -0.04416361378516939218 -0.01307508237332841335 0.9989387455862015486 -0.7374895696037606641
-0.146773294648044228 -0.9890142852838725851 -0.0175597107784184539 14.31362465020062302 0.9882219897748450999 -0.1473865765347781853 0.04116425667622759105 21.55439621728973165 -0.0433001034880817065 -0.0113110786947154332 0.9989980783423709765 -0.7681896984155406338
-0.147170140876050376 -0.989030100775855292 -0.01266528143358628365 14.17038878953047387 0.9882240665013978242 -0.1475682876273922695 0.04045732219225628423 22.53670074225588493 -0.04188250327385379529 -0.00656202605890143266 0.9991009937582607803 -0.8213351713219285699
