1.000000000000000222 -3.288104128200433695e-19 2.199307547639937647e-18 0 -5.681318425110126656e-19 1.000000000000000222 -1.273613892030353574e-19 0 -2.923285529664562976e-19 -6.024150353257425012e-22 1 -1.11022302462515654e-16
0.999999982438947832 -6.917135315347438209e-06 0.0001872812809010661588 0.004804107916168587344 6.910589023365226259e-06 0.9999999993651973451 3.495496937356770825e-05 -0.000510118028235417853 -0.0001872815225706959421 -3.495367453952841609e-05 0.9999999818519250683 0.0003081148286203649889
0.9999999600316117343 0.0002388291309814204524 0.0001513190468977014536 0.02489837955028462169 -0.0002388114166598323291 0.9999999646314524648 -0.0001170734189114842183 -0.005844192641457857107 -0.0001513470020839453747 0.0001170372774912350659 0.9999999816981715028 -0.0002877420167954891639
0.9999999312304468368 0.0003529863330019305124 0.0001137531820458858055 0.04281512318696500952 -0.0003529876775457763474 0.9999999376302185494 1.179982388483662197e-05 -0.003841724891838205203 -0.000113749009774127618 -1.183997656808566791e-05 0.9999999934604822949 -0.000453326599472503311
0.9999999063309503722 0.0004202044776637604102 0.000103760912018929842 0.05585866463694655337 -0.0004201999637760084967 0.9999999107689399036 -4.352097426134820195e-05 0.001393993891848299693 -0.0001037791904662466262 4.347736982355427141e-05 0.9999999936697930858 -0.002043877028216845027
0.9999994661074225188 0.0006877256050377888921 0.0007712447698716486675 0.07742693815775714139 -0.0006878590581187592375 0.9999997484977440898 0.0001727840281993920041 -0.0003595606777764270845 -0.0007711257479029749035 -0.0001733144437069818427 0.999999687663499337 0.0001457037782666148473
0.9999977343184710543 0.001083307867125460561 0.00183243069980066741 0.1035362028856107175 -0.001083477010180461733 0.9999994088693519023 9.131508708368664547e-05 -0.002134201331580598548 -0.001832330694236010112 -9.330027684508703423e-05 0.9999983169281216888 0.003090693507252884054
0.9999940430861637974 0.001445802193502880324 0.003134238130138229748 0.1413357404722672683 -0.001446087165016852159 0.9999989504852561106 8.865778856880540313e-05 -0.007077397743145918962 -0.003134106659070977265 -9.318964215354585132e-05 0.9999950843333095252 0.0008092693677912432548
0.9999855402001029958 0.002114539340812499231 0.004944503492366920071 0.1948506878725078106 -0.002116647175923686355 0.9999976712350582275 0.0004211045667006991697 -0.006182611120361336532 -0.004943601535596614527 -0.0004315642472241693083 0.9999876872019941576 0.004712636082365717627
0.9999754766319201016 0.00282671424087952176 0.006407481742414128031 0.27782932212005651 -0.002830342284872769485 0.9999958393238616017 0.0005572228754486314604 -0.008527246551314593415 -0.00640587997310646147 -0.0005753445773201343923 0.9999793166259270949 0.004838741364152299163
0.9999665174415047764 0.00366256121390030236 0.007317762112572447249 0.3711538635111982787 -0.003666822236965567531 0.9999931153296762742 0.0005689531562085650435 -0.005936164304501279076 -0.007315627906412003507 -0.0005957670394546935033 0.9999730629617652466 0.006635248452370512418
0.9999537965841194254 0.004930399496928573183 0.0082520215140222241 0.4839012958569081091 -0.004935901967517462331 0.9999876093328721183 0.0006465695435943180462 -0.01149740762811091166 -0.008248731419796985834 -0.0006872708396117330285 0.9999657424571182229 0.006376181474820774575
0.9999327962252508861 0.006493103852385369822 0.009604303047598418061 0.609833199785232094 -0.006499667854762793302 0.9999786641257550901 0.0006523884019299793727 -0.01234091674341336597 -0.0095998621057222875 -0.0007147693393961342167 0.999953664802148201 0.008896325803562032952
0.9998959181584691214 0.008742429400194925287 0.0114770545040990754 0.7513265891054656809 -0.008755510309307804398 0.9999610757191430555 0.00108999324372298389 -0.01178140461668886196 -0.01146707857900191099 -0.001190367265056217977 0.9999335423583551874 0.01441458560704711456
0.9998422798486417129 0.01122855432521791853 0.01375990541869585339 0.9167772742266538932 -0.01124264818617885624 0.9999363506749630037 0.000947343587634303535 -0.01107147918752515725 -0.01374839231102365812 -0.00110189194918497717 0.9999048792467338798 0.01425873328051996403
0.9997310550768909732 0.01416814812896836397 0.01835976842039654597 1.116532124602932496 -0.01417511802043061077 0.9998994968283848594 0.000249540649355345129 -0.01851521053926269422 -0.01835438767646909233 -0.0005097254222294219338 0.9998314141048588732 0.02059759715329800844
0.9995933609259651798 0.01775533192059930085 0.0223127986772178738 1.34442453638520476 -0.01773724688297896937 0.9998421743620359292 -0.001008185929558852618 -0.01931863768171560025 -0.02232717782120069439 0.0006120083412036313609 0.9997505301692936053 0.0234608159031357566
0.9995142540121403352 0.02173130773837511631 0.02233844879297403052 1.582867042345016184 -0.02172629929722192862 0.9997638470732380656 -0.0004669076720880819859 -0.01970965413696890156 -0.02234332001708447604 -1.865095271856107508e-05 0.999750356689212194 0.02566519649681731075
0.9994571815136927828 0.02599295703037314553 0.02024125760648253988 1.846116893124110536 -0.02602326072302315468 0.9996605745798935461 0.001235123586943264471 -0.03595920775156574711 -0.02020228269471581115 -0.001761196665125302737 0.9997943618354347972 0.02195671420939937502
0.9993713708448702659 0.03002201354055151344 0.01885581721055857099 2.133521335986518608 -0.03007556403579877968 0.999544342413716258 0.002562809930775297208 -0.0392879361727160592 -0.01877028469992171253 -0.00312829821384663035 0.999818928686802888 0.01559690674331248861
0.9992566594374026057 0.03361609881432096186 0.01887025370245550004 2.469573898560445624 -0.0336802165585818325 0.999427882956076763 0.003090271890525417633 -0.04824349177282000189 -0.01875557482342866955 -0.003723528999614438787 0.9998171651570552099 0.0116083437573859527
0.9991143321711346559 0.03741351729408564503 0.01925564796302631221 2.77591599341325912 -0.03748281550891863906 0.9992919858018717294 0.003250484778683571715 -0.07233319588239650599 -0.01912040262236304813 -0.003969361831524896925 0.9998093090024845475 0.01084791175959365361
0.9989814102255871742 0.03989916444077021979 0.0210760220522811792 3.131037059395018751 -0.04000199744719347417 0.9991895558846488612 0.004480134901462703295 -0.08168392724946021977 -0.02088018747508227357 -0.005318654464855682509 0.9997678378920299425 0.00716774441512879612
0.9989059680307382783 0.0414990172350401948 0.02155686911809476247 3.498915991069814435 -0.04161570558587034813 0.9991212166107251713 0.004992751171077633096 -0.09212030698143858221 -0.0213307310327003341 -0.00588439326298733148 0.9997551569394881321 0.001316743501639017211
0.998878701116177159 0.04213296322613182404 0.02159059682735853594 3.894557830970574841 -0.04227313339184689267 0.9990876084808054669 0.006077233799898486451 -0.1101285881824035084 -0.02131484588175553904 -0.00698312158682262013 0.9997484250327705047 0.001964236230275639983
0.9988818769300068512 0.04159436970900307062 0.02247007686863112738 4.317516681926326427 -0.04176787609554948738 0.999100613453733688 0.007308126995781075511 -0.1310026857067415063 -0.0221458906477425832 -0.008238482999529939815 0.9997208044863092891 0.0003131303952732533702
0.9988914269194859585 0.04039819209021233704 0.02416409129060946223 4.748950165592213501 -0.04060605314448092334 0.999141799252778684 0.008173948333841222352 -0.1409339607627082547 -0.02381314091459131241 -0.009146095292462023268 0.9996745886827180794 -0.007772407501224543047
0.9988977997075209059 0.03926885869002357671 0.02571269107016024499 5.22656568326373705 -0.03950149021455050952 0.9991824795787075386 0.008602602586395263068 -0.168424462246250739 -0.02535385603491324691 -0.009608810412536996498 0.9996323587918309883 -0.01160322354110510101
0.9989222450285248911 0.03784088624216534746 0.0268777923393563288 5.691344101507762154 -0.03812056116992731253 0.9992234073061831978 0.009970210884378901892 -0.1959384137270206439 -0.02647963762647879971 -0.01098406196942642438 0.9995890051270053256 -0.01892737569746549831
0.9989750544610396243 0.03557797385778540405 0.02798300102176413603 6.182423086965101788 -0.03588521777208347752 0.9993001762087074802 0.01055504487924448578 -0.2138250451005362929 -0.02758789074130115967 -0.01154840262095005975 0.9995526712876107167 -0.02832620015760578536
0.9989918871725311789 0.03253111707191070484 0.03093437878984450426 6.701838628593282721 -0.03290737108026740854 0.9993895399706137495 0.01173253271050516203 -0.227092082335666634 -0.03053382219312320706 -0.01273867407789799205 0.9994525560933487096 -0.03367226829287606193
0.9990214171554581135 0.02958267679679708884 0.03287967919355825469 7.208749775542196758 -0.02999734233331277644 0.9994756369960922093 0.01219059072686422621 -0.2508024628696398639 -0.03250180800100566092 -0.01316496421850730549 0.9993849689634523026 -0.03892159122778970914
0.9991026697403556645 0.02586189048850032896 0.03354128714782785708 7.740258280192347407 -0.02632142657629012519 0.9995646236573126897 0.01333212789145330791 -0.267374732736562204 -0.0331818900336649375 -0.0142030190983737023 0.9993484059218269433 -0.05140167891286906432
0.9992088974574209193 0.022358163935301021 0.0328890825738885062 8.285391060289079235 -0.0228632023272563184 0.9996251546199108606 0.01506068487803312837 -0.2800188938870308841 -0.03254002499208538679 -0.01580072008263540273 0.999345527840429626 -0.06196989949421061183
0.9993251924702277744 0.01930800624583185049 0.03124676933633815934 8.835506792164851575 -0.01985045138152980934 0.9996559633657399191 0.01714393437908047491 -0.284305226116562948 -0.03090500411133008038 -0.01775262799973433697 0.9993646606301658242 -0.08016452987171229783
0.9994262648224002676 0.0169496463280358646 0.02932321054960515885 9.425585913881434408 -0.01747100668000277704 0.9996921749772627042 0.01761587958926782646 -0.3004113777380536532 -0.02901560120329656559 -0.01811807874775992963 0.999414743790574045 -0.09336808903124294012
0.9995101341170172793 0.0150742088992531463 0.02742735910627904297 10.03449377982190427 -0.01555176172951547309 0.9997296950307811292 0.01728234879238079932 -0.3099925887914670719 -0.02715942761929290503 -0.01770042651378161275 0.9994743920629034495 -0.1094806294549085512
0.9995553681995068551 0.01292704577677803064 0.02686926487520430867 10.64659703069772867 -0.01342343368872890054 0.999741021424028764 0.01837665663818091599 -0.320889303461066977 -0.02662475043014315979 -0.01872916358813432602 0.9994700301123431441 -0.1214123426459885469
0.9995933727707964067 0.01092400786513445139 0.02633923249788656246 11.26975896402307953 -0.01145379828061164271 0.9997334114024594154 0.02004785848502161488 -0.3278526911715507475 -0.02611320779560443589 -0.02034139073611513152 0.9994520139549198934 -0.1357922086563442265
0.9996490851016862633 0.009143399190998255377 0.02486171574981468207 11.92565501857986554 -0.009584202355454046404 0.9997979502951155339 0.01766922891077524899 -0.332160993481918132 -0.02469513563462246222 -0.01790130823009044442 0.9995347384842634408 -0.1477345781749749287
0.9996671405263047872 0.008444312489399519867 0.02437830473743589355 12.58848140185000375 -0.008856734558035908936 0.9998186416989204295 0.01685947697131776057 -0.3342867993665921689 -0.02423151683799336029 -0.01706977730904363569 0.999560631623499618 -0.1580502001540335932
0.9997045896059467696 0.007655194350328761374 0.02306797614426556522 13.26135799585964392 -0.00805978929479349987 0.9998144193442236594 0.01749761890666743855 -0.3442304426966436015 -0.02292974750119584557 -0.01767837295555298865 0.9995807630234494479 -0.1694538937859179084
0.9997581293027014704 0.006596911667390215582 0.02098007751265948406 13.98114635630965985 -0.006994265900006011068 0.9997964802406827944 0.01892295807857156259 -0.3461507621188052441 -0.02085097456993046175 -0.01906512141022885867 0.9996007993207562947 -0.1804843210241291462
0.9997759407609791982 0.005690043471918663533 0.02038851842292450922 14.69777631816787 -0.006001839044964894787 0.9998654806646462001 0.01526428848559435031 -0.3519466612879150191 -0.02029892130833340497 -0.01538323698680315633 0.9996756022886591486 -0.1897103924482674842
0.9997604198195326752 0.005285892256021614867 0.02124058163272064467 15.43439353076347587 -0.005608145553123706703 0.9998696444102843639 0.01514076913400819527 -0.3515244848040355863 -0.02115778033025942154 -0.01525626197937938848 0.9996597395111416207 -0.2024640304300165949
0.9997512234818843879 0.004057291309510010699 0.02193238556270158887 16.18043273161128326 -0.004404142678334339867 0.9998656389690822044 0.01578947548092327416 -0.3554932733698086267 -0.02186537620353441388 -0.0158821407855463427 0.9996347647641289358 -0.2111617616664275277
0.9997485511150593362 0.003728638144706327914 0.02211180236188360626 16.94868571356439091 -0.004109425564843892896 0.9998436130205335948 0.01720064310836139088 -0.363308777199551014 -0.0220442093903589556 -0.01728718483171293174 0.999607526017293857 -0.2191176470056103165
0.9997768433942396671 0.003112690918187472656 0.02089436695582550657 17.72598566258785269 -0.003473425938110031967 0.9998451628330984331 0.01725067161935481611 -0.3712566673899888592 -0.02083743572283167436 -0.017319397054068323 0.9996328524792406078 -0.2324881475423520305
0.9998300294395829901 0.002552652022203309376 0.01825914019732028173 18.52950487694856818 -0.002858140075013169187 0.9998560555584745657 0.01672420994280212833 -0.3649124473022034021 -0.01821382080771825548 -0.01677355449960609909 0.9996934052993116104 -0.2486310575004714307
0.9998878152626317073 0.001754291059365407175 0.01487546147223168733 19.32228634565391445 -0.002006367043884111408 0.9998543626255970151 0.01694780309523201065 -0.3695849775613310739 -0.01484356367012410957 -0.0169757474456937868 0.9997457139765649758 -0.2553386961324116688
0.9999351585974073364 0.0009852682258319729949 0.01134494815586077968 20.15423802338528603 -0.001188968267388931192 0.9998379559698206132 0.0179624095409509528 -0.3612434078329773146 -0.01132541198390035753 -0.01797473361590126717 0.9997742965257248038 -0.2714145683495098327
0.9999697384642537434 0.0002325903521865266266 0.007776121035699831534 20.97793973160710834 -0.0003686559714843195439 0.9998467773390544711 0.0175010267556537577 -0.3614001097761056491 -0.007770858988308791855 -0.01750336386045554457 0.9998166061849695918 -0.2788391519234605376
0.999988921409121545 -0.0004631317022332776391 0.004684289546155272384 21.81539851234088445 0.0003894549443412058344 0.9998764016199788163 0.01571718194823864753 -0.3630329694738467228 -0.004690989701283535158 -0.01571518350353864196 0.999865504766768165 -0.286220802328428614
0.9999928268628628381 -0.000838414663921054743 0.003693681637365793698 22.67188126470090026 0.0007746747597582989611 0.9998513517899824121 0.01722423301216448321 -0.3640530418491385034 -0.00370757362828739263 -0.01722124805755980217 0.9998448292173484075 -0.2853131259197735359
0.9999871739621564171 -0.001785639744174781799 0.004739557184772268811 23.55178488102232492 0.001680714835614070379 0.9997554446138620099 0.02205053656391225969 -0.3753644133659079785 -0.004777772415715124225 -0.02204228789764990648 0.9997456228633267994 -0.2719821484373136089
0.9999550536214362184 -0.0036223046463646838 0.008761828962154712824 24.41002696721961129 0.003468754592235184613 0.9998412476493179213 0.01747704897609538358 -0.3617355169758273425 -0.008823745197459934714 -0.01744587081069860768 0.9998088732909437004 -0.2847058088155088873
0.9998993883029420049 -0.005561162969484381366 0.01304939611451267842 25.28284954553662445 0.005358971639053959624 0.9998658405065963262 0.01547844990326940895 -0.3591655784472930213 -0.01313372359701847972 -0.01540696124572729815 0.9997950444206690213 -0.2900119593783450078
0.9998716530105322686 -0.008737963741686482697 0.01342853292777276136 26.15689876207561326 0.008472278242353459971 0.9997697179160248693 0.01971627855667405435 -0.3590165355342079812 -0.01359772070496526562 -0.01959997776318299703 0.999715430941088834 -0.2918098874040710999
0.9998776427441161685 -0.01257488674028870226 0.00930439488475461908 27.05528515656475719 0.01237745268253235414 0.9997032508862447875 0.02098115424537077417 -0.3501914512729483731 -0.009565469452787665056 -0.02086342233992175693 0.999736575004275374 -0.2931647632491594102
0.9998507496596249489 -0.01673132087897866854 0.004305961694674598737 27.97657839301360383 0.01664019207157174315 0.9996535354504578752 0.02039394690624061687 -0.3391872842865367166 -0.004645687501930582941 -0.02031925107113921949 0.9997827492125296311 -0.2997903538777855204
0.9997414323475690701 -0.02260096851035013968 0.00250293204280765437 28.8784680380550256 0.02254319840203904482 0.9995231078365544031 0.02110358045853669151 -0.3237539731033138857 -0.002978699772217863456 -0.02104169965929075792 0.9997741616098718698 -0.3078266528094473209
0.9995325969348588524 -0.03052069439456276886 0.001753532575538850873 29.79450240146214313 0.03047247435877092556 0.9992720669279612222 0.0229513521639327818 -0.2945523300997520688 -0.002452747327268860363 -0.02288719015220444519 0.9997350451780433467 -0.3081575500475147722
0.9992254515024985295 -0.03933526647242641811 0.00111080090718173913 30.71830377624801756 0.03929376413323484168 0.9988970418865178447 0.02570408164936630047 -0.26993440649769046 -0.002120652642247347966 -0.02564052503910034878 0.9996689783662264794 -0.3099792422607842157
0.9988015195126772605 -0.04893841391788571193 0.0007458278246050592704 31.65499446210038315 0.04889962979198921728 0.99842763180959615 0.02740602577594638406 -0.2482023318046934768 -0.002085862542798890863 -0.02733670948006492948 0.9996241060978554582 -0.304174593244473046
0.9982328479099671359 -0.05942250657554550702 0.0003834864154679061121 32.59512972474522741 0.05938719822288238831 0.9978244538779605932 0.0286272585958665185 -0.1985889580494006046 -0.002083755586127330334 -0.02855389568732776689 0.9995900824855209477 -0.3054640681618526754
0.9974658059429239998 -0.07113971997582470286 -0.00105176584354027677 33.53942334907966227 0.0711392520835226333 0.9970162531609250145 0.02996327337210244468 -0.1429396206962552096 -0.001082951237630442416 -0.02996216245258134098 0.9995504469698184291 -0.3053128611000675008
0.9965191594678639575 -0.08331844873631027992 -0.002756974348001517503 34.50558578075708027 0.08336385478506383451 0.996043265596773808 0.03079416796818711458 -0.08191589396103315934 0.0001803434266117089492 -0.03091681038288631583 0.9995219448876125901 -0.3025076930660061114
0.9953151048644650611 -0.09658429556860685661 -0.00439498247012153672 35.47443526921987456 0.09667350357500302527 0.9948532198106302404 0.03035300225904259339 0.006265591175880436126 0.001440739118988023336 -0.0306356799726883941 0.9995295790437933592 -0.3046187819617285353
0.9939046408218206174 -0.1100859065803145992 -0.005887114473108757615 36.43655602948145855 0.1102169518390861275 0.9934155162627545943 0.03127036270913988864 0.1028450490188986821 0.002405924634856142306 -0.0317286184210272687 0.9994936249421041419 -0.3030241901511602221
0.9921384114228350981 -0.1249730292319200242 -0.006566165878814296183 37.41895192410334658 0.1251187483332318884 0.9916436893148619092 0.03143393495852462444 0.1994949266105695007 0.002582902883539061559 -0.03200836474163135797 0.9994842636077080344 -0.2955987625034067756
0.9899839095900412334 -0.141003498875907296 -0.007062014348480788635 38.39978954292378432 0.1411509028565097745 0.9895587806129398922 0.02915205559320489109 0.3201812712975878883 0.002877736468733869089 -0.02985687566022177108 0.9995500415731332078 -0.2917505224815617471
0.9876503622508588931 -0.1563853791541645055 -0.009506582991253911818 39.4041746649631861 0.156606690426711409 0.9871858740603032256 0.03063322675405866918 0.4686329158124465377 0.004594175658393383037 -0.03174371198924726134 0.9994854827858038471 -0.2974859805527152457
0.9848894365362450554 -0.1727227358893313192 -0.01263543795025694021 40.38568069947836392 0.1730272264634388213 0.9844803494641516384 0.02932610500249118943 0.6204715377599783199 0.007374055279541619039 -0.03106924580356491827 0.9994900326039547478 -0.2859961377488289269
0.981682738979951397 -0.1900787436554250975 -0.01300273754780496664 41.37826233028148692 0.1903611817010967822 0.9813741257869026402 0.02583497149254466996 0.7995694632746771502 0.007849871270062713097 -0.02783696204856664705 0.9995816540261946992 -0.2676488832551545682
0.9779652699090378709 -0.2085288216462507782 -0.00998305453988685039 42.39683401021061115 0.2087280616724642435 0.9775924512256913834 0.02730559637251778193 1.012333336386330274 0.004065354922568231201 -0.02878766853652060462 0.9995772821697925803 -0.2778850332510807153
0.973947972952258656 -0.2266451928631202928 -0.007569842559618043983 43.39257123591737297 0.2267689637708172612 0.9735541036953817562 0.02771721966593575573 1.220309544487445663 0.00108767669177025207 -0.02871173524809179575 0.9995871413831255436 -0.2568508955105381908
0.969272070009482567 -0.2459109471009073289 -0.006281749450088430602 44.40388903991343028 0.2459909461281631626 0.9689208835363554151 0.02609168238218712715 1.449982432711980795 -0.0003297120980620534491 -0.02683519246765678212 0.9996398170016222995 -0.2609908209994198369
0.9641045858531667179 -0.2654121822720654778 -0.007662964006290381817 45.41267857451798307 0.2655201995795468672 0.9638209046868658758 0.02341553597255524588 1.706436457748138347 0.001170956400591619895 -0.02460969732710746941 0.9996964497579429176 -0.2545944270632666262
0.9585420801363838672 -0.2847646188001757284 -0.01030497279741778537 46.43025243432610694 0.2849245180759413798 0.9583191563713102656 0.02103362911272222899 1.985250146913729807 0.003885819462733948806 -0.02309775799293996637 0.9997256593601935304 -0.2557506869690050477
0.9524108281074658011 -0.3045830605580819861 -0.01194879490961379791 47.4465503089480336 0.3047666139723613221 0.9522355636062125317 0.01909823122037089538 2.280982721801907864 0.005561069740544993464 -0.02183095595883978446 0.9997462097281634152 -0.2505174771573902559
0.9459441220630209202 -0.3240899263272034592 -0.01246746008504756933 48.4600160804905471 0.3242762223062221061 0.945786939369931634 0.01822078456421465445 2.612479262211689246 0.005886388190604420478 -0.0212787448961366428 0.9997562530188638386 -0.2460989726505750097
0.9389169078277140867 -0.3439428207246303382 -0.01176334301529997038 49.48782974034995163 0.3441103289905507734 0.9387542388866699783 0.01812623739702938844 2.959794586715437159 0.004808498902120389266 -0.02106691858141149926 0.9997665043800356699 -0.2402516873070517089
0.9317606867478405164 -0.3629076967555581179 -0.01095564862783715565 50.48688584928859058 0.3630537151430208165 0.9315980784494599654 0.01780506050734702306 3.34107210297677204 0.003744667713449291533 -0.0205675443200440955 0.9997814529109472215 -0.2325752359489713372
0.9238885558611513726 -0.3824970659548085905 -0.0112218916895913158 51.49947795195762268 0.3826447097905667505 0.9237262362062593768 0.01768803677145293352 3.732433159714006798 0.003600333609294101983 -0.02063577221453324895 0.9997805771784932238 -0.2302823850858707333
0.9157205097250590287 -0.4015613130518267404 -0.01429894734942192998 52.51726212721341369 0.4017685417060952169 0.9155786943290952218 0.01725379433698306236 4.146328682245240316 0.006163355239121281505 -0.02154452054510754 0.9997488918159959104 -0.2262094121794080426
0.9071805797124289361 -0.4203395716999803189 -0.01838587011678785577 53.53401943412960406 0.4206214823081964038 0.9070991151284364395 0.01577225376229630938 4.585431271163910694 0.01004810412679477127 -0.02204177422791396904 0.9997065548416752545 -0.2209038001803586004
0.8981539611084783381 -0.4391301420480699935 -0.02200410080467510993 54.54006311885334668 0.4394875063376407764 0.8981184765291706507 0.01529489870561739386 5.051885150045065664 0.01304583845549497738 -0.02340770122221327854 0.9996408783277540566 -0.2102126150390581927
0.8888341301392671534 -0.4576511095583272737 -0.02300762873713204509 55.56925753800489787 0.4580340735932967866 0.8887999265898915979 0.01547507542476045904 5.547191131750764725 0.01336699329902932276 -0.02429305309023587975 0.9996155116159056719 -0.1959938329562195269
0.878962727215756523 -0.4763268899885779173 -0.02317796363136357535 56.56216466461721382 0.4767230221205630003 0.878903572326982907 0.01623794232391199271 6.054158220314347361 0.01263662647352371826 -0.02532201490927481202 0.9995994754068482369 -0.1830996121121145626
0.8688053901794552392 -0.4946346408233227576 -0.02266640796435355487 57.55772856604055221 0.4950166668894915856 0.8687313419380143786 0.01625899989739932813 6.597768917590106419 0.01164875443957622339 -0.02534615644057154962 0.9996108637239435879 -0.1646523651319374837
0.8582283082392817564 -0.5127897253868209937 -0.02215555077673807619 58.56366011900413326 0.5131510421223975937 0.8581547354177819775 0.01569898378255552701 7.160610970176406909 0.01096261323893300832 -0.02484245623157659358 0.9996312687588926327 -0.1505688343799409523
0.8471830064218419665 -0.5308755117515352451 -0.02126369222148335666 59.54832508290230209 0.5312137253437950735 0.8470910629847741014 0.01577051243262421465 7.752345946484164863 0.009640104796047764199 -0.02465607526295468532 0.999649511745571151 -0.1359403411181016041
0.8356571807161330412 -0.5488686578930057625 -0.02050055250768666529 60.51716120430074852 0.5491828031938144061 0.8355604154523912364 0.01539613105562072023 8.36387452935283271 0.008678996389172530593 -0.02412443833202859017 0.9996712892234854708 -0.1259254378147918185
0.8237812343284206529 -0.5665324448119793965 -0.02062684888734098165 61.49402510015879386 0.5668494341673360193 0.8236731707478495146 0.01562775806690368252 9.004920859363398478 0.008136150049740373258 -0.02456617141652025701 0.9996650970625832189 -0.1124926447106927574
0.8115629142078601976 -0.5838820220754750157 -0.02115231735094413867 62.4549404004369535 0.5842088184276539309 0.811455072647021658 0.01551520532026883815 9.658918841685819601 0.008105105766759020461 -0.0249489355357696771 0.999655869725666224 -0.102405050351113136
0.798552976772386125 -0.6015512457525838963 -0.02119532896249282442 63.41838996230514169 0.6018591016943440897 0.7984901835440278983 0.01338090214519211882 10.34859331449240649 0.008874963768988681362 -0.0234419608533836081 0.9996858053860612214 -0.09657874380799513769
0.7854342018410707116 -0.618523746386290818 -0.02283614856712424396 64.36606398282734176 0.6188610716115298116 0.7854009544657342134 0.01250259254052477759 11.04979990403314893 0.01020238251412961851 -0.02395236712965075759 0.9996610403036613191 -0.08629463478979493285
0.771799311944561528 -0.6354265164449838243 -0.0236424242816444842 65.27867451180857472 0.6357820403940128706 0.7717684693213908709 0.01243490760862712638 11.80314696443399924 0.01034500758646227266 -0.0246286818479699611 0.9996431407505165234 -0.07678286609802753571
0.7574039070886214864 -0.6525716084140760209 -0.02212729904371855613 66.21341395625212556 0.6528739248893953295 0.7573903250106203133 0.01074866664184808904 12.57134944736266569 0.009744727548067081205 -0.02258741864543958866 0.9996973786126387429 -0.06521196488917158085
0.7426217200003714103 -0.6692982125293273077 -0.02351347765787699384 67.12754318938972631 0.6696304543775276619 0.7426193833904698449 0.01055964199083999668 13.35230139665520888 0.01039401478354689407 -0.02358716018586073937 0.9996677499710320269 -0.05225706808164087835
0.7275011853642106008 -0.6856964024118158418 -0.02371642795127738151 68.03436297557431089 0.6860273845152329297 0.7275073386396470054 0.009974967565784932308 14.16478102692241059 0.01041407602099796159 -0.02352691972458790387 0.9996689607415067957 -0.04013542764993704992
0.7125932385892609355 -0.7012350603353484368 -0.02191498149641715049 68.91699325023158451 0.7015146854572891222 0.712599536073235118 0.008890856783047327433 14.98333674165334273 0.009382025169770458542 -0.02170924573841456762 0.999720304012166161 -0.03032800327069029578
0.6964510627237565643 -0.7173358105405108764 -0.01962783958673040147 69.79043235776657639 0.7175502702783097542 0.6964736945313526606 0.006782514926335569787 15.82657443745975101 0.008804933126524572967 -0.01880765128636161312 0.9997843494507558937 -0.01878107132452067063
0.6803227760503204324 -0.7326958802190741693 -0.01782322742939114121 70.63543016372632621 0.7328611100059135852 0.6803621072198647868 0.00469004909216642115 16.70266598975034356 0.008689868940529456298 -0.01625269741278161442 0.9998301535788695071 -0.003938936303879203571
0.6645946526887688277 -0.7470296420526784109 -0.0161450131672049961 71.47054674096145277 0.7471581178524822064 0.6646382908593019279 0.003269451304608397141 17.61742694976252466 0.008288216937582276733 -0.01423573746107244763 0.9998643154147656142 -0.001580843530536668595
0.6490505470866759774 -0.7605730216639313701 -0.01618845207798914887 72.2999469364180527 0.7607127079596057717 0.6490727174911654629 0.00455888357403907811 18.54134156731443639 0.007040118745782564767 -0.01527370705104565476 0.9998585652989738781 0.01308060270136313097
0.6335784232477444933 -0.7735198807884472449 -0.01566446795823068019 73.10535328020591805 0.7736691764688259365 0.6335401969914427056 0.007926174438051871926 19.4856262657449939 0.003793016629286370157 -0.01714096908245568707 0.9998458882268552728 0.01801271874618415314
0.618619750531077317 -0.7856165714079212936 -0.01077993127474776401 73.89586919106557161 0.7856877367023148429 0.6185227580499590427 0.01115249900165399266 20.44984668850029053 -0.002093955184039854745 -0.0153688159093950151 0.9998797001884558444 0.02480408220479013437
0.6045877420845795491 -0.7964981240030948317 -0.008024993233426321038 74.67548538257861424 0.7965237495435683046 0.6044844072320660899 0.01218679166798125081 21.43038662878280221 -0.004855773401933112521 -0.01376008251182925073 0.9998935351292932427 0.02372131584886627564
0.5912944464170493131 -0.8064465931799849052 -0.003843165402573458025 75.43603641939567694 0.8064475020372374736 0.5912601308695015767 0.007340583556424957676 22.44557215996878696 -0.003647478099717253557 -0.007439757382608851687 0.9999656723673923109 0.01957924829997836902
0.5791384272621185048 -0.8152254848772307882 0.002467956766573314257 76.1704228496950293 0.8152258625475328202 0.5791420770737153445 0.001116987502870623239 23.44300100312954171 -0.002339894263146206996 0.001365051844725856259 0.9999963307572851123 0.008628171678034868286
0.5675118641346330595 -0.8233487394451057817 0.005209343140708075359 76.88572092795740787 0.8233526367553678504 0.5675268106108214416 0.001937743801230812401 24.45933094350037251 -0.004551880790004042554 0.003189433860762330535 0.9999845538269108713 0.005825000639472222019
0.555888855700749418 -0.8312443789563587204 0.0045124822615416069 77.60610458025746539 0.8312058445085871439 0.5559067093164887785 0.008035835845540911446 25.49682614646467371 -0.009188262517004861657 -0.0007162299162683058874 0.9999575305209602583 -0.003143649636479617371
0.5432273523781231406 -0.8395747988274014917 0.004266232159273795552 78.30715774655099892 0.8394949143076683162 0.54323633840512775 0.01194024934864046719 26.53319058097772754 -0.01234230475648768685 -0.00290478979145301127 0.9999196116229318587 -0.01453468896082577011
0.5304453576056448183 -0.8477156101294437418 0.002442718105691160223 78.98377733699632586 0.8476182659250884877 0.5304244913749092127 0.01389727624584955433 27.56388796970966837 -0.01307661549468860582 -0.005301253134523570797 0.9999004444648030843 -0.03085567026863478279
0.5174140140182753589 -0.8557238367445896277 0.004410584852387420575 79.6604563326559969 0.8556324483084009058 0.5174248834530135177 0.0128297877144270614 28.62752179048414192 -0.01326090149401432626 -0.00286447239571781774 0.9999079674089736969 -0.05167649482307690167
0.504201309583863222 -0.8635435912968428829 0.008573521926107361552 80.29912529915581842 0.8634902175541179226 0.5042684290600727426 0.009899278203330887788 29.68328876143397821 -0.01287181465642358268 0.00241192332818656761 0.9999142458290325441 -0.07916928551735213926
0.4908073463481339993 -0.8711953472897795425 0.01126124173703100216 80.92799342076770586 0.8712255280724205964 0.4908701634618373721 0.003544280567699057815 30.7585572832025882 -0.008615568283668257818 0.008071522388282879185 0.9999303088258235661 -0.09866779573627004751
0.4769626861971295595 -0.878825856744773537 0.01310379435507036568 81.52078098486518343 0.878918525248955862 0.4769573338026273923 -0.003731993080576549195 31.84077073159716065 -0.00297017877232299719 0.01329718910397694777 0.9999071770917855595 -0.112414879777279042
0.462610321510825595 -0.8863580497039106332 0.01900258116673828046 82.1172847267674797 0.8865384103302000884 0.4626473227883400319 -0.002664918844250728849 32.93359860171339903 -0.006429421002905073151 0.01807933711280376721 0.9998158831076843223 -0.113878765351809963
0.4479480189731245288 -0.8937654245430776134 0.02293334087694029813 82.69537602875004723 0.8937801771072511059 0.4483019305563892276 0.0135045969104212165 34.03164138735353816 -0.02235100274884351326 0.01444800808744884507 0.9996457811324303 -0.13245619426660038
0.4325149974179144374 -0.9013306120744521976 0.02310637748394153007 83.24926072210141115 0.9008613293832925528 0.4330616443399646909 0.03010776466671333945 35.1347449394823883 -0.03714353575114957146 0.007793582230513433282 0.9992795493872929091 -0.1609407778394118527
0.4169281197053378296 -0.9088558236792629863 0.01233023507862614915 83.78658334498078375 0.9080154067301038356 0.4170774698785897905 0.03942594743662695966 36.23117961292781786 -0.040975165148955911 -0.005241742661136384977 0.9991464156820155651 -0.1879475471564535649
0.4010152360846198638 -0.9160688675955689364 0.002147133813670936905 84.31222827507231443 0.9153503162507682367 0.4007914627217769032 0.03872985953574151902 37.32368940118940515 -0.03633977143577234864 -0.01356588409761374028 0.9992474107029251096 -0.2421797062929550437
0.3861374410930629164 -0.9224157152094749623 -0.006864754466686680441 84.80155390806874038 0.922020426279520966 0.385725821580051087 0.03307452433106101986 38.46632853964118937 -0.02786054792569767069 -0.01910075597702746292 0.999429312651571311 -0.2812766097473881066
0.3724087927549321608 -0.9280091810891418769 -0.01051906964955654118 85.2623474535368473 0.9278050443761818311 0.3720088385854258828 0.02805750726212956001 39.56838809292268166 -0.02212443741993587801 -0.02020850823640958985 0.9995509619129789858 -0.3091220244698935637
0.3594883936790067014 -0.9331104091697696168 -0.00854745825400934911 85.71170178546883278 0.9328337685003962321 0.3591133836250004485 0.02930423375640258191 40.68325346028225908 -0.0242745788605905552 -0.01850788956133860019 0.9995339928398326856 -0.3658914472213125046
0.3464853718024192841 -0.9380143758807060195 -0.008770273757293509456 86.14260228191906776 0.937659696923797914 0.3460525589024395221 0.03227877493433320422 41.78935689238931417 -0.02724297921225716373 -0.01940765551347662168 0.9994404249318645794 -0.3869819497265859498
0.3343579509944596961 -0.9423484138478239736 -0.0135730416287436137 86.56774647172402126 0.9420002523826359608 0.3337221200631476092 0.03556783885987920002 42.92246538002549983 -0.02898767226905881594 -0.02467819830769912848 0.9992750879419415311 -0.4260635736701575693
0.3226934782659376943 -0.9463281495006845567 -0.01821956314309103667 86.97842967810086634 0.9460618131030309463 0.321895108868146762 0.0367503026439357644 44.05338120377629707 -0.02891305759614617304 -0.0290959158734435952 0.9991583772238472605 -0.4650291572417841746
0.3119640546636203715 -0.9498487929560545107 -0.02158006144116675698 87.37993350061590547 0.949671406366503934 0.311067578001703704 0.0368941989377221044 45.17457086499246088 -0.02833105284493277198 -0.03200363113694488365 0.999086141949466322 -0.5015843620144060377
0.3046395219849701852 -0.9522465710600351851 -0.02052387593621452649 87.74245592247604009 0.9520496787662162674 0.3037967570817307061 0.03617927053934290316 46.32336408974793329 -0.0282164993243965781 -0.03056138511937350061 0.9991345409414090772 -0.5360235551520317054
0.2996975491276265835 -0.9538456708761122727 -0.01896879364237423135 88.11407097692840296 0.9535816798346010703 0.2988837981020946999 0.03674853990052969616 47.45681494924478017 -0.02938297056758016473 -0.02910174139255526302 0.9991444989015138001 -0.5734052561797455816
0.2959254382040810705 -0.9550306281665380537 -0.01856432660029555537 88.46281956402036428 0.9547307784979744971 0.2951045752770597996 0.037449036144009136 48.5824312890528347 -0.03028655875762211597 -0.02880605636301920153 0.9991260858730207639 -0.6131406083978285793
0.2917148828846928832 -0.9563175983097401689 -0.01894935886359713079 88.83170094699815422 0.9560162293416157864 0.2908750404584551918 0.03774493532347170804 49.73981849246661113 -0.03058425033202196233 -0.0291266539409013106 0.9991077227498105229 -0.647093386807901072
0.2876885899273259883 -0.9575116007147831398 -0.0201695229741575173 89.16944957271512351 0.957194649126411834 0.2867656997765676286 0.03929169357923906897 50.87261493987181638 -0.03183832500506038332 -0.03060993133215807877 0.9990242004881788596 -0.6845666042039652011
0.2833012323653721909 -0.9587819648543876028 -0.0218530442975649504 89.51398635822131666 0.9584868637728359841 0.2822995148158416456 0.04012375828020896262 51.98716516771349916 -0.03230083195965000042 -0.03231296600461434909 0.9989557189780609026 -0.7346911241172384699
0.2786597174627279405 -0.9601063397346616402 -0.02333619934472542373 89.84053664972103093 0.9599626591141006138 0.2777288059003826803 0.03658419806549173536 53.11079428580536899 -0.02864358567914095446 -0.03259642221693451886 0.9990580655070960825 -0.7760875259408019922
0.2750816620821835423 -0.9610143722633187613 -0.02795452422040156648 90.17323292929853551 0.9611337785126906619 0.2741727395769271158 0.03242173256639371143 54.25346682530871334 -0.02349338244144649063 -0.03578666151585162269 0.9990832677190918387 -0.8009769495384494453
0.2707261434129006883 -0.9624174414908147623 -0.02144815894923243413 90.50628454731348427 0.9623194065075927339 0.2699747026202453659 0.0324810694355244442 55.3957777796837405 -0.02546988736902075848 -0.02943345419667113549 0.9992421911671423018 -0.8331622255961311785
0.2674929056956193985 -0.9632740441482070537 -0.02346617157072595355 90.83202585220473679 0.9629404881490658541 0.2663686445386242996 0.04234809982232300846 56.51765496059073257 -0.03454217302404807149 -0.03392434292321989259 0.9988273010065475965 -0.8748472533744724444
0.264116797051110519 -0.964137837010077936 -0.02608732827164073065 91.13953338059886278 0.9636972092061590889 0.26270602315964936 0.04767844830784460225 57.63922408906859118 -0.03911529771835935143 -0.03773296445009950012 0.9985220162188260806 -0.9092059600902659966
0.2611681304728053488 -0.9649448401210916071 -0.02593574915993819563 91.46469706524739252 0.9645533304720159684 0.2598218479252582536 0.04614629004515776595 58.7909294014076238 -0.0377899501554982975 -0.03706835347343978571 0.9985979455384738079 -0.9454033239472597883
0.2583022955639212026 -0.9657123888344313345 -0.02606733767896504336 91.76704297987276959 0.9653703624775895609 0.2570003799604794748 0.04484270307098828928 59.93545551645398461 -0.03660583817600736312 -0.03674760831001391143 0.9986539069621200859 -0.9976362957414246502
0.2555171004724981487 -0.9663644791678431822 -0.02916684255071922208 92.0734889701851813 0.9661596609361705612 0.2541287447417174827 0.04420509862220341896 61.06587142106312882 -0.03530610398063768751 -0.03947498527871254326 0.9985966175362656072 -1.043605309186605101
0.2521571039302623052 -0.9671964660508037825 -0.0307862133431669252 92.38938929243801113 0.9670973497122548057 0.2507662654529063118 0.04288352082768809304 62.23111978966466751 -0.03375664600822833594 -0.04058664969321803401 0.9986056342285681842 -1.071761805787973421
