0.000000000000 0 1.000000000000 -0.000000000000 0.000000000000 -0.000000000000 -0.000000000000 1.000000000000 -0.000000000000 0.000000000000 0.000000000000 -0.000000000000 1.000000000000 -0.000000000000 -0.000000000000 0.000000000000 -0.000000000000 1.000000000000 0.000000000000 0.000000000000 0.000000000000 0.000000000000 0.000000000000 0.000000000000
0.000000000000 100000000 1.000000000000 -0.000000000000 0.000000000000 -0.000000000000 -0.000000000000 1.000000000000 -0.000000000000 0.000000000000 0.000000000000 -0.000000000000 1.000000000000 -0.000000000000 -0.000000000000 0.000000000000 -0.000000000000 1.000000000000 0.000000000000 0.000000000000 0.000000000000 0.000000000000 0.000000000000 0.000000000000
0.000000000000 100000000 1.000000000000 -0.000000000000 0.000000000000 -0.000000000000 -0.000000000000 1.000000000000 -0.000000000000 0.000000000000 0.000000000000 -0.000000000000 1.000000000000 -0.000000000000 -0.000000000000 0.000000000000 -0.000000000000 1.000000000000 -0.092871008763 -0.011226728867 0.002083262549 0.000675854025 0.003749168630 0.000156613900
0.000000000000 200000000 0.999999929596 -0.000015648720 0.000374917383 -0.009287052819 0.000015674059 0.999999997593 -0.000067582465 -0.001122752689 -0.000374916325 0.000067588337 0.999999927435 0.000210029254 -0.000000000000 0.000000000000 -0.000000000000 1.000000000000 -0.092871008763 -0.011226728867 0.002083262549 0.000675854025 0.003749168630 0.000156613900
0.000000000000 200000000 0.999999953572 0.000249388903 0.000175102256 -0.022697080048 -0.000249405448 0.999999964436 0.000094476147 -0.005734526750 -0.000175078688 -0.000094519814 0.999999980207 0.001559526984 -0.000000000000 0.000000000000 -0.000000000000 1.000000000000 -0.042151232134 -0.006641189893 -0.044008662314 -0.000418918069 -0.000474275852 0.000196427168
0.000000000000 300000000 0.999999965457 0.000229751663 0.000127672404 -0.026912053675 -0.000229769073 0.999999964305 0.000136370927 -0.006399159837 -0.000127641068 -0.000136400258 0.999999982551 -0.002842261519 -0.000000000000 0.000000000000 -0.000000000000 1.000000000000 -0.042151232134 -0.006641189893 -0.044008662314 -0.000418918069 -0.000474275852 0.000196427168
0.000000000000 300000000 0.999999868804 0.000406549905 0.000311624401 -0.038351669989 -0.000406474390 0.999999888022 -0.000242350461 -0.006083757150 -0.000311722894 0.000242223762 0.999999922078 -0.001119128072 -0.000000000000 0.000000000000 -0.000000000000 1.000000000000 -0.088864243863 0.034636877125 0.002545933550 -0.004549776764 -0.003935065625 0.001080330722
0.000000000000 400000000 0.999999952093 0.000298511013 -0.000081880548 -0.047237230908 -0.000298493596 0.999999932843 0.000212639616 -0.002625147098 0.000081944018 -0.000212615165 0.999999974040 -0.000879393453 -0.000000000000 0.000000000000 -0.000000000000 1.000000000000 -0.088864243863 0.034636877125 0.002545933550 -0.004549776764 -0.003935065625 0.001080330722
0.000000000000 400000000 0.999999962236 0.000269795291 -0.000052337555 -0.053371231978 -0.000269821646 0.999999836484 -0.000504210044 0.003723208088 0.000052201513 0.000504224147 0.999999871516 0.000407329964 -0.000000000000 -0.000000000000 -0.000000000000 1.000000000000 -0.050142187230 -0.058362899471 -0.061954010572 -0.010878405481 0.003143276912 -0.003009808403
0.000000000000 500000000 0.999999802792 0.000570763592 0.000262002067 -0.058386049414 -0.000570916419 0.999999666733 0.000583598895 -0.002099181890 -0.000261668882 -0.000583748361 0.999999795384 -0.005771390799 -0.000000000000 0.000000000000 -0.000000000000 1.000000000000 -0.050142187230 -0.058362899471 -0.061954010572 -0.010878405481 0.003143276912 -0.003009808403
0.000000000000 500000000 0.999999885473 0.000422547479 0.000224737910 -0.072910406049 -0.000422480820 0.999999866778 -0.000296570596 0.000687039570 -0.000224863195 0.000296475614 0.999999930769 0.000048014312 -0.000000000000 0.000000000000 -0.000000000000 1.000000000000 -0.081239738018 -0.042615104378 -0.026680993015 -0.002414462928 0.010990092930 -0.005221252698
0.000000000000 600000000 0.999998677583 0.000944865405 0.001323654904 -0.081036490997 -0.000944792730 0.999999552142 -0.000055528614 -0.003534581760 -0.001323706778 0.000054277961 0.999999122427 -0.002535147079 -0.000000000000 0.000000000000 -0.000000000000 1.000000000000 -0.081239738018 -0.042615104378 -0.026680993015 -0.002414462928 0.010990092930 -0.005221252698
0.000000000000 600000000 0.999999477833 0.000716121434 0.000729042964 -0.094733543201 -0.000716146892 0.999999742966 0.000034659600 0.004053504413 -0.000729017956 -0.000035181684 0.999999733647 0.002023807951 -0.000000000000 0.000000000000 -0.000000000000 1.000000000000 -0.151810679335 -0.152384442286 -0.027306204275 0.002562333541 0.022141167339 -0.007217765958
0.000000000000 700000000 0.999994635036 0.001438101014 0.002943087661 -0.109915456587 -0.001437451195 0.999998942025 -0.000222898509 -0.011111282382 -0.002943405098 0.000218666768 0.999995644266 -0.000481161599 -0.000000000000 0.000000000000 -0.000000000000 1.000000000000 -0.151810679335 -0.152384442286 -0.027306204275 0.002562333541 0.022141167339 -0.007217765958
0.000000000000 700000000 0.999997057176 0.001239679372 0.002085385740 -0.121850360520 -0.001237590230 0.999998731387 -0.001002793486 -0.008047296148 -0.002086626237 0.001000209682 0.999997322782 -0.001725604117 -0.000000000000 0.000000000000 -0.000000000000 1.000000000000 -0.344702215538 -0.016806237813 -0.021583486139 -0.018265876268 0.021073006707 -0.003910862308
0.000000000000 800000000 0.999989880842 0.001630945259 0.004192640121 -0.156329646443 -0.001634407753 0.999998326054 0.000822556941 -0.009678376102 -0.004191291558 -0.000829401101 0.999990872543 -0.003574658784 -0.000000000000 0.000000000000 -0.000000000000 1.000000000000 -0.344702215538 -0.016806237813 -0.021583486139 -0.018265876268 0.021073006707 -0.003910862308
0.000000000000 800000000 0.999988446858 0.002016665555 0.004363394382 -0.169830455208 -0.002010672082 0.999997029798 -0.001377531266 -0.008379931757 -0.004366159442 0.001368741996 0.999989531544 -0.002272817773 -0.000000000000 0.000000000000 -0.000000000000 1.000000000000 -0.429466886866 -0.010095060380 0.037467052863 -0.019062387534 0.011780593964 -0.001605503255
0.000000000000 900000000 0.999982275251 0.002177703683 0.005541370776 -0.212778901140 -0.002180662079 0.999997483020 0.000527888438 -0.009359262596 -0.005540207244 -0.000539962938 0.999984507152 0.001716166106 -0.000000000000 0.000000000000 -0.000000000000 1.000000000000 -0.429466886866 -0.010095060380 0.037467052863 -0.019062387534 0.011780593964 -0.001605503255
0.000000000000 900000000 0.999978740926 0.002669642109 0.005949008848 -0.242258234307 -0.002658604477 0.999994731426 -0.001862509582 -0.009951740501 -0.005953949739 0.001846653925 0.999980569987 -0.006200682068 -0.000000000000 0.000000000000 -0.000000000000 1.000000000000 -0.619913501460 -0.041193117398 0.093720480894 -0.025918116125 0.009374413039 -0.002702628818
0.000000000000 1000000000 0.999971966170 0.002940418897 0.006886277032 -0.304254112772 -0.002945497793 0.999995397373 0.000727512986 -0.014000769389 -0.006884106144 -0.000747776105 0.999976024669 0.003458577490 -0.000000000000 0.000000000000 -0.000000000000 1.000000000000 -0.619913501460 -0.041193117398 0.093720480894 -0.025918116125 0.009374413039 -0.002702628818
0.000000000000 1000000000 0.999972894178 0.003349793252 0.006556660276 -0.323731568063 -0.003341376365 0.999993580041 -0.001294249270 -0.006711191376 -0.006560953650 0.001272305919 0.999977667313 -0.002116056469 -0.000000000000 0.000000000000 -0.000000000000 1.000000000000 -0.846938724659 -0.068123250152 0.030726451201 -0.014099634469 0.015470520537 -0.005768367141
0.000000000000 1100000000 0.999959454581 0.003927499447 0.008103329119 -0.408431684367 -0.003928531496 0.999992277080 0.000111447624 -0.013312771653 -0.008102828827 -0.000143277289 0.999967161279 0.001537059094 -0.000000000000 0.000000000000 -0.000000000000 1.000000000000 -0.846938724659 -0.068123250152 0.030726451201 -0.014099634469 0.015470520537 -0.005768367141
0.000000000000 1100000000 0.999961287777 0.004259174821 0.007699504933 -0.426427496509 -0.004242993145 0.999988758092 -0.002116766040 -0.011490451978 -0.007708434053 0.002084015149 0.999968117954 -0.003305687923 -0.000000000000 0.000000000000 -0.000000000000 1.000000000000 -1.039689249994 -0.100846230134 0.035988676454 -0.028628180346 0.011373887699 -0.012887489157
0.000000000000 1200000000 0.999945567648 0.005548646688 0.008835964091 -0.530418739811 -0.005555359022 0.999984298538 0.000735297708 -0.020962009887 -0.008831745446 -0.000784344637 0.999960691765 0.000883819680 -0.000000000000 0.000000000000 -0.000000000000 1.000000000000 -1.039689249994 -0.100846230134 0.035988676454 -0.028628180346 0.011373887699 -0.012887489157
0.000000000000 1200000000 0.999944608565 0.005794070412 0.008786839570 -0.547446092302 -0.005777005773 0.999981379943 -0.001966207551 -0.015293515920 -0.008798068304 0.001915337017 0.999959461917 0.001794506653 -0.000000000000 0.000000000000 -0.000000000000 1.000000000000 -1.124929839019 -0.051353369787 -0.029940714621 -0.024919448830 0.016745084418 -0.013374707070
0.000000000000 1300000000 0.999919850708 0.007132624585 0.010460297682 -0.659961086788 -0.007138377567 0.999974389999 0.000512749482 -0.019619404323 -0.010456372545 -0.000587377939 0.999945158126 -0.000145128529 -0.000000000000 0.000000000000 -0.000000000000 1.000000000000 -1.124929839019 -0.051353369787 -0.029940714621 -0.024919448830 0.016745084418 -0.013374707070
0.000000000000 1300000000 0.999910824346 0.007884712972 0.010778434852 -0.676846196867 -0.007863515458 0.999967066737 -0.002007627208 -0.013638504457 -0.010793909448 0.001922691788 0.999939895581 0.001057799887 -0.000000000000 0.000000000000 -0.000000000000 1.000000000000 -1.348998113465 -0.084269156398 0.088860928298 -0.016045933272 0.014452861178 -0.016472328826
0.000000000000 1400000000 0.999879865007 0.009533492517 0.012221623237 -0.811765706692 -0.009529045040 0.999954508538 -0.000422084346 -0.020829690228 -0.012225091195 0.000305573241 0.999925224089 0.011047313667 -0.000000000000 0.000000000000 -0.000000000000 1.000000000000 -1.348998113465 -0.084269156398 0.088860928298 -0.016045933272 0.014452861178 -0.016472328826
0.000000000000 1400000000 0.999872325539 0.010088565875 0.012391669003 -0.828409296978 -0.010057739927 0.999946174758 -0.002547440896 -0.009017169900 -0.012416702044 0.002422483468 0.999919975340 -0.000365765353 -0.000000000000 0.000000000000 -0.000000000000 1.000000000000 -1.603279234749 -0.150820335839 0.111775166073 -0.028465531611 0.027963543364 -0.022001729614
0.000000000000 1500000000 0.999809147256 0.012291350856 0.015185247991 -0.988753397224 -0.012296845233 0.999924354891 0.000268502088 -0.022081733967 -0.015180799048 -0.000455181488 0.999884661424 0.013396824233 -0.000000000000 0.000000000000 -0.000000000000 1.000000000000 -1.603279234749 -0.150820335839 0.111775166073 -0.028465531611 0.027963543364 -0.022001729614
0.000000000000 1500000000 0.999782740085 0.012390479071 0.016761523104 -1.010110411376 -0.012344412430 0.999919746014 -0.002849037116 -0.009664995733 -0.016795478860 0.002641506980 0.999855456719 0.000043714817 -0.000000000000 0.000000000000 -0.000000000000 1.000000000000 -1.904001698972 -0.251312382552 0.268789199077 -0.046588279359 0.032805673632 -0.034475436499
0.000000000000 1600000000 0.999673722322 0.015838625885 0.020039631463 -1.200530622434 -0.015876766064 0.999872432518 0.001745562980 -0.030914383066 -0.020009427739 -0.002063157983 0.999797662620 0.030643556942 -0.000000000000 0.000000000000 -0.000000000000 1.000000000000 -1.904001698972 -0.251312382552 0.268789199077 -0.046588279359 0.032805673632 -0.034475436499
0.000000000000 1600000000 0.999635801738 0.015805594463 0.021873432889 -1.221581976104 -0.015788532542 0.999874899652 -0.000952515863 -0.012040806630 -0.021885751595 0.000606819552 0.999760294094 0.013163459004 -0.000000000000 0.000000000000 -0.000000000000 1.000000000000 -2.185445574497 -0.132483776673 0.173548489508 -0.031030868360 0.010041121392 -0.037481595232
0.000000000000 1700000000 0.999547019994 0.019552205795 0.022879380877 -1.440164681182 -0.019604553935 0.999805677828 0.002065925470 -0.020231000200 -0.022834541506 -0.002513529704 0.999736098119 0.031904951033 -0.000000000000 0.000000000000 -0.000000000000 1.000000000000 -2.185445574497 -0.132483776673 0.173548489508 -0.031030868360 0.010041121392 -0.037481595232
0.000000000000 1700000000 0.999542513668 0.019544216942 0.023082178268 -1.453053627734 -0.019555958581 0.999808723890 0.000283049392 -0.005538071538 -0.023072231220 -0.000734314023 0.999733530962 0.026068349299 -0.000000000000 0.000000000000 -0.000000000000 1.000000000000 -2.347617698492 -0.174757995293 0.045681188027 0.006997631651 -0.013530970791 -0.042366248400
0.000000000000 1800000000 0.999481039620 0.023780345168 0.021728935153 -1.687899133831 -0.023774844919 0.999717207591 -0.000511463167 -0.016379481943 -0.021734953146 -0.000005404325 0.999763767988 0.028503740181 -0.000000000000 0.000000000000 -0.000000000000 1.000000000000 -2.347617698492 -0.174757995293 0.045681188027 0.006997631651 -0.013530970791 -0.042366248400
0.000000000000 1800000000 0.999499194093 0.023480460922 0.021213886087 -1.710333213641 -0.023439929898 0.999722919567 -0.002157261640 -0.005837893549 -0.021258661632 0.001658929267 0.999772632782 0.024592287840 -0.000000000000 0.000000000000 -0.000000000000 1.000000000000 -2.535983209981 -0.370856146639 0.018904124226 -0.005880795849 -0.018442052898 -0.049394559908
0.000000000000 1900000000 0.999408683034 0.028415683889 0.019360609137 -1.964074083121 -0.028388655579 0.999595566700 -0.001669511255 -0.033834730041 -0.019400219366 0.001118902380 0.999811171945 0.023106267116 -0.000000000000 0.000000000000 -0.000000000000 1.000000000000 -2.535983209981 -0.370856146639 0.018904124226 -0.005880795849 -0.018442052898 -0.049394559908
0.000000000000 1900000000 0.999435035739 0.027776699440 0.018922587199 -1.990771932081 -0.027716548818 0.999609925233 -0.003433700204 -0.010101799061 -0.019010582834 0.002907291474 0.999815055596 0.020196889254 -0.000000000000 0.000000000000 -0.000000000000 1.000000000000 -2.726157353178 -0.152156278628 -0.040203060439 -0.002868233988 -0.000823006146 -0.044300446863
0.000000000000 2000000000 0.999303992292 0.032204503245 0.018825540097 -2.263447173092 -0.032149247359 0.999477858430 -0.003230542103 -0.015889053579 -0.018919748504 0.002623066676 0.999817564678 0.016005277196 -0.000000000000 0.000000000000 -0.000000000000 1.000000000000 -2.726157353178 -0.152156278628 -0.040203060439 -0.002868233988 -0.000823006146 -0.044300446863
0.000000000000 2000000000 0.999319383456 0.031761581651 0.018760910949 -2.307361373995 -0.031685490101 0.999488469041 -0.004339351470 -0.002734415545 -0.018889138828 0.003741949378 0.999814581935 0.015074737204 -0.000000000000 0.000000000000 -0.000000000000 1.000000000000 -3.140572179711 -0.199040716555 0.028573005786 -0.008173284104 0.002381515062 -0.036573214735
0.000000000000 2100000000 0.999192264312 0.035417609846 0.018984516127 -2.621444835013 -0.035355618881 0.999368342260 -0.003591197821 -0.013611659086 -0.019099716053 0.002917087766 0.999813328300 0.018525696808 -0.000000000000 0.000000000000 -0.000000000000 1.000000000000 -3.140572179711 -0.199040716555 0.028573005786 -0.008173284104 0.002381515062 -0.036573214735
0.000000000000 2100000000 0.999173667805 0.036007577819 0.018853007824 -2.617944109679 -0.035931049886 0.999344662292 -0.004382419737 -0.018561787757 -0.018998453057 0.003701390038 0.999812661699 0.020234310780 -0.000000000000 0.000000000000 -0.000000000000 1.000000000000 -3.083730147620 -0.032636429338 -0.041654295746 -0.003200283928 0.008034117423 -0.027623622168
0.000000000000 2200000000 0.999055011396 0.038770823799 0.019644526604 -2.926347053838 -0.038697174096 0.999242508275 -0.004115625436 -0.014161598359 -0.019789212226 0.003351548551 0.999798556811 0.018301315137 -0.000000000000 0.000000000000 -0.000000000000 1.000000000000 -3.083730147620 -0.032636429338 -0.041654295746 -0.003200283928 0.008034117423 -0.027623622168
0.000000000000 2200000000 0.999031038724 0.038895886552 0.020593534807 -2.952452636827 -0.038775272015 0.999228570482 -0.006224324317 -0.017070950851 -0.020819748959 0.005419773274 0.999768555272 0.018054150691 -0.000000000000 0.000000000000 -0.000000000000 1.000000000000 -3.483403751323 0.084198716850 0.062239626850 -0.012627351952 0.008706142247 -0.019856067755
0.000000000000 2300000000 0.998933567601 0.040884044142 0.021452795949 -3.300792876202 -0.040785666333 0.999155389863 -0.005003631555 -0.002414406025 -0.021639245394 0.004123328942 0.999757341167 0.027012574696 -0.000000000000 0.000000000000 -0.000000000000 1.000000000000 -3.483403751323 0.084198716850 0.062239626850 -0.012627351952 0.008706142247 -0.019856067755
0.000000000000 2300000000 0.998927002360 0.040913046144 0.021701765176 -3.312842751762 -0.040788445558 0.999148855845 -0.006153582031 -0.004012078995 -0.021935055631 0.005261797985 0.999745551036 0.019800652700 -0.000000000000 0.000000000000 -0.000000000000 1.000000000000 -3.638494775045 -0.035635481895 0.050556837880 0.000548633234 -0.004346516657 -0.011712707336
0.000000000000 2400000000 0.998887983796 0.042080988593 0.021259967727 -3.676706041192 -0.041957245240 0.999099960919 -0.006233591562 -0.003483484367 -0.021503148621 0.005334650027 0.999754547931 0.023337119445 -0.000000000000 0.000000000000 -0.000000000000 1.000000000000 -3.638494775045 -0.035635481895 0.050556837880 0.000548633234 -0.004346516657 -0.011712707336
0.000000000000 2400000000 0.998875319696 0.042289037436 0.021441385570 -3.698385450258 -0.042141651601 0.999085123181 -0.007279961437 -0.002605938351 -0.021729631905 0.006368198407 0.999743601703 0.022237900973 -0.000000000000 0.000000000000 -0.000000000000 1.000000000000 -3.851809308000 -0.070514060758 0.077421791186 0.000444924634 0.000613345005 0.002923198699
0.000000000000 2500000000 0.998886261007 0.041997375116 0.021504837955 -4.083562816422 -0.041848690687 0.999097158210 -0.007318165439 -0.010795920419 -0.021792766228 0.006410065601 0.999741959907 0.030218433339 -0.000000000000 0.000000000000 -0.000000000000 1.000000000000 -3.851809308000 -0.070514060758 0.077421791186 0.000444924634 0.000613345005 0.002923198699
0.000000000000 2500000000 0.998882950514 0.042039732893 0.021575727815 -4.119562034666 -0.041887989782 0.999094629056 -0.007437640930 -0.009543262572 -0.021868870216 0.006525568851 0.999739550816 0.028715940576 -0.000000000000 0.000000000000 -0.000000000000 1.000000000000 -3.879578660023 -0.076259379589 0.000148133128 0.022314505230 0.014625645798 0.008452740326
0.000000000000 2600000000 0.998884858530 0.041206345817 0.023045096325 -4.507460531679 -0.040993126096 0.999112830924 -0.009649595628 -0.020886295938 -0.023422276003 0.008694144425 0.999687855703 0.035005657550 -0.000000000000 0.000000000000 -0.000000000000 1.000000000000 -3.879578660023 -0.076259379589 0.000148133128 0.022314505230 0.014625645798 0.008452740326
0.000000000000 2600000000 0.998888015268 0.040886276364 0.023474355343 -4.526939351071 -0.040669020230 0.999125983094 -0.009659228728 -0.012791668825 -0.023848768255 0.008693808781 0.999677775056 0.032043119956 -0.000000000000 0.000000000000 -0.000000000000 1.000000000000 -4.327100097901 -0.005591799354 0.015957046404 -0.004396162336 0.010025859283 0.008883949729
0.000000000000 2700000000 0.998899352383 0.040007115880 0.024484984942 -4.959600635004 -0.039792308508 0.999165632220 -0.009198455029 -0.017549278537 -0.024832559116 0.008214016697 0.999657878445 0.038401016439 -0.000000000000 0.000000000000 -0.000000000000 1.000000000000 -4.327100097901 -0.005591799354 0.015957046404 -0.004396162336 0.010025859283 0.008883949729
0.000000000000 2700000000 0.998887310863 0.040028763464 0.024936685665 -4.985726566421 -0.039799761965 0.999161431813 -0.009613122527 -0.026614218198 -0.025300575962 0.008609951956 0.999642811000 0.039309052926 -0.000000000000 0.000000000000 -0.000000000000 1.000000000000 -4.683172200959 -0.026322850032 0.041640891455 0.005507372616 0.011538953152 0.014026755390
0.000000000000 2800000000 0.998912272714 0.038637454762 0.026103994140 -5.453948359976 -0.038384371940 0.999211722562 -0.010127856864 -0.036592669414 -0.026474731562 0.009114855097 0.999607927142 0.049478915745 -0.000000000000 0.000000000000 -0.000000000000 1.000000000000 -4.683172200959 -0.026322850032 0.041640891455 0.005507372616 0.011538953152 0.014026755390
0.000000000000 2800000000 0.998906355828 0.038452718539 0.026598509793 -5.454994472716 -0.038182231441 0.999214531352 -0.010603656761 -0.036023221285 -0.026985356927 0.009576469677 0.999589956802 0.049951762134 -0.000000000000 0.000000000000 -0.000000000000 1.000000000000 -4.577786247310 -0.251990791414 -0.027872023982 0.012692686915 0.000926858343 0.010381064271
0.000000000000 2900000000 0.998942929313 0.037416359781 0.026702808778 -5.912715045895 -0.037110900356 0.999240953666 -0.011844728447 -0.067184675209 -0.027125726730 0.010841242456 0.999573240144 0.047625923475 -0.000000000000 0.000000000000 -0.000000000000 1.000000000000 -4.577786247310 -0.251990791414 -0.027872023982 0.012692686915 0.000926858343 0.010381064271
0.000000000000 2900000000 0.998970131498 0.036624474263 0.026782909847 -5.935778505852 -0.036303532190 0.999264211840 -0.012372893192 -0.049884811839 -0.027216354008 0.011387836509 0.999564698884 0.043316520831 -0.000000000000 0.000000000000 -0.000000000000 1.000000000000 -4.757917092703 -0.215922002654 0.077355485348 -0.011783141139 0.019245567977 0.018920035064
0.000000000000 3000000000 0.998982871922 0.034754503005 0.028728837916 -6.411342390011 -0.034446641366 0.999344420788 -0.011142600209 -0.083094875686 -0.029097259420 0.010141654781 0.999525135418 0.063011713098 -0.000000000000 0.000000000000 -0.000000000000 1.000000000000 -4.757917092703 -0.215922002654 0.077355485348 -0.011783141139 0.019245567977 0.018920035064
0.000000000000 3000000000 0.999003840947 0.033508744130 0.029470151680 -6.443676127203 -0.033132409226 0.999364233423 -0.013167095905 -0.057135315298 -0.029892628390 0.012177562258 0.999478933117 0.062693074775 -0.000000000000 0.000000000000 -0.000000000000 1.000000000000 -4.917286500587 -0.412500175215 0.055893549332 -0.004862584184 0.024415990305 0.016664256460
0.000000000000 3100000000 0.998981734802 0.031872368527 0.031931890888 -6.935086415332 -0.031482785540 0.999424493733 -0.012629946189 -0.109496933743 -0.032316060184 0.011611780681 0.999410245497 0.084655725616 -0.000000000000 0.000000000000 -0.000000000000 1.000000000000 -4.917286500587 -0.412500175215 0.055893549332 -0.004862584184 0.024415990305 0.016664256460
0.000000000000 3100000000 0.998977924745 0.031529511688 0.032388204097 -6.941081209870 -0.031106091764 0.999424981104 -0.013495117678 -0.096159652935 -0.032795074738 0.012473854203 0.999384253445 0.080363753893 -0.000000000000 0.000000000000 -0.000000000000 1.000000000000 -5.058699168689 -0.084216824306 0.165584856753 -0.003102178582 0.005042641480 0.035272690889
0.000000000000 3200000000 0.999064785638 0.028010283322 0.032939006165 -7.446507301554 -0.027592521218 0.999533806850 -0.013069878973 -0.129927761600 -0.033289741239 0.012148785608 0.999371902815 0.100584839785 -0.000000000000 0.000000000000 -0.000000000000 1.000000000000 -5.058699168689 -0.084216824306 0.165584856753 -0.003102178582 0.005042641480 0.035272690889
0.000000000000 3200000000 0.999045628067 0.028269299581 0.033296842807 -7.470103157329 -0.027821859962 0.999517283133 -0.013825513596 -0.127040159479 -0.033671607445 0.012885938816 0.999349876386 0.086925859081 -0.000000000000 0.000000000000 -0.000000000000 1.000000000000 -5.074933176220 0.005795830988 0.131958062259 0.010510030374 0.000247696776 0.043802906106
0.000000000000 3300000000 0.999156998979 0.023891228859 0.033384136587 -7.976965458947 -0.023410082285 0.999617427552 -0.014729785527 -0.160390271626 -0.033723277413 0.013935842918 0.999334044673 0.100162125608 -0.000000000000 0.000000000000 -0.000000000000 1.000000000000 -5.074933176220 0.005795830988 0.131958062259 0.010510030374 0.000247696776 0.043802906106
0.000000000000 3300000000 0.999150802826 0.024263178773 0.033301221730 -8.013292236452 -0.023783690769 0.999608753099 -0.014719945012 -0.155630847542 -0.033645345387 0.013915418917 0.999336956111 0.090499763719 -0.000000000000 0.000000000000 -0.000000000000 1.000000000000 -5.098433189561 -0.067087325965 0.083514942449 0.023552108748 -0.012574995061 0.032964733707
0.000000000000 3400000000 0.999265199657 0.020948929188 0.032096777427 -8.522678992021 -0.020411999641 0.999647693708 -0.016965810747 -0.189805206437 -0.032440885099 0.016298184854 0.999340761775 0.088047799069 -0.000000000000 0.000000000000 -0.000000000000 1.000000000000 -5.098433189561 -0.067087325965 0.083514942449 0.023552108748 -0.012574995061 0.032964733707
0.000000000000 3400000000 0.999294079389 0.020816730634 0.031273097459 -8.555049756317 -0.020280858973 0.999643667423 -0.017355833052 -0.174025611212 -0.031623245537 0.016709335932 0.999360179532 0.078400417308 -0.000000000000 0.000000000000 -0.000000000000 1.000000000000 -5.273006558193 -0.171774602946 -0.146094709448 0.009097143995 -0.004573280829 0.024715927990
0.000000000000 3500000000 0.999355479474 0.018338124928 0.030859987351 -9.081903878041 -0.017782365438 0.999676436426 -0.018188181159 -0.213061560220 -0.031183539321 0.017627694931 0.999358219682 0.059582033294 -0.000000000000 0.000000000000 -0.000000000000 1.000000000000 -5.273006558193 -0.171774602946 -0.146094709448 0.009097143995 -0.004573280829 0.024715927990
0.000000000000 3500000000 0.999398953122 0.017706656694 0.029802798652 -9.131101551400 -0.017166721457 0.999685590101 -0.018276340393 -0.202296211457 -0.030117041242 0.017753739112 0.999388697442 0.061669758253 -0.000000000000 0.000000000000 -0.000000000000 1.000000000000 -5.568165515089 -0.299129238381 -0.099143415641 -0.002760074398 -0.012796548195 0.009925341204
0.000000000000 3600000000 0.999453221633 0.016691867325 0.028541887349 -9.687762873110 -0.016182892140 0.999707526084 -0.017971541220 -0.241534307356 -0.028833518173 0.017499824486 0.999431030323 0.039775821685 -0.000000000000 0.000000000000 -0.000000000000 1.000000000000 -5.568165515089 -0.299129238381 -0.099143415641 -0.002760074398 -0.012796548195 0.009925341204
0.000000000000 3600000000 0.999486135607 0.016104178361 0.027714980926 -9.727982665313 -0.015607620242 0.999715428560 -0.018040623292 -0.224919169953 -0.027997623450 0.017598787961 0.999453058299 0.031600567440 -0.000000000000 0.000000000000 -0.000000000000 1.000000000000 -5.829739743971 -0.170841538945 0.023756168867 -0.006421469219 -0.008426695271 0.016154700922
0.000000000000 3700000000 0.999533293200 0.014474573659 0.026901347597 -10.310590729014 -0.014010646803 0.999751227124 -0.017354700813 -0.258170770693 -0.027145857167 0.016969695977 0.999487434567 0.025688289414 -0.000000000000 0.000000000000 -0.000000000000 1.000000000000 -5.829739743971 -0.170841538945 0.023756168867 -0.006421469219 -0.008426695271 0.016154700922
0.000000000000 3700000000 0.999540875923 0.013897886691 0.026923708954 -10.334123214282 -0.013412981034 0.999746063774 -0.018108006724 -0.245765986390 -0.027168535074 0.017738565704 0.999473468377 0.019846950341 -0.000000000000 0.000000000000 -0.000000000000 1.000000000000 -5.939380650154 -0.295540601800 0.056063278401 0.012383522565 -0.003276131016 0.014872643192
0.000000000000 3800000000 0.999568543913 0.012404987034 0.026624092781 -10.927668918354 -0.011892927332 0.999742887613 -0.019305878553 -0.291156719683 -0.026856736570 0.018980910514 0.999459074068 0.021638097126 -0.000000000000 0.000000000000 -0.000000000000 1.000000000000 -5.939380650154 -0.295540601800 0.056063278401 0.012383522565 -0.003276131016 0.014872643192
0.000000000000 3800000000 0.999581154923 0.011944520400 0.026359877772 -10.948426018636 -0.011447705669 0.999755490555 -0.018918486719 -0.276202174265 -0.026579404784 0.018608802682 0.999473485243 0.011208505644 -0.000000000000 0.000000000000 -0.000000000000 1.000000000000 -6.107491961546 -0.157945635568 0.005031200193 0.028076031584 -0.002181240902 0.015525620357
0.000000000000 3900000000 0.999603442842 0.010388001384 0.026173392713 -11.558722816284 -0.009821414957 0.999716637001 -0.021683761465 -0.309496245545 -0.026391227086 0.021418102863 0.999422217085 0.008434964532 -0.000000000000 0.000000000000 -0.000000000000 1.000000000000 -6.107491961546 -0.157945635568 0.005031200193 0.028076031584 -0.002181240902 0.015525620357
0.000000000000 3900000000 0.999637947055 0.009789715340 0.025062647124 -11.591272621279 -0.009270796469 0.999741960486 -0.020738003214 -0.298195057070 -0.025259199119 0.020498144258 0.999470759423 -0.004699993643 -0.000000000000 0.000000000000 -0.000000000000 1.000000000000 -6.372506517584 -0.159181470136 -0.000451828364 -0.057540112045 -0.004871708079 0.009188313730
0.000000000000 4000000000 0.999658283962 0.008862482003 0.024592106844 -12.228233699489 -0.008496079763 0.999851938526 -0.014963878332 -0.325094894608 -0.024721082803 0.014749828434 0.999585569437 -0.008754344768 -0.000000000000 0.000000000000 -0.000000000000 1.000000000000 -6.372506517584 -0.159181470136 -0.000451828364 -0.057540112045 -0.004871708079 0.009188313730
0.000000000000 4000000000 0.999658387565 0.008500487878 0.024715377354 -12.264041833039 -0.008104058142 0.999837608936 -0.016095962215 -0.300355748680 -0.024848187329 0.015890168779 0.999564940423 -0.009264212480 -0.000000000000 0.000000000000 -0.000000000000 1.000000000000 -6.171299329136 -0.399277313193 0.025183753038 0.018331804891 -0.007125859279 -0.002269656892
0.000000000000 4099999000 0.999673985592 0.008715434733 0.023999244337 -12.881235069466 -0.008286036076 0.999804840068 -0.017933861355 -0.337406577779 -0.024150862044 0.017729156053 0.999551105691 -0.016289512305 -0.000000000000 0.000000000000 -0.000000000000 1.000000000000 -6.171299329136 -0.399277313193 0.025183753038 0.018331804891 -0.007125859279 -0.002269656892
0.000000000000 4099999000 0.999686083131 0.008033897605 0.023731659952 -12.918278512418 -0.007632102330 0.999826817483 -0.016973097976 -0.317648023626 -0.023863910174 0.016786647377 0.999574270508 -0.023231077797 -0.000000000000 0.000000000000 -0.000000000000 1.000000000000 -6.560614686191 -0.334134502847 0.011430307873 0.013101741647 -0.013574620456 0.004273042340
0.000000000000 4200000000 0.999720726469 0.007582987878 0.022382300200 -13.574152761377 -0.007174541450 0.999807295561 -0.018272867799 -0.356679985543 -0.022516549967 0.018107181930 0.999582480309 -0.040511001965 -0.000000000000 0.000000000000 -0.000000000000 1.000000000000 -6.560614686191 -0.334134502847 0.011430307873 0.013101741647 -0.013574620456 0.004273042340
0.000000000000 4200000000 0.999747365320 0.006656884579 0.021468381929 -13.633234532151 -0.006265703707 0.999814053076 -0.018237330622 -0.341080757470 -0.021585793755 0.018098208719 0.999603175440 -0.056520610723 -0.000000000000 0.000000000000 -0.000000000000 1.000000000000 -6.677212975452 -0.248717779256 0.025058758665 0.015437258879 -0.009672545071 -0.001739644385
0.000000000000 4300000000 0.999766679032 0.006812558914 0.020498208172 -14.300956911519 -0.006407042223 0.999783746459 -0.019784087714 -0.363426679307 -0.020628555625 0.019648138786 0.999594124300 -0.068068272153 -0.000000000000 0.000000000000 -0.000000000000 1.000000000000 -6.677212975452 -0.248717779256 0.025058758665 0.015437258879 -0.009672545071 -0.001739644385
0.000000000000 4300000000 0.999777182015 0.006076347344 0.020215447691 -14.335592379689 -0.005731714259 0.999837996363 -0.017062487509 -0.358644834924 -0.020315850316 0.016942816510 0.999650042362 -0.072295814249 -0.000000000000 0.000000000000 -0.000000000000 1.000000000000 -6.962593144971 -0.091534739100 -0.014595225274 -0.034682542091 0.003724823258 0.005947869297
0.000000000000 4400000000 0.999772802332 0.005487304101 0.020596922379 -15.031658959776 -0.005208134037 0.999894180042 -0.013583227103 -0.376773606493 -0.020669278112 0.013472869493 0.999695585031 -0.067010750648 -0.000000000000 0.000000000000 -0.000000000000 1.000000000000 -6.962593144971 -0.091534739100 -0.014595225274 -0.034682542091 0.003724823258 0.005947869297
0.000000000000 4400000000 0.999772476685 0.005591737950 0.020584638193 -15.063102730303 -0.005304476290 0.999888157323 -0.013983396462 -0.368070777737 -0.020660527440 0.013871024188 0.999690320696 -0.070518154031 -0.000000000000 0.000000000000 -0.000000000000 1.000000000000 -7.126737883651 -0.034299388248 -0.035463490804 0.024163555356 0.013516329094 0.004291770375
0.000000000000 4500000000 0.999745803131 0.005182992381 0.021942326934 -15.775700781043 -0.004823831725 0.999854041893 -0.016389800419 -0.377967591169 -0.022024072484 0.016279788090 0.999624884010 -0.054124406692 -0.000000000000 0.000000000000 -0.000000000000 1.000000000000 -7.126737883651 -0.034299388248 -0.035463490804 0.024163555356 0.013516329094 0.004291770375
0.000000000000 4500000000 0.999754593955 0.004939551382 0.021595200818 -15.797506442172 -0.004618899150 0.999878721602 -0.014873058127 -0.384822507385 -0.021666048021 0.014769662134 0.999656160609 -0.055318237083 -0.000000000000 0.000000000000 -0.000000000000 1.000000000000 -7.337828092945 0.009006096046 -0.062593180309 0.018792970515 0.007283919603 0.015421088147
0.000000000000 4600000000 0.999744446908 0.003409087906 0.022347684351 -16.530716097185 -0.003035767792 0.999855639474 -0.016717784706 -0.408749166620 -0.022401450626 0.016645670044 0.999610472474 -0.050549243944 -0.000000000000 0.000000000000 -0.000000000000 1.000000000000 -7.337828092945 0.009006096046 -0.062593180309 0.018792970515 0.007283919603 0.015421088147
0.000000000000 4600000000 0.999748995291 0.004060504043 0.022033127837 -16.557728833119 -0.003701230131 0.999859929780 -0.016322429846 -0.401900098740 -0.022096318945 0.016236783163 0.999623989089 -0.048657011094 -0.000000000000 0.000000000000 -0.000000000000 1.000000000000 -7.487544742097 -0.131398705973 -0.067221964321 0.017566714193 0.002419915574 0.003964495874
0.000000000000 4700000000 0.999744999201 0.003668257103 0.022281841526 -17.306332248717 -0.003265846883 0.999831397223 -0.018069625651 -0.421664229508 -0.022344368778 0.017992248799 0.999588419384 -0.052005122318 -0.000000000000 0.000000000000 -0.000000000000 1.000000000000 -7.487544742097 -0.131398705973 -0.067221964321 0.017566714193 0.002419915574 0.003964495874
0.000000000000 4700000000 0.999760157229 0.003459084090 0.021625511641 -17.329482551920 -0.003086337484 0.999846511359 -0.017246108112 -0.418710257493 -0.021681848109 0.017175228130 0.999617381302 -0.062982354090 -0.000000000000 0.000000000000 -0.000000000000 1.000000000000 -7.611616048709 -0.179627599302 -0.014484394100 -0.000251782760 -0.013610735490 0.004317404734
0.000000000000 4800000000 0.999789981155 0.003004046803 0.020272377392 -18.090354877314 -0.002655222829 0.999848338738 -0.017211894592 -0.444321012931 -0.020321008195 0.017154452090 0.999646328158 -0.088524436485 -0.000000000000 0.000000000000 -0.000000000000 1.000000000000 -7.611616048709 -0.179627599302 -0.014484394100 -0.000251782760 -0.013610735490 0.004317404734
0.000000000000 4800000000 0.999809597286 0.002850548453 0.019303977538 -18.126672146119 -0.002529576371 0.999858490454 -0.016631305106 -0.427814933651 -0.019348654182 0.016579307575 0.999675325364 -0.102816084529 -0.000000000000 0.000000000000 -0.000000000000 1.000000000000 -7.772983383097 -0.098879031046 -0.175927788939 0.001304799389 -0.019747664860 0.004087629772
0.000000000000 4900000000 0.999846807133 0.002408969189 0.017336641358 -18.903535742144 -0.002118487659 0.999857393285 -0.016754256277 -0.445254194088 -0.017374529524 0.016714962184 0.999709325636 -0.157028844596 -0.000000000000 0.000000000000 -0.000000000000 1.000000000000 -7.772983383097 -0.098879031046 -0.175927788939 0.001304799389 -0.019747664860 0.004087629772
0.000000000000 4900000000 0.999863765177 0.001763397406 0.016411627447 -18.926422417080 -0.001502031431 0.999872070807 -0.015924381364 -0.445004993828 -0.016437608933 0.015897561128 0.999738502091 -0.160819437255 -0.000000000000 0.000000000000 -0.000000000000 1.000000000000 -7.668940436155 -0.287863477660 -0.082707085617 0.019628438997 -0.029249072277 -0.000932351002
0.000000000000 5000000000 0.999907428033 0.001807242388 0.013485890380 -19.692793360926 -0.001565858758 0.999838768661 -0.017888118108 -0.471611289086 -0.013516044197 0.017865345171 0.999749041506 -0.226468623798 -0.000000000000 0.000000000000 -0.000000000000 1.000000000000 -7.668940436155 -0.287863477660 -0.082707085617 0.019628438997 -0.029249072277 -0.000932351002
0.000000000000 5000000000 0.999922877731 0.000944989077 0.012383278464 -19.751667057799 -0.000739329470 0.999861905382 -0.016601914263 -0.459383522849 -0.012397257027 0.016591478563 0.999785492422 -0.243321390884 -0.000000000000 0.000000000000 -0.000000000000 1.000000000000 -7.835774152911 -0.201498176052 -0.235080868039 0.026313028678 -0.018971624325 -0.000805192264
0.000000000000 5100000000 0.999944538215 0.000991521249 0.010485102745 -20.534761084521 -0.000789715659 0.999814706435 -0.019233542188 -0.477188680175 -0.010502230389 0.019224195212 0.999760037947 -0.306276698062 -0.000000000000 0.000000000000 -0.000000000000 1.000000000000 -7.835774152911 -0.201498176052 -0.235080868039 0.026313028678 -0.018971624325 -0.000805192264
0.000000000000 5100000000 0.999959846630 0.000028545677 0.008961267349 -20.565060363360 0.000128537795 0.999846362918 -0.017528092826 -0.472935953712 -0.008960390918 0.017528540876 0.999806212048 -0.316528936431 -0.000000000000 -0.000000000000 -0.000000000000 1.000000000000 -8.069206513246 -0.345420054741 -0.282588906932 -0.001401578590 -0.021686136333 -0.003090352737
0.000000000000 5200000000 0.999976918692 0.000299672883 0.006787656403 -21.371365531910 -0.000181591732 0.999848759170 -0.017390394191 -0.501047543708 -0.006791841261 0.017388760216 0.999825735771 -0.390191548378 -0.000000000000 0.000000000000 -0.000000000000 1.000000000000 -8.069206513246 -0.345420054741 -0.282588906932 -0.001401578590 -0.021686136333 -0.003090352737
0.000000000000 5200000000 0.999984328354 -0.000847102327 0.005534027822 -21.396412596638 0.000934265847 0.999875257985 -0.015766915259 -0.492148005525 -0.005519981306 0.015771838419 0.999860379713 -0.399713232139 -0.000000000000 0.000000000000 -0.000000000000 1.000000000000 -8.205101633983 -0.415266308503 -0.215801344880 -0.001729147885 -0.014955790401 -0.005850515471
0.000000000000 5300000000 0.999991840853 -0.000285580858 0.004029475191 -22.216581041806 0.000348395950 0.999878301488 -0.015596821294 -0.520990485132 -0.004024530657 0.015598097890 0.999870242829 -0.453819114096 -0.000000000000 0.000000000000 -0.000000000000 1.000000000000 -8.205101633983 -0.415266308503 -0.215801344880 -0.001729147885 -0.014955790401 -0.005850515471
0.000000000000 5300000000 0.999992643933 -0.000819091209 0.003747154774 -22.246201939566 0.000868665041 0.999911873552 -0.013247284616 -0.504932275133 -0.003735973816 0.013250442191 0.999905229650 -0.445605126017 -0.000000000000 0.000000000000 -0.000000000000 1.000000000000 -8.337729043014 -0.312463675518 -0.137643124810 0.078870164268 0.001135353867 0.002919794755
0.000000000000 5400000000 0.999991913159 -0.001109074560 0.003865691311 -23.079873870517 0.001190525323 0.999775986646 -0.021131946780 -0.539221035005 -0.003841388440 0.021136378092 0.999769221999 -0.460913928173 -0.000000000000 0.000000000000 -0.000000000000 1.000000000000 -8.337729043014 -0.312463675518 -0.137643124810 0.078870164268 0.001135353867 0.002919794755
