0.000000000000 0 1.000000000000 -0.000000000000 0.000000000000 -0.000000000000 -0.000000000000 1.000000000000 -0.000000000000 0.000000000000 0.000000000000 -0.000000000000 1.000000000000 -0.000000000000 -0.000000000000 0.000000000000 -0.000000000000 1.000000000000 0.000000000000 0.000000000000 0.000000000000 0.000000000000 0.000000000000 0.000000000000
0.000000000000 100000000 1.000000000000 -0.000000000000 0.000000000000 -0.000000000000 -0.000000000000 1.000000000000 -0.000000000000 0.000000000000 0.000000000000 -0.000000000000 1.000000000000 -0.000000000000 -0.000000000000 0.000000000000 -0.000000000000 1.000000000000 0.000000000000 0.000000000000 0.000000000000 0.000000000000 0.000000000000 0.000000000000
0.000000000000 100000000 1.000000000000 -0.000000000000 0.000000000000 -0.000000000000 -0.000000000000 1.000000000000 -0.000000000000 0.000000000000 0.000000000000 -0.000000000000 1.000000000000 -0.000000000000 -0.000000000000 0.000000000000 -0.000000000000 1.000000000000 -0.698846223558 -0.012537817461 -0.030395559145 -0.000445380138 -0.003137077405 -0.011655883423
0.000000000000 200000000 0.999999271496 0.001165595045 -0.000313681708 -0.069884859345 -0.001165581073 0.999999319710 0.000044720830 -0.001213121152 0.000313733621 -0.000044355176 0.999999949802 -0.003050490296 -0.000000000000 0.000000000000 -0.000000000000 1.000000000000 -0.698846223558 -0.012537817461 -0.030395559145 -0.000445380138 -0.003137077405 -0.011655883423
0.000000000000 200000000 0.999996946074 0.002417922287 -0.000511364476 -0.102932045261 -0.002417961030 0.999997073903 -0.000075159781 0.011802570882 0.000511181249 0.000076396011 0.999999866429 -0.004524893950 -0.000000000000 -0.000000000000 -0.000000000000 1.000000000000 -0.762818859531 -0.113833631000 0.008481625298 -0.004573034940 0.004498237763 -0.038229205428
0.000000000000 300000000 0.999980524562 0.006240735735 -0.000060951303 -0.179191468072 -0.006240711930 0.999980453131 0.000383238198 0.000956599621 0.000063341800 -0.000382850355 0.999999924707 -0.003616186308 -0.000000000000 0.000000000000 -0.000000000000 1.000000000000 -0.762818859531 -0.113833631000 0.008481625298 -0.004573034940 0.004498237763 -0.038229205428
0.000000000000 300000000 0.999985601883 0.005321485204 -0.000691246456 -0.170545171327 -0.005321997093 0.999985563667 -0.000740813470 0.002415589301 0.000687294249 0.000744481616 0.999999486687 -0.008836212620 -0.000000000000 -0.000000000000 -0.000000000000 1.000000000000 -0.622907722094 -0.145463347082 -0.009514538002 -0.012384707336 0.011914730104 -0.050805393498
0.000000000000 400000000 0.999945772859 0.010402005975 0.000499612516 -0.232869139692 -0.010402254849 0.999945771002 0.000498146563 -0.011117383517 -0.000494403699 -0.000503316647 0.999999751119 -0.009541923651 -0.000000000000 0.000000000000 -0.000000000000 1.000000000000 -0.622907722094 -0.145463347082 -0.009514538002 -0.012384707336 0.011914730104 -0.050805393498
0.000000000000 400000000 0.999957306881 0.009238449616 -0.000188319893 -0.245413065032 -0.009238511415 0.999957269599 -0.000329974883 0.007466508867 0.000185263390 0.000331700591 0.999999927826 -0.005946855148 -0.000000000000 -0.000000000000 -0.000000000000 1.000000000000 -0.614142739555 -0.277341184683 -0.005943046260 0.000044055996 0.031523783808 -0.097244981043
0.000000000000 500000000 0.999815803510 0.018962932667 0.002960782987 -0.306895371445 -0.018961984877 0.999820144887 -0.000347861035 -0.017582319459 -0.002966846940 0.000291654638 0.999995556369 -0.005670703451 -0.000000000000 0.000000000000 -0.000000000000 1.000000000000 -0.614142739555 -0.277341184683 -0.005943046260 0.000044055996 0.031523783808 -0.097244981043
0.000000000000 500000000 0.999848472445 0.017296869110 0.001962261138 -0.327803846147 -0.017297893161 0.999850252162 0.000506105851 -0.016162025123 -0.001953213247 -0.000539972146 0.999997946692 -0.003172431398 -0.000000000000 0.000000000000 -0.000000000000 1.000000000000 -0.818397295187 -0.213500117257 -0.058381120621 0.043312560601 0.028649391090 -0.088045540476
0.000000000000 600000000 0.999647651887 0.026103876728 0.004812452278 -0.409882138612 -0.026085439307 0.999652284091 -0.003854966731 -0.034240276841 -0.004911408488 0.003728073509 0.999980989587 -0.008063293213 -0.000000000000 0.000000000000 -0.000000000000 1.000000000000 -0.818397295187 -0.213500117257 -0.058381120621 0.043312560601 0.028649391090 -0.088045540476
0.000000000000 600000000 0.999642481377 0.026428921358 0.004052350181 -0.438109664515 -0.026421854737 0.999649283588 -0.001787572432 -0.019817707245 -0.004098172566 0.001679862734 0.999990191473 -0.001962846390 -0.000000000000 0.000000000000 -0.000000000000 1.000000000000 -0.989387474923 -0.132633975059 -0.079429500646 0.033857675545 0.026780385600 -0.112605525476
0.000000000000 700000000 0.999266986237 0.037692480019 0.006690827055 -0.537330598707 -0.037657813166 0.999276986895 -0.005233791125 -0.027571120329 -0.006883264067 0.004977992769 0.999963919481 -0.008680232068 -0.000000000000 0.000000000000 -0.000000000000 1.000000000000 -0.989387474923 -0.132633975059 -0.079429500646 0.033857675545 0.026780385600 -0.112605525476
0.000000000000 700000000 0.999326117474 0.036268225074 0.005650379160 -0.571889359533 -0.036245745773 0.999334776138 -0.004031267088 -0.012453868601 -0.005792827295 0.003823748281 0.999975910760 0.002060678776 -0.000000000000 0.000000000000 -0.000000000000 1.000000000000 -1.220914321899 -0.333700024918 -0.142798763535 0.024430867276 0.012266100693 -0.138150528332
0.000000000000 800000000 0.998722221549 0.050076266136 0.006803804324 -0.694330639536 -0.050031767262 0.998726080672 -0.006560339229 -0.037066280460 -0.007123654119 0.006211550214 0.999955334100 -0.011503497071 -0.000000000000 0.000000000000 -0.000000000000 1.000000000000 -1.220914321899 -0.333700024918 -0.142798763535 0.024430867276 0.012266100693 -0.138150528332
0.000000000000 800000000 0.998840797310 0.047847274062 0.005263078434 -0.736164673880 -0.047819290434 0.998841834600 -0.005320236333 -0.029590829169 -0.005511541724 0.005062392424 0.999971997153 -0.000644265856 -0.000000000000 0.000000000000 -0.000000000000 1.000000000000 -1.437108016757 -0.366603189919 -0.131273744740 0.000796481020 0.003515677512 -0.137273913173
0.000000000000 900000000 0.998088276888 0.061555615710 0.005540551681 -0.880461898147 -0.061525366096 0.998090509043 -0.005474037358 -0.055154958749 -0.005866929788 0.005122688043 0.999969668141 -0.013490861934 -0.000000000000 0.000000000000 -0.000000000000 1.000000000000 -1.437108016757 -0.366603189919 -0.131273744740 0.000796481020 0.003515677512 -0.137273913173
0.000000000000 900000000 0.998172567394 0.060269201286 0.004375965934 -0.915203370623 -0.060252118834 0.998175430521 -0.003935998069 -0.023400735528 -0.004605201140 0.003665144078 0.999982679271 -0.007222797907 -0.000000000000 0.000000000000 -0.000000000000 1.000000000000 -1.559150693642 -0.382430926100 -0.101439224215 -0.050362931927 0.009356759772 -0.171525342619
0.000000000000 1000000000 0.996987511462 0.077381868828 0.005286621342 -1.071716955290 -0.077388273111 0.997000511496 0.001017478364 -0.044663253396 -0.005192029805 -0.001423535718 0.999985508081 -0.016264689916 -0.000000000000 0.000000000000 -0.000000000000 1.000000000000 -1.559150693642 -0.382430926100 -0.101439224215 -0.050362931927 0.009356759772 -0.171525342619
0.000000000000 1000000000 0.997151243569 0.075308836733 0.004239877096 -1.123264548037 -0.075306327985 0.997160166029 -0.000748498375 -0.012958637980 -0.004284205091 0.000427076511 0.999990731553 -0.011752354828 -0.000000000000 0.000000000000 -0.000000000000 1.000000000000 -1.863532387877 -0.323629520672 -0.096129472661 -0.061875279835 0.012580101989 -0.169830756996
0.000000000000 1100000000 0.995722472499 0.092228515819 0.005537023531 -1.309962299394 -0.092258137339 0.995720718258 0.005356055217 -0.024757565962 -0.005019348024 -0.005843980021 0.999970326581 -0.019716517522 -0.000000000000 0.000000000000 -0.000000000000 1.000000000000 -1.863532387877 -0.323629520672 -0.096129472661 -0.061875279835 0.012580101989 -0.169830756996
0.000000000000 1100000000 0.995935589956 0.089964871231 0.004315391404 -1.350479603475 -0.089981511775 0.995936069980 0.003830411364 -0.000701283354 -0.003953251490 -0.004203148444 0.999983352534 -0.011777727556 -0.000000000000 0.000000000000 -0.000000000000 1.000000000000 -1.978042336901 -0.357451383748 -0.114438128654 -0.000529723048 0.018444584316 -0.168965915509
0.000000000000 1200000000 0.994264135824 0.106771188301 0.006224272086 -1.548425352557 -0.106795970409 0.994273716686 0.003794339461 -0.011956763587 -0.005783504008 -0.004437302823 0.999973430360 -0.020547767270 -0.000000000000 0.000000000000 -0.000000000000 1.000000000000 -1.978042336901 -0.357451383748 -0.114438128654 -0.000529723048 0.018444584316 -0.168965915509
0.000000000000 1200000000 0.994453349020 0.105078244472 0.004593382310 -1.581676208072 -0.105091705164 0.994458610490 0.002793837590 0.010626529423 -0.004274357040 -0.003261067527 0.999985547551 -0.011928242407 -0.000000000000 0.000000000000 -0.000000000000 1.000000000000 -2.198429098870 -0.495481985541 -0.143715415381 0.018166971774 0.027321280202 -0.147553408090
0.000000000000 1300000000 0.992778897322 0.119733032957 0.007352676480 -1.801593548085 -0.119742712002 0.992804559109 0.000889008100 -0.013930884636 -0.007193327095 -0.001763017903 0.999972573530 -0.021681604911 -0.000000000000 0.000000000000 -0.000000000000 1.000000000000 -2.198429098870 -0.495481985541 -0.143715415381 0.018166971774 0.027321280202 -0.147553408090
0.000000000000 1300000000 0.993012663538 0.117822148234 0.006617510001 -1.825020589058 -0.117823527594 0.993034532673 -0.000182386732 0.022889220377 -0.006592905148 -0.000598586037 0.999978087408 -0.014915233492 -0.000000000000 0.000000000000 -0.000000000000 1.000000000000 -2.401692509796 -0.589361778240 -0.041118582671 0.044480987069 0.004620699230 -0.162578926963
0.000000000000 1400000000 0.990962924113 0.133951214107 0.007039550673 -2.065052082583 -0.133919949477 0.990980809844 -0.004741482130 -0.004351969099 -0.007611186915 0.003755896725 0.999963980888 -0.018088590081 -0.000000000000 0.000000000000 -0.000000000000 1.000000000000 -2.401692509796 -0.589361778240 -0.041118582671 0.044480987069 0.004620699230 -0.162578926963
0.000000000000 1400000000 0.991221397254 0.132078034970 0.005961065705 -2.094842644405 -0.132054919180 0.991233841357 -0.004119474454 0.019222722653 -0.006452902148 0.003296123174 0.999973747468 -0.005508504588 -0.000000000000 0.000000000000 -0.000000000000 1.000000000000 -2.577409277602 -0.539421973555 -0.168851045724 0.024745037728 0.003697256125 -0.136208350472
0.000000000000 1500000000 0.989328403571 0.145568391694 0.006257253960 -2.352491643100 -0.145526659900 0.989331798221 -0.006677146678 -0.004398152710 -0.007162481815 0.005695293595 0.999958130366 -0.021553862689 -0.000000000000 0.000000000000 -0.000000000000 1.000000000000 -2.577409277602 -0.539421973555 -0.168851045724 0.024745037728 0.003697256125 -0.136208350472
0.000000000000 1500000000 0.989320206230 0.145693708392 0.004344292853 -2.382710508108 -0.145659942017 0.989307943611 -0.007278323923 0.025075299771 -0.005358249432 0.006567803480 0.999964075915 -0.010455167875 -0.000000000000 0.000000000000 -0.000000000000 1.000000000000 -2.786840198685 -0.375425675798 -0.119235265614 0.009785864924 -0.016314843751 -0.135339202696
0.000000000000 1600000000 0.987265890310 0.159057421424 0.002607397140 -2.661052331959 -0.159031101949 0.987238650644 -0.008303932078 0.021681682121 -0.003894925258 0.007783531656 0.999962122379 -0.026470532480 -0.000000000000 0.000000000000 -0.000000000000 1.000000000000 -2.786840198685 -0.375425675798 -0.119235265614 0.009785864924 -0.016314843751 -0.135339202696
0.000000000000 1600000000 0.987097993055 0.160117190831 0.000193149647 -2.691199170181 -0.160111211627 0.987070221740 -0.007535069017 0.068326495260 -0.001397146348 0.007406926081 0.999971592311 -0.018843313812 -0.000000000000 0.000000000000 -0.000000000000 1.000000000000 -2.982426088266 -0.346121975012 -0.234850868769 -0.104197630712 -0.015207390618 -0.148286295428
0.000000000000 1700000000 0.984614978228 0.174732623022 -0.001362021046 -2.988330334776 -0.174728173298 0.984612458416 0.002893473250 0.075479677767 0.001846647061 -0.002610973651 0.999994886343 -0.047392606396 -0.000000000000 0.000000000000 -0.000000000000 1.000000000000 -2.982426088266 -0.346121975012 -0.234850868769 -0.104197630712 -0.015207390618 -0.148286295428
0.000000000000 1700000000 0.984846763828 0.173381632330 -0.003957442053 -3.009790632463 -0.173377903175 0.984854553493 0.001269312459 0.102992287634 0.004117580292 -0.000563945262 0.999991363712 -0.042862382820 -0.000000000000 0.000000000000 -0.000000000000 1.000000000000 -3.095682624962 -0.243699536529 -0.101003279220 -0.080992904682 -0.060228954304 -0.129438389511
0.000000000000 1800000000 0.982473514822 0.186138577399 -0.009910735416 -3.317577871392 -0.186047289408 0.982495267147 0.009458125498 0.119105458267 0.011497772665 -0.007448492341 0.999906156189 -0.072914338111 -0.000000000000 0.000000000000 -0.000000000000 1.000000000000 -3.095682624962 -0.243699536529 -0.101003279220 -0.080992904682 -0.060228954304 -0.129438389511
0.000000000000 1800000000 0.982805090227 0.184365486889 -0.010174569679 -3.332168804294 -0.184274657843 0.982831278970 0.009248110901 0.133787441813 0.011704917800 -0.007214175122 0.999905470820 -0.076150127615 -0.000000000000 0.000000000000 -0.000000000000 1.000000000000 -3.306483863352 -0.206158581537 -0.062521499637 -0.019957606732 -0.049133921133 -0.134971825971
0.000000000000 1900000000 0.980158351912 0.197651623175 -0.014947944099 -3.660406453398 -0.197493574869 0.980237740143 0.011413180274 0.160186774324 0.016908372550 -0.008234601051 0.999823133501 -0.099873725407 -0.000000000000 0.000000000000 -0.000000000000 1.000000000000 -3.306483863352 -0.206158581537 -0.062521499637 -0.019957606732 -0.049133921133 -0.134971825971
0.000000000000 1900000000 0.980633957845 0.195398571469 -0.013283033889 -3.689678774678 -0.195258489324 0.980688499348 0.011144038437 0.172331148087 0.015204047762 -0.008334597388 0.999849674410 -0.106780863744 -0.000000000000 0.000000000000 -0.000000000000 1.000000000000 -3.575983737676 -0.249636895752 0.030882765557 0.001625255886 -0.024637668163 -0.087737897419
0.000000000000 2000000000 0.978842673863 0.204015037023 -0.015648785664 -4.045457205049 -0.203857231407 0.978937603377 0.011108460634 0.181318619886 0.017585477741 -0.007683317189 0.999815841848 -0.113192696018 -0.000000000000 0.000000000000 -0.000000000000 1.000000000000 -3.575983737676 -0.249636895752 0.030882765557 0.001625255886 -0.024637668163 -0.087737897419
0.000000000000 2000000000 0.979045496954 0.203148718024 -0.014160270452 -4.059714413435 -0.203007783115 0.979117769768 0.010781137158 0.206335110381 0.016054746617 -0.007680578674 0.999841614368 -0.110410368278 -0.000000000000 0.000000000000 -0.000000000000 1.000000000000 -3.624831846441 -0.366738215439 -0.074103947766 0.054530399168 0.003595179985 -0.060203818679
0.000000000000 2100000000 0.977810829499 0.209037945828 -0.013752051409 -4.421028741569 -0.208981852570 0.977904538639 0.005412818703 0.195805078703 0.014579677991 -0.002418783565 0.999890785274 -0.115200832201 -0.000000000000 0.000000000000 -0.000000000000 1.000000000000 -3.624831846441 -0.366738215439 -0.074103947766 0.054530399168 0.003595179985 -0.060203818679
0.000000000000 2100000000 0.978424230052 0.206217276856 -0.012667311200 -4.431432874163 -0.206163152918 0.978502433370 0.005453647268 0.205995476055 0.013519631122 -0.002724447813 0.999904893957 -0.114611840444 -0.000000000000 0.000000000000 -0.000000000000 1.000000000000 -3.664116005078 -0.366624625349 -0.044586598927 0.054717835902 0.019811255502 -0.060265827975
0.000000000000 2200000000 0.977187540699 0.212110035375 -0.010669732727 -4.796850396601 -0.212121561588 0.977243286161 0.000052569341 0.197752111382 0.010438075157 0.002211910262 0.999943075400 -0.108825692785 -0.000000000000 0.000000000000 -0.000000000000 1.000000000000 -3.664116005078 -0.366624625349 -0.044586598927 0.054717835902 0.019811255502 -0.060265827975
0.000000000000 2200000000 0.978262677285 0.207176060281 -0.008956242390 -4.818173299718 -0.207168701559 0.978303664504 0.001751888047 0.176276352847 0.009124874014 0.000141646416 0.999958357438 -0.103466662260 -0.000000000000 0.000000000000 -0.000000000000 1.000000000000 -3.836547592583 -0.315766479248 0.095481550602 0.001788538357 0.018564436273 -0.065293951902
0.000000000000 2300000000 0.976904362535 0.213559394465 -0.007088828893 -5.200849352140 -0.213553221584 0.976930079153 0.001625422120 0.177425634886 0.007272414335 -0.000074039712 0.999973552904 -0.084587031952 -0.000000000000 0.000000000000 -0.000000000000 1.000000000000 -3.836547592583 -0.315766479248 0.095481550602 0.001788538357 0.018564436273 -0.065293951902
0.000000000000 2300000000 0.977494792928 0.210870967495 -0.006112680770 -5.209734842554 -0.210859893802 0.977513323071 0.002410063109 0.191273261450 0.006483439232 -0.001066904922 0.999978413132 -0.090663289637 -0.000000000000 0.000000000000 -0.000000000000 1.000000000000 -3.964042433163 -0.251291508772 0.095054097021 -0.053936669465 0.014810524993 -0.059759367155
0.000000000000 2400000000 0.976226744482 0.216702961846 -0.004601052663 -5.605099281503 -0.216663407222 0.976214920648 0.007835603091 0.198013674790 0.006189614658 -0.006652445550 0.999958715967 -0.074197943566 -0.000000000000 0.000000000000 -0.000000000000 1.000000000000 -3.964042433163 -0.251291508772 0.095054097021 -0.053936669465 0.014810524993 -0.059759367155
0.000000000000 2400000000 0.976980560368 0.213261757339 -0.005329870512 -5.634152024306 -0.213205199748 0.976960589922 0.009568100101 0.224701653984 0.007247583282 -0.008211491691 0.999940020172 -0.086839124575 -0.000000000000 0.000000000000 -0.000000000000 1.000000000000 -4.106588461325 -0.192811120180 0.109563759407 -0.137271621238 0.003656984510 -0.046200931506
0.000000000000 2500000000 0.975988490142 0.217767242734 -0.004888261671 -6.043788264889 -0.217599393332 0.975759618612 0.023316747370 0.231273409442 0.009847392128 -0.021693194287 0.999716176817 -0.076874745639 -0.000000000000 0.000000000000 -0.000000000000 1.000000000000 -4.106588461325 -0.192811120180 0.109563759407 -0.137271621238 0.003656984510 -0.046200931506
0.000000000000 2500000000 0.976612476473 0.214943847254 -0.005216639193 -6.091074747392 -0.214804642615 0.976458229340 0.019705122805 0.237417365641 0.009329325176 -0.018123710465 0.999792225820 -0.089169758375 -0.000000000000 0.000000000000 -0.000000000000 1.000000000000 -4.443671340195 -0.403363029651 0.191799614587 -0.101060008862 0.001968628646 -0.027290416897
0.000000000000 2600000000 0.976024799612 0.217603000151 -0.004952258925 -6.534842686416 -0.217364734697 0.975634786373 0.029821732499 0.213499638282 0.011320894539 -0.028030304039 0.999542965261 -0.071024320260 -0.000000000000 0.000000000000 -0.000000000000 1.000000000000 -4.443671340195 -0.403363029651 0.191799614587 -0.101060008862 0.001968628646 -0.027290416897
0.000000000000 2600000000 0.976339077443 0.216205322986 -0.004155017439 -6.557938128934 -0.216020711189 0.976020637638 0.026809834788 0.269140631823 0.009851811759 -0.025277919541 0.999631916552 -0.079862793587 -0.000000000000 0.000000000000 -0.000000000000 1.000000000000 -4.756553398025 -0.443556827494 0.011020206566 0.032253637322 -0.028951562221 -0.005755848046
0.000000000000 2700000000 0.976182963079 0.216834811680 -0.007034702461 -7.033193554591 -0.216617841778 0.975971454820 0.023588768492 0.228982212510 0.011980534969 -0.021503111857 0.999696995575 -0.097631779746 -0.000000000000 0.000000000000 -0.000000000000 1.000000000000 -4.756553398025 -0.443556827494 0.011020206566 0.032253637322 -0.028951562221 -0.005755848046
0.000000000000 2700000000 0.976657152426 0.214720417413 -0.005995745231 -7.054156356367 -0.214531871479 0.976444151118 0.023084537399 0.260126585444 0.010811231869 -0.021259400116 0.999715537127 -0.094492056175 -0.000000000000 0.000000000000 -0.000000000000 1.000000000000 -5.032074665431 -0.420627456828 -0.131587078006 0.093804824327 -0.014528164041 0.040393431321
0.000000000000 2800000000 0.977500666748 0.210798145290 -0.007522529437 -7.558119768989 -0.210683798742 0.977458558477 0.013678574797 0.189538629244 0.010236378977 -0.011785940906 0.999878146647 -0.116154808751 -0.000000000000 0.000000000000 -0.000000000000 1.000000000000 -5.032074665431 -0.420627456828 -0.131587078006 0.093804824327 -0.014528164041 0.040393431321
0.000000000000 2800000000 0.978009819878 0.208390409385 -0.008380304151 -7.548036387071 -0.208268414657 0.977978954425 0.013469675460 0.169668196833 0.011002712274 -0.011428122211 0.999874161255 -0.120770444023 -0.000000000000 0.000000000000 -0.000000000000 1.000000000000 -5.107236682670 -0.590282235978 -0.135970126207 0.036266967790 0.008855869502 0.057847803882
0.000000000000 2900000000 0.979207374798 0.202720822259 -0.007562100541 -8.059552687851 -0.202644337408 0.979203394094 0.009797219591 0.065945817805 0.009390934927 -0.008061092822 0.999923411629 -0.127028336447 -0.000000000000 0.000000000000 -0.000000000000 1.000000000000 -5.107236682670 -0.590282235978 -0.135970126207 0.036266967790 0.008855869502 0.057847803882
0.000000000000 2900000000 0.979305813719 0.202215694602 -0.008302775019 -8.079380894773 -0.202140545626 0.979314478544 0.009074796313 0.114652654143 0.009966094028 -0.007208673315 0.999924353138 -0.132029808541 -0.000000000000 0.000000000000 -0.000000000000 1.000000000000 -5.310501479075 -0.684686769335 0.087334383236 -0.030444381817 0.007963055453 0.026237518274
0.000000000000 3000000000 0.979840638824 0.199638564917 -0.007534315293 -8.610712257343 -0.199540300426 0.979814932648 0.012098192662 0.023909545389 0.009797500453 -0.010350901290 0.999898428755 -0.116862410746 -0.000000000000 0.000000000000 -0.000000000000 1.000000000000 -5.310501479075 -0.684686769335 0.087334383236 -0.030444381817 0.007963055453 0.026237518274
0.000000000000 3000000000 0.980128768221 0.198232210526 -0.007182507546 -8.646487533084 -0.198129851236 0.980090671565 0.012916561471 0.083022746086 0.009599987177 -0.011236824333 0.999890781048 -0.112322568131 -0.000000000000 0.000000000000 -0.000000000000 1.000000000000 -5.497030696339 -0.558083967051 -0.037862245842 -0.060650237119 0.011633365047 0.009786683796
0.000000000000 3100000000 0.980333376191 0.197256307598 -0.006034951384 -9.196367102288 -0.197112126009 0.980197321631 0.018974204791 0.017820525952 0.009658224759 -0.017411484145 0.999801759808 -0.106036224886 -0.000000000000 0.000000000000 -0.000000000000 1.000000000000 -5.497030696339 -0.558083967051 -0.037862245842 -0.060650237119 0.011633365047 0.009786683796
0.000000000000 3100000000 0.980719626200 0.195314915676 -0.006410811246 -9.209474039030 -0.195160842287 0.980580636705 0.019335474072 0.054900702956 0.010062823861 -0.017711539581 0.999792498942 -0.107223850802 -0.000000000000 0.000000000000 -0.000000000000 1.000000000000 -5.687566316239 -0.107014691407 -0.073172632158 -0.053249253010 -0.021616201857 0.080837816287
0.000000000000 3200000000 0.982239811778 0.187425717589 -0.008749431051 -9.778059818246 -0.187164766322 0.982020520704 0.024597706483 -0.033191727619 0.013202363625 -0.022523261368 0.999659142054 -0.135123076243 -0.000000000000 0.000000000000 -0.000000000000 1.000000000000 -5.687566316239 -0.107014691407 -0.073172632158 -0.053249253010 -0.021616201857 0.080837816287
0.000000000000 3200000000 0.982237886122 0.187425544630 -0.008966620639 -9.799533903253 -0.187220440197 0.982115948306 0.019919107811 -0.009459417401 0.012539610762 -0.017886567687 0.999761385961 -0.143264646905 -0.000000000000 0.000000000000 -0.000000000000 1.000000000000 -5.791021856140 -0.171302420054 0.020677797679 0.010337240245 -0.042524414060 0.055667148953
0.000000000000 3300000000 0.983203104408 0.182027683099 -0.013325842146 -10.377686131535 -0.181764916462 0.983161831807 0.018823592127 -0.082581336920 0.016527874237 -0.016085243631 0.999734011780 -0.184145594720 -0.000000000000 0.000000000000 -0.000000000000 1.000000000000 -5.791021856140 -0.171302420054 0.020677797679 0.010337240245 -0.042524414060 0.055667148953
0.000000000000 3300000000 0.983606030472 0.179825769097 -0.013485903287 -10.399689318685 -0.179611796283 0.983612414516 0.015691419495 -0.071840682148 0.016086623473 -0.013011947528 0.999785931971 -0.201269485273 -0.000000000000 0.000000000000 -0.000000000000 1.000000000000 -6.038402627989 -0.483051285827 0.110568466576 0.033630875468 -0.043499288150 0.026782791944
0.000000000000 3400000000 0.984005655422 0.177238397967 -0.017872335702 -11.002282962412 -0.177037169964 0.984127465333 0.012287083781 -0.148069737076 0.019766399479 -0.008926492196 0.999764775929 -0.237130667617 -0.000000000000 0.000000000000 -0.000000000000 1.000000000000 -6.038402627989 -0.483051285827 0.110568466576 0.033630875468 -0.043499288150 0.026782791944
0.000000000000 3400000000 0.984682518141 0.173427832096 -0.017975692541 -11.020234667794 -0.173293112501 0.984830879534 0.008811122288 -0.164249197880 0.019231110932 -0.005561094373 0.999799599221 -0.245311642227 -0.000000000000 0.000000000000 -0.000000000000 1.000000000000 -6.234341780530 -0.568648542729 -0.063469513145 0.010518731367 0.003892888062 0.045754829330
0.000000000000 3500000000 0.985472530334 0.168917966774 -0.017624200924 -11.642766222037 -0.168805831177 0.985619419238 0.007678006294 -0.272702141165 0.018667707892 -0.004591396405 0.999815200805 -0.247476910399 -0.000000000000 0.000000000000 -0.000000000000 1.000000000000 -6.234341780530 -0.568648542729 -0.063469513145 0.010518731367 0.003892888062 0.045754829330
0.000000000000 3500000000 0.985860966252 0.166475769006 -0.019078090956 -11.656783836803 -0.166389536995 0.986041646667 0.006032662520 -0.264969519982 0.019816084354 -0.002772971780 0.999799796674 -0.261708774940 -0.000000000000 0.000000000000 -0.000000000000 1.000000000000 -6.394185325213 -0.595892893690 -0.144409645919 -0.003581920009 -0.012218388634 0.067207390471
0.000000000000 3600000000 0.986931945405 0.159848615328 -0.020340976301 -12.293615575298 -0.159752873667 0.987137200612 0.006258316350 -0.405140454651 0.021079717607 -0.002927002913 0.999773513432 -0.290661717499 -0.000000000000 0.000000000000 -0.000000000000 1.000000000000 -6.394185325213 -0.595892893690 -0.144409645919 -0.003581920009 -0.012218388634 0.067207390471
0.000000000000 3600000000 0.987152832929 0.158472700770 -0.020388417057 -12.304877133290 -0.158392199435 0.987360875827 0.005514711642 -0.359750998340 0.021004656570 -0.002214497000 0.999776925322 -0.291164234596 -0.000000000000 0.000000000000 -0.000000000000 1.000000000000 -6.559858096944 -0.384287068143 -0.012406205135 -0.005227644348 -0.026683286463 0.078930536823
0.000000000000 3700000000 0.988312552049 0.150680600460 -0.023100997994 -12.956658181997 -0.150584236423 0.988579779859 0.005865713412 -0.498037024066 0.023721028730 -0.002318512049 0.999715928301 -0.325884171953 -0.000000000000 0.000000000000 -0.000000000000 1.000000000000 -6.559858096944 -0.384287068143 -0.012406205135 -0.005227644348 -0.026683286463 0.078930536823
0.000000000000 3700000000 0.988628338300 0.148598134350 -0.023078197032 -12.980171568291 -0.148548094958 0.988897583424 0.003877238945 -0.481642516073 0.023398123749 -0.000404926092 0.999726144422 -0.330349611613 -0.000000000000 0.000000000000 -0.000000000000 1.000000000000 -6.773575101380 -0.553905567941 -0.147517886606 -0.001205706788 -0.023145436667 0.104467438677
0.000000000000 3800000000 0.990069367910 0.138260140643 -0.025431874387 -13.650670470460 -0.138209562023 0.990395929182 0.003744385780 -0.676180284865 0.025705324169 -0.000192273442 0.999669545070 -0.375851206655 -0.000000000000 0.000000000000 -0.000000000000 1.000000000000 -6.773575101380 -0.553905567941 -0.147517886606 -0.001205706788 -0.023145436667 0.104467438677
0.000000000000 3800000000 0.990399877677 0.135850542390 -0.025548237326 -13.668827190404 -0.135878286991 0.990725321234 0.000654974105 -0.660842657584 0.025400264219 0.002822764450 0.999673375948 -0.380574276231 -0.000000000000 0.000000000000 -0.000000000000 1.000000000000 -6.945911778203 -0.496536219348 0.014032753593 0.010306686893 -0.037441707111 0.136828950175
0.000000000000 3900000000 0.992064712312 0.122268879588 -0.029290402335 -14.351217215093 -0.122343154672 0.992487576370 -0.000750504381 -0.901779193435 0.028978597095 0.004328029136 0.999570662372 -0.432432480215 -0.000000000000 -0.000000000000 -0.000000000000 1.000000000000 -6.945911778203 -0.496536219348 0.014032753593 0.010306686893 -0.037441707111 0.136828950175
0.000000000000 3900000000 0.992529372506 0.118642380050 -0.028450489774 -14.359619263525 -0.118797552451 0.992911143510 -0.003821338251 -0.898032109872 0.027795435670 0.007172639008 0.999587898589 -0.436021257022 -0.000000000000 -0.000000000000 -0.000000000000 1.000000000000 -7.016297398553 -0.608834737569 0.004680608664 -0.024853506033 -0.040846717578 0.170041046544
0.000000000000 4000000000 0.994282828078 0.101717143506 -0.032485081274 -15.041445976764 -0.101830665317 0.994800017035 -0.001855184048 -1.210046863061 0.032127455383 0.005152555080 0.999470498708 -0.492984704624 -0.000000000000 -0.000000000000 -0.000000000000 1.000000000000 -7.016297398553 -0.608834737569 0.004680608664 -0.024853506033 -0.040846717578 0.170041046544
0.000000000000 4000000000 0.994457718603 0.100147986937 -0.032003540794 -15.043428885755 -0.100355669638 0.994939331666 -0.004946299138 -1.155121639573 0.031346219587 0.008130622124 0.999475516209 -0.495224123781 -0.000000000000 -0.000000000000 -0.000000000000 1.000000000000 -7.077895793296 -0.567399179750 0.002295593647 -0.037524366775 -0.027151118998 0.194202609523
0.000000000000 4099999000 0.996128578983 0.080790733218 -0.034651285103 -15.723942509509 -0.080902837678 0.996720288665 -0.001843100411 -1.512554837431 0.034388733457 0.004639352287 0.999397764367 -0.531763617522 -0.000000000000 -0.000000000000 -0.000000000000 1.000000000000 -7.077895793296 -0.567399179750 0.002295593647 -0.037524366775 -0.027151118998 0.194202609523
0.000000000000 4099999000 0.996276306690 0.079128033598 -0.034238502101 -15.731394068107 -0.079265332098 0.996849979606 -0.002669323349 -1.492783790577 0.033919431813 0.005373309847 0.999410125868 -0.534074846159 -0.000000000000 -0.000000000000 -0.000000000000 1.000000000000 -7.149969166210 -0.680019330820 -0.044349413037 -0.020336457902 -0.004138905468 0.190879926724
0.000000000000 4200000000 0.997592922932 0.060085007461 -0.034614332217 -16.414107214356 -0.060165720851 0.998187563366 -0.001293976491 -1.868687690201 0.034473847346 0.003373458039 0.999399906759 -0.541746584576 -0.000000000000 -0.000000000000 -0.000000000000 1.000000000000 -7.149969166210 -0.680019330820 -0.044349413037 -0.020336457902 -0.004138905468 0.190879926724
0.000000000000 4200000000 0.997710439923 0.058104062500 -0.034609189393 -16.416454851194 -0.058263218587 0.998294738851 -0.003607179221 -1.820293503833 0.034340579921 0.005615363134 0.999394412766 -0.555283017177 -0.000000000000 -0.000000000000 -0.000000000000 1.000000000000 -7.386749126937 -0.665048071847 -0.072258030904 -0.009304483847 -0.003191250652 0.172750706169
0.000000000000 4300000000 0.998556728405 0.040848949402 -0.034868660559 -17.120441561214 -0.040987837609 0.999154270256 -0.003277407126 -2.177004970953 0.034705292458 0.004701867934 0.999386529384 -0.566001520150 -0.000000000000 -0.000000000000 -0.000000000000 1.000000000000 -7.386749126937 -0.665048071847 -0.072258030904 -0.009304483847 -0.003191250652 0.172750706169
0.000000000000 4300000000 0.998650964976 0.038341986210 -0.035016314011 -17.139619130829 -0.038504897214 0.999250446525 -0.003989737978 -2.153257974461 0.034837092933 0.005332655253 0.999378776913 -0.572190631075 -0.000000000000 -0.000000000000 -0.000000000000 1.000000000000 -7.442476183660 -0.714522388549 -0.141776737162 -0.000689945782 -0.007125906962 0.176227910041
0.000000000000 4400000000 0.999149326700 0.020723575542 -0.035653279947 -17.842175327319 -0.020898604103 0.999771276323 -0.004543499217 -2.532998884025 0.035550967649 0.005284737966 0.999353891394 -0.598670961979 -0.000000000000 -0.000000000000 -0.000000000000 1.000000000000 -7.442476183660 -0.714522388549 -0.141776737162 -0.000689945782 -0.007125906962 0.176227910041
0.000000000000 4400000000 0.999178980074 0.019617896290 -0.035447199098 -17.826379812274 -0.019820032064 0.999789195891 -0.005360047358 -2.487273413231 0.035334573829 0.006058211275 0.999357176373 -0.599164801359 -0.000000000000 -0.000000000000 -0.000000000000 1.000000000000 -7.412941226887 -0.663011051004 0.010115129435 -0.005263440536 0.006927070744 0.178885377563
0.000000000000 4500000000 0.999397721010 0.001734927685 -0.034658119768 -18.520105013049 -0.001925328880 0.999983234727 -0.005461078033 -2.878989158808 0.034648064140 0.005524517219 0.999384306141 -0.584152443507 -0.000000000000 -0.000000000000 -0.000000000000 1.000000000000 -7.412941226887 -0.663011051004 0.010115129435 -0.005263440536 0.006927070744 0.178885377563
0.000000000000 4500000000 0.999427976200 -0.000094786512 -0.033818802530 -18.516151492488 -0.000055851900 0.999990082418 -0.004453307402 -2.837129001730 0.033818889243 0.004452648849 0.999418058997 -0.571997041519 -0.000000000000 0.000000000000 -0.000000000000 1.000000000000 -7.522120798373 -0.642207738906 -0.212984484610 0.039963573345 0.029728514018 0.182010033075
0.000000000000 4600000000 0.999360799989 -0.018275174773 -0.030724736506 -19.214722327962 0.018005377442 0.999797067065 -0.009034991486 -3.242490137277 0.030883617493 0.008476005841 0.999487048188 -0.549353405662 -0.000000000000 0.000000000000 -0.000000000000 1.000000000000 -7.522120798373 -0.642207738906 -0.212984484610 0.039963573345 0.029728514018 0.182010033075
0.000000000000 4600000000 0.999352675091 -0.019302756810 -0.030358431569 -19.232643297230 0.019024225220 0.999774485244 -0.009437028648 -3.193655913956 0.030533745964 0.008853374185 0.999494526310 -0.540040766095 -0.000000000000 0.000000000000 -0.000000000000 1.000000000000 -7.330889455539 -0.817496438015 -0.033098381344 0.017760128148 0.011298518370 0.148473692821
0.000000000000 4700000000 0.998994358319 -0.034132959160 -0.029072549702 -19.916172948303 0.033806332931 0.999360460610 -0.011653395315 -3.565093101315 0.029451721528 0.010658839881 0.999509372258 -0.527234209695 -0.000000000000 0.000000000000 -0.000000000000 1.000000000000 -7.330889455539 -0.817496438015 -0.033098381344 0.017760128148 0.011298518370 0.148473692821
0.000000000000 4700000000 0.998877881567 -0.038359129103 -0.027776877615 -19.925341604677 0.038060803706 0.999212764376 -0.011190474976 -3.584155244814 0.028184267542 0.010120707651 0.999551508598 -0.506728299969 -0.000000000000 0.000000000000 -0.000000000000 1.000000000000 -7.410684578693 -0.815874271992 0.039055100762 0.076896454445 -0.015571008268 0.134590287372
0.000000000000 4800000000 0.998231307286 -0.051824714264 -0.029128270539 -20.614990828912 0.051276620039 0.998498769681 -0.019259158405 -3.934453199019 0.030082642678 0.017731495611 0.999390128365 -0.563288152984 -0.000000000000 0.000000000000 -0.000000000000 1.000000000000 -7.410684578693 -0.815874271992 0.039055100762 0.076896454445 -0.015571008268 0.134590287372
0.000000000000 4800000000 0.998018744723 -0.055725616522 -0.029210286635 -20.608143171098 0.055177481878 0.998291031311 -0.019247397158 -3.947814347214 0.030232940243 0.017597513089 0.999387961133 -0.571300021441 -0.000000000000 0.000000000000 -0.000000000000 1.000000000000 -7.499715687609 -0.779317713026 -0.156568284961 0.028942909266 -0.027822417742 0.142128091549
0.000000000000 4900000000 0.997046170858 -0.069960392831 -0.031693479018 -21.297650681047 0.069263696385 0.997342979761 -0.022572573713 -4.321775099843 0.033188454927 0.020310690679 0.999242714411 -0.657219157981 -0.000000000000 0.000000000000 -0.000000000000 1.000000000000 -7.499715687609 -0.779317713026 -0.156568284961 0.028942909266 -0.027822417742 0.142128091549
0.000000000000 4900000000 0.996882728984 -0.072017959252 -0.032221703849 -21.317751001834 0.071228658701 0.997146442937 -0.025008988727 -4.294578689160 0.033930853709 0.022635920185 0.999167809872 -0.678071878710 -0.000000000000 0.000000000000 -0.000000000000 1.000000000000 -7.679115507073 -0.774200010524 0.030991089209 0.088349069281 -0.011728307744 0.131383498134
0.000000000000 5000000000 0.995822025127 -0.085142401872 -0.033004025143 -22.026079382276 0.084011385785 0.995875530782 -0.034263891308 -4.650476199878 0.035785211061 0.031348023742 0.998867719008 -0.739898637133 -0.000000000000 0.000000000000 -0.000000000000 1.000000000000 -7.679115507073 -0.774200010524 0.030991089209 0.088349069281 -0.011728307744 0.131383498134
0.000000000000 5000000000 0.995614907004 -0.087699338374 -0.032554308461 -21.986499842600 0.086683619446 0.995740825796 -0.031403152122 -4.637033803283 0.035169689655 0.028443521093 0.998976505748 -0.735495834861 -0.000000000000 0.000000000000 -0.000000000000 1.000000000000 -7.721047116029 -0.585401453415 -0.185179660608 0.011499264745 0.001488905808 0.129731126243
0.000000000000 5100000000 0.994412096812 -0.100604917919 -0.031988000935 -22.696314529215 0.099551804646 0.994485987932 -0.032970562618 -4.984558758261 0.035128619458 0.029601863086 0.998944297645 -0.756218501792 -0.000000000000 0.000000000000 -0.000000000000 1.000000000000 -7.721047116029 -0.585401453415 -0.185179660608 0.011499264745 0.001488905808 0.129731126243
0.000000000000 5100000000 0.994417454223 -0.100551605555 -0.031989081851 -22.711934498591 0.099465395336 0.994463063045 -0.033909458417 -4.942701406269 0.035221610809 0.030538350640 0.998912832670 -0.753521203789 -0.000000000000 0.000000000000 -0.000000000000 1.000000000000 -7.788611550247 -0.490572068365 -0.122911512954 0.023970664053 -0.000656757449 0.107740285115
0.000000000000 5200000000 0.993286249409 -0.111261614766 -0.031674592588 -23.435905860316 0.110088483580 0.993245960396 -0.036646799863 -5.238523289971 0.035538043264 0.032913754523 0.998826177192 -0.779528759614 -0.000000000000 0.000000000000 -0.000000000000 1.000000000000 -7.788611550247 -0.490572068365 -0.122911512954 0.023970664053 -0.000656757449 0.107740285115
0.000000000000 5200000000 0.993242837384 -0.111711515993 -0.031451600587 -23.428759741391 0.110627421853 0.993268914838 -0.034328360746 -5.218878085221 0.035074770406 0.030616988944 0.998915592264 -0.762979223461 -0.000000000000 0.000000000000 -0.000000000000 1.000000000000 -7.767403659360 -0.358267681688 -0.088726448554 0.037399698525 0.003579392471 0.089637443422
0.000000000000 5300000000 0.992224467272 -0.120598152495 -0.030768362983 -24.157897461797 0.119394783070 0.992106196482 -0.038342935174 -5.465092475382 0.035149570715 0.034371216403 0.998790832538 -0.783312087199 -0.000000000000 0.000000000000 -0.000000000000 1.000000000000 -7.767403659360 -0.358267681688 -0.088726448554 0.037399698525 0.003579392471 0.089637443422
0.000000000000 5300000000 0.992263221906 -0.120474257643 -0.029994194419 -24.108190522237 0.119342175570 0.992161865936 -0.037044256124 -5.416433674043 0.034221975159 0.033178080518 0.998863389753 -0.754548105139 -0.000000000000 0.000000000000 -0.000000000000 1.000000000000 -7.809868181558 -0.297630418005 -0.272537358242 0.037026072536 0.001549217547 0.073228081050
0.000000000000 5400000000 0.991368495618 -0.127730481189 -0.029553850369 -24.848882569997 0.126477824250 0.991123403874 -0.040960447581 -5.622574397941 0.034523410455 0.036868990605 0.998723591222 -0.798444495995 -0.000000000000 0.000000000000 -0.000000000000 1.000000000000 -7.809868181558 -0.297630418005 -0.272537358242 0.037026072536 0.001549217547 0.073228081050
