0.000000000000 0 1.000000000000 -0.000000000000 0.000000000000 -0.000000000000 -0.000000000000 1.000000000000 -0.000000000000 0.000000000000 0.000000000000 -0.000000000000 1.000000000000 -0.000000000000 -0.000000000000 0.000000000000 -0.000000000000 1.000000000000 0.000000000000 0.000000000000 0.000000000000 0.000000000000 0.000000000000 0.000000000000
0.000000000000 100000000 1.000000000000 -0.000000000000 0.000000000000 -0.000000000000 -0.000000000000 1.000000000000 -0.000000000000 0.000000000000 0.000000000000 -0.000000000000 1.000000000000 -0.000000000000 -0.000000000000 0.000000000000 -0.000000000000 1.000000000000 0.000000000000 0.000000000000 0.000000000000 0.000000000000 0.000000000000 0.000000000000
0.000000000000 100000000 1.000000000000 -0.000000000000 0.000000000000 -0.000000000000 -0.000000000000 1.000000000000 -0.000000000000 0.000000000000 0.000000000000 -0.000000000000 1.000000000000 -0.000000000000 -0.000000000000 0.000000000000 -0.000000000000 1.000000000000 -11.500181464322 -0.141705244498 -0.066457514773 -0.008219772442 0.011102809305 0.026947007556
0.000000000000 200000000 0.999995752935 -0.002695152950 0.001109171743 -1.150001110432 0.002694240325 0.999996031474 0.000823471924 -0.015722541622 -0.001111386724 -0.000820480052 0.999999045816 -0.006001086844 -0.000000000000 0.000000000000 -0.000000000000 1.000000000000 -11.500181464322 -0.141705244498 -0.066457514773 -0.008219772442 0.011102809305 0.026947007556
0.000000000000 200000000 0.999959687385 -0.008774363059 -0.001906346843 -1.701592178920 0.008780252441 0.999956637506 0.003103268325 0.029546469306 0.001879034977 -0.003119881431 0.999993367762 0.033282950361 -0.000000000000 0.000000000000 -0.000000000000 1.000000000000 -11.710286142426 -1.026604474785 -1.180345366152 0.019324144930 0.046880868218 -0.073861453314
0.000000000000 300000000 0.999995109209 -0.001398375430 0.002797517607 -2.872822263533 0.001395113668 0.999998345229 0.001167560573 -0.056180779410 -0.002799145666 -0.001163652008 0.999995405338 -0.074056564946 -0.000000000000 0.000000000000 -0.000000000000 1.000000000000 -11.710286142426 -1.026604474785 -1.180345366152 0.019324144930 0.046880868218 -0.073861453314
0.000000000000 300000000 0.999958591341 -0.008898350223 -0.001906558725 -2.951912431783 0.008901898375 0.999958646162 0.001860691235 -0.035468827315 0.001889922799 -0.001877586178 0.999996451425 0.015763921341 -0.000000000000 0.000000000000 -0.000000000000 1.000000000000 -11.709029873371 -0.859721381550 -0.937441339539 -0.075482610775 0.030313446959 -0.053161929669
0.000000000000 400000000 0.999992855243 -0.003599463459 0.001154697336 -4.123263787820 0.003588439870 0.999949278429 0.009410827206 -0.102829644515 -0.001188512697 -0.009406616406 0.999955050492 -0.066731235489 -0.000000000000 0.000000000000 -0.000000000000 1.000000000000 -11.709029873371 -0.859721381550 -0.937441339539 -0.075482610775 0.030313446959 -0.053161929669
0.000000000000 400000000 0.999946015877 -0.010169630304 -0.002131654781 -4.193212602071 0.010174456154 0.999945672696 0.002265413736 -0.046502814720 0.002108500554 -0.002286979868 0.999995161963 -0.002307067604 -0.000000000000 0.000000000000 -0.000000000000 1.000000000000 -11.611451644765 -0.705133207761 -0.742614067919 -0.054854183412 0.021500945381 -0.045366687859
0.000000000000 500000000 0.999984071862 -0.005643964001 0.000041143027 -5.354755677111 0.005643475187 0.999954000618 0.007755503597 -0.095546656614 -0.000084912918 -0.007755147877 0.999969924783 -0.065912171839 -0.000000000000 0.000000000000 -0.000000000000 1.000000000000 -11.611451644765 -0.705133207761 -0.742614067919 -0.054854183412 0.021500945381 -0.045366687859
0.000000000000 500000000 0.999924096598 -0.012084630405 -0.002400572992 -5.406987792309 0.012091389820 0.999922915797 0.002821481327 -0.067798160039 0.002366291387 -0.002850293431 0.999993138223 -0.018419901614 -0.000000000000 0.000000000000 -0.000000000000 1.000000000000 -11.472043839085 -0.413136159320 -0.756484375506 -0.070800747578 0.029876591348 -0.045030114328
0.000000000000 600000000 0.999970922556 -0.007600985731 0.000615676960 -6.554673821110 0.007594515902 0.999922099928 0.009905422984 -0.082515263390 -0.000690919977 -0.009900459191 0.999950750556 -0.075664789261 -0.000000000000 0.000000000000 -0.000000000000 1.000000000000 -11.472043839085 -0.413136159320 -0.756484375506 -0.070800747578 0.029876591348 -0.045030114328
0.000000000000 600000000 0.999912012127 -0.013183515196 -0.001470690417 -6.608202207640 0.013189480580 0.999904514548 0.004123031520 -0.078720888935 0.001416193939 -0.004142066386 0.999990418794 -0.025716371446 -0.000000000000 0.000000000000 -0.000000000000 1.000000000000 -11.428910729309 -0.492179776303 -0.608885886212 -0.076209257839 0.020724465456 -0.057897581022
0.000000000000 700000000 0.999972330483 -0.007410724801 0.000647630642 -7.751676028382 0.007402608177 0.999903610610 0.011746100697 -0.086739246375 -0.000734615337 -0.011740981532 0.999930802452 -0.071090479708 -0.000000000000 0.000000000000 -0.000000000000 1.000000000000 -11.428910729309 -0.492179776303 -0.608885886212 -0.076209257839 0.020724465456 -0.057897581022
0.000000000000 700000000 0.999920304638 -0.012594449578 -0.000874192158 -7.806722214236 0.012599353187 0.999903507242 0.005850855038 -0.103437617084 0.000800419506 -0.005861403007 0.999982501489 -0.023439265831 -0.000000000000 0.000000000000 -0.000000000000 1.000000000000 -11.370051750814 -0.426452280403 -0.689940407569 -0.066103555458 0.017908553877 -0.065750447781
0.000000000000 800000000 0.999981303774 -0.006036388202 0.000976790861 -8.944461684866 0.006023751247 0.999904219261 0.012460606921 -0.091345302867 -0.001051914364 -0.012454490010 0.999921886527 -0.076786116252 -0.000000000000 0.000000000000 -0.000000000000 1.000000000000 -11.370051750814 -0.426452280403 -0.689940407569 -0.066103555458 0.017908553877 -0.065750447781
0.000000000000 800000000 0.999933880193 -0.011486668913 -0.000540072894 -9.007384579383 0.011490948889 0.999895837390 0.008733410720 -0.090684707753 0.000439698841 -0.008739039219 0.999961717196 -0.028469756714 -0.000000000000 0.000000000000 -0.000000000000 1.000000000000 -11.398493836906 -0.471961516560 -0.728231929919 -0.024160392634 0.018989347595 -0.088003622955
0.000000000000 900000000 0.999995293313 -0.002705866432 0.001446250115 -10.147982770743 0.002689582264 0.999934271416 0.011145357563 -0.053728600520 -0.001476312904 -0.011141415296 0.999936842688 -0.082929069584 -0.000000000000 0.000000000000 -0.000000000000 1.000000000000 -11.398493836906 -0.471961516560 -0.728231929919 -0.024160392634 0.018989347595 -0.088003622955
0.000000000000 900000000 0.999959164389 -0.008999719611 -0.000821341647 -10.221723303415 0.009006245936 0.999924813050 0.008322005841 -0.070763483470 0.000746384174 -0.008329063211 0.999965034197 -0.041943527427 -0.000000000000 0.000000000000 -0.000000000000 1.000000000000 -11.432692081038 -0.551277293301 -0.708497802506 -0.027664983271 0.024577345506 -0.101773815103
0.000000000000 1000000000 0.999997829863 0.001153204203 0.001735047454 -11.365602845482 -0.001172365943 0.999937886135 0.011083746175 -0.016217395047 -0.001722157861 -0.011085756232 0.999937068110 -0.086142285625 -0.000000000000 0.000000000000 -0.000000000000 1.000000000000 -11.432692081038 -0.551277293301 -0.708497802506 -0.027664983271 0.024577345506 -0.101773815103
0.000000000000 1000000000 0.999988645631 -0.004699613483 -0.000788822716 -11.441015984197 0.004704601336 0.999968163071 0.006445119841 -0.034135491639 0.000758508030 -0.006448757757 0.999978918872 -0.049074736680 -0.000000000000 0.000000000000 -0.000000000000 1.000000000000 -11.641587230445 -0.472337615034 -0.767299502152 -0.068389435536 0.027746032126 -0.095314093589
0.000000000000 1100000000 0.999986298683 0.004803903401 0.002079653417 -12.605386876003 -0.004831102891 0.999900177730 0.013277613504 0.032743746460 -0.002015661449 -0.013287478603 0.999909685932 -0.092434039019 -0.000000000000 0.000000000000 -0.000000000000 1.000000000000 -11.641587230445 -0.472337615034 -0.767299502152 -0.068389435536 0.027746032126 -0.095314093589
0.000000000000 1100000000 0.999998530275 -0.001691956710 -0.000277003189 -12.689916547678 0.001693034551 0.999990812011 0.003938213832 -0.013179002481 0.000270337357 -0.003938677020 0.999992206840 -0.056287815327 -0.000000000000 0.000000000000 -0.000000000000 1.000000000000 -11.850240580444 -0.531459493553 -0.711089517689 -0.116953415349 0.020777180680 -0.087259593827
0.000000000000 1200000000 0.999973629127 0.007013141015 0.001885975423 -13.874955602161 -0.007041766764 0.999853110392 0.015625977110 0.048661772685 -0.001776111212 -0.015638845638 0.999876128296 -0.099997443638 -0.000000000000 0.000000000000 -0.000000000000 1.000000000000 -11.850240580444 -0.531459493553 -0.711089517689 -0.116953415349 0.020777180680 -0.087259593827
0.000000000000 1200000000 0.999998690032 0.001618607603 0.000006597637 -13.942601561636 -0.001618621000 0.999991355684 0.003829963828 0.022824417479 -0.000000398371 -0.003829969489 0.999992665640 -0.057933531343 -0.000000000000 0.000000000000 -0.000000000000 1.000000000000 -11.835730483499 -0.429102702472 -0.814928803785 -0.056040978448 0.023325336161 -0.084414126571
0.000000000000 1300000000 0.999946687786 0.010044173409 0.002395029422 -15.125845482028 -0.010066325457 0.999904925811 0.009423822489 0.102143850116 -0.002300147209 -0.009447429230 0.999952726584 -0.105870366413 -0.000000000000 0.000000000000 -0.000000000000 1.000000000000 -11.835730483499 -0.429102702472 -0.814928803785 -0.056040978448 0.023325336161 -0.084414126571
0.000000000000 1300000000 0.999994896141 0.003142573718 0.000576126799 -15.215935505690 -0.003143214366 0.999994439056 0.001114477772 0.029166330862 -0.000572621267 -0.001116282974 0.999999213008 -0.061390801237 -0.000000000000 0.000000000000 -0.000000000000 1.000000000000 -11.946593521152 -0.491987175347 -0.757155288122 -0.048803507110 0.029989333810 -0.100297919953
0.000000000000 1400000000 0.999906868552 0.013161222031 0.003610603307 -16.409993333084 -0.013182640358 0.999895260218 0.005973825123 0.138198325493 -0.003531602295 -0.006020866057 0.999975638182 -0.090087636818 -0.000000000000 0.000000000000 -0.000000000000 1.000000000000 -11.946593521152 -0.491987175347 -0.757155288122 -0.048803507110 0.029989333810 -0.100297919953
0.000000000000 1400000000 0.999983316893 0.005576457064 0.001506340753 -16.475724014201 -0.005572859220 0.999981634020 -0.002382196954 0.050732220665 -0.001519597307 0.002373762587 0.999996028030 -0.050116839928 -0.000000000000 0.000000000000 -0.000000000000 1.000000000000 -12.062159609438 -0.515153680947 -0.877871840767 -0.029302014610 0.027897774539 -0.063864861927
0.000000000000 1500000000 0.999919210994 0.011965186909 0.004290196747 -17.681633748206 -0.011967566819 0.999928245919 0.000529489114 0.108082952135 -0.004283553472 -0.000580789553 0.999990656883 -0.090489080278 -0.000000000000 0.000000000000 -0.000000000000 1.000000000000 -12.062159609438 -0.515153680947 -0.877871840767 -0.029302014610 0.027897774539 -0.063864861927
0.000000000000 1500000000 0.999984752643 0.005200327821 0.001857706076 -17.768655135766 -0.005185289809 0.999954474856 -0.008010055231 0.041058311566 -0.001899276416 0.008000300355 0.999966193400 -0.056095416415 -0.000000000000 0.000000000000 -0.000000000000 1.000000000000 -12.134714472333 -0.850437957166 -0.786210083475 -0.081552899486 0.017278168273 -0.062753184760
0.000000000000 1600000000 0.999927738308 0.011482119072 0.003560772912 -18.981917857883 -0.011482648032 0.999934064013 0.000128143478 0.070673645647 -0.003559066770 -0.000169021320 0.999993652218 -0.103417971820 -0.000000000000 0.000000000000 -0.000000000000 1.000000000000 -12.134714472333 -0.850437957166 -0.786210083475 -0.081552899486 0.017278168273 -0.062753184760
0.000000000000 1600000000 0.999989397697 0.004430545201 0.001254895631 -19.051440969553 -0.004416756813 0.999932083484 -0.010785206468 0.008145852401 -0.001302594748 0.010779549551 0.999941050542 -0.078598617951 -0.000000000000 0.000000000000 -0.000000000000 1.000000000000 -12.173830182391 -0.784341031926 -0.717747816206 -0.069068499819 0.016560069780 -0.050051280455
0.000000000000 1700000000 0.999951240608 0.009447527405 0.002874131439 -20.268900366916 -0.009436318256 0.999947914859 -0.003888890208 0.027433634191 -0.002910722136 0.003861579369 0.999988307882 -0.117935535622 -0.000000000000 0.000000000000 -0.000000000000 1.000000000000 -12.173830182391 -0.784341031926 -0.717747816206 -0.069068499819 0.016560069780 -0.050051280455
0.000000000000 1700000000 0.999998442578 0.001443990967 0.001014756795 -20.337233868492 -0.001428594636 0.999886280931 -0.015012805336 -0.060194937767 -0.001036319754 0.015011332279 0.999886786564 -0.102984959172 -0.000000000000 0.000000000000 -0.000000000000 1.000000000000 -12.281082372282 -0.748560542182 -0.588171813527 -0.113198595712 0.013981254809 -0.040721110806
0.000000000000 1800000000 0.999981895581 0.005528946945 0.002374711865 -21.565734593894 -0.005520137396 0.999977917302 -0.003700404130 -0.051065036769 -0.002395118763 0.003687228400 0.999990333830 -0.131875202724 -0.000000000000 0.000000000000 -0.000000000000 1.000000000000 -12.281082372282 -0.748560542182 -0.588171813527 -0.113198595712 0.013981254809 -0.040721110806
0.000000000000 1800000000 0.999997316147 -0.001905177345 0.001318331436 -21.637444706424 0.001923576702 0.999898754658 -0.014098946252 -0.136863847796 -0.001291336968 0.014101444324 0.999899735832 -0.108719256579 -0.000000000000 0.000000000000 -0.000000000000 1.000000000000 -12.647589678053 -0.880669758672 -0.550435294704 -0.094891598546 0.017686048927 -0.051811834405
0.000000000000 1900000000 0.999989964525 0.003292302125 0.003038354240 -22.903053020815 -0.003278240339 0.999983947189 -0.004621526284 -0.110646445628 -0.003053520927 0.004611519449 0.999984704832 -0.123196089639 -0.000000000000 0.000000000000 -0.000000000000 1.000000000000 -12.647589678053 -0.880669758672 -0.550435294704 -0.094891598546 0.017686048927 -0.051811834405
0.000000000000 1900000000 0.999987245692 -0.004201884234 0.002802253071 -22.956236029937 0.004237467348 0.999908901186 -0.012815350139 -0.203497294708 -0.002748149171 0.012827061144 0.999913953387 -0.084902656841 -0.000000000000 0.000000000000 -0.000000000000 1.000000000000 -12.966445529718 -1.031361239405 -0.593793765458 -0.046866246672 0.020506887043 -0.046087292279
0.000000000000 2000000000 0.999988366640 0.000428079872 0.004804511756 -24.253993514234 -0.000388930001 0.999966740739 -0.008146542227 -0.198266272346 -0.004807839332 0.008144578836 0.999955274258 -0.094931515492 -0.000000000000 0.000000000000 -0.000000000000 1.000000000000 -12.966445529718 -1.031361239405 -0.593793765458 -0.046866246672 0.020506887043 -0.046087292279
0.000000000000 2000000000 0.999958382992 -0.008190279845 0.004018905456 -24.283275656526 0.008243179854 0.999877203921 -0.013327680373 -0.307190945879 -0.003909254518 0.013360254275 0.999903105973 -0.061720042027 -0.000000000000 0.000000000000 -0.000000000000 1.000000000000 -12.877356770962 -0.943464977819 -0.643560951688 -0.096404185022 0.011360020675 -0.027404303706
0.000000000000 2100000000 0.999972034838 -0.005440317961 0.005131518581 -25.571979600078 0.005459340378 0.999978251522 -0.003700281811 -0.333980234091 -0.005111276269 0.003728193039 0.999979987516 -0.094665149882 -0.000000000000 0.000000000000 -0.000000000000 1.000000000000 -12.877356770962 -0.943464977819 -0.643560951688 -0.096404185022 0.011360020675 -0.027404303706
0.000000000000 2100000000 0.999875759510 -0.015081505650 0.004584073631 -25.607072253640 0.015138800899 0.999804334808 -0.012732195703 -0.488293424082 -0.004391156006 0.012800011227 0.999908434539 -0.059292319952 -0.000000000000 0.000000000000 -0.000000000000 1.000000000000 -12.889151319226 -1.256162562398 -0.586297005637 -0.044059818992 0.008773624616 -0.082130477232
0.000000000000 2200000000 0.999962024627 -0.006860141167 0.005374734058 -26.899703531142 0.006904972171 0.999941152352 -0.008367388669 -0.398624485694 -0.005317016301 0.008404183303 0.999950548298 -0.092930516099 -0.000000000000 0.000000000000 -0.000000000000 1.000000000000 -12.889151319226 -1.256162562398 -0.586297005637 -0.044059818992 0.008773624616 -0.082130477232
0.000000000000 2200000000 0.999814761747 -0.018752049868 0.004336221733 -26.957242451226 0.018811599003 0.999723249426 -0.014126156605 -0.594239461357 -0.004070127288 0.014205111165 0.999890818480 -0.072027704581 -0.000000000000 0.000000000000 -0.000000000000 1.000000000000 -13.013481427033 -1.272854006091 -0.751988161946 -0.085591399921 0.010619993597 -0.064772715850
0.000000000000 2300000000 0.999910549267 -0.012265356802 0.005334274809 -28.262377980059 0.012295203030 0.999908736275 -0.005598848370 -0.543481115662 -0.005265116110 0.005663933541 0.999970098758 -0.113030160508 -0.000000000000 0.000000000000 -0.000000000000 1.000000000000 -13.013481427033 -1.272854006091 -0.751988161946 -0.085591399921 0.010619993597 -0.064772715850
0.000000000000 2300000000 0.999723313837 -0.022972960514 0.005053598352 -28.282347905408 0.023051582731 0.999604752637 -0.016092328565 -0.739066257473 -0.004681912502 0.016204369481 0.999857738933 -0.084647695562 -0.000000000000 0.000000000000 -0.000000000000 1.000000000000 -13.205364915307 -0.795153177049 -0.274309407154 -0.068055124109 -0.007859882302 -0.064023304289
0.000000000000 2400000000 0.999853737155 -0.016582486237 0.004186340697 -29.607199859839 0.016620910920 0.999818452874 -0.009317006676 -0.633997105865 -0.004031081544 0.009385224740 0.999947832608 -0.130152099577 -0.000000000000 0.000000000000 -0.000000000000 1.000000000000 -13.205364915307 -0.795153177049 -0.274309407154 -0.068055124109 -0.007859882302 -0.064023304289
0.000000000000 2400000000 0.999634286912 -0.026773884376 0.003801518817 -29.645675653570 0.026842068918 0.999455499080 -0.019188764796 -0.864473173545 -0.003285691116 0.019283787844 0.999808651573 -0.128601719446 -0.000000000000 0.000000000000 -0.000000000000 1.000000000000 -13.362825945888 -0.826892109565 -0.442077097968 -0.136247404040 -0.002537256216 -0.037994968025
0.000000000000 2500000000 0.999729817349 -0.022979054953 0.003500762454 -30.985148637723 0.022998364263 0.999719935106 -0.005579121214 -0.834005040854 -0.003371579080 0.005658125642 0.999978308799 -0.168925411698 -0.000000000000 0.000000000000 -0.000000000000 1.000000000000 -13.362825945888 -0.826892109565 -0.442077097968 -0.136247404040 -0.002537256216 -0.037994968025
0.000000000000 2500000000 0.999441869832 -0.033210158138 0.003610294178 -31.010369313874 0.033276508534 0.999241877383 -0.020207534839 -1.047889128556 -0.002936461704 0.020316394389 0.999789288456 -0.155484419555 -0.000000000000 0.000000000000 -0.000000000000 1.000000000000 -13.374265802898 -0.857902346608 -0.235020846560 -0.110789505021 -0.011788908168 -0.071657887791
0.000000000000 2600000000 0.999657523649 -0.026065753889 0.002326346151 -32.354598904572 0.026086014448 0.999617815511 -0.009151107180 -0.908645465914 -0.002086926550 0.009208658241 0.999955421682 -0.205490240964 -0.000000000000 0.000000000000 -0.000000000000 1.000000000000 -13.374265802898 -0.857902346608 -0.235020846560 -0.110789505021 -0.011788908168 -0.071657887791
0.000000000000 2600000000 0.999383478930 -0.035016404100 0.002552153195 -32.401272675061 0.035066566701 0.999111630812 -0.023372742154 -1.128685937086 -0.001731456557 0.023447827616 0.999723562510 -0.209230158265 -0.000000000000 0.000000000000 -0.000000000000 1.000000000000 -13.543443640455 -0.836207904451 -0.166635161543 -0.148178967989 -0.007997557262 0.002582814599
0.000000000000 2700000000 0.999375665066 -0.035287311009 0.001756632009 -33.755135582243 0.035301094729 0.999340093074 -0.008556347695 -1.224141288958 -0.001453542293 0.008613016701 0.999961850851 -0.234917086884 -0.000000000000 0.000000000000 -0.000000000000 1.000000000000 -13.543443640455 -0.836207904451 -0.166635161543 -0.148178967989 -0.007997557262 0.002582814599
0.000000000000 2700000000 0.999064765541 -0.043173100280 0.002382785381 -33.753689493450 0.043214684151 0.998830580835 -0.021678603782 -1.437960555036 -0.001444066371 0.021761300522 0.999762151950 -0.223713993311 -0.000000000000 0.000000000000 -0.000000000000 1.000000000000 -13.606233347916 -0.908111378469 -0.222151366680 -0.142480464541 -0.004797745787 -0.043355165619
0.000000000000 2800000000 0.999243408118 -0.038848757440 0.001839939839 -35.120317828873 0.038861428905 0.999216901194 -0.007441351484 -1.382787937656 -0.001549411725 0.007507224109 0.999970620023 -0.242349341259 -0.000000000000 0.000000000000 -0.000000000000 1.000000000000 -13.606233347916 -0.908111378469 -0.222151366680 -0.142480464541 -0.004797745787 -0.043355165619
0.000000000000 2800000000 0.998758845178 -0.049703856696 0.003208708216 -35.120646582760 0.049764984302 0.998492600233 -0.023151104002 -1.655885894654 -0.002053172254 0.023282051211 0.999726827976 -0.221705315274 -0.000000000000 0.000000000000 -0.000000000000 1.000000000000 -13.689939348635 -1.016005339325 -0.144174475169 -0.148438909214 0.000886546403 -0.042868998327
0.000000000000 2900000000 0.998962713015 -0.045420984591 0.003229886146 -36.496655970474 0.045446503110 0.998932100958 -0.008323042154 -1.607172119744 -0.002848396184 0.008461195801 0.999960146608 -0.208722384325 -0.000000000000 0.000000000000 -0.000000000000 1.000000000000 -13.689939348635 -1.016005339325 -0.144174475169 -0.148438909214 0.000886546403 -0.042868998327
0.000000000000 2900000000 0.998507770386 -0.054460468355 0.004036070440 -36.501590769762 0.054533087645 0.998294348819 -0.020845514318 -1.858809626129 -0.002893929839 0.021034507407 0.999774561923 -0.188655181685 -0.000000000000 0.000000000000 -0.000000000000 1.000000000000 -13.809381876507 -1.123235077712 -0.280143420709 -0.124706398072 -0.004229127423 -0.018475422950
0.000000000000 3000000000 0.998608060782 -0.052622049162 0.003586207352 -37.885922042836 0.052650561502 0.998577807043 -0.008383415408 -1.904895160626 -0.003139954575 0.008560562035 0.999958427867 -0.208928936024 -0.000000000000 0.000000000000 -0.000000000000 1.000000000000 -13.809381876507 -1.123235077712 -0.280143420709 -0.124706398072 -0.004229127423 -0.018475422950
0.000000000000 3000000000 0.998021635233 -0.062761934956 0.003708790627 -37.885378703401 0.062821602566 0.997842092117 -0.019094644575 -2.171377679174 -0.002502370558 0.019289860573 0.999810801812 -0.214900720726 -0.000000000000 0.000000000000 -0.000000000000 1.000000000000 -13.744274201010 -1.317859341141 -0.191617927844 -0.103964998555 -0.010643034336 -0.060184823699
0.000000000000 3100000000 0.998384009003 -0.056769819044 0.002560900723 -39.272334894055 0.056790137957 0.998348073189 -0.008718084062 -2.073407490313 -0.002061746248 0.008849429622 0.999958717547 -0.253049836610 -0.000000000000 0.000000000000 -0.000000000000 1.000000000000 -13.744274201010 -1.317859341141 -0.191617927844 -0.103964998555 -0.010643034336 -0.060184823699
0.000000000000 3100000000 0.997691458065 -0.067861018696 0.002576168737 -39.312151602705 0.067899739011 0.997480359141 -0.020556229452 -2.370981197489 -0.001174711046 0.020683695719 0.999785379362 -0.276992895874 -0.000000000000 0.000000000000 -0.000000000000 1.000000000000 -13.783407741127 -1.269602315187 -0.161102691814 -0.153885943755 -0.016230813363 -0.035193677441
0.000000000000 3200000000 0.997925642219 -0.064370709282 0.000907958585 -40.698336248039 0.064374562923 0.997912387409 -0.005175200819 -2.361751029148 -0.000572931772 0.005222915038 0.999986196359 -0.321614520200 -0.000000000000 0.000000000000 -0.000000000000 1.000000000000 -13.783407741127 -1.269602315187 -0.161102691814 -0.153885943755 -0.016230813363 -0.035193677441
0.000000000000 3200000000 0.997238824081 -0.074247053172 0.001450117558 -40.741765466810 0.074261011627 0.997000505604 -0.021801238000 -2.632351682578 0.000172909738 0.021848728144 0.999761273095 -0.341689637107 -0.000000000000 0.000000000000 -0.000000000000 1.000000000000 -14.044988238723 -1.337242662892 -0.138127914041 -0.144006588410 -0.004175022251 -0.042993802868
0.000000000000 3300000000 0.997548941230 -0.069965485773 0.000969872361 -42.157357578077 0.069970765806 0.997521539573 -0.007407430101 -2.592740736680 -0.000449204125 0.007457136766 0.999972094274 -0.335177915537 -0.000000000000 0.000000000000 -0.000000000000 1.000000000000 -14.044988238723 -1.337242662892 -0.138127914041 -0.144006588410 -0.004175022251 -0.042993802868
0.000000000000 3300000000 0.996746216557 -0.080578571043 0.002018332954 -42.150683241434 0.080600930566 0.996610582061 -0.016457147848 -2.912169959133 -0.000685398523 0.016566279367 0.999862534860 -0.309391487042 -0.000000000000 0.000000000000 -0.000000000000 1.000000000000 -14.114548421450 -1.146318589083 -0.182655577521 -0.053642558756 0.004139532671 -0.054952990220
0.000000000000 3400000000 0.997173619743 -0.075094733044 0.002356513801 -43.577942172000 0.075116406906 0.997112929858 -0.011105427687 -2.792869281287 -0.001515751253 0.011251052375 0.999935556083 -0.294608013010 -0.000000000000 0.000000000000 -0.000000000000 1.000000000000 -14.114548421450 -1.146318589083 -0.182655577521 -0.053642558756 0.004139532671 -0.054952990220
0.000000000000 3400000000 0.996513650359 -0.083356404213 0.003500646282 -43.609445146774 0.083412361833 0.996286781998 -0.021331336307 -3.081601900460 -0.001709544128 0.021548964985 0.999766332483 -0.275326954362 -0.000000000000 0.000000000000 -0.000000000000 1.000000000000 -14.250236183192 -0.975163421348 -0.248952845705 -0.193724531673 0.013062547462 -0.014107183746
0.000000000000 3500000000 0.996626160891 -0.081935023055 0.004790347037 -45.039143428495 0.081945193448 0.996634897090 -0.001966512901 -3.121025456320 -0.004613100746 0.002352424118 0.999986592611 -0.182237190585 -0.000000000000 0.000000000000 -0.000000000000 1.000000000000 -14.250236183192 -0.975163421348 -0.248952845705 -0.193724531673 0.013062547462 -0.014107183746
0.000000000000 3500000000 0.995961666797 -0.089580897018 0.005968346525 -45.077058130822 0.089681081715 0.995780987488 -0.019430093677 -3.374020142056 -0.004202600776 0.019886876257 0.999793403809 -0.178988578004 -0.000000000000 0.000000000000 -0.000000000000 1.000000000000 -14.470385633810 -0.973401968699 -0.032704668327 -0.129717975829 -0.001533177526 -0.047924953346
0.000000000000 3600000000 0.996380602970 -0.084809184195 0.005752938460 -46.539956963244 0.084845992534 0.996372955530 -0.006487760712 -3.253930824324 -0.005181850604 0.006952392704 0.999962405623 -0.146286053097 -0.000000000000 0.000000000000 -0.000000000000 1.000000000000 -14.470385633810 -0.973401968699 -0.032704668327 -0.129717975829 -0.001533177526 -0.047924953346
0.000000000000 3600000000 0.995414719102 -0.095367959191 0.007381690474 -46.537300240959 0.095473021904 0.995311269876 -0.015504133208 -3.602557525100 -0.005868482176 0.016137794699 0.999852555380 -0.113586538061 -0.000000000000 0.000000000000 -0.000000000000 1.000000000000 -14.650855669880 -1.299934968079 0.094707196834 -0.065720261749 -0.015149523518 -0.090334489216
0.000000000000 3700000000 0.996244586510 -0.086392069240 0.005756233256 -48.033399638110 0.086441575264 0.996216340510 -0.008992050245 -3.306273004009 -0.004957611802 0.009455859249 0.999943002781 -0.153041448659 -0.000000000000 0.000000000000 -0.000000000000 1.000000000000 -14.650855669880 -1.299934968079 0.094707196834 -0.065720261749 -0.015149523518 -0.090334489216
0.000000000000 3700000000 0.995201781953 -0.097598421609 0.006925409600 -48.014093532340 0.097704834972 0.995066925311 -0.017192422018 -3.729791303917 -0.005213292784 0.017786575031 0.999828214908 -0.150239085094 -0.000000000000 0.000000000000 -0.000000000000 1.000000000000 -14.979059066548 -1.289499628957 0.016379028428 -0.141517277363 -0.013886096068 -0.045185208307
0.000000000000 3800000000 0.995640160359 -0.093115619451 0.005491128669 -49.528435643758 0.093133368438 0.995648909890 -0.003069840029 -3.640587850589 -0.005181386217 0.003567863328 0.999980211598 -0.164165840983 -0.000000000000 0.000000000000 -0.000000000000 1.000000000000 -14.979059066548 -1.289499628957 0.016379028428 -0.141517277363 -0.013886096068 -0.045185208307
0.000000000000 3800000000 0.994733112558 -0.102296155357 0.006444484439 -49.512005942831 0.102383875623 0.994628919598 -0.015193890625 -3.983794873364 -0.004855593999 0.015773677407 0.999863797878 -0.177973548947 -0.000000000000 0.000000000000 -0.000000000000 1.000000000000 -15.020240622820 -1.335172528038 0.006507772701 -0.084337069217 -0.013282558392 -0.045888576968
0.000000000000 3900000000 0.995198508353 -0.097745923957 0.005065897912 -51.031836486590 0.097779146007 0.995184993757 -0.006787253225 -3.888259073400 -0.004378079244 0.007250003457 0.999964134293 -0.210896793562 -0.000000000000 0.000000000000 -0.000000000000 1.000000000000 -15.020240622820 -1.335172528038 0.006507772701 -0.084337069217 -0.013282558392 -0.045888576968
0.000000000000 3900000000 0.994355099096 -0.105905076145 0.006484731888 -51.018354759776 0.106009765639 0.994187558377 -0.018789048857 -4.147094589172 -0.004457184112 0.019370431446 0.999802440433 -0.221469719444 -0.000000000000 0.000000000000 -0.000000000000 1.000000000000 -14.943067243724 -1.215382337422 0.367294427508 -0.111691032578 -0.018176903070 -0.043405543619
0.000000000000 4000000000 0.994813289044 -0.101613331251 0.004609864724 -52.530033514449 0.101646502549 0.994791203837 -0.007645213367 -4.046438842378 -0.003808997280 0.008074136481 0.999960149136 -0.233086599992 -0.000000000000 0.000000000000 -0.000000000000 1.000000000000 -14.943067243724 -1.215382337422 0.367294427508 -0.111691032578 -0.018176903070 -0.043405543619
0.000000000000 4000000000 0.994017395494 -0.109019352748 0.006648171279 -52.551969156022 0.109117331408 0.993887145568 -0.016785406174 -4.318238698380 -0.004777597859 0.017410416436 0.999837012697 -0.206820224470 -0.000000000000 0.000000000000 -0.000000000000 1.000000000000 -14.863726143646 -1.570501483196 0.236225574229 -0.108242656178 -0.009756961799 -0.023184600224
0.000000000000 4099999000 0.994272407436 -0.106726287872 0.005646174682 -54.048202773257 0.106759634323 0.994266897651 -0.005976346326 -4.353852029707 -0.004975971326 0.006544899794 0.999966201427 -0.188264532120 -0.000000000000 0.000000000000 -0.000000000000 1.000000000000 -14.863726143646 -1.570501483196 0.236225574229 -0.108242656178 -0.009756961799 -0.023184600224
0.000000000000 4099999000 0.993375396131 -0.114674430823 0.007422754010 -54.073443110565 0.114782291016 0.993257703636 -0.016252994735 -4.670567974204 -0.005508904682 0.016997325794 0.999840358700 -0.168190749615 -0.000000000000 0.000000000000 -0.000000000000 1.000000000000 -14.796669723974 -1.628775915416 0.021519549515 -0.087489595042 -0.014180938544 -0.059193141217
0.000000000000 4200000000 0.994044795348 -0.108810515184 0.005934359841 -55.580024024352 0.108853840414 0.994029136233 -0.007544385143 -4.510532313588 -0.005078018153 0.008145434644 0.999953931752 -0.203619553265 -0.000000000000 0.000000000000 -0.000000000000 1.000000000000 -14.796669723974 -1.628775915416 0.021519549515 -0.087489595042 -0.014180938544 -0.059193141217
0.000000000000 4200000000 0.992884024084 -0.118916585162 0.006337230627 -55.547930825584 0.118995674754 0.992795261695 -0.014056946513 -4.969626492007 -0.004619968462 0.014711020655 0.999881113814 -0.216573552122 -0.000000000000 0.000000000000 -0.000000000000 1.000000000000 -14.991125995363 -1.539490635929 -0.143840457501 -0.039113066823 -0.010779524105 -0.060935181662
0.000000000000 4300000000 0.993595285632 -0.112878335839 0.005185524874 -57.076493613913 0.112926460506 0.993551186366 -0.010181089735 -4.781391305816 -0.004002859924 0.010701465734 0.999934725741 -0.272587016173 -0.000000000000 0.000000000000 -0.000000000000 1.000000000000 -14.991125995363 -1.539490635929 -0.143840457501 -0.039113066823 -0.010779524105 -0.060935181662
0.000000000000 4300000000 0.992457055811 -0.122489232162 0.005037893942 -57.058073642290 0.122541646699 0.992391913852 -0.011909414150 -5.156567708490 -0.003540790216 0.012436933924 0.999916389244 -0.286995361535 -0.000000000000 0.000000000000 -0.000000000000 1.000000000000 -15.157150692264 -1.206514960836 -0.141725012644 -0.020303363443 -0.011454489555 -0.062780669951
0.000000000000 4400000000 0.993210341004 -0.116269494092 0.003824038081 -58.605039361391 0.116302266261 0.993164454465 -0.009907030346 -4.914801551184 -0.002646013288 0.010284509283 0.999943612151 -0.357185358725 -0.000000000000 0.000000000000 -0.000000000000 1.000000000000 -15.157150692264 -1.206514960836 -0.141725012644 -0.020303363443 -0.011454489555 -0.062780669951
0.000000000000 4400000000 0.991983727969 -0.126282995699 0.004570387446 -58.573091153628 0.126336746402 0.991881607717 -0.014488021988 -5.385711000191 -0.002703692430 0.014949289942 0.999884597730 -0.345508997346 -0.000000000000 0.000000000000 -0.000000000000 1.000000000000 -15.507741353844 -1.083108774217 -0.020221630334 -0.080662397747 -0.008691962893 -0.091279365473
0.000000000000 4500000000 0.993097886573 -0.117233045965 0.003605637052 -60.170765422951 0.117254492534 0.993080891918 -0.006459573342 -4.954907422605 -0.002823413801 0.006837765777 0.999972636272 -0.357422613671 -0.000000000000 0.000000000000 -0.000000000000 1.000000000000 -15.507741353844 -1.083108774217 -0.020221630334 -0.080662397747 -0.008691962893 -0.091279365473
0.000000000000 4500000000 0.991793816249 -0.127729608041 0.005493021058 -60.157027632057 0.127786962272 0.991731342703 -0.011808309538 -5.488323442979 -0.003939330400 0.012413344855 0.999915191677 -0.287111227610 -0.000000000000 0.000000000000 -0.000000000000 1.000000000000 -15.629441451868 -1.478856423058 -0.077393411357 -0.024740062534 -0.007385085971 -0.032190936363
0.000000000000 4600000000 0.992202774336 -0.124544656337 0.004720506181 -61.737337567638 0.124584396455 0.992164950303 -0.009350911722 -5.440772925313 -0.003518914694 0.009866101966 0.999945137131 -0.326340243089 -0.000000000000 0.000000000000 -0.000000000000 1.000000000000 -15.629441451868 -1.478856423058 -0.077393411357 -0.024740062534 -0.007385085971 -0.032190936363
0.000000000000 4600000000 0.991072658200 -0.133187199101 0.006012999627 -61.699994993459 0.133242883830 0.991032215028 -0.010073861527 -5.834633843989 -0.004617366938 0.010785118132 0.999931178207 -0.251416867691 -0.000000000000 0.000000000000 -0.000000000000 1.000000000000 -15.783181068997 -1.359875468665 -0.122811959909 -0.024181659591 -0.002333655252 -0.063797985451
0.000000000000 4700000000 0.991903597715 -0.126864102264 0.005722971036 -63.314645862492 0.126906098594 0.991884900512 -0.007693261680 -5.572459959742 -0.004700529820 0.008357253865 0.999954029607 -0.264490957509 -0.000000000000 0.000000000000 -0.000000000000 1.000000000000 -15.783181068997 -1.359875468665 -0.122811959909 -0.024181659591 -0.002333655252 -0.063797985451
0.000000000000 4700000000 0.990638263099 -0.136321067548 0.007238661946 -63.287337318839 0.136397837552 0.990587920421 -0.011454336626 -6.030034423743 -0.005609063687 0.012334441976 0.999908195759 -0.199863289779 -0.000000000000 0.000000000000 -0.000000000000 1.000000000000 -16.007607133384 -1.615198574248 0.078419221907 -0.072681162176 -0.010640607271 -0.068583349922
0.000000000000 4800000000 0.991556206510 -0.129533101437 0.006120862918 -64.928290074898 0.129560055925 0.991562543992 -0.004232405923 -5.753394435998 -0.005520981741 0.004989687703 0.999972310505 -0.217407739951 -0.000000000000 0.000000000000 -0.000000000000 1.000000000000 -16.007607133384 -1.615198574248 0.078419221907 -0.072681162176 -0.010640607271 -0.068583349922
0.000000000000 4800000000 0.989986413897 -0.140930021016 0.008101202180 -64.889198191136 0.140964630627 0.990007068401 -0.003870068178 -6.360469032317 -0.007474838631 0.004973297890 0.999959695736 -0.103698309466 -0.000000000000 0.000000000000 -0.000000000000 1.000000000000 -16.140560567134 -1.814235773723 -0.074174876976 0.041125499373 -0.014500452993 -0.070558939875
0.000000000000 4900000000 0.990965876657 -0.133951295368 0.006609218645 -66.546898705726 0.134002520726 0.990948421328 -0.008034345418 -6.077501900331 -0.005473183806 0.008847414109 0.999945882297 -0.231990285804 -0.000000000000 0.000000000000 -0.000000000000 1.000000000000 -16.140560567134 -1.814235773723 -0.074174876976 0.041125499373 -0.014500452993 -0.070558939875
0.000000000000 4900000000 0.989371707257 -0.145266950749 0.006413883365 -66.494830134741 0.145293173433 0.989381236640 -0.003829143182 -6.710159965142 -0.005789527901 0.004720339395 0.999972099492 -0.210869561580 -0.000000000000 0.000000000000 -0.000000000000 1.000000000000 -16.172911788031 -1.585584002080 -0.331786603026 -0.003510869339 -0.019333656228 -0.044915849095
0.000000000000 5000000000 0.990023710221 -0.140830128491 0.004464091036 -68.141377781367 0.140846147681 0.990025300296 -0.003502492990 -6.566455228540 -0.003926306531 0.004096301130 0.999983902087 -0.371868046229 -0.000000000000 0.000000000000 -0.000000000000 1.000000000000 -16.172911788031 -1.585584002080 -0.331786603026 -0.003510869339 -0.019333656228 -0.044915849095
0.000000000000 5000000000 0.988999257249 -0.147859138902 0.004259601308 -68.104206616091 0.147859003688 0.989008389075 0.000348377828 -6.917057301574 -0.004264292274 0.000285274992 0.999990867173 -0.344365302284 -0.000000000000 0.000000000000 -0.000000000000 1.000000000000 -16.174034160933 -1.541321345080 -0.143740070987 0.080270148396 -0.018312579491 -0.012157653240
0.000000000000 5100000000 0.989183370831 -0.146664186220 0.002423912503 -69.729250624535 0.146678709346 0.989154353072 -0.007682579269 -6.983852821821 -0.001270864368 0.007955016016 0.999967550786 -0.540737440872 -0.000000000000 0.000000000000 -0.000000000000 1.000000000000 -16.174034160933 -1.541321345080 -0.143740070987 0.080270148396 -0.018312579491 -0.012157653240
0.000000000000 5100000000 0.988316047004 -0.152386544261 0.003119673609 -69.732570542970 0.152381917716 0.988320269794 0.001671965192 -7.255433776697 -0.003338021660 -0.001177048182 0.999993736065 -0.419871815269 -0.000000000000 0.000000000000 -0.000000000000 1.000000000000 -16.130438679084 -1.166654085047 -0.267022954173 0.053043009979 -0.005980145852 -0.005891258242
0.000000000000 5200000000 0.988407230178 -0.151805110143 0.002521084449 -71.349627048314 0.151813645600 0.988402454109 -0.003633967563 -7.328029793467 -0.001940191210 0.003974574835 0.999990219159 -0.527436931177 -0.000000000000 0.000000000000 -0.000000000000 1.000000000000 -16.130438679084 -1.166654085047 -0.267022954173 0.053043009979 -0.005980145852 -0.005891258242
0.000000000000 5200000000 0.987718084524 -0.156195667049 0.003987367375 -71.355573118886 0.156201700110 0.987724391134 -0.001247414084 -7.509615455616 -0.003743579338 0.001854927013 0.999991272392 -0.408181435235 -0.000000000000 0.000000000000 -0.000000000000 1.000000000000 -16.080741392118 -1.129374567212 -0.130809433076 0.004324913784 -0.008287772934 -0.027275985718
0.000000000000 5300000000 0.988143202847 -0.153502635902 0.003154590219 -72.983647043159 0.153508447558 0.988145890866 -0.001689642693 -7.425510171499 -0.002857830755 0.002153865190 0.999993596814 -0.484304750620 -0.000000000000 0.000000000000 -0.000000000000 1.000000000000 -16.080741392118 -1.129374567212 -0.130809433076 0.004324913784 -0.008287772934 -0.027275985718
0.000000000000 5300000000 0.986909624928 -0.161207845205 0.004628484450 -72.960513049348 0.161204166130 0.986920397974 0.001159691476 -7.881569858341 -0.004754897079 -0.000398379703 0.999988616059 -0.350897768925 -0.000000000000 0.000000000000 -0.000000000000 1.000000000000 -16.080711237784 -0.957981993313 -0.211986626135 0.082625603449 -0.011020908841 -0.024104726378
