1.000000e+00 0.000000e+00 0.000000e+00 0.000000e+00 0.000000e+00 1.000000e+00 0.000000e+00 0.000000e+00 0.000000e+00 0.000000e+00 1.000000e+00 0.000000e+00
9.999997e-01 -7.193680e-04 -3.852564e-04 1.423991e+00 7.187282e-04 9.999984e-01 -1.658048e-03 2.382817e-01 3.864485e-04 1.657770e-03 9.999986e-01 1.371381e+00
9.999989e-01 1.660100e-05 -1.509290e-03 1.571607e+00 -2.036437e-05 9.999969e-01 -2.493487e-03 2.264871e-01 1.509243e-03 2.493514e-03 9.999958e-01 1.380532e+00
9.999961e-01 1.764548e-03 -2.141694e-03 1.890262e+00 -1.766896e-03 9.999978e-01 -1.095248e-03 2.045464e-01 2.139757e-03 1.099028e-03 9.999971e-01 1.371861e+00
9.999920e-01 3.506381e-03 -1.905018e-03 2.210325e+00 -3.507064e-03 9.999938e-01 -3.550563e-04 2.042984e-01 1.903761e-03 3.617344e-04 9.999981e-01 1.354387e+00
9.999847e-01 5.329258e-03 -1.500127e-03 2.524277e+00 -5.330188e-03 9.999856e-01 -6.166209e-04 2.002461e-01 1.496819e-03 6.246074e-04 9.999987e-01 1.347118e+00
9.999801e-01 6.182305e-03 -1.238892e-03 2.772555e+00 -6.184122e-03 9.999798e-01 -1.468567e-03 1.923558e-01 1.229788e-03 1.476199e-03 9.999982e-01 1.350369e+00
9.999733e-01 7.293185e-03 -4.589749e-04 3.069923e+00 -7.293950e-03 9.999720e-01 -1.687689e-03 1.813816e-01 4.466534e-04 1.690992e-03 9.999985e-01 1.346558e+00
9.999638e-01 8.475632e-03 8.040262e-04 3.378811e+00 -8.473976e-03 9.999620e-01 -2.041802e-03 1.938885e-01 -8.213012e-04 2.034915e-03 9.999976e-01 1.342771e+00
9.999492e-01 9.789015e-03 2.391194e-03 3.709996e+00 -9.781464e-03 9.999472e-01 -3.149280e-03 1.921023e-01 -2.421896e-03 3.125731e-03 9.999922e-01 1.339972e+00
9.999341e-01 1.059578e-02 4.425410e-03 4.055205e+00 -1.058587e-02 9.999414e-01 -2.258231e-03 1.690559e-01 -4.449079e-03 2.211236e-03 9.999877e-01 1.330039e+00
9.999172e-01 1.186876e-02 4.978447e-03 4.408087e+00 -1.186322e-02 9.999290e-01 -1.140812e-03 1.733891e-01 -4.991633e-03 1.081657e-03 9.999870e-01 1.327940e+00
9.999048e-01 1.309788e-02 4.350452e-03 4.780835e+00 -1.309332e-02 9.999137e-01 -1.074786e-03 1.548334e-01 -4.364154e-03 1.017722e-03 9.999900e-01 1.320134e+00
9.998827e-01 1.485785e-02 3.726245e-03 5.160507e+00 -1.484757e-02 9.998859e-01 -2.771432e-03 1.476059e-01 -3.766998e-03 2.715781e-03 9.999892e-01 1.317079e+00
9.998647e-01 1.601150e-02 3.765163e-03 5.535287e+00 -1.599517e-02 9.998627e-01 -4.327892e-03 1.318393e-01 -3.833942e-03 4.267082e-03 9.999835e-01 1.305934e+00
9.998459e-01 1.709326e-02 3.996294e-03 5.910949e+00 -1.707051e-02 9.998383e-01 -5.659567e-03 1.244674e-01 -4.092388e-03 5.590476e-03 9.999760e-01 1.308321e+00
9.998215e-01 1.849318e-02 3.856398e-03 6.311369e+00 -1.846761e-02 9.998079e-01 -6.562480e-03 1.091469e-01 -3.977019e-03 6.490090e-03 9.999710e-01 1.304144e+00
9.997998e-01 1.972613e-02 3.338208e-03 6.716343e+00 -1.970226e-02 9.997811e-01 -7.038956e-03 8.679169e-02 -3.476329e-03 6.971777e-03 9.999697e-01 1.298147e+00
9.997663e-01 2.142965e-02 2.848685e-03 7.148032e+00 -2.140843e-02 9.997443e-01 -7.280908e-03 7.483359e-02 -3.003984e-03 7.218221e-03 9.999694e-01 1.287870e+00
9.997466e-01 2.221823e-02 3.608844e-03 7.577074e+00 -2.218990e-02 9.997240e-01 -7.710241e-03 5.339408e-02 -3.779157e-03 7.628207e-03 9.999638e-01 1.282944e+00
9.997311e-01 2.283267e-02 4.045227e-03 8.010075e+00 -2.279493e-02 9.996984e-01 -9.142018e-03 2.551512e-02 -4.252744e-03 9.047349e-03 9.999500e-01 1.279497e+00
9.996937e-01 2.437800e-02 4.277276e-03 8.470136e+00 -2.433153e-02 9.996477e-01 -1.060042e-02 1.049026e-02 -4.534187e-03 1.049310e-02 9.999347e-01 1.276140e+00
9.996602e-01 2.563200e-02 4.744358e-03 8.921254e+00 -2.557883e-02 9.996129e-01 -1.094778e-02 -4.520407e-04 -5.023135e-03 1.082270e-02 9.999288e-01 1.269777e+00
9.996079e-01 2.764742e-02 4.430493e-03 9.399697e+00 -2.759513e-02 9.995535e-01 -1.145822e-02 -2.232803e-02 -4.745305e-03 1.133147e-02 9.999245e-01 1.250890e+00
9.995516e-01 2.961131e-02 4.440015e-03 9.875436e+00 -2.956140e-02 9.995034e-01 -1.091487e-02 -6.625563e-02 -4.761014e-03 1.077873e-02 9.999306e-01 1.246259e+00
9.994625e-01 3.260162e-02 3.435138e-03 1.035483e+01 -3.255936e-02 9.994012e-01 -1.171333e-02 -8.928669e-02 -3.814954e-03 1.159519e-02 9.999255e-01 1.241106e+00
9.993322e-01 3.631667e-02 4.029218e-03 1.082659e+01 -3.627004e-02 9.992804e-01 -1.109883e-02 -1.060834e-01 -4.429391e-03 1.094528e-02 9.999303e-01 1.231217e+00
9.991559e-01 4.086757e-02 4.160402e-03 1.132720e+01 -4.081967e-02 9.991058e-01 -1.101176e-02 -1.228015e-01 -4.606706e-03 1.083264e-02 9.999307e-01 1.236398e+00
9.989540e-01 4.560069e-02 3.377605e-03 1.181304e+01 -4.556321e-02 9.989068e-01 -1.044849e-02 -1.587713e-01 -3.850372e-03 1.028367e-02 9.999397e-01 1.235118e+00
9.987106e-01 5.070193e-02 2.523047e-03 1.228970e+01 -5.068021e-02 9.986826e-01 -8.037308e-03 -1.935888e-01 -2.927230e-03 7.899076e-03 9.999645e-01 1.220818e+00
9.983759e-01 5.691956e-02 2.374660e-03 1.280110e+01 -5.690689e-02 9.983665e-01 -5.100861e-03 -2.413396e-01 -2.661119e-03 4.957443e-03 9.999842e-01 1.207268e+00
9.979261e-01 6.434210e-02 1.891297e-03 1.330164e+01 -6.433213e-02 9.979164e-01 -4.928927e-03 -2.798662e-01 -2.204494e-03 4.797033e-03 9.999861e-01 1.202165e+00
9.974023e-01 7.202173e-02 1.261847e-03 1.379201e+01 -7.201113e-02 9.973789e-01 -7.045459e-03 -3.390514e-01 -1.765966e-03 6.936290e-03 9.999744e-01 1.202465e+00
9.967272e-01 8.082161e-02 1.669258e-03 1.431281e+01 -8.080727e-02 9.967025e-01 -7.365679e-03 -3.940485e-01 -2.259059e-03 7.206684e-03 9.999715e-01 1.199508e+00
9.958812e-01 9.063002e-02 2.614462e-03 1.485097e+01 -9.061354e-02 9.958689e-01 -5.851195e-03 -4.484537e-01 -3.133955e-03 5.590189e-03 9.999795e-01 1.190509e+00
9.948876e-01 1.008890e-01 4.471943e-03 1.537595e+01 -1.008765e-01 9.948946e-01 -2.943820e-03 -5.091263e-01 -4.746111e-03 2.477656e-03 9.999857e-01 1.183201e+00
9.937362e-01 1.115625e-01 6.491881e-03 1.587886e+01 -1.115602e-01 9.937574e-01 -7.166440e-04 -5.699074e-01 -6.531305e-03 -1.208071e-05 9.999787e-01 1.166480e+00
9.924277e-01 1.225306e-01 8.579867e-03 1.640135e+01 -1.225327e-01 9.924644e-01 -2.772232e-04 -6.608366e-01 -8.549181e-03 -7.761903e-04 9.999632e-01 1.161827e+00
9.908656e-01 1.345035e-01 9.699625e-03 1.694669e+01 -1.345042e-01 9.909129e-01 -5.809601e-04 -7.496907e-01 -9.689624e-03 -7.289870e-04 9.999528e-01 1.149934e+00
9.891534e-01 1.465822e-01 9.442191e-03 1.747391e+01 -1.465736e-01 9.891985e-01 -1.607701e-03 -8.495777e-01 -9.575861e-03 2.062873e-04 9.999541e-01 1.136413e+00
9.872864e-01 1.586451e-01 9.864591e-03 1.803610e+01 -1.586553e-01 9.873340e-01 2.539829e-04 -9.734682e-01 -9.699353e-03 -1.815824e-03 9.999513e-01 1.121652e+00
9.852581e-01 1.707971e-01 9.739487e-03 1.858105e+01 -1.708176e-01 9.853018e-01 1.309251e-03 -1.087134e+00 -9.372717e-03 -2.953626e-03 9.999517e-01 1.113284e+00
9.830082e-01 1.832825e-01 1.012261e-02 1.914575e+01 -1.833042e-01 9.830554e-01 1.246829e-03 -1.217492e+00 -9.722567e-03 -3.081160e-03 9.999480e-01 1.095623e+00
9.805441e-01 1.959858e-01 1.108597e-02 1.970933e+01 -1.959947e-01 9.806049e-01 -2.885053e-04 -1.346985e+00 -1.092750e-02 -1.889899e-03 9.999385e-01 1.083956e+00
9.778614e-01 2.088011e-01 1.375270e-02 2.027320e+01 -2.088299e-01 9.779518e-01 6.694464e-04 -1.477516e+00 -1.330970e-02 -3.526601e-03 9.999052e-01 1.070960e+00
9.749407e-01 2.217549e-01 1.775697e-02 2.083781e+01 -2.218624e-01 9.750684e-01 4.310544e-03 -1.608684e+00 -1.635838e-02 -8.142130e-03 9.998330e-01 1.053528e+00
9.718798e-01 2.344871e-01 2.157412e-02 2.140743e+01 -2.347120e-01 9.720276e-01 8.522812e-03 -1.759013e+00 -1.897215e-02 -1.334685e-02 9.997309e-01 1.038305e+00
9.686458e-01 2.472884e-01 2.395225e-02 2.199970e+01 -2.476032e-01 9.687971e-01 1.117076e-02 -1.938720e+00 -2.044248e-02 -1.675117e-02 9.996507e-01 1.017269e+00
9.652214e-01 2.604125e-01 2.308659e-02 2.258112e+01 -2.606543e-01 9.653981e-01 8.114173e-03 -2.118086e+00 -2.017472e-02 -1.384959e-02 9.997005e-01 1.002452e+00
9.615614e-01 2.735276e-01 2.413299e-02 2.319091e+01 -2.738531e-01 9.617047e-01 1.134159e-02 -2.308191e+00 -2.010657e-02 -1.751452e-02 9.996444e-01 9.883418e-01
9.577205e-01 2.866639e-01 2.439925e-02 2.381691e+01 -2.870559e-01 9.578058e-01 1.438539e-02 -2.513363e+00 -1.924597e-02 -2.078113e-02 9.995988e-01 9.705266e-01
9.538207e-01 2.992970e-01 2.544370e-02 2.444030e+01 -2.997678e-01 9.538566e-01 1.722996e-02 -2.726988e+00 -1.911277e-02 -2.406149e-02 9.995278e-01 9.431096e-01
9.497765e-01 3.115653e-01 2.918472e-02 2.510716e+01 -3.121776e-01 9.498257e-01 1.940012e-02 -2.955686e+00 -2.167599e-02 -2.753659e-02 9.993858e-01 9.148347e-01
9.458282e-01 3.230448e-01 3.241937e-02 2.575586e+01 -3.237701e-01 9.459189e-01 2.025789e-02 -3.197775e+00 -2.412189e-02 -2.965691e-02 9.992690e-01 8.947159e-01
9.419435e-01 3.340952e-01 3.350787e-02 2.639000e+01 -3.348606e-01 9.420444e-01 2.051264e-02 -3.439337e+00 -2.471273e-02 -3.054221e-02 9.992279e-01 8.692891e-01
9.379485e-01 3.447399e-01 3.750913e-02 2.699505e+01 -3.457893e-01 9.379440e-01 2.628167e-02 -3.677330e+00 -2.612112e-02 -3.762111e-02 9.989506e-01 8.495607e-01
9.337575e-01 3.557338e-01 3.937591e-02 2.763970e+01 -3.569227e-01 9.336897e-01 2.880643e-02 -3.930475e+00 -2.651746e-02 -4.095237e-02 9.988092e-01 8.254816e-01
9.296838e-01 3.663710e-01 3.821401e-02 2.827353e+01 -3.675931e-01 9.294304e-01 3.216109e-02 -4.203373e+00 -2.373437e-02 -4.394685e-02 9.987519e-01 8.049820e-01
9.258316e-01 3.762687e-01 3.546492e-02 2.890328e+01 -3.774407e-01 9.253419e-01 3.578977e-02 -4.468103e+00 -1.935061e-02 -4.652120e-02 9.987299e-01 7.868980e-01
9.220878e-01 3.857392e-01 3.097299e-02 2.949216e+01 -3.867040e-01 9.214985e-01 3.606213e-02 -4.728133e+00 -1.463098e-02 -4.522983e-02 9.988695e-01 7.767267e-01
9.188480e-01 3.937179e-01 2.654386e-02 3.001378e+01 -3.944710e-01 9.182361e-01 3.514362e-02 -4.958593e+00 -1.053686e-02 -4.276242e-02 9.990297e-01 7.695786e-01
9.159788e-01 4.002582e-01 2.786170e-02 3.059798e+01 -4.010709e-01 9.153481e-01 3.577673e-02 -5.220112e+00 -1.118322e-02 -4.394524e-02 9.989713e-01 7.491067e-01
9.136470e-01 4.052180e-01 3.236517e-02 3.127030e+01 -4.062069e-01 9.131372e-01 3.429979e-02 -5.530771e+00 -1.565495e-02 -4.448486e-02 9.988874e-01 7.236003e-01
9.117760e-01 4.092095e-01 3.481626e-02 3.191902e+01 -4.101996e-01 9.115464e-01 2.862735e-02 -5.836807e+00 -2.002206e-02 -4.038335e-02 9.989836e-01 7.058900e-01
9.103966e-01 4.121867e-01 3.577772e-02 3.263253e+01 -4.131687e-01 9.102706e-01 2.643979e-02 -6.175398e+00 -2.166928e-02 -3.885293e-02 9.990100e-01 6.845363e-01
9.091425e-01 4.149193e-01 3.607992e-02 3.338063e+01 -4.159523e-01 9.089465e-01 2.828377e-02 -6.539169e+00 -2.105923e-02 -4.072150e-02 9.989486e-01 6.652618e-01
9.080495e-01 4.173138e-01 3.599026e-02 3.398458e+01 -4.183975e-01 9.077354e-01 3.098480e-02 -6.830157e+00 -1.973925e-02 -4.319397e-02 9.988717e-01 6.465759e-01
9.068904e-01 4.197028e-01 3.740947e-02 3.473274e+01 -4.208966e-01 9.064940e-01 3.338628e-02 -7.186720e+00 -1.989915e-02 -4.602321e-02 9.987422e-01 6.281650e-01
9.055664e-01 4.222901e-01 4.025689e-02 3.537203e+01 -4.236780e-01 9.050874e-01 3.624481e-02 -7.484359e+00 -2.113018e-02 -4.987804e-02 9.985318e-01 6.051787e-01
9.046535e-01 4.243704e-01 3.888238e-02 3.603527e+01 -4.256475e-01 9.042428e-01 3.419372e-02 -7.805426e+00 -2.064831e-02 -4.748365e-02 9.986586e-01 5.817428e-01
9.038222e-01 4.264050e-01 3.583497e-02 3.668552e+01 -4.275221e-01 9.033913e-01 3.330242e-02 -8.124560e+00 -1.817268e-02 -4.541971e-02 9.988027e-01 5.629475e-01
9.031518e-01 4.279910e-01 3.377176e-02 3.736035e+01 -4.290138e-01 9.026852e-01 3.326701e-02 -8.456706e+00 -1.624729e-02 -4.453371e-02 9.988758e-01 5.538304e-01
9.027032e-01 4.289469e-01 3.363769e-02 3.802865e+01 -4.299708e-01 9.022121e-01 3.374072e-02 -8.789424e+00 -1.587536e-02 -4.492108e-02 9.988644e-01 5.327898e-01
9.021764e-01 4.297944e-01 3.680268e-02 3.869399e+01 -4.310006e-01 9.016397e-01 3.583793e-02 -9.118362e+00 -1.777981e-02 -4.819411e-02 9.986797e-01 5.090673e-01
9.017293e-01 4.306058e-01 3.824916e-02 3.934619e+01 -4.318252e-01 9.013546e-01 3.296686e-02 -9.432746e+00 -2.028034e-02 -4.624413e-02 9.987243e-01 4.964133e-01
9.017037e-01 4.307695e-01 3.698647e-02 4.008307e+01 -4.318417e-01 9.014979e-01 2.853649e-02 -9.800545e+00 -2.105058e-02 -4.170376e-02 9.989082e-01 4.741719e-01
9.016529e-01 4.310023e-01 3.548376e-02 4.071357e+01 -4.319702e-01 9.014999e-01 2.645261e-02 -1.011094e+01 -2.058747e-02 -3.917900e-02 9.990201e-01 4.588154e-01
9.014155e-01 4.314480e-01 3.609291e-02 4.130682e+01 -4.324802e-01 9.011960e-01 2.840177e-02 -1.040495e+01 -2.027290e-02 -4.121127e-02 9.989448e-01 4.433957e-01
9.012916e-01 4.315729e-01 3.766088e-02 4.197177e+01 -4.327032e-01 9.010390e-01 2.994535e-02 -1.073420e+01 -2.101032e-02 -4.328547e-02 9.988418e-01 4.242104e-01
9.012747e-01 4.314510e-01 3.941881e-02 4.253364e+01 -4.326699e-01 9.010375e-01 3.046572e-02 -1.101350e+01 -2.237336e-02 -4.451332e-02 9.987582e-01 4.042057e-01
9.012760e-01 4.314318e-01 3.960032e-02 4.316684e+01 -4.326273e-01 9.011036e-01 2.908553e-02 -1.133666e+01 -2.313557e-02 -4.334627e-02 9.987922e-01 3.796464e-01
9.012479e-01 4.315292e-01 3.917619e-02 4.388694e+01 -4.327035e-01 9.010710e-01 2.896206e-02 -1.168943e+01 -2.280255e-02 -4.305367e-02 9.988125e-01 3.583139e-01
9.014288e-01 4.312572e-01 3.799080e-02 4.465523e+01 -4.323918e-01 9.012041e-01 2.947136e-02 -1.207573e+01 -2.152773e-02 -4.299324e-02 9.988434e-01 3.342355e-01
9.015435e-01 4.309613e-01 3.862122e-02 4.531178e+01 -4.322088e-01 9.011511e-01 3.349897e-02 -1.237982e+01 -2.036679e-02 -4.689321e-02 9.986923e-01 3.085115e-01
9.017316e-01 4.305915e-01 3.835347e-02 4.603503e+01 -4.318508e-01 9.012768e-01 3.471288e-02 -1.273401e+01 -1.962002e-02 -4.786468e-02 9.986611e-01 2.831478e-01
9.018548e-01 4.303820e-01 3.780514e-02 4.674119e+01 -4.315989e-01 9.014294e-01 3.387323e-02 -1.307233e+01 -1.950023e-02 -4.686540e-02 9.987109e-01 2.585370e-01
9.020360e-01 4.299955e-01 3.788171e-02 4.747163e+01 -4.312206e-01 9.016021e-01 3.409614e-02 -1.343016e+01 -1.949304e-02 -4.709132e-02 9.987004e-01 2.509796e-01
9.022944e-01 4.294545e-01 3.786482e-02 4.829012e+01 -4.307133e-01 9.017749e-01 3.589016e-02 -1.382185e+01 -1.873235e-02 -4.869237e-02 9.986381e-01 2.304533e-01
9.026422e-01 4.289227e-01 3.553042e-02 4.916902e+01 -4.300270e-01 9.021969e-01 3.343103e-02 -1.425613e+01 -1.771611e-02 -4.545530e-02 9.988093e-01 2.113813e-01
9.030371e-01 4.282230e-01 3.389705e-02 4.995522e+01 -4.292480e-01 9.025811e-01 3.306883e-02 -1.463789e+01 -1.643400e-02 -4.441262e-02 9.988781e-01 1.815642e-01
9.033048e-01 4.277062e-01 3.328293e-02 5.079754e+01 -4.287013e-01 9.028476e-01 3.288337e-02 -1.504617e+01 -1.598500e-02 -4.397214e-02 9.989049e-01 1.592995e-01
9.038270e-01 4.265648e-01 3.375267e-02 5.154192e+01 -4.275695e-01 9.034095e-01 3.218147e-02 -1.542212e+01 -1.676500e-02 -4.351809e-02 9.989120e-01 1.364299e-01
9.040049e-01 4.261176e-01 3.462660e-02 5.232886e+01 -4.271228e-01 9.036933e-01 3.007633e-02 -1.579830e+01 -1.847577e-02 -4.197896e-02 9.989477e-01 1.129692e-01
9.042982e-01 4.253916e-01 3.587192e-02 5.306892e+01 -4.264142e-01 9.040850e-01 2.830623e-02 -1.617130e+01 -2.039003e-02 -4.089357e-02 9.989554e-01 9.278401e-02
9.046480e-01 4.244425e-01 3.821840e-02 5.383742e+01 -4.255657e-01 9.044802e-01 2.845088e-02 -1.653597e+01 -2.249202e-02 -4.200247e-02 9.988643e-01 6.442799e-02
9.048929e-01 4.237797e-01 3.974497e-02 5.453039e+01 -4.249424e-01 9.048054e-01 2.740558e-02 -1.686891e+01 -2.434754e-02 -4.168844e-02 9.988340e-01 4.363776e-02
9.049390e-01 4.235679e-01 4.093425e-02 5.530729e+01 -4.247726e-01 9.048946e-01 2.709280e-02 -1.723614e+01 -2.556554e-02 -4.190508e-02 9.987945e-01 1.905556e-02
9.051884e-01 4.228868e-01 4.243430e-02 5.599135e+01 -4.241743e-01 9.051533e-01 2.781367e-02 -1.756489e+01 -2.664751e-02 -4.317615e-02 9.987120e-01 3.558439e-06
9.053458e-01 4.225627e-01 4.230480e-02 5.664607e+01 -4.238082e-01 9.053654e-01 2.645849e-02 -1.786652e+01 -2.712093e-02 -4.188321e-02 9.987544e-01 -2.237195e-02
9.056421e-01 4.220498e-01 4.106611e-02 5.743506e+01 -4.231357e-01 9.057882e-01 2.244705e-02 -1.825532e+01 -2.772343e-02 -3.770553e-02 9.989043e-01 -5.299532e-02
9.059046e-01 4.214712e-01 4.121653e-02 5.815275e+01 -4.225568e-01 9.060637e-01 2.223298e-02 -1.859510e+01 -2.797424e-02 -3.755728e-02 9.989028e-01 -7.587468e-02
9.062978e-01 4.205863e-01 4.161044e-02 5.895846e+01 -4.217448e-01 9.063885e-01 2.431511e-02 -1.898765e+01 -2.748862e-02 -3.958572e-02 9.988380e-01 -1.056429e-01
9.065785e-01 4.201565e-01 3.979758e-02 5.973964e+01 -4.211947e-01 9.066924e-01 2.244680e-02 -1.935704e+01 -2.665300e-02 -3.711232e-02 9.989556e-01 -1.395600e-01
9.068761e-01 4.195588e-01 3.932166e-02 6.049634e+01 -4.205847e-01 9.069705e-01 2.265204e-02 -1.971984e+01 -2.615972e-02 -3.708068e-02 9.989698e-01 -1.761071e-01
9.069608e-01 4.192981e-01 4.014070e-02 6.134341e+01 -4.203713e-01 9.070535e-01 2.327889e-02 -2.010979e+01 -2.664897e-02 -3.798703e-02 9.989228e-01 -1.998740e-01
9.070727e-01 4.190571e-01 4.012722e-02 6.216723e+01 -4.200958e-01 9.072126e-01 2.201909e-02 -2.050853e+01 -2.717667e-02 -3.683019e-02 9.989519e-01 -2.190695e-01
9.071518e-01 4.188597e-01 4.040021e-02 6.298859e+01 -4.198775e-01 9.073401e-01 2.090249e-02 -2.089123e+01 -2.790152e-02 -3.592487e-02 9.989649e-01 -2.422041e-01
9.072164e-01 4.185726e-01 4.189772e-02 6.377634e+01 -4.195964e-01 9.075061e-01 1.927355e-02 -2.127368e+01 -2.995506e-02 -3.506541e-02 9.989360e-01 -2.785780e-01
9.071020e-01 4.186462e-01 4.360322e-02 6.455162e+01 -4.196173e-01 9.075642e-01 1.576557e-02 -2.167001e+01 -3.297253e-02 -3.259765e-02 9.989245e-01 -3.136689e-01
9.066913e-01 4.193550e-01 4.530116e-02 6.529661e+01 -4.202984e-01 9.072875e-01 1.336364e-02 -2.202904e+01 -3.549707e-02 -3.115670e-02 9.988840e-01 -3.493713e-01
9.064311e-01 4.199311e-01 4.517127e-02 6.613416e+01 -4.208690e-01 9.070238e-01 1.330970e-02 -2.243200e+01 -3.538226e-02 -3.107551e-02 9.988906e-01 -3.882987e-01
9.061789e-01 4.206148e-01 4.385077e-02 6.696763e+01 -4.215982e-01 9.066440e-01 1.586078e-02 -2.281480e+01 -3.308576e-02 -3.286011e-02 9.989122e-01 -4.182732e-01
9.059887e-01 4.211584e-01 4.254420e-02 6.779114e+01 -4.221832e-01 9.063211e-01 1.853156e-02 -2.320110e+01 -3.075398e-02 -3.475083e-02 9.989227e-01 -4.557187e-01
9.057515e-01 4.216610e-01 4.261627e-02 6.864071e+01 -4.227794e-01 9.059765e-01 2.154304e-02 -2.358038e+01 -2.952548e-02 -3.752993e-02 9.988592e-01 -4.924159e-01
9.055437e-01 4.221154e-01 4.253409e-02 6.949195e+01 -4.232513e-01 9.057393e-01 2.224292e-02 -2.399010e+01 -2.913571e-02 -3.814455e-02 9.988474e-01 -5.278735e-01
9.054520e-01 4.222423e-01 4.322131e-02 7.022312e+01 -4.234781e-01 9.055680e-01 2.475717e-02 -2.434401e+01 -2.868631e-02 -4.071970e-02 9.987587e-01 -5.533246e-01
9.052610e-01 4.225856e-01 4.386324e-02 7.093355e+01 -4.239435e-01 9.052525e-01 2.810573e-02 -2.467506e+01 -2.783023e-02 -4.403855e-02 9.986421e-01 -5.783344e-01
9.051598e-01 4.227990e-01 4.389436e-02 7.172076e+01 -4.241977e-01 9.050878e-01 2.953698e-02 -2.505291e+01 -2.724004e-02 -4.535558e-02 9.985994e-01 -6.102780e-01
9.049950e-01 4.230580e-01 4.478757e-02 7.257682e+01 -4.244529e-01 9.050180e-01 2.796831e-02 -2.547948e+01 -2.870134e-02 -4.432140e-02 9.986050e-01 -6.377244e-01
9.048688e-01 4.231751e-01 4.620968e-02 7.345951e+01 -4.245468e-01 9.050570e-01 2.513656e-02 -2.590751e+01 -3.118523e-02 -4.236346e-02 9.986155e-01 -6.782534e-01
9.047644e-01 4.229987e-01 4.973328e-02 7.431451e+01 -4.245843e-01 9.049873e-01 2.694934e-02 -2.630953e+01 -3.360845e-02 -4.549877e-02 9.983989e-01 -7.148505e-01
9.047989e-01 4.228640e-01 5.024832e-02 7.511913e+01 -4.243610e-01 9.051820e-01 2.373207e-02 -2.671154e+01 -3.544844e-02 -4.279619e-02 9.984548e-01 -7.453171e-01
9.050317e-01 4.223069e-01 5.073944e-02 7.597156e+01 -4.237730e-01 9.054938e-01 2.230509e-02 -2.712716e+01 -3.652465e-02 -4.168882e-02 9.984628e-01 -7.840775e-01
9.049744e-01 4.224211e-01 5.081074e-02 7.685405e+01 -4.238523e-01 9.054814e-01 2.127714e-02 -2.755608e+01 -3.702026e-02 -4.079152e-02 9.984816e-01 -8.288246e-01
9.048774e-01 4.225912e-01 5.112261e-02 7.769890e+01 -4.240888e-01 9.053356e-01 2.271980e-02 -2.796427e+01 -3.668193e-02 -4.223916e-02 9.984339e-01 -8.587409e-01
9.050548e-01 4.222869e-01 5.049312e-02 7.853306e+01 -4.238802e-01 9.053399e-01 2.617529e-02 -2.835758e+01 -3.465995e-02 -4.509311e-02 9.983813e-01 -8.902100e-01
9.052007e-01 4.221011e-01 4.942103e-02 7.940837e+01 -4.237475e-01 9.053085e-01 2.923504e-02 -2.877331e+01 -3.240114e-02 -4.740562e-02 9.983501e-01 -9.317700e-01
9.051853e-01 4.222625e-01 4.831078e-02 8.025048e+01 -4.238487e-01 9.052689e-01 2.898993e-02 -2.916522e+01 -3.149289e-02 -4.671773e-02 9.984116e-01 -9.705532e-01
9.050712e-01 4.223860e-01 4.935814e-02 8.110734e+01 -4.240193e-01 9.051912e-01 2.892256e-02 -2.957812e+01 -3.246206e-02 -4.710578e-02 9.983623e-01 -1.010227e+00
9.049058e-01 4.225029e-01 5.134865e-02 8.197558e+01 -4.243009e-01 9.049910e-01 3.098532e-02 -2.999483e+01 -3.337868e-02 -4.982608e-02 9.982000e-01 -1.057698e+00
9.046234e-01 4.230560e-01 5.176973e-02 8.283271e+01 -4.249237e-01 9.046478e-01 3.243740e-02 -3.039388e+01 -3.311054e-02 -5.134182e-02 9.981321e-01 -1.086645e+00
9.044333e-01 4.236258e-01 5.041313e-02 8.364859e+01 -4.254164e-01 9.044249e-01 3.219536e-02 -3.079037e+01 -3.195610e-02 -5.056513e-02 9.982094e-01 -1.123382e+00
9.042916e-01 4.242232e-01 4.786845e-02 8.448863e+01 -4.257223e-01 9.044547e-01 2.687299e-02 -3.121594e+01 -3.189470e-02 -4.467969e-02 9.984921e-01 -1.165269e+00
9.039602e-01 4.247833e-01 4.914332e-02 8.533568e+01 -4.263050e-01 9.042108e-01 2.582467e-02 -3.162532e+01 -3.346603e-02 -4.429452e-02 9.984578e-01 -1.198966e+00
9.035616e-01 4.253728e-01 5.132589e-02 8.608464e+01 -4.269897e-01 9.038899e-01 2.574408e-02 -3.199653e+01 -3.544212e-02 -4.517699e-02 9.983501e-01 -1.223924e+00
9.032140e-01 4.259239e-01 5.285081e-02 8.692907e+01 -4.275809e-01 9.036330e-01 2.494134e-02 -3.240436e+01 -3.713462e-02 -4.512537e-02 9.982909e-01 -1.275305e+00
9.028549e-01 4.263917e-01 5.516451e-02 8.767991e+01 -4.281622e-01 9.033524e-01 2.513190e-02 -3.277535e+01 -3.911696e-02 -4.630982e-02 9.981609e-01 -1.311259e+00
9.024724e-01 4.270511e-01 5.631134e-02 8.865313e+01 -4.288243e-01 9.030727e-01 2.386484e-02 -3.324058e+01 -4.066173e-02 -4.568502e-02 9.981280e-01 -1.363292e+00
9.021730e-01 4.275277e-01 5.747960e-02 8.955217e+01 -4.293995e-01 9.027703e-01 2.493699e-02 -3.366217e+01 -4.122962e-02 -4.717920e-02 9.980352e-01 -1.398740e+00
9.019779e-01 4.278993e-01 5.777601e-02 9.040849e+01 -4.298639e-01 9.024945e-01 2.684567e-02 -3.407604e+01 -4.065529e-02 -4.905002e-02 9.979686e-01 -1.442335e+00
9.017274e-01 4.283821e-01 5.810708e-02 9.124365e+01 -4.304234e-01 9.021827e-01 2.832113e-02 -3.447735e+01 -4.029094e-02 -5.054858e-02 9.979086e-01 -1.484392e+00
9.016370e-01 4.284465e-01 5.902728e-02 9.209257e+01 -4.305679e-01 9.020879e-01 2.913234e-02 -3.490167e+01 -4.076614e-02 -5.168205e-02 9.978312e-01 -1.526262e+00
9.014771e-01 4.287371e-01 5.935952e-02 9.292822e+01 -4.308896e-01 9.019234e-01 2.946644e-02 -3.531860e+01 -4.090439e-02 -5.214073e-02 9.978017e-01 -1.565223e+00
9.014021e-01 4.290689e-01 5.808669e-02 9.388360e+01 -4.312068e-01 9.017284e-01 3.076555e-02 -3.579131e+01 -3.917788e-02 -5.277951e-02 9.978374e-01 -1.609214e+00
9.015816e-01 4.289568e-01 5.609518e-02 9.476996e+01 -4.310612e-01 9.017306e-01 3.268290e-02 -3.623866e+01 -3.656318e-02 -5.364676e-02 9.978904e-01 -1.651347e+00
9.014659e-01 4.293797e-01 5.470139e-02 9.567339e+01 -4.314202e-01 9.015480e-01 3.298242e-02 -3.668037e+01 -3.515394e-02 -5.333181e-02 9.979579e-01 -1.700740e+00
9.010448e-01 4.300468e-01 5.637424e-02 9.655339e+01 -4.321780e-01 9.011843e-01 3.299961e-02 -3.709715e+01 -3.661221e-02 -5.409783e-02 9.978642e-01 -1.746383e+00
9.008581e-01 4.300478e-01 5.927595e-02 9.746271e+01 -4.323560e-01 9.010823e-01 3.345273e-02 -3.754837e+01 -3.902624e-02 -5.576447e-02 9.976809e-01 -1.795691e+00
9.007815e-01 4.299969e-01 6.078960e-02 9.840395e+01 -4.323758e-01 9.010859e-01 3.309775e-02 -3.801695e+01 -4.054473e-02 -5.609779e-02 9.976017e-01 -1.835682e+00
9.008269e-01 4.299190e-01 6.066808e-02 9.934251e+01 -4.323172e-01 9.010900e-01 3.374428e-02 -3.848198e+01 -4.016009e-02 -5.662561e-02 9.975874e-01 -1.872061e+00
9.010099e-01 4.297826e-01 5.889059e-02 1.002425e+02 -4.320960e-01 9.011810e-01 3.414580e-02 -3.891730e+01 -3.839581e-02 -5.621209e-02 9.976803e-01 -1.912447e+00
9.011885e-01 4.298571e-01 5.551795e-02 1.011896e+02 -4.319385e-01 9.013027e-01 3.290160e-02 -3.937797e+01 -3.589549e-02 -5.363089e-02 9.979154e-01 -1.953162e+00
9.013703e-01 4.298081e-01 5.288365e-02 1.020700e+02 -4.317398e-01 9.014084e-01 3.261482e-02 -3.981256e+01 -3.365166e-02 -5.223000e-02 9.980679e-01 -2.001887e+00
9.015005e-01 4.295713e-01 5.258664e-02 1.030868e+02 -4.314801e-01 9.015406e-01 3.239529e-02 -4.030677e+01 -3.349290e-02 -5.189446e-02 9.980908e-01 -2.052413e+00
9.015671e-01 4.294406e-01 5.251195e-02 1.039738e+02 -4.312328e-01 9.017713e-01 2.910062e-02 -4.074563e+01 -3.485678e-02 -4.888104e-02 9.981962e-01 -2.096559e+00
9.018033e-01 4.288606e-01 5.319129e-02 1.049632e+02 -4.306676e-01 9.020578e-01 2.858395e-02 -4.124214e+01 -3.572309e-02 -4.868487e-02 9.981752e-01 -2.141847e+00
9.018959e-01 4.287096e-01 5.283797e-02 1.058545e+02 -4.305262e-01 9.021010e-01 2.934298e-02 -4.166475e+01 -3.508556e-02 -4.921245e-02 9.981719e-01 -2.167342e+00
9.022986e-01 4.281777e-01 5.021024e-02 1.067839e+02 -4.297812e-01 9.025354e-01 2.679469e-02 -4.212397e+01 -3.384363e-02 -4.575623e-02 9.983792e-01 -2.208098e+00
9.025744e-01 4.275871e-01 5.028549e-02 1.077534e+02 -4.291901e-01 9.028200e-01 2.668352e-02 -4.259775e+01 -3.398921e-02 -4.566590e-02 9.983784e-01 -2.250057e+00
9.028208e-01 4.269670e-01 5.112533e-02 1.087406e+02 -4.286102e-01 9.030938e-01 2.673729e-02 -4.307662e+01 -3.475503e-02 -4.605182e-02 9.983343e-01 -2.288724e+00
9.031760e-01 4.261292e-01 5.183642e-02 1.096659e+02 -4.278274e-01 9.034460e-01 2.736907e-02 -4.352680e+01 -3.516865e-02 -4.689613e-02 9.982805e-01 -2.334157e+00
9.035006e-01 4.251838e-01 5.390288e-02 1.105997e+02 -4.270632e-01 9.037355e-01 2.965013e-02 -4.398693e+01 -3.610719e-02 -4.980885e-02 9.981059e-01 -2.381510e+00
9.038359e-01 4.243711e-01 5.467897e-02 1.116131e+02 -4.261960e-01 9.042229e-01 2.716329e-02 -4.448561e+01 -3.791466e-02 -4.785512e-02 9.981344e-01 -2.421950e+00
9.040453e-01 4.237093e-01 5.632510e-02 1.125644e+02 -4.255983e-01 9.045158e-01 2.678049e-02 -4.494696e+01 -3.959980e-02 -4.818264e-02 9.980532e-01 -2.474378e+00
9.042514e-01 4.233011e-01 5.608468e-02 1.134662e+02 -4.250402e-01 9.048734e-01 2.334467e-02 -4.538150e+01 -4.086771e-02 -4.494770e-02 9.981531e-01 -2.526301e+00
9.042912e-01 4.231402e-01 5.665427e-02 1.143749e+02 -4.248639e-01 9.049810e-01 2.236138e-02 -4.580988e+01 -4.180904e-02 -4.429156e-02 9.981434e-01 -2.567127e+00
9.042176e-01 4.232135e-01 5.727956e-02 1.153098e+02 -4.249388e-01 9.049609e-01 2.174395e-02 -4.625054e+01 -4.263343e-02 -4.400157e-02 9.981214e-01 -2.615653e+00
9.042061e-01 4.231610e-01 5.784541e-02 1.162543e+02 -4.248511e-01 9.050343e-01 2.035935e-02 -4.671073e+01 -4.373680e-02 -4.298473e-02 9.981179e-01 -2.671118e+00
9.041296e-01 4.232826e-01 5.815003e-02 1.172012e+02 -4.249298e-01 9.050250e-01 1.909240e-02 -4.717728e+01 -4.454574e-02 -4.197168e-02 9.981253e-01 -2.720481e+00
9.041239e-01 4.233006e-01 5.810887e-02 1.181871e+02 -4.249946e-01 9.049708e-01 2.018689e-02 -4.766153e+01 -4.404171e-02 -4.294740e-02 9.981061e-01 -2.770509e+00
9.040271e-01 4.236308e-01 5.720032e-02 1.191354e+02 -4.253157e-01 9.048043e-01 2.087273e-02 -4.810519e+01 -4.291277e-02 -4.319771e-02 9.981445e-01 -2.826485e+00
9.041049e-01 4.235789e-01 5.634960e-02 1.201267e+02 -4.252076e-01 9.048656e-01 2.041520e-02 -4.859842e+01 -4.234137e-02 -4.241776e-02 9.982024e-01 -2.884573e+00
9.039198e-01 4.237929e-01 5.769384e-02 1.210195e+02 -4.255814e-01 9.046334e-01 2.278004e-02 -4.902282e+01 -4.253776e-02 -4.514476e-02 9.980744e-01 -2.927664e+00
9.037659e-01 4.242234e-01 5.693572e-02 1.219322e+02 -4.259228e-01 9.045047e-01 2.147088e-02 -4.945247e+01 -4.239017e-02 -4.365487e-02 9.981469e-01 -2.973739e+00
9.037867e-01 4.241056e-01 5.748132e-02 1.228796e+02 -4.259427e-01 9.044276e-01 2.415655e-02 -4.991711e+01 -4.174276e-02 -4.631612e-02 9.980543e-01 -3.023987e+00
9.035490e-01 4.245875e-01 5.765914e-02 1.238218e+02 -4.264088e-01 9.042232e-01 2.357734e-02 -5.036001e+01 -4.212609e-02 -4.588965e-02 9.980579e-01 -3.071676e+00
9.033457e-01 4.250116e-01 5.772126e-02 1.248034e+02 -4.267253e-01 9.041378e-01 2.098628e-02 -5.084950e+01 -4.326856e-02 -4.358898e-02 9.981121e-01 -3.118711e+00
9.031054e-01 4.254025e-01 5.859455e-02 1.258468e+02 -4.271594e-01 9.039303e-01 2.109019e-02 -5.134877e+01 -4.399357e-02 -4.407588e-02 9.980591e-01 -3.172495e+00
9.029754e-01 4.257297e-01 5.822164e-02 1.268751e+02 -4.274820e-01 9.037715e-01 2.135632e-02 -5.183516e+01 -4.352705e-02 -4.417293e-02 9.980752e-01 -3.227716e+00
9.029921e-01 4.259280e-01 5.648442e-02 1.278533e+02 -4.275181e-01 9.038002e-01 1.932613e-02 -5.231240e+01 -4.281909e-02 -4.159946e-02 9.982164e-01 -3.278766e+00
9.030482e-01 4.258606e-01 5.609573e-02 1.288659e+02 -4.273743e-01 9.038971e-01 1.792354e-02 -5.280742e+01 -4.307184e-02 -4.015970e-02 9.982645e-01 -3.331671e+00
9.029605e-01 4.258450e-01 5.760525e-02 1.298233e+02 -4.274260e-01 9.038699e-01 1.806035e-02 -5.327720e+01 -4.437674e-02 -4.092977e-02 9.981761e-01 -3.385111e+00
9.029958e-01 4.257125e-01 5.802990e-02 1.308295e+02 -4.272468e-01 9.039819e-01 1.664033e-02 -5.376228e+01 -4.537398e-02 -3.981923e-02 9.981762e-01 -3.435880e+00
9.030723e-01 4.257498e-01 5.654680e-02 1.317927e+02 -4.271473e-01 9.040595e-01 1.488553e-02 -5.422868e+01 -4.478416e-02 -3.759652e-02 9.982890e-01 -3.487416e+00
9.031363e-01 4.257489e-01 5.552259e-02 1.327954e+02 -4.271760e-01 9.040189e-01 1.644644e-02 -5.471666e+01 -4.319142e-02 -3.857130e-02 9.983220e-01 -3.541924e+00
9.032330e-01 4.256224e-01 5.491584e-02 1.337971e+02 -4.271201e-01 9.040021e-01 1.867277e-02 -5.521477e+01 -4.169648e-02 -4.032152e-02 9.983164e-01 -3.596145e+00
9.031107e-01 4.257302e-01 5.607914e-02 1.348573e+02 -4.274283e-01 9.037739e-01 2.231112e-02 -5.572711e+01 -4.118434e-02 -4.411922e-02 9.981770e-01 -3.658781e+00
9.028890e-01 4.260543e-01 5.717743e-02 1.359173e+02 -4.278815e-01 9.035101e-01 2.422590e-02 -5.623348e+01 -4.133883e-02 -4.633847e-02 9.980701e-01 -3.716768e+00
9.028415e-01 4.261737e-01 5.703747e-02 1.369743e+02 -4.279929e-01 9.034583e-01 2.418860e-02 -5.674891e+01 -4.122243e-02 -4.625011e-02 9.980790e-01 -3.772402e+00
9.027671e-01 4.264551e-01 5.610366e-02 1.378640e+02 -4.282477e-01 9.033267e-01 2.459079e-02 -5.719409e+01 -4.019307e-02 -4.622602e-02 9.981221e-01 -3.813060e+00
9.025941e-01 4.272124e-01 5.304237e-02 1.388618e+02 -4.287465e-01 9.031697e-01 2.146966e-02 -5.766991e+01 -3.873416e-02 -4.212013e-02 9.983614e-01 -3.847945e+00
9.025000e-01 4.273095e-01 5.385456e-02 1.398839e+02 -4.289356e-01 9.030439e-01 2.293568e-02 -5.816233e+01 -3.883239e-02 -4.379959e-02 9.982854e-01 -3.905572e+00
9.022572e-01 4.275986e-01 5.560056e-02 1.409113e+02 -4.292426e-01 9.029339e-01 2.147425e-02 -5.865048e+01 -4.102127e-02 -4.324143e-02 9.982221e-01 -3.953303e+00
9.021015e-01 4.276719e-01 5.752887e-02 1.419117e+02 -4.294455e-01 9.028117e-01 2.253148e-02 -5.913634e+01 -4.230165e-02 -4.503120e-02 9.980896e-01 -3.997066e+00
9.021041e-01 4.278238e-01 5.634687e-02 1.428501e+02 -4.296643e-01 9.026292e-01 2.547940e-02 -5.959721e+01 -3.995964e-02 -4.719531e-02 9.980861e-01 -4.046637e+00
9.021979e-01 4.278287e-01 5.478715e-02 1.438107e+02 -4.297697e-01 9.024368e-01 3.009766e-02 -6.006906e+01 -3.656529e-02 -5.069990e-02 9.980443e-01 -4.097009e+00
9.022367e-01 4.280657e-01 5.223725e-02 1.447918e+02 -4.298375e-01 9.024434e-01 2.890875e-02 -6.056270e+01 -3.476631e-02 -4.853607e-02 9.982162e-01 -4.148270e+00
9.020830e-01 4.282351e-01 5.348764e-02 1.457586e+02 -4.300902e-01 9.023029e-01 2.952654e-02 -6.103636e+01 -3.561775e-02 -4.963990e-02 9.981319e-01 -4.188317e+00
9.018131e-01 4.287744e-01 5.371885e-02 1.467390e+02 -4.305889e-01 9.021112e-01 2.808083e-02 -6.150573e+01 -3.642004e-02 -4.845440e-02 9.981612e-01 -4.230903e+00
9.016848e-01 4.291579e-01 5.280207e-02 1.477842e+02 -4.308936e-01 9.019953e-01 2.711620e-02 -6.201120e+01 -3.599008e-02 -4.720234e-02 9.982368e-01 -4.278397e+00
9.016101e-01 4.294899e-01 5.135802e-02 1.487352e+02 -4.310302e-01 9.020309e-01 2.352210e-02 -6.249021e+01 -3.622402e-02 -4.334463e-02 9.984033e-01 -4.319070e+00
9.015032e-01 4.295992e-01 5.231148e-02 1.497462e+02 -4.311108e-01 9.020393e-01 2.164744e-02 -6.299953e+01 -3.788728e-02 -4.206728e-02 9.983962e-01 -4.365979e+00
9.013934e-01 4.295412e-01 5.462838e-02 1.507932e+02 -4.312229e-01 9.019407e-01 2.344689e-02 -6.351141e+01 -3.920016e-02 -4.469188e-02 9.982314e-01 -4.413908e+00
9.012997e-01 4.298259e-01 5.393144e-02 1.518308e+02 -4.314973e-01 9.017955e-01 2.398015e-02 -6.401021e+01 -3.832784e-02 -4.488457e-02 9.982567e-01 -4.456647e+00
9.014169e-01 4.298636e-01 5.162224e-02 1.529128e+02 -4.314603e-01 9.017922e-01 2.475634e-02 -6.454425e+01 -3.591068e-02 -4.458873e-02 9.983598e-01 -4.504858e+00
9.016533e-01 4.293948e-01 5.139461e-02 1.539485e+02 -4.310595e-01 9.019201e-01 2.697712e-02 -6.505025e+01 -3.477000e-02 -4.647814e-02 9.983140e-01 -4.552558e+00
9.017895e-01 4.288804e-01 5.326703e-02 1.548822e+02 -4.307259e-01 9.019985e-01 2.956061e-02 -6.550409e+01 -3.536882e-02 -4.960094e-02 9.981427e-01 -4.589311e+00
9.018784e-01 4.286985e-01 5.322523e-02 1.558555e+02 -4.304627e-01 9.021937e-01 2.735503e-02 -6.598355e+01 -3.629241e-02 -4.758239e-02 9.982078e-01 -4.631351e+00
9.020308e-01 4.282742e-01 5.405253e-02 1.567757e+02 -4.300647e-01 9.023942e-01 2.700045e-02 -6.643499e+01 -3.721310e-02 -4.760132e-02 9.981730e-01 -4.671129e+00
9.022206e-01 4.276250e-01 5.599071e-02 1.578613e+02 -4.294819e-01 9.026917e-01 2.632460e-02 -6.697536e+01 -3.928529e-02 -4.779760e-02 9.980842e-01 -4.720891e+00
9.022952e-01 4.270843e-01 5.884259e-02 1.588600e+02 -4.291123e-01 9.028441e-01 2.711376e-02 -6.744937e+01 -4.154582e-02 -4.971469e-02 9.978990e-01 -4.774405e+00
9.023946e-01 4.267354e-01 5.984024e-02 1.599187e+02 -4.287625e-01 9.030450e-01 2.593092e-02 -6.795582e+01 -4.297279e-02 -4.905717e-02 9.978711e-01 -4.836690e+00
9.026176e-01 4.260726e-01 6.118538e-02 1.609034e+02 -4.282122e-01 9.032753e-01 2.698225e-02 -6.843216e+01 -4.377084e-02 -5.055498e-02 9.977616e-01 -4.882908e+00
9.028753e-01 4.255902e-01 6.073896e-02 1.619771e+02 -4.276867e-01 9.035380e-01 2.651963e-02 -6.895347e+01 -4.359346e-02 -4.992116e-02 9.978013e-01 -4.939239e+00
9.031526e-01 4.249730e-01 6.093673e-02 1.631278e+02 -4.271979e-01 9.036843e-01 2.926809e-02 -6.951113e+01 -4.262942e-02 -5.246559e-02 9.977124e-01 -5.000073e+00
9.033759e-01 4.245947e-01 6.025990e-02 1.641651e+02 -4.268141e-01 9.038421e-01 2.998667e-02 -7.000975e+01 -4.173325e-02 -5.280901e-02 9.977322e-01 -5.055190e+00
9.035519e-01 4.242773e-01 5.985600e-02 1.651935e+02 -4.265003e-01 9.039698e-01 3.059516e-02 -7.049985e+01 -4.112719e-02 -5.317292e-02 9.977380e-01 -5.105320e+00
9.038251e-01 4.237915e-01 5.916845e-02 1.662574e+02 -4.259410e-01 9.042636e-01 2.969362e-02 -7.102591e+01 -4.091997e-02 -5.204011e-02 9.978063e-01 -5.153741e+00
9.038842e-01 4.233752e-01 6.121090e-02 1.673015e+02 -4.256339e-01 9.044066e-01 2.974085e-02 -7.152894e+01 -4.276800e-02 -5.293572e-02 9.976817e-01 -5.212490e+00
9.038186e-01 4.232421e-01 6.307217e-02 1.683133e+02 -4.255298e-01 9.045058e-01 2.817179e-02 -7.201700e+01 -4.512566e-02 -5.230128e-02 9.976113e-01 -5.266271e+00
9.037309e-01 4.233367e-01 6.369098e-02 1.693534e+02 -4.257120e-01 9.043817e-01 2.937760e-02 -7.251119e+01 -4.516434e-02 -5.366346e-02 9.975372e-01 -5.318819e+00
9.038579e-01 4.232094e-01 6.272781e-02 1.702351e+02 -4.255304e-01 9.044689e-01 2.932211e-02 -7.294560e+01 -4.432596e-02 -5.319561e-02 9.975998e-01 -5.364990e+00
9.037573e-01 4.235185e-01 6.208743e-02 1.712274e+02 -4.257482e-01 9.044078e-01 2.801879e-02 -7.343503e+01 -4.428588e-02 -5.175579e-02 9.976774e-01 -5.431485e+00
9.035919e-01 4.238041e-01 6.254366e-02 1.722975e+02 -4.259849e-01 9.043449e-01 2.640473e-02 -7.395112e+01 -4.537060e-02 -5.050176e-02 9.976929e-01 -5.483128e+00
9.034530e-01 4.239799e-01 6.335458e-02 1.733358e+02 -4.262215e-01 9.042209e-01 2.682786e-02 -7.444946e+01 -4.591206e-02 -5.124079e-02 9.976304e-01 -5.536284e+00
9.030681e-01 4.246182e-01 6.455477e-02 1.743012e+02 -4.269056e-01 9.039088e-01 2.646818e-02 -7.491881e+01 -4.711275e-02 -5.146136e-02 9.975631e-01 -5.601026e+00
9.024204e-01 4.257257e-01 6.629567e-02 1.751729e+02 -4.280478e-01 9.034017e-01 2.530740e-02 -7.533644e+01 -4.911760e-02 -5.121563e-02 9.974790e-01 -5.645739e+00
9.017317e-01 4.269802e-01 6.758598e-02 1.761488e+02 -4.293609e-01 9.027837e-01 2.511708e-02 -7.581650e+01 -5.029103e-02 -5.166764e-02 9.973972e-01 -5.697692e+00
9.012879e-01 4.281083e-01 6.635832e-02 1.770884e+02 -4.303825e-01 9.023216e-01 2.421888e-02 -7.627808e+01 -4.950824e-02 -5.038765e-02 9.975019e-01 -5.749318e+00
9.010411e-01 4.292311e-01 6.233434e-02 1.780611e+02 -4.311800e-01 9.020097e-01 2.150090e-02 -7.674909e+01 -4.699733e-02 -4.625052e-02 9.978237e-01 -5.801479e+00
9.011654e-01 4.295026e-01 5.855248e-02 1.790343e+02 -4.312390e-01 9.020029e-01 2.058246e-02 -7.724491e+01 -4.397429e-02 -4.379832e-02 9.980721e-01 -5.857874e+00
9.012201e-01 4.296801e-01 5.636734e-02 1.801662e+02 -4.312143e-01 9.020687e-01 1.806095e-02 -7.781260e+01 -4.308678e-02 -4.058330e-02 9.982467e-01 -5.925340e+00
9.010929e-01 4.297717e-01 5.768712e-02 1.811201e+02 -4.312547e-01 9.020934e-01 1.571193e-02 -7.827677e+01 -4.528662e-02 -3.903576e-02 9.982111e-01 -5.983067e+00
9.010661e-01 4.293781e-01 6.094548e-02 1.822232e+02 -4.309814e-01 9.022273e-01 1.552254e-02 -7.882546e+01 -4.832164e-02 -4.025320e-02 9.980204e-01 -6.045264e+00
9.008297e-01 4.290171e-01 6.670996e-02 1.832210e+02 -4.310725e-01 9.021054e-01 1.955072e-02 -7.929593e+01 -5.179182e-02 -4.636870e-02 9.975808e-01 -6.097855e+00
9.007564e-01 4.288139e-01 6.896815e-02 1.843619e+02 -4.307754e-01 9.023190e-01 1.590297e-02 -7.986378e+01 -5.541186e-02 -4.403448e-02 9.974921e-01 -6.167486e+00
9.005417e-01 4.287082e-01 7.234611e-02 1.854562e+02 -4.307566e-01 9.023468e-01 1.480054e-02 -8.039447e+01 -5.893617e-02 -4.449207e-02 9.972698e-01 -6.234252e+00
9.005598e-01 4.287053e-01 7.213708e-02 1.865124e+02 -4.307043e-01 9.023826e-01 1.412295e-02 -8.090841e+01 -5.904066e-02 -4.378832e-02 9.972947e-01 -6.305215e+00
9.011436e-01 4.282683e-01 6.727838e-02 1.875975e+02 -4.301136e-01 9.026478e-01 1.514021e-02 -8.143419e+01 -5.424461e-02 -4.258085e-02 9.976194e-01 -6.372071e+00
9.017870e-01 4.277437e-01 6.176972e-02 1.886168e+02 -4.294762e-01 9.029080e-01 1.753145e-02 -8.193337e+01 -4.827340e-02 -4.233826e-02 9.979364e-01 -6.428319e+00
9.020045e-01 4.276143e-01 5.944703e-02 1.896688e+02 -4.292658e-01 9.030010e-01 1.789142e-02 -8.244174e+01 -4.603010e-02 -4.165672e-02 9.980711e-01 -6.505168e+00
9.020674e-01 4.273677e-01 6.026040e-02 1.907286e+02 -4.288750e-01 9.032529e-01 1.415597e-02 -8.297716e+01 -4.838058e-02 -3.861381e-02 9.980823e-01 -6.571531e+00
9.018106e-01 4.274235e-01 6.361484e-02 1.917822e+02 -4.291280e-01 9.031121e-01 1.541843e-02 -8.346560e+01 -5.086113e-02 -4.120341e-02 9.978554e-01 -6.625503e+00
9.020090e-01 4.270386e-01 6.338608e-02 1.928804e+02 -4.287638e-01 9.032745e-01 1.602324e-02 -8.400722e+01 -5.041249e-02 -4.163076e-02 9.978604e-01 -6.682911e+00
9.023313e-01 4.266800e-01 6.117551e-02 1.939294e+02 -4.282844e-01 9.035123e-01 1.542764e-02 -8.452672e+01 -4.869015e-02 -4.012136e-02 9.980078e-01 -6.742807e+00
9.025226e-01 4.264402e-01 6.001421e-02 1.950154e+02 -4.279898e-01 9.036548e-01 1.525807e-02 -8.506967e+01 -4.772547e-02 -3.945622e-02 9.980809e-01 -6.800982e+00
9.026704e-01 4.260759e-01 6.037767e-02 1.960494e+02 -4.276743e-01 9.037916e-01 1.598383e-02 -8.557374e+01 -4.775850e-02 -4.025010e-02 9.980476e-01 -6.868431e+00
9.026342e-01 4.261175e-01 6.062516e-02 1.970843e+02 -4.277728e-01 9.037271e-01 1.696502e-02 -8.605700e+01 -4.755951e-02 -4.124701e-02 9.980164e-01 -6.928991e+00
9.028001e-01 4.259568e-01 5.926943e-02 1.981430e+02 -4.275619e-01 9.038246e-01 1.708690e-02 -8.657001e+01 -4.629088e-02 -4.076741e-02 9.980958e-01 -6.983537e+00
