1.000000e+00 0.000000e+00 0.000000e+00 0.000000e+00 0.000000e+00 1.000000e+00 0.000000e+00 0.000000e+00 0.000000e+00 0.000000e+00 1.000000e+00 0.000000e+00
9.999118e-01 -1.326902e-02 5.941907e-04 1.419274e+00 1.326813e-02 9.999109e-01 1.479886e-03 2.636602e-01 -6.137744e-04 -1.471872e-03 9.999987e-01 1.371224e+00
9.986599e-01 -5.174402e-02 1.006563e-03 1.527991e+00 5.173313e-02 9.986218e-01 8.841161e-03 3.459919e-01 -1.462653e-03 -8.777240e-03 9.999604e-01 1.394828e+00
9.971348e-01 -7.564489e-02 -9.056885e-05 2.031515e+00 7.563908e-02 9.970419e-01 1.364316e-02 4.257118e-01 -9.417344e-04 -1.361092e-02 9.999069e-01 1.423067e+00
9.961959e-01 -8.709056e-02 -3.009024e-03 3.019343e+00 8.712239e-02 9.961140e-01 1.290579e-02 4.977526e-01 1.873359e-03 -1.311885e-02 9.999122e-01 1.399066e+00
9.959127e-01 -9.012567e-02 -5.933026e-03 4.078459e+00 9.019229e-02 9.958505e-01 1.212848e-02 6.236440e-01 4.815319e-03 -1.261402e-02 9.999088e-01 1.363268e+00
9.963841e-01 -8.457981e-02 -8.065099e-03 4.847419e+00 8.467545e-02 9.963319e-01 1.236193e-02 7.086836e-01 6.989946e-03 -1.300014e-02 9.998911e-01 1.338232e+00
9.966110e-01 -8.168827e-02 -9.670428e-03 5.497257e+00 8.181802e-02 9.965506e-01 1.388180e-02 8.151295e-01 8.503091e-03 -1.462597e-02 9.998569e-01 1.325223e+00
9.964550e-01 -8.352463e-02 -1.005250e-02 6.133889e+00 8.365727e-02 9.964019e-01 1.358895e-02 7.967059e-01 8.881315e-03 -1.438174e-02 9.998571e-01 1.311352e+00
9.961372e-01 -8.726519e-02 -9.765836e-03 6.814122e+00 8.739655e-02 9.960760e-01 1.394696e-02 7.678280e-01 8.510430e-03 -1.474659e-02 9.998550e-01 1.322446e+00
9.964245e-01 -8.389404e-02 -1.000102e-02 7.540492e+00 8.403033e-02 9.963636e-01 1.409048e-02 8.346734e-01 8.782543e-03 -1.488049e-02 9.998507e-01 1.319681e+00
9.968624e-01 -7.837665e-02 -1.106255e-02 8.362334e+00 7.854478e-02 9.967872e-01 1.568341e-02 9.322650e-01 9.797793e-03 -1.650311e-02 9.998158e-01 1.310805e+00
9.971844e-01 -7.394065e-02 -1.248958e-02 9.175516e+00 7.415563e-02 9.970891e-01 1.772914e-02 1.053920e+00 1.114232e-02 -1.860539e-02 9.997648e-01 1.300055e+00
9.974678e-01 -6.970881e-02 -1.409756e-02 1.003834e+01 6.996960e-02 9.973693e-01 1.893831e-02 1.099328e+00 1.274031e-02 -1.987675e-02 9.997213e-01 1.290028e+00
9.977407e-01 -6.530977e-02 -1.574971e-02 1.089361e+01 6.565497e-02 9.975887e-01 2.249889e-02 1.137391e+00 1.424234e-02 -2.348211e-02 9.996228e-01 1.284009e+00
9.980705e-01 -5.958825e-02 -1.745090e-02 1.176229e+01 6.000015e-02 9.979070e-01 2.411637e-02 1.163965e+00 1.597732e-02 -2.511690e-02 9.995568e-01 1.280077e+00
9.987102e-01 -4.714336e-02 -1.885163e-02 1.268336e+01 4.760698e-02 9.985545e-01 2.495087e-02 1.216711e+00 1.764811e-02 -2.581616e-02 9.995109e-01 1.273336e+00
9.991540e-01 -3.588030e-02 -2.009454e-02 1.366283e+01 3.642684e-02 9.989571e-01 2.752695e-02 1.265809e+00 1.908591e-02 -2.823564e-02 9.994191e-01 1.276407e+00
9.995451e-01 -2.184461e-02 -2.079590e-02 1.463985e+01 2.241478e-02 9.993680e-01 2.759116e-02 1.319929e+00 2.018004e-02 -2.804474e-02 9.994030e-01 1.285830e+00
9.997712e-01 -8.920448e-03 -1.944398e-02 1.558402e+01 9.455223e-03 9.995747e-01 2.758720e-02 1.347141e+00 1.918962e-02 -2.776473e-02 9.994303e-01 1.292101e+00
9.998457e-01 5.376559e-03 -1.672435e-02 1.658671e+01 -4.884491e-03 9.995580e-01 2.932523e-02 1.290451e+00 1.687462e-02 -2.923902e-02 9.994300e-01 1.298868e+00
9.996722e-01 2.099368e-02 -1.465288e-02 1.761764e+01 -2.053197e-02 9.993091e-01 3.097881e-02 1.221948e+00 1.529312e-02 -3.066781e-02 9.994126e-01 1.310971e+00
9.991559e-01 3.842737e-02 -1.452104e-02 1.865852e+01 -3.795575e-02 9.987839e-01 3.146697e-02 1.109474e+00 1.571257e-02 -3.088925e-02 9.993993e-01 1.315589e+00
9.983430e-01 5.561724e-02 -1.476635e-02 1.975945e+01 -5.511616e-02 9.979537e-01 3.241200e-02 9.959180e-01 1.653880e-02 -3.154443e-02 9.993655e-01 1.319439e+00
9.972063e-01 7.339875e-02 -1.386423e-02 2.082364e+01 -7.289939e-02 9.967725e-01 3.362050e-02 9.299519e-01 1.628718e-02 -3.251588e-02 9.993385e-01 1.323839e+00
9.958201e-01 9.048649e-02 -1.243090e-02 2.191914e+01 -8.999719e-02 9.953098e-01 3.548212e-02 8.087047e-01 1.558325e-02 -3.421506e-02 9.992930e-01 1.309662e+00
9.937792e-01 1.109388e-01 -9.775261e-03 2.300622e+01 -1.104852e-01 9.931246e-01 3.868411e-02 6.824279e-01 1.399962e-02 -3.736344e-02 9.992037e-01 1.313821e+00
9.912468e-01 1.317638e-01 -8.254197e-03 2.407928e+01 -1.313269e-01 9.905056e-01 4.064384e-02 5.360864e-01 1.353122e-02 -3.920407e-02 9.991396e-01 1.343247e+00
9.881653e-01 1.531480e-01 -8.662871e-03 2.514990e+01 -1.526407e-01 9.873365e-01 4.321333e-02 3.392939e-01 1.517121e-02 -4.137961e-02 9.990283e-01 1.353198e+00
9.846013e-01 1.744827e-01 -1.077004e-02 2.620792e+01 -1.738611e-01 9.837964e-01 4.378420e-02 1.385398e-01 1.823511e-02 -4.123749e-02 9.989830e-01 1.377355e+00
9.804302e-01 1.964809e-01 -1.232078e-02 2.729069e+01 -1.957297e-01 9.795732e-01 4.611075e-02 -1.130766e-01 2.112899e-02 -4.279683e-02 9.988603e-01 1.393158e+00
9.756656e-01 2.188454e-01 -1.353866e-02 2.838294e+01 -2.179965e-01 9.748046e-01 4.726090e-02 -3.326781e-01 2.354038e-02 -4.315946e-02 9.987908e-01 1.398917e+00
9.704508e-01 2.409572e-01 -1.284306e-02 2.945931e+01 -2.401573e-01 9.696611e-01 4.562794e-02 -6.030779e-01 2.344780e-02 -4.119531e-02 9.988759e-01 1.426843e+00
9.647741e-01 2.628059e-01 -1.200312e-02 3.052731e+01 -2.620482e-01 9.640266e-01 4.453642e-02 -9.241747e-01 2.327576e-02 -3.982219e-02 9.989356e-01 1.447413e+00
9.585477e-01 2.847010e-01 -1.147392e-02 3.157679e+01 -2.839173e-01 9.577546e-01 4.579406e-02 -1.251786e+00 2.402681e-02 -4.063815e-02 9.988850e-01 1.473391e+00
9.518345e-01 3.063895e-01 -1.168534e-02 3.261293e+01 -3.055488e-01 9.510155e-01 4.700461e-02 -1.618206e+00 2.551466e-02 -4.117017e-02 9.988263e-01 1.496858e+00
9.447685e-01 3.275033e-01 -1.241517e-02 3.364567e+01 -3.266201e-01 9.439954e-01 4.681772e-02 -1.983799e+00 2.705282e-02 -4.017686e-02 9.988263e-01 1.524555e+00
9.373345e-01 3.481575e-01 -1.379734e-02 3.469410e+01 -3.471973e-01 9.366128e-01 4.701697e-02 -2.381073e+00 2.929207e-02 -3.928023e-02 9.987988e-01 1.554593e+00
9.299630e-01 3.673344e-01 -1.530633e-02 3.568327e+01 -3.662841e-01 9.292862e-01 4.757332e-02 -2.819568e+00 3.169928e-02 -3.863496e-02 9.987505e-01 1.588985e+00
9.223780e-01 3.859021e-01 -1.727144e-02 3.666376e+01 -3.847825e-01 9.218076e-01 4.704488e-02 -3.267639e+00 3.407566e-02 -3.674741e-02 9.987434e-01 1.613635e+00
9.144043e-01 4.044226e-01 -1.752259e-02 3.765403e+01 -4.032629e-01 9.138449e-01 4.760927e-02 -3.720123e+00 3.526719e-02 -3.646791e-02 9.987123e-01 1.649527e+00
9.060359e-01 4.228827e-01 -1.640874e-02 3.862705e+01 -4.217029e-01 9.054093e-01 4.899697e-02 -4.189768e+00 3.557660e-02 -3.747340e-02 9.986641e-01 1.695649e+00
8.972460e-01 4.412508e-01 -1.572839e-02 3.958922e+01 -4.400507e-01 8.965848e-01 4.991164e-02 -4.658949e+00 3.612539e-02 -3.786173e-02 9.986298e-01 1.739247e+00
8.886751e-01 4.582715e-01 -1.561318e-02 4.051052e+01 -4.570333e-01 8.880021e-01 5.072262e-02 -5.178933e+00 3.710927e-02 -3.794019e-02 9.985907e-01 1.785420e+00
8.798591e-01 4.749080e-01 -1.761802e-02 4.146104e+01 -4.736313e-01 8.793305e-01 4.951023e-02 -5.700624e+00 3.900487e-02 -3.521758e-02 9.986182e-01 1.830158e+00
8.712619e-01 4.904447e-01 -1.914870e-02 4.239656e+01 -4.891401e-01 8.708453e-01 4.868768e-02 -6.234026e+00 4.055417e-02 -3.305333e-02 9.986305e-01 1.869221e+00
8.628088e-01 5.050838e-01 -2.124246e-02 4.328503e+01 -5.037469e-01 8.625321e-01 4.772265e-02 -6.773582e+00 4.242624e-02 -3.047470e-02 9.986347e-01 1.905257e+00
8.548293e-01 5.184097e-01 -2.276429e-02 4.415633e+01 -5.170134e-01 8.546328e-01 4.795742e-02 -7.343601e+00 4.431671e-02 -2.922597e-02 9.985899e-01 1.942344e+00
8.471958e-01 5.307220e-01 -2.436004e-02 4.503464e+01 -5.292605e-01 8.470814e-01 4.833717e-02 -7.932230e+00 4.628854e-02 -2.805824e-02 9.985340e-01 1.987258e+00
8.402880e-01 5.415122e-01 -2.608874e-02 4.591843e+01 -5.400329e-01 8.402909e-01 4.770486e-02 -8.526215e+00 4.775489e-02 -2.599704e-02 9.985207e-01 2.041509e+00
8.339115e-01 5.512664e-01 -2.640068e-02 4.679935e+01 -5.497149e-01 8.339124e-01 4.902684e-02 -9.114466e+00 4.904271e-02 -2.637120e-02 9.984485e-01 2.093993e+00
8.278078e-01 5.603922e-01 -2.636113e-02 4.766099e+01 -5.587618e-01 8.277812e-01 5.063144e-02 -9.728838e+00 5.019472e-02 -2.718351e-02 9.983694e-01 2.148323e+00
8.217382e-01 5.692605e-01 -2.624697e-02 4.852418e+01 -5.676033e-01 8.217075e-01 5.121783e-02 -1.033590e+01 5.072362e-02 -2.718978e-02 9.983425e-01 2.194497e+00
8.159053e-01 5.776198e-01 -2.557084e-02 4.938003e+01 -5.759808e-01 8.158574e-01 5.121413e-02 -1.095626e+01 5.044446e-02 -2.705757e-02 9.983603e-01 2.234618e+00
8.106545e-01 5.849523e-01 -2.588640e-02 5.024218e+01 -5.833536e-01 8.106625e-01 5.024758e-02 -1.159537e+01 5.037757e-02 -2.563250e-02 9.984013e-01 2.287275e+00
8.059418e-01 5.913308e-01 -2.803223e-02 5.108378e+01 -5.897040e-01 8.060842e-01 4.977458e-02 -1.226608e+01 5.202958e-02 -2.358469e-02 9.983670e-01 2.348062e+00
8.011486e-01 5.977146e-01 -2.997091e-02 5.191500e+01 -5.959782e-01 8.013789e-01 5.100915e-02 -1.289640e+01 5.450697e-02 -2.300390e-02 9.982484e-01 2.401575e+00
7.963220e-01 6.040843e-01 -3.087893e-02 5.275693e+01 -6.022502e-01 7.965841e-01 5.242590e-02 -1.352782e+01 5.626733e-02 -2.315105e-02 9.981473e-01 2.450687e+00
7.920427e-01 6.096523e-01 -3.150134e-02 5.359776e+01 -6.078010e-01 7.923510e-01 5.251430e-02 -1.419486e+01 5.697558e-02 -2.244702e-02 9.981232e-01 2.499725e+00
7.879220e-01 6.149645e-01 -3.158359e-02 5.445120e+01 -6.130973e-01 7.882412e-01 5.279693e-02 -1.487603e+01 5.736372e-02 -2.223605e-02 9.981057e-01 2.557579e+00
7.840367e-01 6.199512e-01 -3.077202e-02 5.528069e+01 -6.180436e-01 7.842972e-01 5.385270e-02 -1.555655e+01 5.752045e-02 -2.320405e-02 9.980746e-01 2.620356e+00
7.804491e-01 6.244354e-01 -3.129987e-02 5.611887e+01 -6.225133e-01 7.807495e-01 5.392005e-02 -1.625748e+01 5.810695e-02 -2.259727e-02 9.980546e-01 2.679691e+00
7.767887e-01 6.289769e-01 -3.142265e-02 5.693512e+01 -6.270638e-01 7.771113e-01 5.374887e-02 -1.691782e+01 5.822569e-02 -2.204750e-02 9.980600e-01 2.741793e+00
7.736923e-01 6.328015e-01 -3.102358e-02 5.776080e+01 -6.308508e-01 7.739827e-01 5.457182e-02 -1.761071e+01 5.854485e-02 -2.265055e-02 9.980278e-01 2.795619e+00
7.710495e-01 6.359723e-01 -3.196734e-02 5.858364e+01 -6.339960e-01 7.714015e-01 5.466952e-02 -1.831212e+01 5.942796e-02 -2.188574e-02 9.979927e-01 2.862957e+00
7.685944e-01 6.388831e-01 -3.303075e-02 5.940921e+01 -6.368407e-01 7.690020e-01 5.540645e-02 -1.899657e+01 6.079896e-02 -2.154976e-02 9.979174e-01 2.919155e+00
7.666353e-01 6.411868e-01 -3.390758e-02 6.025921e+01 -6.391042e-01 7.670949e-01 5.577770e-02 -1.970075e+01 6.177426e-02 -2.109068e-02 9.978673e-01 2.978720e+00
7.655775e-01 6.424453e-01 -3.398744e-02 6.109172e+01 -6.403562e-01 7.660436e-01 5.586742e-02 -2.042394e+01 6.192762e-02 -2.100677e-02 9.978596e-01 3.037947e+00
7.647015e-01 6.434761e-01 -3.420764e-02 6.193194e+01 -6.414417e-01 7.652034e-01 5.492079e-02 -2.113455e+01 6.151602e-02 -2.005580e-02 9.979046e-01 3.094237e+00
7.642189e-01 6.441113e-01 -3.301611e-02 6.276530e+01 -6.420995e-01 7.646490e-01 5.495552e-02 -2.185837e+01 6.064321e-02 -2.079842e-02 9.979428e-01 3.156744e+00
7.639841e-01 6.445571e-01 -2.957108e-02 6.360884e+01 -6.425128e-01 7.641669e-01 5.679996e-02 -2.260254e+01 5.920805e-02 -2.439447e-02 9.979476e-01 3.207629e+00
7.634759e-01 6.453247e-01 -2.570191e-02 6.448416e+01 -6.433027e-01 7.634000e-01 5.815575e-02 -2.334637e+01 5.715018e-02 -2.786641e-02 9.979766e-01 3.253444e+00
7.632455e-01 6.456342e-01 -2.475466e-02 6.534668e+01 -6.437008e-01 7.631475e-01 5.705394e-02 -2.409556e+01 5.572743e-02 -2.761157e-02 9.980642e-01 3.312756e+00
7.630872e-01 6.458667e-01 -2.353889e-02 6.621309e+01 -6.439943e-01 7.629364e-01 5.656339e-02 -2.484012e+01 5.449109e-02 -2.800388e-02 9.981215e-01 3.370901e+00
7.633960e-01 6.456141e-01 -2.022416e-02 6.710480e+01 -6.438257e-01 7.630608e-01 5.680391e-02 -2.559606e+01 5.210567e-02 -3.034304e-02 9.981805e-01 3.416309e+00
7.644814e-01 6.444538e-01 -1.573054e-02 6.800174e+01 -6.427523e-01 7.638779e-01 5.796569e-02 -2.636955e+01 4.937242e-02 -3.420285e-02 9.981946e-01 3.465452e+00
7.658529e-01 6.427916e-01 -1.698132e-02 6.890265e+01 -6.410998e-01 7.653417e-01 5.694832e-02 -2.715569e+01 4.960242e-02 -3.272731e-02 9.982327e-01 3.519332e+00
7.668838e-01 6.415485e-01 -1.745479e-02 6.982172e+01 -6.395626e-01 7.662063e-01 6.235094e-02 -2.791648e+01 5.337513e-02 -3.665249e-02 9.979016e-01 3.575387e+00
7.677080e-01 6.405745e-01 -1.699243e-02 7.070385e+01 -6.381953e-01 7.667071e-01 6.976370e-02 -2.865907e+01 5.771707e-02 -4.271366e-02 9.974188e-01 3.626352e+00
7.680380e-01 6.402476e-01 -1.416484e-02 7.161360e+01 -6.378219e-01 7.667382e-01 7.277160e-02 -2.941684e+01 5.745256e-02 -4.685671e-02 9.972480e-01 3.692025e+00
7.681804e-01 6.401517e-01 -1.023509e-02 7.252342e+01 -6.379887e-01 7.667267e-01 7.141891e-02 -3.018726e+01 5.356645e-02 -4.833274e-02 9.973939e-01 3.742618e+00
7.682279e-01 6.401525e-01 -5.540386e-03 7.345419e+01 -6.382281e-01 7.665359e-01 7.132679e-02 -3.096076e+01 4.990692e-02 -5.125920e-02 9.974376e-01 3.797658e+00
7.683771e-01 6.399792e-01 -4.818255e-03 7.436756e+01 -6.380432e-01 7.665971e-01 7.231670e-02 -3.173875e+01 4.997485e-02 -5.249224e-02 9.973701e-01 3.858601e+00
7.680785e-01 6.403426e-01 -4.090478e-03 7.527742e+01 -6.382713e-01 7.660778e-01 7.572641e-02 -3.250750e+01 5.162447e-02 -5.555300e-02 9.971202e-01 3.907661e+00
7.672019e-01 6.414041e-01 -1.423647e-03 7.618460e+01 -6.393143e-01 7.648774e-01 7.899214e-02 -3.327551e+01 5.175480e-02 -5.969276e-02 9.968742e-01 3.958538e+00
7.657553e-01 6.431318e-01 5.546931e-04 7.710738e+01 -6.410018e-01 7.631484e-01 8.198250e-02 -3.404722e+01 5.230224e-02 -6.313409e-02 9.966336e-01 4.015147e+00
7.638060e-01 6.454455e-01 -6.719880e-04 7.801218e+01 -6.430161e-01 7.610205e-01 8.589580e-02 -3.480615e+01 5.595245e-02 -6.517563e-02 9.963039e-01 4.076505e+00
7.617656e-01 6.478359e-01 -4.670665e-03 7.890031e+01 -6.450704e-01 7.591417e-01 8.710950e-02 -3.558053e+01 5.997836e-02 -6.334411e-02 9.961878e-01 4.127565e+00
7.592785e-01 6.507231e-01 -7.461789e-03 7.982819e+01 -6.479380e-01 7.569971e-01 8.444977e-02 -3.638970e+01 6.060197e-02 -5.928612e-02 9.963998e-01 4.190785e+00
7.570964e-01 6.532801e-01 -5.490276e-03 8.071742e+01 -6.506056e-01 7.547065e-01 8.444166e-02 -3.718341e+01 5.930760e-02 -6.035847e-02 9.964133e-01 4.260505e+00
7.549798e-01 6.557222e-01 -5.816527e-03 8.164170e+01 -6.531389e-01 7.527368e-01 8.244361e-02 -3.799358e+01 5.843842e-02 -5.844426e-02 9.965788e-01 4.333333e+00
7.533654e-01 6.575936e-01 -3.344392e-03 8.251850e+01 -6.552189e-01 7.510580e-01 8.124026e-02 -3.877657e+01 5.593491e-02 -5.901230e-02 9.966889e-01 4.396857e+00
7.518049e-01 6.593840e-01 -1.466352e-03 8.342270e+01 -6.573187e-01 7.496224e-01 7.744931e-02 -3.959618e+01 5.216805e-02 -5.726291e-02 9.969952e-01 4.450530e+00
7.502869e-01 6.610846e-01 6.060360e-03 8.434270e+01 -6.592301e-01 7.474279e-01 8.226334e-02 -4.040165e+01 4.985335e-02 -6.571628e-02 9.965922e-01 4.508633e+00
7.489046e-01 6.626058e-01 9.773047e-03 8.523926e+01 -6.608119e-01 7.456086e-01 8.599742e-02 -4.119663e+01 4.969552e-02 -7.086200e-02 9.962474e-01 4.568882e+00
7.480240e-01 6.635746e-01 1.135477e-02 8.615906e+01 -6.616876e-01 7.443565e-01 9.001632e-02 -4.202976e+01 5.128054e-02 -7.484767e-02 9.958756e-01 4.634565e+00
7.469856e-01 6.647669e-01 9.871818e-03 8.701913e+01 -6.624862e-01 7.430104e-01 9.511864e-02 -4.280556e+01 5.589686e-02 -7.759220e-02 9.954170e-01 4.689854e+00
7.464962e-01 6.653747e-01 4.468330e-03 8.789828e+01 -6.626299e-01 7.427723e-01 9.597377e-02 -4.360266e+01 6.053956e-02 -7.460490e-02 9.953738e-01 4.753979e+00
7.460636e-01 6.658746e-01 -4.115647e-04 8.881051e+01 -6.629322e-01 7.428245e-01 9.344889e-02 -4.443327e+01 6.253097e-02 -6.944597e-02 9.956240e-01 4.824959e+00
7.455968e-01 6.663799e-01 -4.822781e-03 8.973447e+01 -6.635214e-01 7.430312e-01 8.743049e-02 -4.529133e+01 6.184540e-02 -6.198788e-02 9.961589e-01 4.905368e+00
7.444690e-01 6.676335e-01 -5.612759e-03 9.066617e+01 -6.648552e-01 7.420879e-01 8.528278e-02 -4.612865e+01 6.110280e-02 -5.975871e-02 9.963410e-01 4.974930e+00
7.437012e-01 6.684886e-01 -5.602037e-03 9.160848e+01 -6.656174e-01 7.412339e-01 8.675154e-02 -4.699863e+01 6.214484e-02 -6.078842e-02 9.962142e-01 5.054561e+00
7.425127e-01 6.697773e-01 -8.561087e-03 9.253828e+01 -6.667670e-01 7.402760e-01 8.609961e-02 -4.783642e+01 6.400514e-02 -5.822180e-02 9.962497e-01 5.129016e+00
7.416699e-01 6.706873e-01 -1.021355e-02 9.345686e+01 -6.676648e-01 7.396186e-01 8.478224e-02 -4.868848e+01 6.441651e-02 -5.606120e-02 9.963472e-01 5.195472e+00
7.411915e-01 6.712319e-01 -9.102949e-03 9.437133e+01 -6.683452e-01 7.391378e-01 8.360598e-02 -4.953927e+01 6.284734e-02 -5.588413e-02 9.964573e-01 5.271491e+00
7.406960e-01 6.717890e-01 -8.306022e-03 9.527324e+01 -6.690834e-01 7.387190e-01 8.137312e-02 -5.036422e+01 6.080138e-02 -5.471532e-02 9.966491e-01 5.337297e+00
7.406923e-01 6.718186e-01 -5.892849e-03 9.619134e+01 -6.691692e-01 7.384965e-01 8.267665e-02 -5.121511e+01 5.989556e-02 -5.729465e-02 9.965590e-01 5.406241e+00
7.407717e-01 6.717214e-01 -6.910739e-03 9.711955e+01 -6.690191e-01 7.386414e-01 8.259764e-02 -5.207131e+01 6.058715e-02 -5.656257e-02 9.965590e-01 5.482456e+00
7.410265e-01 6.714712e-01 -2.489031e-03 9.804059e+01 -6.687391e-01 7.383356e-01 8.745648e-02 -5.292124e+01 6.056224e-02 -6.314305e-02 9.961652e-01 5.556948e+00
7.414858e-01 6.709619e-01 -2.996449e-03 9.896139e+01 -6.683273e-01 7.389555e-01 8.534332e-02 -5.378937e+01 5.947635e-02 -6.127825e-02 9.963471e-01 5.619854e+00
7.420123e-01 6.703764e-01 -3.639555e-03 9.981311e+01 -6.676044e-01 7.394165e-01 8.699212e-02 -5.458264e+01 6.100861e-02 -6.211944e-02 9.962024e-01 5.687511e+00
7.415962e-01 6.707425e-01 -1.181426e-02 1.007708e+02 -6.676442e-01 7.396603e-01 8.458102e-02 -5.543025e+01 6.547063e-02 -5.483724e-02 9.963466e-01 5.758780e+00
7.417635e-01 6.704370e-01 -1.735460e-02 1.016620e+02 -6.669711e-01 7.401457e-01 8.563786e-02 -5.625086e+01 7.025972e-02 -5.194802e-02 9.961752e-01 5.833937e+00
7.420197e-01 6.701041e-01 -1.916155e-02 1.025211e+02 -6.665579e-01 7.405370e-01 8.547202e-02 -5.703754e+01 7.146499e-02 -5.064964e-02 9.961563e-01 5.906433e+00
7.421859e-01 6.699860e-01 -1.669968e-02 1.034057e+02 -6.667507e-01 7.406661e-01 8.280890e-02 -5.783882e+01 6.784969e-02 -5.032508e-02 9.964255e-01 5.982372e+00
7.425811e-01 6.696729e-01 -1.055791e-02 1.043583e+02 -6.668544e-01 7.407379e-01 8.131771e-02 -5.871220e+01 6.227691e-02 -5.334441e-02 9.966323e-01 6.067039e+00
7.428737e-01 6.693843e-01 -7.955833e-03 1.052204e+02 -6.667262e-01 7.408866e-01 8.101406e-02 -5.950467e+01 6.012391e-02 -5.487885e-02 9.966812e-01 6.136958e+00
7.430741e-01 6.691247e-01 -1.063630e-02 1.061249e+02 -6.663941e-01 7.413111e-01 7.985526e-02 -6.033313e+01 6.131793e-02 -5.225041e-02 9.967497e-01 6.220902e+00
7.432583e-01 6.688908e-01 -1.233686e-02 1.069976e+02 -6.660463e-01 7.415781e-01 8.027612e-02 -6.113633e+01 6.284471e-02 -5.144897e-02 9.966963e-01 6.291926e+00
7.434231e-01 6.687750e-01 -7.877920e-03 1.078499e+02 -6.659667e-01 7.412858e-01 8.356928e-02 -6.191119e+01 6.172884e-02 -5.688091e-02 9.964708e-01 6.356293e+00
7.432908e-01 6.689677e-01 -1.051322e-03 1.087666e+02 -6.666317e-01 7.408247e-01 8.234629e-02 -6.273163e+01 5.586585e-02 -6.050639e-02 9.966032e-01 6.426224e+00
7.427555e-01 6.695305e-01 6.568834e-03 1.096371e+02 -6.678887e-01 7.401695e-01 7.793524e-02 -6.351443e+01 4.731797e-02 -6.227408e-02 9.969368e-01 6.487561e+00
7.423773e-01 6.696213e-01 2.198368e-02 1.105579e+02 -6.690177e-01 7.391495e-01 7.793115e-02 -6.435198e+01 3.593513e-02 -7.256178e-02 9.967163e-01 6.534213e+00
7.419507e-01 6.697755e-01 3.016452e-02 1.114146e+02 -6.699853e-01 7.389980e-01 7.072253e-02 -6.514753e+01 2.507670e-02 -7.268241e-02 9.970398e-01 6.565508e+00
7.412055e-01 6.703267e-01 3.572802e-02 1.123056e+02 -6.710415e-01 7.384807e-01 6.595086e-02 -6.596301e+01 1.782417e-02 -7.285813e-02 9.971830e-01 6.587808e+00
7.410155e-01 6.699844e-01 4.491002e-02 1.131308e+02 -6.713600e-01 7.379103e-01 6.902249e-02 -6.673116e+01 1.310443e-02 -8.129753e-02 9.966037e-01 6.619014e+00
7.404592e-01 6.706861e-01 4.359167e-02 1.139889e+02 -6.720441e-01 7.379916e-01 6.103303e-02 -6.751873e+01 8.763721e-03 -7.448800e-02 9.971834e-01 6.626231e+00
7.403157e-01 6.707192e-01 4.547992e-02 1.149425e+02 -6.722561e-01 7.384035e-01 5.321723e-02 -6.843370e+01 2.111291e-03 -6.997170e-02 9.975467e-01 6.603577e+00
7.399182e-01 6.707565e-01 5.105541e-02 1.157798e+02 -6.726645e-01 7.384921e-01 4.638803e-02 -6.924379e+01 -6.588943e-03 -6.866652e-02 9.976179e-01 6.586018e+00
7.393576e-01 6.709472e-01 5.639307e-02 1.166955e+02 -6.731730e-01 7.383142e-01 4.159546e-02 -7.010517e+01 -1.372745e-02 -6.871621e-02 9.975418e-01 6.567944e+00
7.389099e-01 6.717881e-01 5.208626e-02 1.175472e+02 -6.736246e-01 7.382874e-01 3.408251e-02 -7.090975e+01 -1.555840e-02 -6.027049e-02 9.980608e-01 6.551589e+00
7.384654e-01 6.724721e-01 4.949943e-02 1.184960e+02 -6.741691e-01 7.377376e-01 3.520342e-02 -7.176397e+01 -1.284428e-02 -5.936749e-02 9.981536e-01 6.529390e+00
7.383211e-01 6.724749e-01 5.157120e-02 1.195281e+02 -6.743777e-01 7.371961e-01 4.191231e-02 -7.271182e+01 -9.833111e-03 -6.572322e-02 9.977894e-01 6.514521e+00
7.382793e-01 6.726807e-01 4.943994e-02 1.204942e+02 -6.744261e-01 7.372666e-01 3.984265e-02 -7.363347e+01 -9.649038e-03 -6.275859e-02 9.979821e-01 6.486720e+00
7.380102e-01 6.728330e-01 5.134862e-02 1.214492e+02 -6.746446e-01 7.372891e-01 3.548796e-02 -7.452597e+01 -1.398130e-02 -6.083255e-02 9.980501e-01 6.467648e+00
7.375768e-01 6.728361e-01 5.720174e-02 1.223961e+02 -6.749771e-01 7.370799e-01 3.345219e-02 -7.541118e+01 -1.965441e-02 -6.328343e-02 9.978020e-01 6.444154e+00
7.372907e-01 6.726726e-01 6.256108e-02 1.233430e+02 -6.751799e-01 7.368617e-01 3.416078e-02 -7.630973e+01 -2.311985e-02 -6.742641e-02 9.974563e-01 6.409742e+00
7.371119e-01 6.730193e-01 6.091881e-02 1.243046e+02 -6.753556e-01 7.368189e-01 3.150645e-02 -7.721169e+01 -2.368169e-02 -6.436564e-02 9.976453e-01 6.376709e+00
7.371749e-01 6.729367e-01 6.106856e-02 1.252086e+02 -6.752690e-01 7.369226e-01 3.093423e-02 -7.805503e+01 -2.418602e-02 -6.404164e-02 9.976541e-01 6.354131e+00
7.372523e-01 6.729430e-01 6.005655e-02 1.260715e+02 -6.751525e-01 7.371257e-01 2.854277e-02 -7.886701e+01 -2.506157e-02 -6.159055e-02 9.977868e-01 6.316316e+00
7.373299e-01 6.728976e-01 5.961157e-02 1.270122e+02 -6.750781e-01 7.371964e-01 2.847806e-02 -7.974378e+01 -2.478261e-02 -6.124020e-02 9.978153e-01 6.272372e+00
7.374304e-01 6.729244e-01 5.804417e-02 1.279640e+02 -6.750038e-01 7.372739e-01 2.823275e-02 -8.063329e+01 -2.379594e-02 -5.999972e-02 9.979147e-01 6.224820e+00
7.373161e-01 6.728525e-01 6.028693e-02 1.289760e+02 -6.751143e-01 7.370997e-01 3.007701e-02 -8.156680e+01 -2.420009e-02 -6.287684e-02 9.977278e-01 6.189069e+00
7.375031e-01 6.725954e-01 6.086616e-02 1.299829e+02 -6.748826e-01 7.373302e-01 2.962429e-02 -8.251084e+01 -2.495330e-02 -6.292552e-02 9.977062e-01 6.151668e+00
7.375836e-01 6.723986e-01 6.205254e-02 1.309605e+02 -6.747897e-01 7.373695e-01 3.074161e-02 -8.341421e+01 -2.508503e-02 -6.454693e-02 9.975993e-01 6.117596e+00
7.378514e-01 6.721534e-01 6.152326e-02 1.319411e+02 -6.745047e-01 7.376398e-01 3.051064e-02 -8.433543e+01 -2.487417e-02 -6.401004e-02 9.976392e-01 6.077442e+00
7.379868e-01 6.718778e-01 6.289463e-02 1.329575e+02 -6.743110e-01 7.378277e-01 3.024944e-02 -8.529293e+01 -2.608147e-02 -6.473423e-02 9.975616e-01 6.036121e+00
7.381338e-01 6.716468e-01 6.363319e-02 1.339688e+02 -6.741035e-01 7.380539e-01 2.934103e-02 -8.623315e+01 -2.725792e-02 -6.455296e-02 9.975419e-01 5.994885e+00
7.385948e-01 6.714227e-01 6.057483e-02 1.348927e+02 -6.736715e-01 7.384689e-01 2.881555e-02 -8.709265e+01 -2.538521e-02 -6.209056e-02 9.977476e-01 5.962474e+00
7.390798e-01 6.713719e-01 5.496169e-02 1.359198e+02 -6.732673e-01 7.388643e-01 2.811953e-02 -8.804166e+01 -2.173057e-02 -5.778649e-02 9.980924e-01 5.930790e+00
7.392908e-01 6.711736e-01 5.454420e-02 1.368668e+02 -6.730657e-01 7.390099e-01 2.910128e-02 -8.889750e+01 -2.077669e-02 -5.822614e-02 9.980872e-01 5.916358e+00
7.394456e-01 6.709748e-01 5.489106e-02 1.378201e+02 -6.728216e-01 7.393432e-01 2.613106e-02 -8.978664e+01 -2.305005e-02 -5.625439e-02 9.981504e-01 5.875741e+00
7.394058e-01 6.707571e-01 5.799981e-02 1.387958e+02 -6.726940e-01 7.395694e-01 2.280012e-02 -9.071478e+01 -2.760154e-02 -5.587467e-02 9.980562e-01 5.847497e+00
7.387778e-01 6.710226e-01 6.273735e-02 1.398232e+02 -6.731920e-01 7.391546e-01 2.151596e-02 -9.164716e+01 -3.193490e-02 -5.812980e-02 9.977981e-01 5.817223e+00
7.385313e-01 6.710096e-01 6.570826e-02 1.408743e+02 -6.733762e-01 7.389686e-01 2.213387e-02 -9.262815e+01 -3.370430e-02 -6.059294e-02 9.975934e-01 5.775700e+00
7.385290e-01 6.709899e-01 6.593537e-02 1.418902e+02 -6.734362e-01 7.388519e-01 2.411521e-02 -9.356112e+01 -3.253541e-02 -6.221306e-02 9.975324e-01 5.737031e+00
7.385879e-01 6.709223e-01 6.596356e-02 1.428428e+02 -6.734897e-01 7.386690e-01 2.792337e-02 -9.446708e+01 -2.999083e-02 -6.504964e-02 9.974312e-01 5.695567e+00
7.385651e-01 6.712796e-01 6.249218e-02 1.438490e+02 -6.736648e-01 7.384517e-01 2.940806e-02 -9.540030e+01 -2.640643e-02 -6.381855e-02 9.976121e-01 5.660567e+00
7.388143e-01 6.713790e-01 5.834046e-02 1.448254e+02 -6.735325e-01 7.385230e-01 3.062301e-02 -9.632739e+01 -2.252613e-02 -6.191891e-02 9.978270e-01 5.627452e+00
7.387374e-01 6.718681e-01 5.348256e-02 1.457946e+02 -6.736821e-01 7.384793e-01 2.829775e-02 -9.723389e+01 -2.048341e-02 -5.693485e-02 9.981677e-01 5.590928e+00
7.384731e-01 6.722757e-01 5.198902e-02 1.467531e+02 -6.739655e-01 7.382936e-01 2.632623e-02 -9.812095e+01 -2.068467e-02 -5.448002e-02 9.983006e-01 5.561194e+00
7.380088e-01 6.727138e-01 5.290703e-02 1.477630e+02 -6.744212e-01 7.379293e-01 2.482699e-02 -9.905178e+01 -2.234019e-02 -5.400416e-02 9.982908e-01 5.535371e+00
7.376809e-01 6.729862e-01 5.400379e-02 1.487931e+02 -6.747451e-01 7.376449e-01 2.447474e-02 -9.998984e+01 -2.336446e-02 -5.449334e-02 9.982407e-01 5.508525e+00
7.378651e-01 6.728758e-01 5.285198e-02 1.497408e+02 -6.745724e-01 7.378027e-01 2.448145e-02 -1.009033e+02 -2.252136e-02 -5.371649e-02 9.983022e-01 5.482352e+00
7.380226e-01 6.727760e-01 5.191417e-02 1.507977e+02 -6.744263e-01 7.379303e-01 2.465726e-02 -1.019031e+02 -2.172023e-02 -5.320990e-02 9.983471e-01 5.455778e+00
7.379845e-01 6.727796e-01 5.240623e-02 1.518524e+02 -6.744678e-01 7.378748e-01 2.518051e-02 -1.028799e+02 -2.172830e-02 -5.392914e-02 9.983083e-01 5.426717e+00
7.380301e-01 6.728306e-01 5.109273e-02 1.529040e+02 -6.744424e-01 7.379076e-01 2.489512e-02 -1.038613e+02 -2.095152e-02 -5.283245e-02 9.983836e-01 5.401257e+00
7.379793e-01 6.728764e-01 5.122428e-02 1.539177e+02 -6.745272e-01 7.377759e-01 2.645318e-02 -1.047972e+02 -1.999232e-02 -5.407407e-02 9.983368e-01 5.378616e+00
7.381375e-01 6.726724e-01 5.162245e-02 1.549741e+02 -6.743285e-01 7.379854e-01 2.566325e-02 -1.057905e+02 -2.083365e-02 -5.375350e-02 9.983369e-01 5.357058e+00
7.382404e-01 6.725082e-01 5.228573e-02 1.560154e+02 -6.741023e-01 7.383287e-01 2.137187e-02 -1.067721e+02 -2.423130e-02 -5.102351e-02 9.984034e-01 5.327424e+00
7.379923e-01 6.726070e-01 5.447105e-02 1.570393e+02 -6.742677e-01 7.382268e-01 1.960389e-02 -1.077302e+02 -2.702627e-02 -5.119559e-02 9.983229e-01 5.280731e+00
7.378912e-01 6.726460e-01 5.535250e-02 1.580271e+02 -6.743680e-01 7.381195e-01 2.018205e-02 -1.086488e+02 -2.728138e-02 -5.222011e-02 9.982629e-01 5.241953e+00
7.378974e-01 6.728114e-01 5.321966e-02 1.591464e+02 -6.744134e-01 7.380885e-01 1.979544e-02 -1.096824e+02 -2.596222e-02 -5.049906e-02 9.983866e-01 5.214347e+00
7.379172e-01 6.725828e-01 5.577178e-02 1.602011e+02 -6.744138e-01 7.379808e-01 2.345867e-02 -1.106711e+02 -2.538060e-02 -5.492381e-02 9.981679e-01 5.181250e+00
7.375426e-01 6.729928e-01 5.578154e-02 1.612098e+02 -6.747867e-01 7.376848e-01 2.200227e-02 -1.116057e+02 -2.634182e-02 -5.386825e-02 9.982005e-01 5.139606e+00
7.372865e-01 6.732447e-01 5.612632e-02 1.622063e+02 -6.750152e-01 7.375203e-01 2.045324e-02 -1.125448e+02 -2.762427e-02 -5.296602e-02 9.982142e-01 5.102077e+00
7.368084e-01 6.737272e-01 5.661287e-02 1.631532e+02 -6.755238e-01 7.370544e-01 2.045583e-02 -1.134210e+02 -2.794511e-02 -5.331537e-02 9.981866e-01 5.072596e+00
7.363548e-01 6.743384e-01 5.522045e-02 1.641496e+02 -6.760535e-01 7.365766e-01 2.016202e-02 -1.143440e+02 -2.707807e-02 -5.217839e-02 9.982706e-01 5.037788e+00
7.362544e-01 6.745157e-01 5.438824e-02 1.651237e+02 -6.762053e-01 7.364186e-01 2.083422e-02 -1.152518e+02 -2.599951e-02 -5.211690e-02 9.983025e-01 4.994868e+00
7.360263e-01 6.745623e-01 5.684181e-02 1.660118e+02 -6.764797e-01 7.360535e-01 2.450499e-02 -1.160850e+02 -2.530847e-02 -5.648864e-02 9.980824e-01 4.960063e+00
7.358760e-01 6.747054e-01 5.708861e-02 1.669985e+02 -6.766154e-01 7.359559e-01 2.367486e-02 -1.170143e+02 -2.604115e-02 -5.604879e-02 9.980884e-01 4.918079e+00
7.354572e-01 6.749893e-01 5.909413e-02 1.679451e+02 -6.769970e-01 7.356235e-01 2.308879e-02 -1.178951e+02 -2.788634e-02 -5.698737e-02 9.979854e-01 4.882090e+00
7.351014e-01 6.752068e-01 6.100568e-02 1.689868e+02 -6.773537e-01 7.352635e-01 2.407452e-02 -1.188795e+02 -2.859997e-02 -5.901964e-02 9.978470e-01 4.855447e+00
7.349237e-01 6.754227e-01 6.075650e-02 1.700390e+02 -6.776090e-01 7.349617e-01 2.602367e-02 -1.198671e+02 -2.707673e-02 -6.029457e-02 9.978133e-01 4.828637e+00
7.348794e-01 6.755665e-01 5.968352e-02 1.710947e+02 -6.777359e-01 7.347770e-01 2.787095e-02 -1.208520e+02 -2.502539e-02 -6.093145e-02 9.978282e-01 4.789396e+00
7.349240e-01 6.755688e-01 5.910562e-02 1.720313e+02 -6.777138e-01 7.347805e-01 2.831274e-02 -1.217306e+02 -2.430245e-02 -6.086441e-02 9.978501e-01 4.752682e+00
7.349787e-01 6.754962e-01 5.925488e-02 1.731241e+02 -6.776225e-01 7.349071e-01 2.719044e-02 -1.227701e+02 -2.517980e-02 -6.013684e-02 9.978725e-01 4.704466e+00
7.349191e-01 6.756719e-01 5.797854e-02 1.740751e+02 -6.776541e-01 7.349725e-01 2.450331e-02 -1.236773e+02 -2.605644e-02 -5.729734e-02 9.980171e-01 4.668922e+00
7.348092e-01 6.757160e-01 5.884985e-02 1.750710e+02 -6.777241e-01 7.349374e-01 2.360231e-02 -1.246181e+02 -2.730250e-02 -5.722716e-02 9.979878e-01 4.630143e+00
7.349954e-01 6.754304e-01 5.979556e-02 1.760911e+02 -6.774342e-01 7.352675e-01 2.155653e-02 -1.255879e+02 -2.940579e-02 -5.635151e-02 9.979779e-01 4.586966e+00
7.349582e-01 6.752054e-01 6.272156e-02 1.770803e+02 -6.773976e-01 7.352820e-01 2.220225e-02 -1.265067e+02 -3.112695e-02 -5.880516e-02 9.977841e-01 4.562489e+00
7.352317e-01 6.752718e-01 5.867208e-02 1.780845e+02 -6.771830e-01 7.355279e-01 2.054110e-02 -1.274524e+02 -2.928412e-02 -5.483420e-02 9.980660e-01 4.522632e+00
7.356476e-01 6.750921e-01 5.543593e-02 1.790842e+02 -6.768720e-01 7.357668e-01 2.216782e-02 -1.283958e+02 -2.582260e-02 -5.383074e-02 9.982161e-01 4.482222e+00
7.360859e-01 6.747596e-01 5.363706e-02 1.800734e+02 -6.764957e-01 7.360437e-01 2.435594e-02 -1.293230e+02 -2.304481e-02 -5.421330e-02 9.982634e-01 4.456435e+00
7.364476e-01 6.743762e-01 5.349430e-02 1.810560e+02 -6.761454e-01 7.363030e-01 2.617934e-02 -1.302434e+02 -2.173329e-02 -5.544963e-02 9.982249e-01 4.417679e+00
7.370918e-01 6.738628e-01 5.103434e-02 1.820495e+02 -6.754370e-01 7.370498e-01 2.329143e-02 -1.311784e+02 -2.191962e-02 -5.163841e-02 9.984253e-01 4.385785e+00
7.378595e-01 6.732854e-01 4.743425e-02 1.830188e+02 -6.745920e-01 7.379423e-01 1.914961e-02 -1.320764e+02 -2.211059e-02 -4.612849e-02 9.986908e-01 4.363114e+00
7.388752e-01 6.724383e-01 4.347672e-02 1.840058e+02 -6.734924e-01 7.390319e-01 1.549057e-02 -1.330083e+02 -2.171423e-02 -4.072684e-02 9.989343e-01 4.333440e+00
7.397701e-01 6.716767e-01 3.988321e-02 1.850347e+02 -6.725377e-01 7.399496e-01 1.294785e-02 -1.339661e+02 -2.081480e-02 -3.640140e-02 9.991205e-01 4.302654e+00
7.406071e-01 6.708353e-01 3.848575e-02 1.860936e+02 -6.716395e-01 7.407705e-01 1.262844e-02 -1.349554e+02 -2.003751e-02 -3.520126e-02 9.991793e-01 4.272194e+00
7.411791e-01 6.701606e-01 3.922038e-02 1.870021e+02 -6.709984e-01 7.413449e-01 1.300001e-02 -1.358022e+02 -2.036373e-02 -3.595215e-02 9.991460e-01 4.237044e+00
7.410942e-01 6.700739e-01 4.219371e-02 1.879235e+02 -6.710952e-01 7.411890e-01 1.643258e-02 -1.366309e+02 -2.026247e-02 -4.049408e-02 9.989743e-01 4.210486e+00
7.408711e-01 6.702236e-01 4.370700e-02 1.889812e+02 -6.714087e-01 7.407724e-01 2.160268e-02 -1.375877e+02 -1.789831e-02 -4.535006e-02 9.988108e-01 4.190164e+00
7.409528e-01 6.700317e-01 4.523789e-02 1.899643e+02 -6.714066e-01 7.405302e-01 2.877845e-02 -1.384879e+02 -1.421755e-02 -5.169649e-02 9.985616e-01 4.173819e+00
7.411540e-01 6.699191e-01 4.357940e-02 1.910346e+02 -6.712333e-01 7.406086e-01 3.073687e-02 -1.394719e+02 -1.168406e-02 -5.203271e-02 9.985770e-01 4.154722e+00
7.414504e-01 6.696116e-01 4.326203e-02 1.921523e+02 -6.709088e-01 7.409057e-01 3.066103e-02 -1.405182e+02 -1.152210e-02 -5.175851e-02 9.985932e-01 4.132144e+00
7.413396e-01 6.696826e-01 4.405490e-02 1.931225e+02 -6.710100e-01 7.408504e-01 2.977168e-02 -1.414076e+02 -1.270051e-02 -5.163220e-02 9.985854e-01 4.115178e+00
7.412301e-01 6.697770e-01 4.446072e-02 1.941626e+02 -6.710977e-01 7.408491e-01 2.775768e-02 -1.423634e+02 -1.434723e-02 -5.041231e-02 9.986254e-01 4.094012e+00
7.413966e-01 6.692690e-01 4.909330e-02 1.951550e+02 -6.708393e-01 7.410653e-01 2.823057e-02 -1.432820e+02 -1.748749e-02 -5.386376e-02 9.983952e-01 4.057175e+00
7.412204e-01 6.690534e-01 5.440561e-02 1.962407e+02 -6.709202e-01 7.409911e-01 2.825310e-02 -1.442725e+02 -2.141124e-02 -5.744359e-02 9.981191e-01 4.025966e+00
7.411966e-01 6.688204e-01 5.750542e-02 1.972424e+02 -6.708410e-01 7.411060e-01 2.709681e-02 -1.451892e+02 -2.449471e-02 -5.866105e-02 9.979774e-01 4.002768e+00
7.412861e-01 6.687047e-01 5.769719e-02 1.981945e+02 -6.706795e-01 7.413307e-01 2.485459e-02 -1.460693e+02 -2.615232e-02 -5.712068e-02 9.980247e-01 3.972869e+00
7.414118e-01 6.685944e-01 5.735964e-02 1.991921e+02 -6.705688e-01 7.414058e-01 2.559088e-02 -1.469854e+02 -2.541685e-02 -5.743696e-02 9.980255e-01 3.938828e+00
7.418678e-01 6.683128e-01 5.468287e-02 2.002076e+02 -6.701412e-01 7.417840e-01 2.583106e-02 -1.479277e+02 -2.329965e-02 -5.580847e-02 9.981696e-01 3.905359e+00
7.423221e-01 6.678600e-01 5.404498e-02 2.011693e+02 -6.696959e-01 7.421166e-01 2.775489e-02 -1.488313e+02 -2.157130e-02 -5.679677e-02 9.981527e-01 3.877344e+00
7.421001e-01 6.680726e-01 5.446456e-02 2.021698e+02 -6.699013e-01 7.419817e-01 2.636851e-02 -1.497437e+02 -2.279563e-02 -5.605396e-02 9.981675e-01 3.841972e+00
7.417287e-01 6.682172e-01 5.765732e-02 2.031815e+02 -6.701303e-01 7.418977e-01 2.265394e-02 -1.506846e+02 -2.763808e-02 -5.544099e-02 9.980794e-01 3.801708e+00
7.413079e-01 6.684974e-01 5.978092e-02 2.042009e+02 -6.703489e-01 7.418549e-01 1.684209e-02 -1.516320e+02 -3.308988e-02 -5.255925e-02 9.980694e-01 3.758416e+00
7.408873e-01 6.688916e-01 6.058155e-02 2.053117e+02 -6.706718e-01 7.416300e-01 1.357109e-02 -1.526641e+02 -3.585151e-02 -5.068499e-02 9.980710e-01 3.710598e+00
7.403841e-01 6.691857e-01 6.341853e-02 2.063272e+02 -6.712454e-01 7.410365e-01 1.716225e-02 -1.535994e+02 -3.551071e-02 -5.527606e-02 9.978394e-01 3.667992e+00
7.393517e-01 6.703191e-01 6.349309e-02 2.073778e+02 -6.724859e-01 7.398367e-01 2.010996e-02 -1.545582e+02 -3.349443e-02 -5.756654e-02 9.977796e-01 3.617389e+00
7.384208e-01 6.713241e-01 6.370747e-02 2.084243e+02 -6.735679e-01 7.387963e-01 2.205102e-02 -1.555233e+02 -3.226346e-02 -5.919424e-02 9.977250e-01 3.571578e+00
7.373601e-01 6.724415e-01 6.420734e-02 2.095446e+02 -6.747646e-01 7.376564e-01 2.357557e-02 -1.565594e+02 -3.150976e-02 -6.070852e-02 9.976581e-01 3.528897e+00
7.367392e-01 6.733399e-01 6.187629e-02 2.106216e+02 -6.755369e-01 7.369344e-01 2.403369e-02 -1.575637e+02 -2.941592e-02 -5.950627e-02 9.977944e-01 3.477298e+00
7.363175e-01 6.739132e-01 6.064231e-02 2.116257e+02 -6.760012e-01 7.365480e-01 2.279075e-02 -1.585197e+02 -2.930698e-02 -5.777550e-02 9.978993e-01 3.432781e+00
7.357107e-01 6.745699e-01 6.070589e-02 2.126756e+02 -6.766037e-01 7.360520e-01 2.085427e-02 -1.595108e+02 -3.061503e-02 -5.641654e-02 9.979378e-01 3.389053e+00
7.351162e-01 6.749864e-01 6.322644e-02 2.137589e+02 -6.772610e-01 7.353546e-01 2.390001e-02 -1.605244e+02 -3.036167e-02 -6.039008e-02 9.977130e-01 3.342310e+00
7.343744e-01 6.760731e-01 6.016164e-02 2.147959e+02 -6.781259e-01 7.346009e-01 2.251210e-02 -1.615043e+02 -2.897497e-02 -5.732948e-02 9.979348e-01 3.304699e+00
7.338043e-01 6.770142e-01 5.641895e-02 2.157109e+02 -6.788145e-01 7.340115e-01 2.092884e-02 -1.623726e+02 -2.724304e-02 -5.365568e-02 9.981878e-01 3.275056e+00
7.333428e-01 6.779240e-01 5.125795e-02 2.167186e+02 -6.793531e-01 7.336195e-01 1.678705e-02 -1.633264e+02 -2.622349e-02 -4.713291e-02 9.985443e-01 3.242643e+00
7.330053e-01 6.784829e-01 4.862364e-02 2.177275e+02 -6.797255e-01 7.333287e-01 1.421985e-02 -1.642911e+02 -2.600919e-02 -4.347396e-02 9.987159e-01 3.205276e+00
7.328332e-01 6.786562e-01 4.879785e-02 2.188337e+02 -6.798856e-01 7.331953e-01 1.342653e-02 -1.653424e+02 -2.666636e-02 -4.301636e-02 9.987184e-01 3.169306e+00
7.327615e-01 6.786958e-01 4.932127e-02 2.198947e+02 -6.799114e-01 7.331944e-01 1.210229e-02 -1.663573e+02 -2.794831e-02 -4.240218e-02 9.987096e-01 3.137845e+00
7.327976e-01 6.784808e-01 5.168707e-02 2.210312e+02 -6.798860e-01 7.331613e-01 1.514859e-02 -1.674178e+02 -2.761693e-02 -4.624217e-02 9.985484e-01 3.096604e+00
7.329966e-01 6.782437e-01 5.197610e-02 2.221157e+02 -6.797086e-01 7.332888e-01 1.684650e-02 -1.684422e+02 -2.668746e-02 -4.767703e-02 9.985062e-01 3.063539e+00
7.332543e-01 6.779411e-01 5.228739e-02 2.231680e+02 -6.794608e-01 7.334822e-01 1.835588e-02 -1.694281e+02 -2.590766e-02 -4.898676e-02 9.984634e-01 3.019856e+00
7.336507e-01 6.775259e-01 5.210859e-02 2.242451e+02 -6.790547e-01 7.338402e-01 1.905994e-02 -1.704453e+02 -2.532577e-02 -4.936792e-02 9.984595e-01 2.976461e+00
7.340593e-01 6.771104e-01 5.175455e-02 2.253659e+02 -6.786115e-01 7.342603e-01 1.866058e-02 -1.715127e+02 -2.536604e-02 -4.881920e-02 9.984855e-01 2.943268e+00
7.343676e-01 6.768686e-01 5.052856e-02 2.264444e+02 -6.782572e-01 7.346379e-01 1.656011e-02 -1.725297e+02 -2.591118e-02 -4.643257e-02 9.985853e-01 2.905666e+00
7.345134e-01 6.767834e-01 4.954076e-02 2.275545e+02 -6.781006e-01 7.348046e-01 1.555147e-02 -1.735559e+02 -2.587780e-02 -4.501638e-02 9.986510e-01 2.869727e+00
7.347383e-01 6.767772e-01 4.617645e-02 2.286536e+02 -6.778521e-01 7.351047e-01 1.173153e-02 -1.745863e+02 -2.600489e-02 -3.992041e-02 9.988644e-01 2.840319e+00
7.351667e-01 6.764800e-01 4.364364e-02 2.297033e+02 -6.773527e-01 7.356181e-01 7.701567e-03 -1.755962e+02 -2.689510e-02 -3.522407e-02 9.990175e-01 2.799776e+00
7.351341e-01 6.763266e-01 4.647717e-02 2.307246e+02 -6.773155e-01 7.356473e-01 8.173324e-03 -1.765736e+02 -2.866297e-02 -3.748819e-02 9.988859e-01 2.779401e+00
7.346898e-01 6.767011e-01 4.802546e-02 2.318823e+02 -6.777451e-01 7.352530e-01 8.034946e-03 -1.776511e+02 -2.987361e-02 -3.845221e-02 9.988138e-01 2.731762e+00
7.345221e-01 6.767603e-01 4.972796e-02 2.329418e+02 -6.779039e-01 7.350941e-01 9.107869e-03 -1.786550e+02 -3.039089e-02 -4.040071e-02 9.987213e-01 2.682100e+00
7.348385e-01 6.765348e-01 4.809369e-02 2.340201e+02 -6.776145e-01 7.353603e-01 9.157224e-03 -1.796680e+02 -2.917101e-02 -3.931807e-02 9.988009e-01 2.635753e+00
7.358629e-01 6.757268e-01 4.357758e-02 2.350508e+02 -6.765628e-01 7.363567e-01 6.459350e-03 -1.806595e+02 -2.772388e-02 -3.423616e-02 9.990292e-01 2.595467e+00
7.362471e-01 6.753318e-01 4.321138e-02 2.361358e+02 -6.761347e-01 7.367558e-01 5.728108e-03 -1.816471e+02 -2.796786e-02 -3.343401e-02 9.990495e-01 2.553916e+00
7.367644e-01 6.746755e-01 4.462417e-02 2.372207e+02 -6.754993e-01 7.373449e-01 4.824655e-03 -1.826615e+02 -2.964832e-02 -3.369823e-02 9.989922e-01 2.518533e+00
7.371186e-01 6.741035e-01 4.733461e-02 2.381876e+02 -6.750544e-01 7.377444e-01 5.895430e-03 -1.835697e+02 -3.094671e-02 -3.629907e-02 9.988617e-01 2.481095e+00
