1.000000e+00 0.000000e+00 0.000000e+00 0.000000e+00 0.000000e+00 1.000000e+00 0.000000e+00 0.000000e+00 0.000000e+00 0.000000e+00 1.000000e+00 0.000000e+00
9.999881e-01 4.274169e-03 -2.361955e-03 1.418452e+00 -4.256330e-03 9.999628e-01 7.506841e-03 2.431466e-01 2.393952e-03 -7.496698e-03 9.999690e-01 1.373684e+00
9.998980e-01 1.410448e-02 -2.233940e-03 1.452886e+00 -1.405813e-02 9.997099e-01 1.955815e-02 2.432602e-01 2.509150e-03 -1.952475e-02 9.998062e-01 1.420105e+00
9.997956e-01 2.021435e-02 3.698153e-04 1.584330e+00 -2.021702e-02 9.994381e-01 2.673568e-02 2.486508e-01 1.708370e-04 -2.673769e-02 9.996425e-01 1.517256e+00
9.996737e-01 2.532560e-02 3.323317e-03 1.888498e+00 -2.541181e-02 9.992521e-01 2.914634e-02 3.089192e-01 -2.582683e-03 -2.922128e-02 9.995696e-01 1.577110e+00
9.994495e-01 3.230318e-02 7.558601e-03 2.506495e+00 -3.249897e-02 9.990961e-01 2.739903e-02 3.788982e-01 -6.666693e-03 -2.762960e-02 9.995960e-01 1.649684e+00
9.995615e-01 2.833387e-02 8.601074e-03 3.568733e+00 -2.857341e-02 9.991669e-01 2.913714e-02 2.049784e-01 -7.768341e-03 -2.937013e-02 9.995384e-01 1.638406e+00
9.995586e-01 2.841872e-02 8.663348e-03 4.636814e+00 -2.869857e-02 9.990063e-01 3.409980e-02 -6.270296e-02 -7.685667e-03 -3.433337e-02 9.993809e-01 1.603896e+00
9.996802e-01 2.412519e-02 7.575138e-03 6.283863e+00 -2.438688e-02 9.990325e-01 3.659723e-02 -3.186953e-01 -6.684894e-03 -3.677026e-02 9.993014e-01 1.547188e+00
9.997428e-01 2.105211e-02 8.433876e-03 8.036988e+00 -2.133028e-02 9.991814e-01 3.437510e-02 -4.569071e-01 -7.703303e-03 -3.454615e-02 9.993734e-01 1.512954e+00
9.997944e-01 1.797059e-02 9.389678e-03 9.796837e+00 -1.826411e-02 9.993155e-01 3.217061e-02 -5.316379e-01 -8.805126e-03 -3.233549e-02 9.994383e-01 1.481013e+00
9.998253e-01 1.600956e-02 9.648452e-03 1.139469e+01 -1.630598e-02 9.993717e-01 3.146951e-02 -5.859654e-01 -9.138576e-03 -3.162134e-02 9.994581e-01 1.452933e+00
9.998617e-01 1.399773e-02 8.982635e-03 1.349077e+01 -1.430105e-02 9.992975e-01 3.464151e-02 -6.293854e-01 -8.491421e-03 -3.476518e-02 9.993594e-01 1.432487e+00
9.999059e-01 1.044043e-02 8.896708e-03 1.524794e+01 -1.075871e-02 9.992753e-01 3.651139e-02 -7.382246e-01 -8.509066e-03 -3.660367e-02 9.992936e-01 1.404254e+00
9.999522e-01 4.326846e-03 8.771536e-03 1.742175e+01 -4.665483e-03 9.992299e-01 3.896072e-02 -8.181468e-01 -8.596204e-03 -3.899978e-02 9.992022e-01 1.369375e+00
9.999605e-01 -3.191926e-05 8.885723e-03 1.951185e+01 -3.397421e-04 9.991250e-01 4.182215e-02 -8.380957e-01 -8.879283e-03 -4.182351e-02 9.990856e-01 1.343004e+00
9.999578e-01 -4.726066e-03 7.884024e-03 2.173127e+01 4.362394e-03 9.989537e-01 4.552391e-02 -7.792368e-01 -8.090924e-03 -4.548759e-02 9.989321e-01 1.323605e+00
9.999137e-01 -1.094547e-02 7.261250e-03 2.408907e+01 1.060412e-02 9.989085e-01 4.549102e-02 -7.469305e-01 -7.751245e-03 -4.541009e-02 9.989384e-01 1.300633e+00
9.998110e-01 -1.847030e-02 6.071962e-03 2.681168e+01 1.817618e-02 9.988049e-01 4.536973e-02 -6.489551e-01 -6.902698e-03 -4.525079e-02 9.989518e-01 1.269340e+00
9.995670e-01 -2.900335e-02 4.964006e-03 2.938632e+01 2.875751e-02 9.986191e-01 4.396401e-02 -6.227349e-01 -6.232254e-03 -4.380222e-02 9.990208e-01 1.237285e+00
9.992811e-01 -3.754852e-02 5.225029e-03 3.169240e+01 3.729129e-02 9.983884e-01 4.277879e-02 -5.416407e-01 -6.822889e-03 -4.255319e-02 9.990709e-01 1.214436e+00
9.988602e-01 -4.722618e-02 6.921438e-03 3.410839e+01 4.690608e-02 9.980665e-01 4.077973e-02 -4.754044e-01 -8.833926e-03 -4.040859e-02 9.991442e-01 1.190899e+00
9.983477e-01 -5.688306e-02 8.133997e-03 3.645520e+01 5.654914e-02 9.977271e-01 3.664471e-02 -3.411214e-01 -1.019997e-02 -3.612419e-02 9.992953e-01 1.157007e+00
9.977661e-01 -6.655202e-02 5.794532e-03 3.881485e+01 6.630742e-02 9.971740e-01 3.531656e-02 -2.222907e-01 -8.128546e-03 -3.485345e-02 9.993594e-01 1.122065e+00
9.972231e-01 -7.441575e-02 2.891211e-03 4.112661e+01 7.426865e-02 9.966181e-01 3.516373e-02 -3.471376e-02 -5.498169e-03 -3.485136e-02 9.993774e-01 1.085746e+00
9.965785e-01 -8.264634e-02 9.480344e-04 4.347884e+01 8.255704e-02 9.959197e-01 3.644615e-02 1.540614e-01 -3.956307e-03 -3.624318e-02 9.993352e-01 1.057219e+00
9.957758e-01 -9.179994e-02 1.844836e-03 4.586406e+01 9.167916e-02 9.951706e-01 3.507820e-02 3.664695e-01 -5.056103e-03 -3.476089e-02 9.993829e-01 1.034376e+00
9.947906e-01 -1.018657e-01 3.878402e-03 4.806549e+01 1.017049e-01 9.943622e-01 2.999832e-02 5.838968e-01 -6.912336e-03 -2.944759e-02 9.995424e-01 1.014808e+00
9.936149e-01 -1.127016e-01 5.272470e-03 5.030479e+01 1.125439e-01 9.933534e-01 2.414196e-02 8.031908e-01 -7.958264e-03 -2.339443e-02 9.996946e-01 9.928111e-01
9.923455e-01 -1.233773e-01 5.335205e-03 5.255265e+01 1.232469e-01 9.921703e-01 2.020501e-02 1.064846e+00 -7.786271e-03 -1.939280e-02 9.997816e-01 9.748578e-01
9.910359e-01 -1.335604e-01 3.065647e-03 5.481422e+01 1.334762e-01 9.908597e-01 1.952520e-02 1.351495e+00 -5.645418e-03 -1.894098e-02 9.998047e-01 9.482578e-01
9.897693e-01 -1.426772e-01 3.216715e-06 5.702388e+01 1.426421e-01 9.895268e-01 2.213599e-02 1.656140e+00 -3.161484e-03 -2.190906e-02 9.997550e-01 9.226463e-01
9.884731e-01 -1.513769e-01 -2.431494e-03 5.921626e+01 1.513885e-01 9.881288e-01 2.613420e-02 1.961747e+00 -1.553486e-03 -2.620106e-02 9.996555e-01 9.056828e-01
9.871624e-01 -1.596528e-01 -4.621976e-03 6.146549e+01 1.597196e-01 9.867293e-01 2.923865e-02 2.279283e+00 -1.073927e-04 -2.960152e-02 9.995618e-01 8.880515e-01
9.858255e-01 -1.676988e-01 -5.020185e-03 6.372401e+01 1.677739e-01 9.853843e-01 2.949188e-02 2.610320e+00 1.057559e-06 -2.991611e-02 9.995524e-01 8.732021e-01
9.844529e-01 -1.755734e-01 -5.141045e-03 6.596048e+01 1.756484e-01 9.840757e-01 2.725137e-02 2.971045e+00 2.745622e-04 -2.773071e-02 9.996154e-01 8.550810e-01
9.829538e-01 -1.837665e-01 -5.628294e-03 6.828988e+01 1.838505e-01 9.826302e-01 2.523504e-02 3.410406e+00 8.931782e-04 -2.583964e-02 9.996657e-01 8.421099e-01
9.813913e-01 -1.919221e-01 -6.092306e-03 7.054566e+01 1.920167e-01 9.810344e-01 2.647996e-02 3.832641e+00 8.946719e-04 -2.715703e-02 9.996308e-01 8.358278e-01
9.798505e-01 -1.996507e-01 -5.710340e-03 7.274769e+01 1.997323e-01 9.794280e-01 2.877200e-02 4.271421e+00 -1.514829e-04 -2.933280e-02 9.995697e-01 8.233400e-01
9.782141e-01 -2.075376e-01 -5.024896e-03 7.496255e+01 2.075933e-01 9.777332e-01 3.070548e-02 4.729132e+00 -1.459535e-03 -3.107967e-02 9.995158e-01 8.099408e-01
9.763073e-01 -2.163316e-01 -4.961905e-03 7.723170e+01 2.163806e-01 9.758189e-01 3.093248e-02 5.191898e+00 -1.849754e-03 -3.127327e-02 9.995092e-01 7.900133e-01
9.743837e-01 -2.248028e-01 -6.328467e-03 7.944276e+01 2.248901e-01 9.738797e-01 3.134953e-02 5.673063e+00 -8.842974e-04 -3.196968e-02 9.994884e-01 7.761451e-01
9.724697e-01 -2.328871e-01 -8.145693e-03 8.168052e+01 2.330291e-01 9.719337e-01 3.228415e-02 6.203832e+00 3.985124e-04 -3.329354e-02 9.994455e-01 7.656845e-01
9.705518e-01 -2.407313e-01 -8.812449e-03 8.390614e+01 2.408914e-01 9.700100e-01 3.243409e-02 6.722677e+00 7.402655e-04 -3.360180e-02 9.994350e-01 7.463142e-01
9.687420e-01 -2.479082e-01 -8.965018e-03 8.611232e+01 2.480688e-01 9.682270e-01 3.159661e-02 7.251451e+00 8.471134e-04 -3.283291e-02 9.994605e-01 7.380594e-01
9.666275e-01 -2.560018e-01 -9.711018e-03 8.834563e+01 2.561776e-01 9.662079e-01 2.855403e-02 7.802120e+00 2.072978e-03 -3.008886e-02 9.995451e-01 7.321336e-01
9.641505e-01 -2.651286e-01 -1.098204e-02 9.053666e+01 2.653256e-01 9.638400e-01 2.479547e-02 8.391002e+00 4.010937e-03 -2.682038e-02 9.996322e-01 7.243932e-01
9.615826e-01 -2.742131e-01 -1.288927e-02 9.274656e+01 2.744408e-01 9.613575e-01 2.177168e-02 8.997763e+00 6.421117e-03 -2.447261e-02 9.996799e-01 7.279161e-01
9.590037e-01 -2.830207e-01 -1.453319e-02 9.492179e+01 2.832743e-01 9.588263e-01 2.019181e-02 9.604301e+00 8.220110e-03 -2.348091e-02 9.996905e-01 7.294901e-01
9.566325e-01 -2.909267e-01 -1.469332e-02 9.713912e+01 2.911896e-01 9.564337e-01 2.105150e-02 1.027497e+01 7.928741e-03 -2.441709e-02 9.996704e-01 7.394527e-01
9.542130e-01 -2.986231e-01 -1.737413e-02 9.931595e+01 2.989923e-01 9.539197e-01 2.531581e-02 1.093781e+01 9.013638e-03 -2.935140e-02 9.995285e-01 7.438548e-01
9.516450e-01 -3.064599e-01 -2.130911e-02 1.015159e+02 3.069980e-01 9.512432e-01 2.981027e-02 1.163908e+01 1.113449e-02 -3.491065e-02 9.993284e-01 7.510735e-01
9.491127e-01 -3.141647e-01 -2.203788e-02 1.036512e+02 3.147607e-01 9.485963e-01 3.302576e-02 1.232438e+01 1.052953e-02 -3.828183e-02 9.992115e-01 7.651813e-01
9.464449e-01 -3.222539e-01 -1.986000e-02 1.058132e+02 3.227651e-01 9.458917e-01 3.334116e-02 1.303059e+01 8.041091e-03 -3.796568e-02 9.992467e-01 7.743155e-01
9.434777e-01 -3.309297e-01 -1.831251e-02 1.079872e+02 3.313670e-01 9.429677e-01 3.174722e-02 1.375041e+01 6.762009e-03 -3.602096e-02 9.993282e-01 7.798103e-01
9.404873e-01 -3.394269e-01 -1.652558e-02 1.101279e+02 3.397857e-01 9.400312e-01 2.978443e-02 1.450219e+01 5.424919e-03 -3.362703e-02 9.994197e-01 7.837087e-01
9.374882e-01 -3.477425e-01 -1.381920e-02 1.122704e+02 3.480019e-01 9.370782e-01 2.791454e-02 1.526167e+01 3.242599e-03 -3.097866e-02 9.995148e-01 7.825820e-01
9.346365e-01 -3.554416e-01 -1.076308e-02 1.143878e+02 3.556030e-01 9.342930e-01 2.535847e-02 1.605008e+01 1.042420e-03 -2.752833e-02 9.996205e-01 7.772906e-01
9.318162e-01 -3.627998e-01 -9.744584e-03 1.165088e+02 3.629299e-01 9.315299e-01 2.310559e-02 1.681501e+01 6.946690e-04 -2.506676e-02 9.996855e-01 7.719919e-01
9.295834e-01 -3.684785e-01 -9.911652e-03 1.186162e+02 3.686096e-01 9.293326e-01 2.162864e-02 1.763658e+01 1.241535e-03 -2.375915e-02 9.997169e-01 7.713769e-01
9.274083e-01 -3.739144e-01 -1.009151e-02 1.207176e+02 3.740450e-01 9.272041e-01 1.956743e-02 1.844228e+01 2.040342e-03 -2.192168e-02 9.997576e-01 7.666954e-01
9.252284e-01 -3.792930e-01 -9.444497e-03 1.228062e+02 3.794036e-01 9.250756e-01 1.697265e-02 1.927112e+01 2.299269e-03 -1.928685e-02 9.998113e-01 7.620289e-01
9.225317e-01 -3.858555e-01 -7.127347e-03 1.248972e+02 3.859209e-01 9.224003e-01 1.557684e-02 2.009555e+01 5.638558e-04 -1.712072e-02 9.998533e-01 7.477390e-01
9.197810e-01 -3.924033e-01 -4.748560e-03 1.269790e+02 3.924294e-01 9.196634e-01 1.477829e-02 2.095742e+01 -1.431971e-03 -1.545626e-02 9.998795e-01 7.444892e-01
9.168475e-01 -3.992136e-01 -4.365737e-03 1.290274e+02 3.992367e-01 9.167684e-01 1.207599e-02 2.182887e+01 -8.185295e-04 -1.281480e-02 9.999176e-01 7.342557e-01
9.136821e-01 -4.063923e-01 -5.513067e-03 1.310608e+02 4.064272e-01 9.136401e-01 8.877077e-03 2.271802e+01 1.429383e-03 -1.035149e-02 9.999454e-01 7.244243e-01
9.103454e-01 -4.138158e-01 -5.264411e-03 1.330828e+02 4.138471e-01 9.103084e-01 8.313318e-03 2.361494e+01 1.352055e-03 -9.746652e-03 9.999516e-01 7.174736e-01
9.068906e-01 -4.213458e-01 -4.146831e-03 1.351289e+02 4.213658e-01 9.068319e-01 1.032894e-02 2.454194e+01 -5.915767e-04 -1.111455e-02 9.999381e-01 7.107536e-01
9.032722e-01 -4.290434e-01 -4.594771e-03 1.371390e+02 4.290679e-01 9.032125e-01 1.038843e-02 2.545798e+01 -3.070309e-04 -1.135505e-02 9.999355e-01 7.014039e-01
8.993222e-01 -4.372618e-01 -4.658934e-03 1.391260e+02 4.372855e-01 8.992933e-01 7.273608e-03 2.640504e+01 1.009277e-03 -8.578601e-03 9.999627e-01 6.941645e-01
8.948583e-01 -4.463385e-01 -3.267115e-03 1.411144e+02 4.463481e-01 8.948534e-01 3.297666e-03 2.734784e+01 1.451713e-03 -4.409214e-03 9.999892e-01 6.862109e-01
8.902560e-01 -4.554551e-01 -2.198452e-03 1.430658e+02 4.554546e-01 8.902587e-01 -7.358876e-04 2.831375e+01 2.292355e-03 -3.461670e-04 9.999973e-01 6.850039e-01
8.853412e-01 -4.649340e-01 -2.700231e-03 1.450321e+02 4.649267e-01 8.853443e-01 -2.924301e-03 2.930115e+01 3.750241e-03 1.333594e-03 9.999921e-01 6.882022e-01
8.802244e-01 -4.745377e-01 -4.356929e-03 1.469818e+02 4.745312e-01 8.802352e-01 -2.491436e-03 3.029819e+01 5.017403e-03 1.255238e-04 9.999874e-01 6.944686e-01
8.751259e-01 -4.838429e-01 -7.124191e-03 1.489117e+02 4.838517e-01 8.751498e-01 -5.456543e-04 3.133813e+01 6.498746e-03 -2.969536e-03 9.999745e-01 6.948389e-01
8.699458e-01 -4.930947e-01 -7.199356e-03 1.508283e+02 4.931168e-01 8.699617e-01 1.576074e-03 3.241116e+01 5.486010e-03 -4.921221e-03 9.999728e-01 6.977058e-01
8.648985e-01 -5.019405e-01 -2.490324e-03 1.527379e+02 5.019433e-01 8.649003e-01 6.109911e-04 3.350341e+01 1.847201e-03 -1.778447e-03 9.999967e-01 6.847728e-01
8.594011e-01 -5.112937e-01 2.919619e-03 1.546317e+02 5.113007e-01 8.593980e-01 -2.577397e-03 3.458061e+01 -1.191307e-03 3.707821e-03 9.999924e-01 6.796513e-01
8.542075e-01 -5.199290e-01 1.827389e-03 1.564945e+02 5.199314e-01 8.541944e-01 -4.822309e-03 3.567835e+01 9.463123e-04 5.069369e-03 9.999867e-01 6.768638e-01
8.499499e-01 -5.268126e-01 -7.322916e-03 1.583258e+02 5.268217e-01 8.499755e-01 -7.760826e-04 3.679193e+01 6.633149e-03 -3.198240e-03 9.999729e-01 6.643031e-01
8.465459e-01 -5.320943e-01 -1.535356e-02 1.601882e+02 5.322407e-01 8.465587e-01 7.627313e-03 3.794253e+01 8.939238e-03 -1.462866e-02 9.998530e-01 6.701261e-01
8.434289e-01 -5.369923e-01 -1.633725e-02 1.620277e+02 5.372112e-01 8.433117e-01 1.515297e-02 3.911681e+01 5.640371e-03 -2.155701e-02 9.997517e-01 6.783796e-01
8.394689e-01 -5.432629e-01 -1.254773e-02 1.638562e+02 5.434063e-01 8.392960e-01 1.708111e-02 4.027813e+01 1.251721e-03 -2.115758e-02 9.997754e-01 6.764032e-01
8.346806e-01 -5.506551e-01 -9.338256e-03 1.656953e+02 5.507343e-01 8.345639e-01 1.395781e-02 4.144479e+01 1.074314e-04 -1.679321e-02 9.998590e-01 6.735310e-01
8.298095e-01 -5.579233e-01 -1.173694e-02 1.675006e+02 5.580313e-01 8.297597e-01 9.994987e-03 4.263140e+01 4.162400e-03 -1.484351e-02 9.998812e-01 6.734879e-01
8.256956e-01 -5.638899e-01 -1.596788e-02 1.692838e+02 5.640711e-01 8.256559e-01 1.077207e-02 4.386230e+01 7.109720e-03 -1.790147e-02 9.998145e-01 6.692352e-01
8.219686e-01 -5.693236e-01 -1.543697e-02 1.710859e+02 5.695175e-01 8.218434e-01 1.493894e-02 4.509052e+01 4.181679e-03 -2.107096e-02 9.997692e-01 6.637215e-01
8.179528e-01 -5.751797e-01 -1.102743e-02 1.729100e+02 5.752853e-01 8.178086e-01 1.535739e-02 4.633144e+01 1.850666e-04 -1.890554e-02 9.998213e-01 6.530907e-01
8.134055e-01 -5.816523e-01 -7.222992e-03 1.747193e+02 5.816962e-01 8.133201e-01 1.182764e-02 4.755048e+01 -1.004969e-03 -1.382225e-02 9.999040e-01 6.464110e-01
8.096980e-01 -5.867981e-01 -7.554348e-03 1.765461e+02 5.868441e-01 8.096659e-01 7.419774e-03 4.884417e+01 1.762589e-03 -1.044100e-02 9.999439e-01 6.398326e-01
8.065231e-01 -5.911010e-01 -1.095909e-02 1.782569e+02 5.911770e-01 8.065221e-01 5.642534e-03 5.008366e+01 5.503442e-03 -1.102960e-02 9.999240e-01 6.503708e-01
8.035662e-01 -5.950387e-01 -1.449959e-02 1.800034e+02 5.951555e-01 8.035925e-01 5.395860e-03 5.135952e+01 8.441017e-03 -1.296544e-02 9.998803e-01 6.400602e-01
8.003883e-01 -5.992258e-01 -1.752128e-02 1.817671e+02 5.994192e-01 8.003855e-01 8.925990e-03 5.266166e+01 8.675092e-03 -1.764685e-02 9.998066e-01 6.428757e-01
7.974965e-01 -6.031041e-01 -1.627436e-02 1.835094e+02 6.032974e-01 7.974231e-01 1.219170e-02 5.397169e+01 5.624684e-03 -1.954111e-02 9.997932e-01 6.435161e-01
7.943295e-01 -6.073841e-01 -1.119001e-02 1.852688e+02 6.074851e-01 7.942404e-01 1.200383e-02 5.528511e+01 1.596626e-03 -1.633276e-02 9.998653e-01 6.300408e-01
7.906071e-01 -6.122927e-01 -6.166347e-03 1.870431e+02 6.123236e-01 7.905607e-01 8.575943e-03 5.660400e+01 -3.761161e-04 -1.055600e-02 9.999442e-01 6.375700e-01
7.874048e-01 -6.164284e-01 -3.131118e-03 1.888125e+02 6.164363e-01 7.873932e-01 4.277240e-03 5.794496e+01 -1.711907e-04 -5.298054e-03 9.999860e-01 6.263002e-01
7.847247e-01 -6.198420e-01 1.752762e-03 1.905343e+02 6.198442e-01 7.847238e-01 -1.299473e-03 5.926538e+01 -5.699662e-04 2.106168e-03 9.999976e-01 6.116434e-01
7.825796e-01 -6.225491e-01 1.341717e-03 1.922293e+02 6.225496e-01 7.825728e-01 -3.449690e-03 6.058920e+01 1.097610e-03 3.534942e-03 9.999931e-01 6.071792e-01
7.811418e-01 -6.243534e-01 -4.947007e-04 1.938958e+02 6.243462e-01 7.811362e-01 -4.254320e-03 6.189781e+01 3.042628e-03 3.014363e-03 9.999908e-01 5.772656e-01
7.805533e-01 -6.250849e-01 2.310932e-03 1.955599e+02 6.250885e-01 7.805527e-01 -1.356193e-03 6.320617e+01 -9.560685e-04 2.503118e-03 9.999964e-01 5.547148e-01
7.809510e-01 -6.245324e-01 8.646801e-03 1.972560e+02 6.245365e-01 7.809915e-01 2.548729e-03 6.453193e+01 -8.344842e-03 3.409811e-03 9.999594e-01 5.384563e-01
7.822838e-01 -6.228224e-01 1.114965e-02 1.989287e+02 6.227939e-01 7.823607e-01 6.292866e-03 6.583743e+01 -1.264239e-02 2.021127e-03 9.999180e-01 5.013924e-01
7.845704e-01 -6.199639e-01 9.699570e-03 2.005823e+02 6.198849e-01 7.846280e-01 1.007868e-02 6.715508e+01 -1.385897e-02 -1.894818e-03 9.999022e-01 4.678274e-01
7.865145e-01 -6.175591e-01 3.972742e-03 2.022750e+02 6.175325e-01 7.865207e-01 6.233268e-03 6.849927e+01 -6.974055e-03 -2.449258e-03 9.999727e-01 4.333333e-01
7.865975e-01 -6.174660e-01 -1.624463e-04 2.038608e+02 6.174577e-01 7.865883e-01 -4.983618e-03 6.970517e+01 3.204993e-03 3.819798e-03 9.999876e-01 4.182180e-01
7.863426e-01 -6.177902e-01 8.258884e-04 2.055865e+02 6.177592e-01 7.862883e-01 -1.115004e-02 7.103743e+01 6.239002e-03 9.277955e-03 9.999375e-01 4.102384e-01
7.864051e-01 -6.176909e-01 5.001939e-03 2.072048e+02 6.177045e-01 7.863335e-01 -1.099036e-02 7.228314e+01 2.855454e-03 1.173260e-02 9.999271e-01 4.058548e-01
7.865077e-01 -6.175329e-01 7.671261e-03 2.088293e+02 6.175801e-01 7.864603e-01 -8.657199e-03 7.351388e+01 -6.870368e-04 1.154657e-02 9.999331e-01 4.081268e-01
7.872736e-01 -6.165568e-01 7.618581e-03 2.104862e+02 6.166037e-01 7.872208e-01 -9.124007e-03 7.480703e+01 -3.720373e-04 1.188074e-02 9.999294e-01 4.101977e-01
7.874136e-01 -6.163982e-01 5.747407e-03 2.121964e+02 6.164200e-01 7.873354e-01 -1.137569e-02 7.613307e+01 2.486817e-03 1.250019e-02 9.999188e-01 4.124891e-01
7.876280e-01 -6.161312e-01 4.942664e-03 2.137728e+02 6.161266e-01 7.875000e-01 -1.522199e-02 7.736060e+01 5.486398e-03 1.503458e-02 9.998719e-01 4.037095e-01
7.875387e-01 -6.162381e-01 5.768073e-03 2.154143e+02 6.162343e-01 7.873712e-01 -1.737297e-02 7.862154e+01 6.164273e-03 1.723637e-02 9.998324e-01 3.870109e-01
7.873937e-01 -6.164103e-01 7.034324e-03 2.170396e+02 6.164244e-01 7.872043e-01 -1.817415e-02 7.987433e+01 5.665286e-03 1.864634e-02 9.998101e-01 3.729420e-01
7.877069e-01 -6.159936e-01 8.349132e-03 2.187585e+02 6.160335e-01 7.875132e-01 -1.804718e-02 8.120262e+01 4.541894e-03 1.935923e-02 9.998023e-01 3.614787e-01
7.884215e-01 -6.150771e-01 8.469297e-03 2.203264e+02 6.151185e-01 7.882231e-01 -1.826466e-02 8.239967e+01 4.558477e-03 1.960987e-02 9.997973e-01 3.523417e-01
7.888960e-01 -6.144810e-01 7.495326e-03 2.219806e+02 6.145049e-01 7.887064e-01 -1.805568e-02 8.365465e+01 5.183263e-03 1.884997e-02 9.998089e-01 3.421199e-01
7.892398e-01 -6.140329e-01 8.007273e-03 2.235184e+02 6.140630e-01 7.890339e-01 -1.876317e-02 8.482624e+01 5.203194e-03 1.972561e-02 9.997919e-01 3.447298e-01
7.894722e-01 -6.137029e-01 1.011441e-02 2.252253e+02 6.137691e-01 7.892198e-01 -2.048306e-02 8.613078e+01 4.588027e-03 2.237872e-02 9.997390e-01 3.341438e-01
7.896731e-01 -6.134057e-01 1.224128e-02 2.268638e+02 6.135145e-01 7.893672e-01 -2.234702e-02 8.739973e+01 4.044925e-03 2.515704e-02 9.996753e-01 3.291597e-01
7.895228e-01 -6.135662e-01 1.379514e-02 2.284251e+02 6.137104e-01 7.891760e-01 -2.368116e-02 8.859130e+01 3.643164e-03 2.716304e-02 9.996244e-01 3.217319e-01
7.893209e-01 -6.137966e-01 1.503998e-02 2.299465e+02 6.139683e-01 7.889115e-01 -2.571999e-02 8.974923e+01 3.921624e-03 2.953540e-02 9.995560e-01 3.112316e-01
7.891581e-01 -6.140185e-01 1.451906e-02 2.314813e+02 6.141780e-01 7.887735e-01 -2.493361e-02 9.090689e+01 3.857446e-03 2.859385e-02 9.995837e-01 3.045178e-01
7.891967e-01 -6.139334e-01 1.594663e-02 2.329207e+02 6.141300e-01 7.887655e-01 -2.633002e-02 9.200976e+01 3.586722e-03 3.057287e-02 9.995261e-01 2.874216e-01
7.891754e-01 -6.139278e-01 1.717226e-02 2.343444e+02 6.141579e-01 7.886942e-01 -2.777492e-02 9.309882e+01 3.508138e-03 3.246576e-02 9.994667e-01 2.795836e-01
7.889844e-01 -6.141723e-01 1.720453e-02 2.357700e+02 6.144011e-01 7.884829e-01 -2.839033e-02 9.417506e+01 3.871077e-03 3.297001e-02 9.994488e-01 2.769818e-01
7.893245e-01 -6.137726e-01 1.581041e-02 2.373253e+02 6.139605e-01 7.888586e-01 -2.747012e-02 9.539060e+01 4.388233e-03 3.138981e-02 9.994976e-01 2.690027e-01
7.893333e-01 -6.137662e-01 1.561942e-02 2.386561e+02 6.139448e-01 7.888461e-01 -2.817220e-02 9.641488e+01 4.969824e-03 3.182672e-02 9.994810e-01 2.580364e-01
7.891683e-01 -6.139787e-01 1.560489e-02 2.399807e+02 6.141581e-01 7.886904e-01 -2.787993e-02 9.742705e+01 4.810257e-03 3.158582e-02 9.994895e-01 2.520820e-01
7.889209e-01 -6.142455e-01 1.750194e-02 2.413959e+02 6.144810e-01 7.883929e-01 -2.914970e-02 9.851188e+01 4.106664e-03 3.375142e-02 9.994218e-01 2.428799e-01
7.884133e-01 -6.148148e-01 2.018265e-02 2.428010e+02 6.151426e-01 7.878763e-01 -2.916318e-02 9.958241e+01 2.028518e-03 3.540784e-02 9.993709e-01 2.517048e-01
7.882003e-01 -6.150258e-01 2.199018e-02 2.442739e+02 6.154176e-01 7.876236e-01 -3.017065e-02 1.006992e+02 1.235743e-03 3.731365e-02 9.993028e-01 2.359006e-01
7.879280e-01 -6.153389e-01 2.296506e-02 2.457188e+02 6.157656e-01 7.872904e-01 -3.172509e-02 1.018014e+02 1.441509e-03 3.913818e-02 9.992328e-01 2.364958e-01
7.876259e-01 -6.157117e-01 2.333636e-02 2.470595e+02 6.161501e-01 7.869260e-01 -3.326499e-02 1.028234e+02 2.117655e-03 4.057907e-02 9.991741e-01 2.320435e-01
7.875156e-01 -6.159047e-01 2.192132e-02 2.484728e+02 6.162867e-01 7.868248e-01 -3.312905e-02 1.039046e+02 3.156104e-03 3.959946e-02 9.992106e-01 2.233386e-01
7.875000e-01 -6.159681e-01 2.066513e-02 2.499014e+02 6.163008e-01 7.868156e-01 -3.308246e-02 1.050136e+02 4.118097e-03 3.878838e-02 9.992390e-01 2.161946e-01
7.872444e-01 -6.162652e-01 2.153009e-02 2.513086e+02 6.166291e-01 7.865305e-01 -3.373843e-02 1.060926e+02 3.857749e-03 3.983647e-02 9.991988e-01 2.090376e-01
7.868857e-01 -6.167107e-01 2.188209e-02 2.526860e+02 6.170869e-01 7.861559e-01 -3.409821e-02 1.071352e+02 3.825993e-03 4.033454e-02 9.991789e-01 1.992119e-01
7.867883e-01 -6.168367e-01 2.183088e-02 2.539931e+02 6.172114e-01 7.860655e-01 -3.392885e-02 1.081529e+02 3.768065e-03 4.016909e-02 9.991858e-01 1.983934e-01
7.865834e-01 -6.170908e-01 2.203409e-02 2.553506e+02 6.174719e-01 7.858432e-01 -3.433444e-02 1.091941e+02 3.872125e-03 4.061233e-02 9.991675e-01 1.829816e-01
7.865192e-01 -6.171377e-01 2.298962e-02 2.567664e+02 6.175543e-01 7.857322e-01 -3.537920e-02 1.102890e+02 3.770159e-03 4.202376e-02 9.991095e-01 1.782680e-01
7.866470e-01 -6.169492e-01 2.366750e-02 2.581185e+02 6.173917e-01 7.858218e-01 -3.621662e-02 1.113458e+02 3.745384e-03 4.310181e-02 9.990637e-01 1.686528e-01
7.867719e-01 -6.167722e-01 2.412780e-02 2.595011e+02 6.172303e-01 7.858931e-01 -3.740064e-02 1.124278e+02 4.105802e-03 4.431817e-02 9.990090e-01 1.625541e-01
7.866613e-01 -6.169605e-01 2.288551e-02 2.608476e+02 6.173688e-01 7.858325e-01 -3.637333e-02 1.134695e+02 4.456733e-03 4.274229e-02 9.990762e-01 1.543770e-01
7.862584e-01 -6.174799e-01 2.272314e-02 2.622342e+02 6.178832e-01 7.854544e-01 -3.580260e-02 1.145143e+02 4.259395e-03 4.219034e-02 9.991005e-01 1.492670e-01
7.860170e-01 -6.177656e-01 2.330017e-02 2.635909e+02 6.181956e-01 7.852409e-01 -3.508395e-02 1.155653e+02 3.377412e-03 4.198064e-02 9.991127e-01 1.529571e-01
7.857226e-01 -6.181203e-01 2.381733e-02 2.649301e+02 6.185700e-01 7.849218e-01 -3.562055e-02 1.166035e+02 3.323041e-03 4.272056e-02 9.990815e-01 1.429246e-01
7.857446e-01 -6.181026e-01 2.354886e-02 2.662352e+02 6.185400e-01 7.849332e-01 -3.589159e-02 1.176347e+02 3.700401e-03 4.276754e-02 9.990782e-01 1.309951e-01
7.855003e-01 -6.183905e-01 2.413324e-02 2.676177e+02 6.188489e-01 7.846403e-01 -3.695430e-02 1.187019e+02 3.916276e-03 4.396244e-02 9.990255e-01 1.301039e-01
7.854944e-01 -6.184256e-01 2.341634e-02 2.690779e+02 6.188565e-01 7.846782e-01 -3.601169e-02 1.198387e+02 3.896260e-03 4.277833e-02 9.990770e-01 1.274336e-01
7.853332e-01 -6.186582e-01 2.266759e-02 2.704099e+02 6.190597e-01 7.845464e-01 -3.538390e-02 1.208722e+02 4.106763e-03 4.182075e-02 9.991167e-01 1.271468e-01
7.853349e-01 -6.186480e-01 2.288631e-02 2.717082e+02 6.190590e-01 7.845516e-01 -3.528082e-02 1.218948e+02 3.870917e-03 4.187523e-02 9.991153e-01 1.275802e-01
7.851429e-01 -6.188815e-01 2.315862e-02 2.730456e+02 6.193031e-01 7.843509e-01 -3.545844e-02 1.229273e+02 3.780083e-03 4.218215e-02 9.991028e-01 1.302226e-01
7.849229e-01 -6.192093e-01 2.181383e-02 2.743242e+02 6.195789e-01 7.841765e-01 -3.448543e-02 1.238999e+02 4.247805e-03 4.058379e-02 9.991671e-01 1.323837e-01
7.855805e-01 -6.184240e-01 2.037180e-02 2.756226e+02 6.187436e-01 7.848984e-01 -3.302739e-02 1.249272e+02 4.435141e-03 3.855059e-02 9.992468e-01 1.265248e-01
7.859255e-01 -6.179797e-01 2.054871e-02 2.769828e+02 6.183116e-01 7.852935e-01 -3.170130e-02 1.259894e+02 3.453986e-03 3.762036e-02 9.992861e-01 1.218499e-01
7.861455e-01 -6.176897e-01 2.085012e-02 2.782794e+02 6.180303e-01 7.854811e-01 -3.252636e-02 1.269785e+02 3.713823e-03 3.845646e-02 9.992534e-01 1.133804e-01
7.861588e-01 -6.176455e-01 2.164067e-02 2.794647e+02 6.180123e-01 7.854413e-01 -3.380450e-02 1.278857e+02 3.881723e-03 3.994990e-02 9.991941e-01 1.186901e-01
7.864138e-01 -6.172550e-01 2.344290e-02 2.808120e+02 6.176942e-01 7.856750e-01 -3.418559e-02 1.289212e+02 2.682729e-03 4.136456e-02 9.991405e-01 1.154398e-01
7.862974e-01 -6.173214e-01 2.550688e-02 2.820760e+02 6.178440e-01 7.854707e-01 -3.611796e-02 1.298714e+02 2.261480e-03 4.415873e-02 9.990220e-01 1.100611e-01
7.865990e-01 -6.169184e-01 2.595352e-02 2.833963e+02 6.174579e-01 7.857067e-01 -3.755906e-02 1.309040e+02 2.779021e-03 4.556913e-02 9.989573e-01 9.888312e-02
7.870120e-01 -6.164476e-01 2.458436e-02 2.847053e+02 6.169291e-01 7.861655e-01 -3.663903e-02 1.319219e+02 3.258674e-03 4.400216e-02 9.990261e-01 9.348557e-02
7.873506e-01 -6.160275e-01 2.427249e-02 2.859982e+02 6.164999e-01 7.865657e-01 -3.524648e-02 1.329203e+02 2.620891e-03 4.271532e-02 9.990838e-01 9.280912e-02
7.875910e-01 -6.157204e-01 2.426561e-02 2.872798e+02 6.161941e-01 7.868287e-01 -3.471830e-02 1.338982e+02 2.283891e-03 4.229615e-02 9.991025e-01 8.757893e-02
7.876251e-01 -6.156241e-01 2.556830e-02 2.886557e+02 6.161514e-01 7.868044e-01 -3.600468e-02 1.349474e+02 2.048093e-03 4.411213e-02 9.990245e-01 7.949659e-02
7.877479e-01 -6.154463e-01 2.606066e-02 2.898631e+02 6.159952e-01 7.869160e-01 -3.623814e-02 1.358738e+02 1.795079e-03 4.459976e-02 9.990033e-01 7.471118e-02
7.879131e-01 -6.151813e-01 2.729326e-02 2.911759e+02 6.157846e-01 7.870278e-01 -3.737123e-02 1.368695e+02 1.509523e-03 4.625205e-02 9.989287e-01 6.687924e-02
7.883655e-01 -6.145536e-01 2.834910e-02 2.923863e+02 6.152047e-01 7.873954e-01 -3.913643e-02 1.378188e+02 1.729483e-03 4.829431e-02 9.988317e-01 6.188834e-02
7.885002e-01 -6.144202e-01 2.748064e-02 2.936396e+02 6.150296e-01 7.875278e-01 -3.922481e-02 1.387675e+02 2.458751e-03 4.783018e-02 9.988525e-01 5.581485e-02
7.890069e-01 -6.138278e-01 2.614417e-02 2.948321e+02 6.143758e-01 7.880580e-01 -3.881826e-02 1.397012e+02 3.224598e-03 4.669022e-02 9.989042e-01 3.926007e-02
7.892324e-01 -6.135683e-01 2.542031e-02 2.960935e+02 6.140854e-01 7.883180e-01 -3.812888e-02 1.406605e+02 3.355381e-03 4.570279e-02 9.989494e-01 4.165839e-02
7.897513e-01 -6.128973e-01 2.548938e-02 2.973569e+02 6.134205e-01 7.888667e-01 -3.747836e-02 1.416431e+02 2.862666e-03 4.523430e-02 9.989723e-01 3.545476e-02
7.899159e-01 -6.126479e-01 2.636967e-02 2.985030e+02 6.132127e-01 7.890588e-01 -3.682918e-02 1.425039e+02 1.756101e-03 4.526217e-02 9.989736e-01 3.564168e-02
7.896584e-01 -6.129055e-01 2.804517e-02 2.995671e+02 6.135448e-01 7.887154e-01 -3.861048e-02 1.432837e+02 1.544915e-03 4.769606e-02 9.988607e-01 2.804812e-02
7.894545e-01 -6.131357e-01 2.874511e-02 3.005719e+02 6.138056e-01 7.884260e-01 -4.033628e-02 1.440258e+02 2.068216e-03 4.948757e-02 9.987726e-01 9.650175e-03
7.896902e-01 -6.128606e-01 2.813142e-02 3.017879e+02 6.135025e-01 7.887021e-01 -3.954316e-02 1.449580e+02 2.047132e-03 4.848553e-02 9.988218e-01 1.103082e-02
7.898335e-01 -6.127278e-01 2.697510e-02 3.028494e+02 6.133160e-01 7.888803e-01 -3.887444e-02 1.457610e+02 2.539327e-03 4.724859e-02 9.988799e-01 7.561190e-03
7.900021e-01 -6.125481e-01 2.610606e-02 3.039815e+02 6.131012e-01 7.891490e-01 -3.675376e-02 1.466342e+02 1.911877e-03 4.504120e-02 9.989833e-01 1.257525e-02
7.899228e-01 -6.126219e-01 2.676573e-02 3.050266e+02 6.132046e-01 7.890619e-01 -3.689809e-02 1.474116e+02 1.484758e-03 4.555951e-02 9.989605e-01 1.308733e-02
7.899142e-01 -6.126280e-01 2.687791e-02 3.060692e+02 6.132150e-01 7.890317e-01 -3.736834e-02 1.481936e+02 1.685372e-03 4.599972e-02 9.989400e-01 1.662484e-02
7.897339e-01 -6.128685e-01 2.669498e-02 3.070410e+02 6.134467e-01 7.888485e-01 -3.743213e-02 1.489233e+02 1.882676e-03 4.593737e-02 9.989425e-01 4.181810e-03
7.900397e-01 -6.123829e-01 2.871251e-02 3.080778e+02 6.130547e-01 7.890876e-01 -3.878973e-02 1.497192e+02 1.097482e-03 4.824777e-02 9.988348e-01 -6.204215e-04
7.899527e-01 -6.123759e-01 3.115276e-02 3.090891e+02 6.131677e-01 7.888988e-01 -4.079314e-02 1.504735e+02 4.043614e-04 5.132652e-02 9.986818e-01 -1.215527e-02
7.895624e-01 -6.128343e-01 3.202207e-02 3.101010e+02 6.136697e-01 7.884088e-01 -4.267481e-02 1.512289e+02 9.061071e-04 5.334539e-02 9.985757e-01 -2.414282e-02
7.891910e-01 -6.133301e-01 3.168188e-02 3.111456e+02 6.141443e-01 7.879624e-01 -4.406819e-02 1.520288e+02 2.064222e-03 5.423547e-02 9.985260e-01 -4.417100e-02
7.887851e-01 -6.138839e-01 3.105941e-02 3.122156e+02 6.146618e-01 7.875214e-01 -4.473235e-02 1.528603e+02 3.000517e-03 5.437525e-02 9.985161e-01 -5.581884e-02
7.880777e-01 -6.148497e-01 2.989134e-02 3.131683e+02 6.155683e-01 7.868984e-01 -4.320405e-02 1.535765e+02 3.042553e-03 5.244831e-02 9.986190e-01 -6.852842e-02
7.875409e-01 -6.154807e-01 3.102991e-02 3.142052e+02 6.162590e-01 7.863690e-01 -4.299653e-02 1.543701e+02 2.062578e-03 5.298399e-02 9.985932e-01 -7.348871e-02
7.869640e-01 -6.161413e-01 3.251848e-02 3.151581e+02 6.169961e-01 7.857101e-01 -4.444638e-02 1.550901e+02 1.835156e-03 5.504148e-02 9.984824e-01 -7.467751e-02
7.863006e-01 -6.170181e-01 3.193846e-02 3.160335e+02 6.178385e-01 7.850196e-01 -4.494232e-02 1.557590e+02 2.657911e-03 5.507098e-02 9.984789e-01 -8.659965e-02
7.861512e-01 -6.172927e-01 3.026520e-02 3.168427e+02 6.180279e-01 7.849777e-01 -4.302981e-02 1.564008e+02 2.804483e-03 5.253268e-02 9.986153e-01 -9.174552e-02
7.857100e-01 -6.178673e-01 2.999602e-02 3.176421e+02 6.185894e-01 7.845729e-01 -4.233779e-02 1.570131e+02 2.625070e-03 5.182045e-02 9.986530e-01 -9.707359e-02
7.851857e-01 -6.185258e-01 3.015394e-02 3.185744e+02 6.192572e-01 7.840944e-01 -4.142938e-02 1.577422e+02 1.981607e-03 5.120280e-02 9.986863e-01 -9.063071e-02
7.851754e-01 -6.185928e-01 2.902500e-02 3.194205e+02 6.192693e-01 7.841377e-01 -4.041662e-02 1.584285e+02 2.241830e-03 4.970843e-02 9.987613e-01 -1.097109e-01
7.848257e-01 -6.190514e-01 2.870535e-02 3.203288e+02 6.197131e-01 7.838225e-01 -3.972431e-02 1.591201e+02 2.091495e-03 4.896574e-02 9.987983e-01 -1.174905e-01
7.845091e-01 -6.194007e-01 2.980390e-02 3.212068e+02 6.201159e-01 7.834998e-01 -3.980292e-02 1.598203e+02 1.302607e-03 4.970763e-02 9.987630e-01 -1.176834e-01
7.840817e-01 -6.198371e-01 3.190557e-02 3.220048e+02 6.206569e-01 7.829654e-01 -4.183382e-02 1.604534e+02 9.491887e-04 5.260355e-02 9.986150e-01 -1.232438e-01
7.835801e-01 -6.203547e-01 3.409122e-02 3.228527e+02 6.212897e-01 7.822968e-01 -4.484312e-02 1.611233e+02 1.149187e-03 5.631870e-02 9.984122e-01 -1.383809e-01
7.828281e-01 -6.212550e-01 3.496325e-02 3.237544e+02 6.222354e-01 7.814247e-01 -4.688738e-02 1.618102e+02 1.807872e-03 5.846013e-02 9.982881e-01 -1.426142e-01
7.828714e-01 -6.212544e-01 3.399145e-02 3.246865e+02 6.221753e-01 7.814108e-01 -4.790539e-02 1.625741e+02 3.200147e-03 5.865240e-02 9.982733e-01 -1.538722e-01
7.827282e-01 -6.213749e-01 3.506875e-02 3.255117e+02 6.223533e-01 7.811444e-01 -4.989882e-02 1.632343e+02 3.612119e-03 6.088236e-02 9.981384e-01 -1.692936e-01
7.823695e-01 -6.217420e-01 3.653553e-02 3.264427e+02 6.228079e-01 7.807422e-01 -5.051699e-02 1.639671e+02 2.883702e-03 6.227757e-02 9.980547e-01 -1.803597e-01
7.820638e-01 -6.220860e-01 3.721730e-02 3.272890e+02 6.231927e-01 7.804077e-01 -5.093711e-02 1.646512e+02 2.642592e-03 6.302962e-02 9.980082e-01 -1.809880e-01
7.818163e-01 -6.223694e-01 3.767643e-02 3.283163e+02 6.235038e-01 7.801384e-01 -5.125566e-02 1.654850e+02 2.507131e-03 6.356391e-02 9.979746e-01 -1.761945e-01
7.811091e-01 -6.231532e-01 3.935346e-02 3.294581e+02 6.243933e-01 7.794250e-01 -5.128098e-02 1.663688e+02 1.282834e-03 6.462807e-02 9.979086e-01 -1.719523e-01
7.809191e-01 -6.232408e-01 4.166849e-02 3.304209e+02 6.246321e-01 7.792051e-01 -5.171121e-02 1.671483e+02 -2.397655e-04 6.640975e-02 9.977924e-01 -1.620534e-01
7.808343e-01 -6.232133e-01 4.362303e-02 3.313417e+02 6.247381e-01 7.789470e-01 -5.425738e-02 1.679066e+02 -1.661019e-04 6.961900e-02 9.975736e-01 -1.701038e-01
7.806125e-01 -6.234977e-01 4.352881e-02 3.324188e+02 6.250153e-01 7.787106e-01 -5.445845e-02 1.687829e+02 5.837094e-05 6.971712e-02 9.975668e-01 -1.716264e-01
7.811555e-01 -6.227707e-01 4.418972e-02 3.336313e+02 6.243365e-01 7.792153e-01 -5.502205e-02 1.698012e+02 -1.671855e-04 7.057003e-02 9.975068e-01 -1.730316e-01
7.823833e-01 -6.212928e-01 4.326276e-02 3.347663e+02 6.227972e-01 7.804661e-01 -5.473970e-02 1.707833e+02 2.442683e-04 6.977135e-02 9.975630e-01 -1.649435e-01
7.835295e-01 -6.199462e-01 4.181239e-02 3.360872e+02 6.213531e-01 7.816004e-01 -5.496589e-02 1.719137e+02 1.395314e-03 6.904765e-02 9.976124e-01 -1.737820e-01
7.849591e-01 -6.182608e-01 3.990830e-02 3.373117e+02 6.195450e-01 7.831432e-01 -5.339155e-02 1.729643e+02 1.755994e-03 6.663517e-02 9.977759e-01 -1.711704e-01
7.864951e-01 -6.163400e-01 3.937597e-02 3.384665e+02 6.175959e-01 7.847983e-01 -5.164225e-02 1.739703e+02 9.269884e-04 6.493482e-02 9.978891e-01 -1.628385e-01
7.883958e-01 -6.139444e-01 3.878667e-02 3.396345e+02 6.151683e-01 7.868493e-01 -4.935692e-02 1.749935e+02 -2.168651e-04 6.277312e-02 9.980278e-01 -1.501234e-01
7.906038e-01 -6.111175e-01 3.848302e-02 3.408679e+02 6.123241e-01 7.892608e-01 -4.611555e-02 1.760606e+02 -2.191112e-03 6.002321e-02 9.981946e-01 -1.326519e-01
7.918859e-01 -6.095089e-01 3.762605e-02 3.422062e+02 6.106569e-01 7.907555e-01 -4.247151e-02 1.771497e+02 -3.866245e-03 5.660919e-02 9.983889e-01 -1.111483e-01
7.944876e-01 -6.062279e-01 3.573756e-02 3.433630e+02 6.072620e-01 7.935452e-01 -3.897369e-02 1.781349e+02 -4.732428e-03 5.266617e-02 9.986010e-01 -1.028830e-01
7.961556e-01 -6.041665e-01 3.345262e-02 3.448614e+02 6.050800e-01 7.952689e-01 -3.775664e-02 1.793573e+02 -3.792529e-03 5.030167e-02 9.987269e-01 -1.054796e-01
7.972522e-01 -6.027991e-01 3.197039e-02 3.465093e+02 6.036374e-01 7.964092e-01 -3.680110e-02 1.806395e+02 -3.277836e-03 4.863828e-02 9.988111e-01 -1.033903e-01
7.988910e-01 -6.006940e-01 3.065843e-02 3.480232e+02 6.014662e-01 7.981291e-01 -3.504911e-02 1.818459e+02 -3.415596e-03 4.644042e-02 9.989152e-01 -9.202419e-02
7.998457e-01 -5.994174e-01 3.075261e-02 3.495848e+02 6.001959e-01 7.990755e-01 -3.525924e-02 1.830478e+02 -3.438660e-03 4.665954e-02 9.989049e-01 -9.024134e-02
8.009775e-01 -5.980178e-01 2.845452e-02 3.513376e+02 5.986851e-01 8.003249e-01 -3.249986e-02 1.844242e+02 -3.337360e-03 4.306696e-02 9.990666e-01 -8.259206e-02
8.015165e-01 -5.973551e-01 2.716822e-02 3.530301e+02 5.979588e-01 8.009788e-01 -2.963348e-02 1.857355e+02 -4.059461e-03 3.999720e-02 9.991915e-01 -8.849683e-02
8.020847e-01 -5.965964e-01 2.707301e-02 3.548329e+02 5.971986e-01 8.015284e-01 -3.010043e-02 1.871638e+02 -3.741976e-03 4.031106e-02 9.991802e-01 -9.897183e-02
8.009766e-01 -5.981262e-01 2.610623e-02 3.568485e+02 5.986873e-01 8.004343e-01 -2.963839e-02 1.886356e+02 -3.168828e-03 3.936912e-02 9.992197e-01 -1.054312e-01
7.994608e-01 -6.002467e-01 2.379594e-02 3.589935e+02 6.007131e-01 7.989902e-01 -2.753967e-02 1.901115e+02 -2.482130e-03 3.631142e-02 9.993374e-01 -1.373518e-01
7.987673e-01 -6.012017e-01 2.296173e-02 3.609337e+02 6.016320e-01 7.983720e-01 -2.531868e-02 1.915012e+02 -3.110365e-03 3.403825e-02 9.994157e-01 -1.541590e-01
7.981472e-01 -6.020877e-01 2.124802e-02 3.628017e+02 6.024543e-01 7.978244e-01 -2.291511e-02 1.929047e+02 -3.155279e-03 3.109059e-02 9.995116e-01 -1.765137e-01
7.976291e-01 -6.027588e-01 2.166874e-02 3.646520e+02 6.031305e-01 7.973658e-01 -2.100758e-02 1.942891e+02 -4.615406e-03 2.982534e-02 9.995445e-01 -1.869210e-01
7.963766e-01 -6.044374e-01 2.097146e-02 3.665365e+02 6.047806e-01 7.961562e-01 -1.938639e-02 1.956820e+02 -4.978703e-03 2.812200e-02 9.995921e-01 -1.955565e-01
7.952925e-01 -6.058957e-01 2.000639e-02 3.683873e+02 6.062075e-01 7.950921e-01 -1.846715e-02 1.970848e+02 -4.717753e-03 2.681481e-02 9.996293e-01 -2.139764e-01
7.947856e-01 -6.066333e-01 1.765939e-02 3.700976e+02 6.068803e-01 7.946033e-01 -1.737448e-02 1.984238e+02 -3.492266e-03 2.452612e-02 9.996931e-01 -2.330850e-01
7.932056e-01 -6.087422e-01 1.605408e-02 3.719054e+02 6.089479e-01 7.930393e-01 -1.646901e-02 1.997913e+02 -2.706135e-03 2.283941e-02 9.997355e-01 -2.390324e-01
7.912186e-01 -6.113916e-01 1.316843e-02 3.736813e+02 6.115330e-01 7.910589e-01 -1.591286e-02 2.011173e+02 -6.880199e-04 2.064348e-02 9.997867e-01 -2.567410e-01
7.886636e-01 -6.146906e-01 1.285490e-02 3.754150e+02 6.148238e-01 7.885312e-01 -1.449991e-02 2.024569e+02 -1.223532e-03 1.933905e-02 9.998122e-01 -2.640881e-01
7.860842e-01 -6.178938e-01 1.670196e-02 3.770984e+02 6.181036e-01 7.859706e-01 -1.407726e-02 2.037647e+02 -4.428993e-03 2.138945e-02 9.997614e-01 -2.763913e-01
7.828204e-01 -6.220006e-01 1.753780e-02 3.788116e+02 6.222355e-01 7.826708e-01 -1.578949e-02 2.051237e+02 -3.905252e-03 2.327297e-02 9.997215e-01 -2.923523e-01
7.789741e-01 -6.268693e-01 1.530382e-02 3.805485e+02 6.270561e-01 7.787510e-01 -1.864166e-02 2.064647e+02 -2.319815e-04 2.411773e-02 9.997091e-01 -3.025125e-01
7.751214e-01 -6.316558e-01 1.406460e-02 3.821697e+02 6.318123e-01 7.749188e-01 -1.772406e-02 2.077674e+02 2.965829e-04 2.262449e-02 9.997440e-01 -2.856746e-01
7.709365e-01 -6.368424e-01 9.414213e-03 3.838108e+02 6.369020e-01 7.707575e-01 -1.699203e-02 2.091290e+02 3.565169e-03 1.909571e-02 9.998113e-01 -2.798579e-01
7.663252e-01 -6.424465e-01 2.859288e-03 3.854788e+02 6.424081e-01 7.662118e-01 -1.521052e-02 2.105293e+02 7.581122e-03 1.349303e-02 9.998802e-01 -2.828564e-01
7.624559e-01 -6.470394e-01 -9.478642e-04 3.871104e+02 6.470022e-01 7.624263e-01 -9.712083e-03 2.119232e+02 7.006777e-03 6.791765e-03 9.999524e-01 -2.755012e-01
7.581568e-01 -6.520659e-01 -2.878912e-03 3.887733e+02 6.520317e-01 7.581515e-01 -7.805607e-03 2.133281e+02 7.272422e-03 4.040733e-03 9.999654e-01 -2.657891e-01
7.531164e-01 -6.578835e-01 -2.225847e-03 3.904253e+02 6.578395e-01 7.530982e-01 -9.501614e-03 2.147429e+02 7.927236e-03 5.691572e-03 9.999524e-01 -2.624164e-01
7.473454e-01 -6.644354e-01 6.112851e-04 3.920932e+02 6.644110e-01 7.473095e-01 -9.303397e-03 2.161769e+02 5.724687e-03 7.358996e-03 9.999565e-01 -2.605324e-01
7.416285e-01 -6.708039e-01 3.045922e-03 3.936913e+02 6.707918e-01 7.415657e-01 -1.089477e-02 2.176101e+02 5.049502e-03 1.012305e-02 9.999360e-01 -2.557357e-01
7.354898e-01 -6.775348e-01 1.171711e-03 3.953262e+02 6.774777e-01 7.354030e-01 -1.436245e-02 2.190346e+02 8.869379e-03 1.135724e-02 9.998962e-01 -2.520974e-01
7.301631e-01 -6.832709e-01 -1.657831e-03 3.968594e+02 6.831513e-01 7.300767e-01 -1.709829e-02 2.204741e+02 1.289311e-02 1.135199e-02 9.998524e-01 -2.280115e-01
7.246076e-01 -6.891539e-01 -3.289629e-03 3.984603e+02 6.890472e-01 7.245659e-01 -1.477032e-02 2.219505e+02 1.256257e-02 8.435975e-03 9.998855e-01 -2.180113e-01
7.190838e-01 -6.949056e-01 -4.969884e-03 4.000191e+02 6.948463e-01 7.190922e-01 -9.751060e-03 2.234507e+02 1.034987e-02 3.558524e-03 9.999401e-01 -2.077740e-01
7.127761e-01 -7.013737e-01 -5.014482e-03 4.016015e+02 7.013096e-01 7.127839e-01 -1.019612e-02 2.249666e+02 1.072553e-02 3.750847e-03 9.999354e-01 -1.953207e-01
