1 0 0 0 0 1 0 0 0 0 1 0
0.9999880762538089218 0.00427416891188526181 -0.002361954766527666737 1.420678594581314957 -0.004256329695889761282 0.9999627648077833442 0.007506840580002146872 0.2389151413349536179 0.002393952323321452049 -0.007496697812127254418 0.9999690337776402371 1.372126237640547419
0.9998980314014794812 0.0141044783677237405 -0.002233940334984963177 1.452706023475717423 -0.01405812816153603241 0.9997098819097995914 0.01955814522107059139 0.2364976629933648877 0.002509149664664745132 -0.01952474588487829524 0.9998062254587591902 1.421493092536574965
0.9997956006649219018 0.02021435449586497443 0.0003698153371055366368 1.579262077654082441 -0.02021701525385692297 0.9994380799051405528 0.0267356827059101812 0.2408659559317287979 0.0001708370374700050355 -0.02673769451245360321 0.9996424693393459737 1.523920565229484714
0.9996737316027195508 0.02532559787803864704 0.003323316959555843841 1.878329746429852731 -0.02541181008962289239 0.999252085790323874 0.02914633684798548924 0.3052530110523132278 -0.002582682996948593331 -0.0292212788188193559 0.9995696306974968248 1.588380205379330334
0.9994495346238768674 0.03230317775806759717 0.007558600852454047843 2.489168928235083733 -0.03249896833358318499 0.9990961465352296011 0.02739903348127030111 0.3877270132439090133 -0.00666669313594002097 -0.02762959799174972281 0.999595998650177453 1.666334809494030456
0.9995615104306723175 0.02833387350972839044 0.008601074205448680857 3.550772406357623812 -0.02857340972836756171 0.999166946672794043 0.02913714009749021616 0.2058346535566150104 -0.007768341010006763435 -0.02937012578285380648 0.9995384177656462255 1.657118190191809504
0.9995585639507424958 0.02841871975379366144 0.008663348099020256807 4.61875127154936127 -0.02869856719633157374 0.999006304292809566 0.03409979800673286487 -0.06842923091452804418 -0.007685666763990052497 -0.03433337080418523424 0.9993808834351471937 1.623897485143035002
0.9996802450834533227 0.02412519158939779168 0.007575138326229895018 6.268149320206774178 -0.02438687719668040238 0.9990324935384258254 0.0365972276954030229 -0.3339719423745855509 -0.00668489420115953633 -0.0367702595200250712 0.9993013860714641261 1.566462570570225976
0.9997428061082047623 0.02105211093581581608 0.008433875742422210914 8.02074677764509758 -0.02133027796660769485 0.9991813508410127831 0.03437509815834930565 -0.4735155445001441588 -0.007703302977279547631 -0.03454615400699481004 0.9993734148788255833 1.53304188427740562
0.999794424812427418 0.01797058873560303943 0.009389678081986208014 9.779952158378858229 -0.01826411424730329039 0.9993155026850961686 0.0321706111846679077 -0.5496123642299433065 -0.008805126049578617178 -0.03233549185847409135 0.9994382850989457223 1.502046790660755748
0.9998252854238418585 0.01600955994299771076 0.00964845156306215479 11.37787812361111506 -0.01630598198590491738 0.9993716950872024718 0.0314695092114079325 -0.6057733669518239328 -0.009138576399447441087 -0.0316213385068233252 0.9994581418811037121 1.474241395730021997
0.9998616783107994177 0.01399773276935317202 0.00898263451495163838 13.47530332001600151 -0.01430104918638928219 0.9992974761597049893 0.03464150881547179567 -0.6563682182506151985 -0.008491421416930060653 -0.034765178241477665 0.9993594339096211199 1.45376594875815579
0.9999059185888476975 0.01044042914541540475 0.008896707832235990418 15.23338120804223195 -0.01075870651566008217 0.9992753219154392186 0.03651138514087464565 -0.7727939076465863977 -0.008509066053480954933 -0.03660366716676007048 0.9992936341960968472 1.426089566334847403
0.9999521681309850862 0.004326846469015694849 0.008771536340664267545 17.40876561011813806 -0.004665482713876538921 0.9992298510821814306 0.03896072352162004149 -0.8647131397421062848 -0.008596203882444079791 -0.03899978340856733589 0.9992022428782354471 1.392034480343812275
0.9999605206735301399 -3.191925658253858564e-05 0.008885723126658730264 19.49974266729623906 -0.0003397420871288254498 0.9991250135762540507 0.04182214510955215014 -0.8946995770424281957 -0.00887928317133832197 -0.04182351285355240256 0.9990855579493439498 1.366903304723877
0.9999577523430576154 -0.004726065571233681664 0.007884023924161365909 21.72165892635985784 0.004362393546641542795 0.9989537244376609504 0.04552390530995623769 -0.8475480561607899865 -0.0080909240241501066 -0.04548758881653369723 0.9989321379413586 1.347473956659759997
0.9999137316957881216 -0.01094547477219095719 0.007261249769481009295 24.08186750865493408 0.01060412055562078536 0.9989084642592849228 0.045491017337478519 -0.8240490388617176531 -0.007751244638464034262 -0.04541009373661588494 0.9989383572540332379 1.323993129216252118
0.9998109718080103736 -0.01847029852926319882 0.006071962167360581315 26.80806012388736903 0.01817617704607159268 0.9988048927887976935 0.0453697336243911592 -0.7366350006776520853 -0.006902698045823876458 -0.04525079240630209415 0.9989518099219251157 1.291437662100439088
0.9995669884556619422 -0.02900334874055603834 0.004964005591482742626 29.38709093143146589 0.02875751371243866553 0.9986191323425352984 0.04396400714813158972 -0.7234698508093890812 -0.006232254388059549344 -0.04380221776663539845 0.9990207829289472485 1.25798855193354564
0.999281145663756365 -0.03754851512489747883 0.005225029458863351788 31.69527403190700454 0.03729128731982656736 0.9983883687468088075 0.04277879195484909219 -0.652814491454574708 -0.006822888754830096041 -0.04255319215994805143 0.9990709054046352788 1.23560981310975837
0.9988602413882606834 -0.04722617779370374969 0.00692143805745095396 34.11186237356575646 0.0469060754762349319 0.9980665478015522396 0.04077972833295579608 -0.597415219730770608 -0.008833926488453464065 -0.04040859179047703864 0.9991441875186519717 1.214314168238709746
0.9983477126308315519 -0.05688306223937542039 0.008133997483275314314 36.46005114682142789 0.05654914002537735074 0.9977270970258790284 0.03664470797676427222 -0.4710789189886371298 -0.01019997290079010382 -0.03612418982597959821 0.9992952533972327966 1.181126735218116508
0.9977661311604303362 -0.0665520165329949176 0.005794532296828243216 38.8260530116712772 0.06630742230445874075 0.9971740399768850294 0.03531656471849850543 -0.3641527243916837797 -0.008128545779238854907 -0.03485345164499058929 0.9993593766268193956 1.14285049435763475
0.9972231132337491255 -0.07441574652536597778 0.002891211071773793807 41.14445157402320064 0.07426865133683545339 0.9966181210604487806 0.03516373419516361648 -0.1875379097293353448 -0.005498168876693004109 -0.03485136213999433935 0.9993773825217330264 1.102770215897669326
0.9965784884073712879 -0.08264634096205052127 0.0009480344210187390203 43.50223651920845214 0.08255703531107390358 0.9959196826174089301 0.0364461478881583853 -0.01212149280069896307 -0.003956306904809417206 -0.03624318005948023308 0.9993351687671414574 1.0724459986907382
0.9957757615278590713 -0.09179994189857774989 0.001844836315238083555 45.88956433386621825 0.09167916106085914618 0.9951705640054492319 0.03507819784785206479 0.1893870280205685597 -0.005056103320672852147 -0.03476088612929416344 0.9993828678813325705 1.050744242485883495
0.9947906004049137385 -0.1018656926671338281 0.003878402180825450511 48.09202635930721215 0.1017048718393359641 0.9943622176707743732 0.02999831850293879082 0.3997312435575378076 -0.006912336086695919368 -0.02944759287793406038 0.9995424247542071816 1.032318150580629812
0.9936148872007040111 -0.112701628182234212 0.005272469839229099522 50.33368236381080862 0.1125438668392725883 0.9933534334701010771 0.02414196036003830176 0.6118991679817920026 -0.007958264257753051157 -0.02339442707644304523 0.999694636782537116 1.010144796766689002
0.9923454962692839221 -0.1233772735089690986 0.005335205297052830233 52.58582038532136238 0.1232468661326917014 0.9921703319354184814 0.02020500966670979448 0.864033878105790909 -0.007786271414421527468 -0.01939280301180050861 0.9997816227400894151 0.9908677692089229438
0.991035938021439633 -0.1335603659805940924 0.003065646603093602398 54.85479963432656092 0.1334762106332090248 0.9908596610346076528 0.01952519729430842593 1.137402448335141925 -0.005645418050464361126 -0.01894098132389712349 0.9998046651629123316 0.9610877370904467032
0.989769277503635081 -0.1426771786221779359 3.216715085394448029e-06 57.07264553263598117 0.1426421478105160123 0.9895267634848345928 0.0221359891405618868 1.425775727442694762 -0.003161483502254042264 -0.02190906313933357538 0.9997549689671072493 0.9327295186645800928
0.9884731246976543595 -0.1513769123394902716 -0.002431493577561550518 59.2722921422556297 0.1513884686202658647 0.9881288048551810643 0.02613420334126008091 1.713820114187687871 -0.001553486165443396369 -0.02620105772738628644 0.9996554862824992282 0.9146489983180761119
0.98716241195570964 -0.1596527787356112893 -0.004621976177324450992 61.52836382334544396 0.1597196321326690704 0.9867293146175240004 0.0292386522575221082 2.015608743005565806 -0.0001073926937677799912 -0.02960151881963800011 0.9995617732538494282 0.895908780994211229
0.9858254977670291019 -0.1676987945676407521 -0.005020184553327962894 63.79126316860291723 0.1677739191628747073 0.9853842605126984511 0.02949188333375259152 2.335184729986631957 1.05755911854308447e-06 -0.02991610660501655555 0.9995524131152296876 0.8809936799422619647
0.9844529234109022919 -0.1755733785183032358 -0.005141044971280192555 66.03173571088797189 0.1756484164555378591 0.9840757067281619141 0.02725137105047239355 2.688111261878708191 0.0002745621788464993555 -0.02773070830572485143 0.9996153922546775483 0.8618734169636241838
0.9829538145899634483 -0.1837664841200849497 -0.005628294340416587979 68.3658981426108312 0.1838504844042573583 0.9826302419021767376 0.02523503682560519074 3.118935053307468674 0.0008931782351378693592 -0.02583964034990215292 0.9996657017319480198 0.8475010855284570432
0.9813912589451612156 -0.191922069287120689 -0.00609230552264776546 70.62649074879325894 0.1920166566424577614 0.9810343598381727759 0.02647996202336607569 3.528251836972750244 0.0008946719421805277017 -0.02715702740463449283 0.9996307795504597582 0.8415808406278462162
0.9798504977830573281 -0.1996506799693278933 -0.005710339926816302564 72.83204029314265426 0.1997322684175397989 0.9794279926931038771 0.02877200170201998225 3.953321317433587279 -0.000151482931769971195 -0.02933279933695752059 0.9995696893843766251 0.8311844738208078454
0.9782141308351396392 -0.2075376222692074668 -0.005024895749772557985 75.05017777748864205 0.2075933139390367665 0.9777331893264108453 0.03070547992481761218 4.397626965147877875 -0.001459534946773679382 -0.03107966911742475469 0.9995158447594968409 0.8201357050798225856
0.9763073336780545564 -0.2163316197647288941 -0.004961904515065271304 77.32405991744427354 0.2163806105364395882 0.9758189446635402442 0.0309324848599678362 4.848063400535478351 -0.001849754125692545893 -0.03127327174606532589 0.9995091599800229876 0.8008180234339781212
0.974383723347001629 -0.2248028251098423136 -0.006328467355320113556 79.54175829393902575 0.2248901458368417761 0.9738796790165165085 0.0313495311634911511 5.317038971838268679 -0.000884297414756196002 -0.03196968284672700028 0.9994884478555827734 0.7857743279424118654
0.9724696710686557832 -0.2328870682103051648 -0.008145692851390757758 81.78666143995145887 0.233029139893496301 0.9719337187205183692 0.0322841505169599724 5.835437290173591585 0.0003985123810523479959 -0.03329354103295522477 0.9994455369420431889 0.7738686581111080542
0.9705518048445649359 -0.2407312502574328605 -0.008812449287842246543 84.01780672866553346 0.2408913575037222032 0.9700099916295364944 0.03243408729840198401 6.3433745798104475 0.0007402654736325408897 -0.03360180483783124783 0.9994350257613893174 0.7541014271141854852
0.9687420453543355015 -0.2479082048032844321 -0.008965018344168386444 86.2284877740717377 0.2480688048942681079 0.9682269992737977393 0.03159661240682010153 6.86353120082802004 0.0008471133501687524254 -0.03283290831574411928 0.999460495732823806 0.7454754923751754081
0.9666275192699791408 -0.2560018264163561597 -0.009711017529383301691 88.46776089771036311 0.2561775590340054642 0.9662079101142572179 0.02855403088914122006 7.407339040314830036 0.002072977892979155617 -0.03008885680994278708 0.999545078252364716 0.7370345280444379199
0.9641505131341965296 -0.2651286158189283815 -0.01098203519410985776 90.66624056517305519 0.2653256497371891398 0.9638399682817203606 0.02479546600148204924 7.98894812311774416 0.004010936873601351517 -0.02682037689204431682 0.9996322222541471625 0.7256384576399634856
0.9615825597326788099 -0.2742131424710935739 -0.0128892712779599735 92.88458681499704994 0.2744407952165149323 0.961357500537861287 0.02177168070046359497 8.587504044542681569 0.006421116637782664505 -0.02447261031691906966 0.9996798790639932486 0.7251100900889773104
0.9590036994012319793 -0.28302065433452267 -0.01453319492782745304 95.06784172344141837 0.2832743093396476453 0.9588263431431622852 0.02019181425371201558 9.184270190545278822 0.008220109664548835848 -0.02348090532261113902 0.9996904905431147625 0.7238770230541287098
0.9566325119095232532 -0.2909266978954147542 -0.0146933185273443092 97.29065328911518407 0.2911895812373199166 0.9564337206606218222 0.02105150260940761783 9.843097848085308854 0.007928741168067899442 -0.0244170930896714343 0.9996704160014640017 0.7345054748270061218
0.9542129610492804392 -0.2986231146816155091 -0.01737412856563304991 99.47643687040597626 0.2989922729644192145 0.9539196667894965787 0.02531580573053241953 10.4896186559066642 0.009013638174160273908 -0.02935140013809435164 0.9995285136687190874 0.7387456885835941289
0.9516450152304173349 -0.3064599271206145947 -0.02130910735639322817 101.6873408406394361 0.3069980262248992453 0.9512431654943961368 0.02981026659083916425 11.17399963314285394 0.0111344906086807572 -0.03491064550288913715 0.9993284094578002152 0.744561185309393192
0.9491126684973039129 -0.3141647246931823512 -0.02203788230261248537 103.8290635567962852 0.3147606576381745125 0.9485963458973745155 0.03302576196445143608 11.84451311926580708 0.01052952520823016366 -0.03828182739376025795 0.9992115045325907774 0.7604972822692812606
0.9464449303409659953 -0.3222538971874268632 -0.0198599994813520829 105.9938281115405658 0.3227651385991645583 0.9458916600988683809 0.03334115565586848184 12.53957540572680784 0.008041090532142547778 -0.03796568322738369528 0.9992466901421950265 0.7730409787491103746
0.9434777090876946826 -0.3309296970341774058 -0.01831251144717245191 108.1720123367256576 0.3313669984967447801 0.9429676698591347161 0.03174721889697173366 13.25006733482728905 0.006762008717356370394 -0.03602095530800727974 0.9993281573221105551 0.7797737132200601717
0.9404872560608464882 -0.3394269089736318135 -0.016525575685756827 110.3164914354444051 0.3397856551370030398 0.940031167740781215 0.02978442947281346315 13.99328432452228377 0.005424919377970440805 -0.03362702990912515288 0.9994197281969339208 0.7848707600079227742
0.9374882334106208193 -0.347742493670695596 -0.01381920085676258819 112.4615750384359814 0.3480018646088407497 0.9370781613723375703 0.02791454294466219274 14.74436096468985191 0.003242598557235566031 -0.03097866321721374008 0.9995147862737554512 0.7860771501977665832
0.9346365196712940193 -0.3554416015611081558 -0.01076308396349191614 114.5806715968699336 0.3556029941620785229 0.9342930261365819389 0.02535846713650107692 15.52615397337427439 0.001042420114680309585 -0.02752833435249383079 0.9996204800663508472 0.7829371452991642499
0.9318161679623934157 -0.3627997687630863943 -0.009744583589447998462 116.7060273308409393 0.3629299471783203335 0.9315299164412491617 0.0231055884171119004 16.28442433536917022 0.0006946690019700175458 -0.02506676206474256485 0.9996855379941070874 0.7774522567426584985
0.9295834471132097265 -0.3684784579959956008 -0.009911652032618128647 118.8181937179250411 0.3686096491466001601 0.929332625404349022 0.02162863645910792151 17.10048124999308428 0.001241534994559300885 -0.02375915301422254489 0.9997169405581282087 0.775703900142711511
0.9274082979548124994 -0.3739144425798366367 -0.0100915070612782598 120.9242293179809167 0.3740450319019571479 0.9272040928288616257 0.01956743087049647029 17.90180120102372285 0.002040341643367383877 -0.02192167583963023844 0.9997576091905280293 0.7693914091235369845
0.9252284357847010421 -0.3792929515358129389 -0.009444497373961737927 123.0162976195531996 0.3794035516140372155 0.9250756046409078781 0.01697264625547334482 18.72710031415977028 0.002299269025135374303 -0.01928685079296919846 0.9998113475793519722 0.763651246947055995
0.9225316823379884346 -0.3858555377439807921 -0.007127346977963848473 125.1095682084983878 0.3859209467615380973 0.9224003386722506859 0.01557684396774298985 19.5448234493458628 0.0005638557607809411079 -0.01712072456471208301 0.9998532706637810463 0.7512482762199765851
0.9197810218620364742 -0.3924032657880285879 -0.004748559920409419974 127.1935592645842945 0.3924293838145557212 0.9196634063413073878 0.01477828662705966446 20.39920555388869516 -0.001431971143590226063 -0.01545626201877977127 0.9998795194537443143 0.7503971295832689847
0.9168475380849163692 -0.3992136423603062645 -0.004365737170905181243 129.247259881318854 0.3992366740632002364 0.9167683723759854075 0.01207598832561851757 21.26538751721648524 -0.0008185295241786229477 -0.01281480255423179948 0.9999175520236226467 0.7386064977032911205
0.9136820590816497889 -0.4063922993910508707 -0.005513067020371253263 131.2884407440785708 0.4064271789337764451 0.9136400526085644014 0.00887707684723764226 22.14945854718607876 0.00142938317070656672 -0.01035148612877245973 0.9999454003087754339 0.7249537308563556159
0.9103453910905403568 -0.4138158465996465418 -0.00526441100493569604 133.3166606189890047 0.4138471225797452635 0.910308435572693142 0.008313318089749738987 23.03741880284424326 0.001352054982752738449 -0.009746652154143073052 0.9999515861876062672 0.7179592136779648914
0.9068905564168896483 -0.4213458466279574877 -0.004146831469220054432 135.3679418439724884 0.4213658371520402901 0.9068319272516724983 0.01032893983802633461 23.95180939399513775 -0.0005915767276017373398 -0.0111145511104606149 0.9999380564767941237 0.7143459936265510457
0.9032721992928824939 -0.4290433801605960107 -0.004594771481740938905 137.3856533883471513 0.4290678730883967784 0.9032125114602820304 0.01038842745603662729 24.85769580920554134 -0.0003070309406817801575 -0.0113550465424065751 0.9999354822437401813 0.704653511716713421
0.8993221951136167736 -0.4372618022567526519 -0.004658933698007803118 139.3802608204003093 0.4372854568083319737 0.8992933469587628403 0.007273608432860389009 25.79829877585913067 0.001009276946277955439 -0.008578601452609992822 0.9999626937827045259 0.6948413113291567189
0.8948582561384335055 -0.4463384672901197781 -0.003267114627377166059 141.3753075873032685 0.4463480636788229594 0.8948533575098787107 0.003297666366165062993 26.73474811555177055 0.001451713142169800764 -0.004409214261499390559 0.9999892256212309372 0.6852224816773935245
0.8902560486905299886 -0.4554550851364329578 -0.002198452476011710562 143.333928344813728 0.4554546221937251782 0.8902586958810377871 -0.0007358876034595110503 27.69434669537569604 0.002292355185335121209 -0.000346166951736565174 0.999997312634461899 0.6818355478366677769
0.8853412225368479938 -0.4649340043802676625 -0.00270023108061310602 145.3102334641136508 0.4649267204287841349 0.8853443358926046391 -0.002924300637453852627 28.67247318371892817 0.003750241098205168901 0.001333594320719354949 0.9999920785775721077 0.682567620118902818
0.8802243787820480669 -0.4745377331307387703 -0.004356929296786918662 147.2717807564143015 0.4745312093714522117 0.8802351527171087264 -0.002491436042786974135 29.65651275738730419 0.005017402736919227696 0.0001255238146871612899 0.9999874048774551882 0.6873309757992975833
0.8751258844834630679 -0.4838428796687103128 -0.007124191247179611185 149.2148552526241758 0.483851684517079994 0.8751498441132107287 -0.0005456542926453797349 30.68176993312538414 0.006498745803659070931 -0.002969535740296204689 0.9999744737544387085 0.6863583631612224512
0.869945845250539973 -0.493094712617190345 -0.007199355547136237522 151.1411769162895098 0.4931167509054499853 0.8699617152316262425 0.001576073506944036112 31.73998186002695476 0.005486010187378828097 -0.004921221415192361323 0.9999728422672320427 0.6911339211524465398
0.8648985465456016097 -0.5019405367881869529 -0.002490323692319071445 153.0535890876389544 0.501943315558161518 0.8649003033045955524 0.0006109910789580975119 32.82223508255449218 0.001847200526668364316 -0.001778446627078864679 0.9999967124835005272 0.6825810707010315781
0.8594010595855186008 -0.5112937459139749174 0.002919618561304618796 154.9500267114974008 0.5113006938878025265 0.8593980203917928051 -0.002577397237376728885 33.89183563128129606 -0.00119130732367764584 0.003707820913057108779 0.9999924163967131019 0.6804635053184016069
0.8542075237184666436 -0.5199290019522442297 0.001827389314961267797 156.8238282447998131 0.5199313521184473208 0.8541944359591099323 -0.004822308656767779027 34.98164688135106815 0.0009463123418478946525 0.005069369333678345156 0.9999867029053488565 0.6743216269646019612
0.849949940733702114 -0.5268125597847529429 -0.007322916073007964752 158.6753428901860445 0.5268216961930598519 0.8499754691260268391 -0.0007760826359619656936 36.08090902321924176 0.006633149104581089091 -0.003198239676221148377 0.9999728859303785855 0.655688795131694091
0.8465458824665328397 -0.532094293492675674 -0.01535355696539270239 160.5548008388775827 0.5322406963988564055 0.8465587192857310095 0.007627312643604998964 37.2131288298007803 0.008939237988756607023 -0.01462865796418886047 0.9998530353958761108 0.6611446449961095873
0.84342892396280289 -0.5369923130995019056 -0.01633725481820817033 162.4012770329935051 0.5372111655980496003 0.843311657183777541 0.01515296719246267063 38.37081970322566349 0.005640370531575390929 -0.02155700651754440672 0.9997517100211777974 0.6758841391723078296
0.8394688671652029699 -0.5432628973264346239 -0.01254772684029501796 164.2316794272361449 0.5434063435903461192 0.8392960033715552992 0.01708111443392826626 39.52166415052569448 0.00125172127151735495 -0.02115757814642411916 0.9997753698110573017 0.6800113356066959103
0.8346806052728473757 -0.5506551408553420623 -0.009338256311357073444 166.0750450681285884 0.5507343058497828903 0.8345639004187691556 0.01395781064381426163 40.68332671516736099 0.0001074314242146134105 -0.0167932119439452715 0.9998589783019877775 0.6776020561126985253
0.8298094869151286801 -0.557923345765055978 -0.01173693639655098812 167.892227362738538 0.5580312624299764712 0.8297597305099968512 0.00999498748294568376 41.8661632667435768 0.004162400324050210404 -0.014843512869373977 0.9998811652137663541 0.6713025533398537803
0.8256955896438848974 -0.5638899005094724082 -0.01596788483345813053 169.6885240376365402 0.5640711348109302969 0.8256559316537381843 0.01077206563788491236 43.08839967519139691 0.007109719807880041965 -0.01790147000709498351 0.9998144774186051853 0.6636898761377532097
0.8219685514312795593 -0.5693236341804859268 -0.01543696931033793941 171.4964642109417241 0.5695175274015276123 0.8218434242623710029 0.01493894170116150284 44.30409736571379398 0.004181679138125589737 -0.02107096486221698289 0.9997692373739857086 0.6631567393972028768
0.8179527782360401789 -0.5751796661502384111 -0.01102743049144311836 173.3216270743517953 0.5752853364429530991 0.8178086158195885247 0.01535739447194600649 45.53721773059110234 0.0001850666409424003974 -0.01890554253516617267 0.9998212571313881414 0.6576101001213221497
0.8134054849210483606 -0.5816522547825468958 -0.007222991536295395032 175.1337505468081588 0.5816962327000237964 0.8133201090578532355 0.01182763986268905478 46.75307100452356224 -0.001004969130865298937 -0.01382225410346929993 0.9999039630527249978 0.651286952384081852
0.8096980216311495671 -0.5867981301881877165 -0.007554348036010379366 176.9674799231421503 0.5868441079598578636 0.8096659434031870939 0.007419773974042371233 48.04636823101854759 0.001762588834985316395 -0.01044100094214321477 0.9999439378184783456 0.6399123884319952715
0.8065231013460004705 -0.5911009941932234835 -0.01095909024562838688 178.688502640717644 0.5911769609226014133 0.8065221402337149348 0.00564253375221165053 49.28289443481583021 0.005503441609217509314 -0.0110295954871703402 0.9999240271909878297 0.645307135312577218
0.803566246281907981 -0.5950386959571584145 -0.0144995913738469144 180.44496699101731 0.5951554730251771286 0.8035924636418542155 0.005395860097607540692 50.55414785602994243 0.008441016797862164328 -0.01296544220687045716 0.9998803161097824521 0.6313496592022702636
0.8003882780958843091 -0.5992258415314871689 -0.01752127642571718255 182.2183733599604238 0.5994191747591296471 0.800385519375419463 0.008925990433784235928 51.84616142716841836 0.008675091802931576487 -0.01764684716942688594 0.9998066470909210413 0.6350571682650227867
0.7974964680614233803 -0.6031040779157144094 -0.01627435500998792098 183.9639787606017478 0.6032973946233054496 0.7974231098614952273 0.01219169797663223996 53.14692391593810328 0.005624684016630907175 -0.01954111205273626264 0.9997932325583402946 0.6405022068370420651
0.7943294528552844458 -0.6073841485848694433 -0.01119001226352759303 185.7219566936637136 0.6074851200739697088 0.7942403522066816546 0.0120038250287529593 54.45542012033093471 0.001596626236530381947 -0.01633275771079815974 0.9998653368380270301 0.6318778982264843247
0.7906071184906078297 -0.6122927080756731533 -0.006166346514466843759 187.4958694510688986 0.6123236421441587973 0.7905606937335694084 0.008575942794218959289 55.77301583513334293 -0.0003761160594958957472 -0.01055600117733901909 0.9999442131318395655 0.6407139776128507602
0.7874047531227572616 -0.6164283825853477117 -0.003131118474604792541 189.2666284027883705 0.6164363109465902379 0.7873931545088270756 0.004277239670303651514 57.11478655103046975 -0.0001711906790352309767 -0.005298053968264403168 0.9999859505602569643 0.627834083229226847
0.7847247183704335605 -0.6198419509868116073 0.001752762193431614199 190.9863641544926338 0.619844167123477785 0.7847238494221600025 -0.001299473381515125906 58.43865073575764768 -0.0005699661794975202384 0.002106168305292471267 0.9999976195939788148 0.611950482747740887
0.7825795917732764062 -0.6225491003416246949 0.001341716738293583563 192.6856262319079747 0.6225495785813287553 0.7825727581826422696 -0.003449689641377036691 59.76209147370502706 0.00109761021411086809 0.003534941901293526569 0.9999931496953228249 0.6047815796101372321
0.7811418196768482591 -0.6243534358223254976 -0.0004947007172605420201 194.3571001636118751 0.6243462180289490737 0.7811361602140022287 -0.004254320048218976358 61.06959551174519873 0.003042627957929331783 0.003014362782075640391 0.999990827974000851 0.5722341876850225439
0.7805533351206499493 -0.6250849147312325105 0.002310932166487299991 196.0184172659653825 0.6250884553125485299 0.7805527424683785798 -0.001356193225588122513 62.37307432058977241 -0.0009560685134342274474 0.002503118163582468674 0.9999964101597849098 0.5554765671085282186
0.7809510467772047271 -0.624532381358180011 0.008646801296958999891 197.7051229850534355 0.6245364890506329703 0.7809914710332044319 0.002548728643844673427 63.6941541923499841 -0.008344841634019948065 0.003409810621159689321 0.999959367579318692 0.5495433187497356098
0.7822838103027730527 -0.6228223867429616423 0.01114965066608815218 199.3720369739997693 0.6227938745829360023 0.7823606518850698688 0.006292866115119513139 64.99667507336022254 -0.01264238585668417403 0.002021126856318348954 0.999918039204254705 0.5189718469656103839
0.7845703538681225719 -0.6199639329649788699 0.009699569776243919736 201.0237132943171616 0.6198848995429784292 0.7846280210941283251 0.0100786820816863975 66.31272318412563038 -0.01385897362146464203 -0.00189481833099593047 0.99990216447093061 0.4880959828467252848
0.78651445740418513 -0.6175590867409250784 0.003972741863606254337 202.7208963908687167 0.6175324856644883731 0.7865206771072230651 0.006233268150316459075 67.66506575509117738 -0.006974055006856529938 -0.002449258359164796159 0.9999726814719747114 0.4438616669208248489
0.7865975313106050582 -0.6174660293062850247 -0.0001624462732918176798 204.3122093630069855 0.6174577327676724625 0.7865882733654985248 -0.00498361809225316213 68.88642560764756695 0.003204993208625793455 0.003819797980757881802 0.9999875685036884176 0.4127672246155777991
0.7863425587195420619 -0.6177901733231863091 0.0008258884374581430517 206.0370001185701483 0.6177592210607729672 0.7862882558582191539 -0.01115004456613746288 70.22677641632178336 0.006239001586052880799 0.009277954771780699827 0.9999374952538093719 0.3992379807930968028
0.7864050791648493632 -0.6176908871545609969 0.005001938618015975245 207.6495270557355752 0.6177045392812452462 0.7863334624294336939 -0.01099036009796449179 71.47233809078355193 0.002855453566695776661 0.01173259519244459516 0.9999270936398206855 0.3990840745132815393
0.7865076573412097538 -0.6175328790452433436 0.00767126076567183502 209.270147107785192 0.617580142915944541 0.7864603104880407702 -0.00865719948805387246 72.70003075148321159 -0.0006870367992780827653 0.01154657200849386334 0.9999331000898455946 0.4064228600531181179
0.7872735845306544356 -0.6165567778556808598 0.00761858126392282297 210.9257639687248798 0.6166037339235924675 0.7872207999079851026 -0.009124006998881268107 73.99501763190509962 -0.0003720372803863968014 0.01188073534982717061 0.9999293523623603575 0.4079713862701468408
0.7874136382628418307 -0.6163981907793543158 0.0057474065119232573 212.6383114443983118 0.6164199688676608169 0.7873353895904650068 -0.01137568809447304062 75.32438081422317566 0.002486817015103549161 0.01250018809336183624 0.9999187772208120162 0.4060690156060491329
0.7876280354025244623 -0.6161311937589271093 0.004942663771596809801 214.2154241674572006 0.6161265919344951492 0.787500040379914501 -0.01522199437712133674 76.55755465728340425 0.005486397647250617314 0.01503457611083239276 0.999871922279060632 0.392485941882565248
0.7875387430890976592 -0.6162381499610083413 0.005768073012526147951 215.8560355215942081 0.6162343140998758351 0.7873712275678880212 -0.01737297107844971988 77.82131946112468768 0.006164272828136043401 0.01723637232339759323 0.9998324405667329273 0.3743504763170775185
0.7873936825391316674 -0.6164103397769494785 0.007034323956910766215 217.4798246197514686 0.6164244424379612397 0.7872042980889585317 -0.01817415294639039211 79.07497620239038838 0.005665285739812463833 0.01864634243855445642 0.9998100911928977652 0.3606823361018030027
0.7877068869707470888 -0.6159936300159775113 0.008349131607153840312 219.1963120686923503 0.6160334661516922994 0.7875132176823337327 -0.01804717586629476025 80.40357888167650913 0.004541893876612660037 0.01935922920356427171 0.9998022761749731924 0.3506539178451977268
0.7884215112303166739 -0.6150770615490140925 0.008469296637506191355 220.762857556478707 0.6151184771412431251 0.7882231038011577873 -0.01826465749766996785 81.60205273086788225 0.004558476581238170983 0.01960986971653734881 0.9997973161100998096 0.3414399316621061775
0.7888959920427704997 -0.6144810280459532814 0.007495325906290556221 222.4175293790817989 0.6145048799826651198 0.7887063742627350438 -0.01805568261852513387 82.85749816286300984 0.00518326309803479688 0.01884996999782683272 0.9998088879454600786 0.3304974518898811109
0.7892398319479432267 -0.6140328747273817722 0.008007272994590539442 223.9540896009953599 0.6140630378397187172 0.7890339213072534719 -0.01876317098880462761 84.03061183264880185 0.005203193811357665136 0.01972561229788489731 0.9997918918423148726 0.3328921953618571017
0.7894722455054810073 -0.6137029186604880948 0.01011440577255975914 225.6577302641929919 0.6137691126006084019 0.7892198175850835273 -0.02048306491785784056 85.3378750736463445 0.004588027244400477017 0.02237872111104224557 0.9997390373729730939 0.3226153977651413651
0.7896731209865461842 -0.6134056676204484582 0.01224127944618061924 227.2929234893207138 0.6135144664770854073 0.7893672213096829537 -0.02234702094614263515 86.609707185522808 0.004044924561089834406 0.02515704380371259 0.9996753281602748231 0.3178230067669720604
0.78952281084828424 -0.6135661539045523805 0.01379514164478066671 228.8523676898590793 0.6137104027993885991 0.7891759905816384535 -0.0236811609787581541 87.80287250568683532 0.003643164288997407553 0.02716303871559280769 0.9996243777948288223 0.3105541042502508731
0.789320942390898006 -0.6137965858483354076 0.01503998351301292884 230.3723250679941259 0.6139682978557350346 0.7889115359218716872 -0.02571998673259418 88.96329323217319995 0.003921623551040134478 0.02953539724331550112 0.999556042039866588 0.2991826461834214967
0.7891580967325173557 -0.6140184811910071039 0.01451906048612690639 231.9082014029307572 0.6141780022696355923 0.7887735395351060941 -0.02493360899147877355 90.11960628480095181 0.003857445993191613298 0.02859384698058959826 0.9995836693470238066 0.2927480854847261948
0.7891966977222952817 -0.6139334468590458282 0.01594663387662836884 233.3455151971391786 0.6141300413805953484 0.7887655054292529444 -0.02633001554886508014 91.22446009655953958 0.003586722472172984826 0.03057286824467599431 0.9995261052865008766 0.2756402116795519941
0.7891753653974005189 -0.6139278102886147614 0.01717225681458454598 234.7675840891783707 0.6141579077218489724 0.7886942487316486172 -0.02777492394843304041 92.31548462166253444 0.003508138053188611556 0.03246576307199715988 0.9994666913887388926 0.2675409194949109892
0.7889843695396505652 -0.6141723445147077021 0.01720453008446678339 236.1935031386266814 0.6144010737191157867 0.7884829166481225338 -0.02839032875589014154 93.39227102841081773 0.003871076712987631379 0.03297000739121861562 0.999448844802826919 0.2643271561245943424
0.789324531618923686 -0.6137726083582268899 0.01581040839780195953 237.7501400534557092 0.6139605257660055715 0.7888585837436967729 -0.02747012295238332805 94.60708059562243477 0.004388232639306004559 0.0313898085853939815 0.9994975854554505323 0.2559261683196103476
0.7893333254763956752 -0.6137661891495598265 0.01561942217885065737 239.0811324748000857 0.6139447875361729867 0.7888460718127681126 -0.02817219982054422131 95.63235189405432379 0.004969823894043767787 0.0318267190013679438 0.9994810457472769194 0.2440517978042682223
0.789168347582744234 -0.6139786695908001635 0.01560488580644403371 240.4060787622364614 0.6141581071673328784 0.7886903885923352009 -0.02787992723645898313 96.64385559622573396 0.004810257182306037528 0.03158582323737153114 0.9994894682768086236 0.238370274769697188
0.7889209016968475874 -0.6142454663400468418 0.01750194122179869402 241.8190367838237478 0.614481038091892473 0.7883928899289402992 -0.02914969871206119292 97.73004271772859397 0.004106664259841566987 0.03375141760270489871 0.9994218214139937162 0.2297401773644565104
0.7884132552894849155 -0.6148147684103750787 0.02018265166756949905 243.221355170100054 0.6151426046040973095 0.7878763133827956233 -0.02916317560249748544 98.7997722588106484 0.002028517864026797238 0.03540784312594986299 0.9993708869886311907 0.2411882751503400257
0.7882002535005894206 -0.6150258469412777096 0.02199017907545948794 244.6921620670818811 0.6154176088800786815 0.7876235768522995562 -0.03017064577890923513 99.91765433769792537 0.00123574347390293781 0.03731365407667676382 0.9993028390620697365 0.2261456525628495751
0.7879280367548786579 -0.6153389430134189597 0.02296506274171795578 246.1361546036221455 0.6157656461247513757 0.7872904088019860858 -0.03172508882523503854 101.021570676351061 0.00144150899063657037 0.0391381836513909967 0.9992327679936742202 0.2261067640387994793
0.78762588653862875 -0.6157116834568964192 0.02333636023277078572 247.4768627179618932 0.6161501265039348585 0.7869259571726197056 -0.0332649896609237411 102.0451605937892481 0.002117655171205395318 0.04057906828194649679 0.9991740863102610559 0.2204289330469080266
0.7875155884713618271 -0.6159047441430922643 0.02192131512105948213 248.8923527254609098 0.6162866515843842263 0.7868247767037673812 -0.03312904834090968365 103.1260089478629567 0.003156104166931568682 0.03959945589397156213 0.9992106495125984145 0.2104344696978845963
0.7875000373561723555 -0.6159680541451482139 0.02066512609850129981 250.3227087492940939 0.6163008457268702722 0.7868156189124123623 -0.0330824635089657787 104.234942240473174 0.004118096692850175579 0.0387883759407035289 0.9992389619963339964 0.2020803349519393333
0.7872443652775269474 -0.6162651739016761221 0.0215300899840355324 251.7291498627043893 0.6166290839000406754 0.7865305403569148313 -0.0337384346770288196 105.3144361459962397 0.003857749004333036694 0.03983647225591612634 0.9991987656371594806 0.1950964866859796754
0.7868856948555585928 -0.616710691699375424 0.02188209257275916531 253.1067004951581509 0.6170869185216731889 0.7861558670698248763 -0.03409820612756399305 106.3569367514302826 0.003825992826798207003 0.04033454369854620053 0.9991789060841503867 0.1852235612515045204
0.786788331835739152 -0.6168367155866417706 0.02183087701901303967 254.4139775118446778 0.6172114083302857601 0.7860654617957099077 -0.03392885495920325983 107.3743144401830421 0.003768065031294645824 0.04016909354443858743 0.9991857913369955879 0.1845176065897118356
0.7865833959655819108 -0.6170908037751199338 0.02203408921260369482 255.7715923830298834 0.6174719166395706837 0.7858432277796978394 -0.03433443627381908142 108.4157271636859434 0.003872125089358340305 0.04061232878033816523 0.9991674761511856184 0.1688768064020826909
0.7865192233112845432 -0.6171377389103875899 0.02298961883955367991 257.1861690324878964 0.6175542868977729194 0.7857321520302305018 -0.03537920293231546637 109.5120162131801891 0.003770158616943671513 0.04202376088020925993 0.9991094982160294569 0.1640486266701590701
0.7866469849325385955 -0.6169492448118765182 0.02366749717654488203 258.5371046814816509 0.6173916853928711479 0.7858217755491245793 -0.03621662436742811852 110.5701362915097832 0.003745384399043793274 0.04310181433392969857 0.9990636644863163385 0.1542727293986707604
0.7867718509374148628 -0.6167721654038835766 0.02412779632537276342 259.918831006919504 0.6172302625131441678 0.7858931196253364782 -0.0374006358704177394 111.6539429729180313 0.004105802049447772675 0.04431817356977834493 0.9990090299296446874 0.1474451400858376449
0.7866612685604479349 -0.6169605353094931299 0.02288550671255881741 261.2672731000958493 0.6173687602088469006 0.7858325488578618012 -0.03637332915403194283 112.6940914173035679 0.004456732554026137175 0.04274228615996117364 0.9990761905424240252 0.139055914093541011
0.7862583821927078276 -0.6174798905113949576 0.02272314339482104512 262.6547343016146669 0.6178831717937171009 0.7854543651009493477 -0.03580260267076153941 113.7374597507085809 0.004259395008887808046 0.04219034436811677086 0.9991005116584907864 0.1343252602590763178
0.7860170066291813917 -0.6177656250668762672 0.02330016685418959468 264.0111141763260889 0.6181956473323308998 0.7852408919572758661 -0.0350839452955638495 114.7870846977140218 0.003377411591988899175 0.04198063939333810529 0.9991127158669660391 0.1393014009287405486
0.7857226325289489166 -0.6181202790994932972 0.02381733187707807051 265.3500837373557601 0.6185700462615372208 0.7849218268567532686 -0.03562055013411239562 115.8255795796200545 0.003323040742765339881 0.04272056050453475889 0.9990815337650877925 0.1292112507037159741
0.7857446347172621914 -0.6181025966693147744 0.02354886416978051178 266.6554950849766215 0.6185399550901607979 0.7849331930482283948 -0.03589159244411732619 116.8571487013697947 0.00370040134286083117 0.04276753958042414649 0.9990781974340839922 0.1167391450744652559
