1 0 0 0 0 1 0 0 0 0 1 0
0.9999967605177367824 0.0008827922890238267635 0.002387390166416639668 1.420490091258836962 -0.0008857771417975919244 0.9999988270868349627 0.001249489419486160763 0.2403418242404397887 -0.00238628432659054434 -0.001251600067425312577 0.9999963695656018947 1.370230528189210428
0.9999865686139476351 0.002520267683586793588 0.004528889765246773419 1.43121867492028132 -0.002525436281771672228 0.9999961659503030509 0.0011358944848364205 0.2673353193263782179 -0.004526009643096243901 -0.001147316650728378304 0.9999890993911951798 1.406911525413570008
0.9999840638828665362 0.002758819510249661561 0.004925535018349191073 1.448771044866987046 -0.002769710333739375425 0.9999937318995769653 0.002205644174425116372 0.3271502472347706525 -0.004919419170419986678 -0.002219251330260714819 0.9999854370132391645 1.44741192065903701
0.9999776047487090036 0.003231371196009320997 0.005860737259786179959 1.484430211929266497 -0.00325244597590885684 0.9999882667962833871 0.003589967261540297563 0.4161577932025574689 -0.005849067977758424033 -0.003608948594637799781 0.9999763816680036221 1.512238596427293968
0.9999695594004972543 0.004486576731336072363 0.00638364328649550835 1.503021802435619003 -0.004517720830258963385 0.9999779232167835819 0.004872707414607122499 0.4877402391059947329 -0.006361640580481556055 -0.004901398604720563941 0.9999677523904670906 1.556431559358651295
0.9999741020849020057 0.005375515976203885937 0.004785288652068334612 1.637536880995343225 -0.005397683795002381976 0.9999747058842463066 0.004631695301307477142 0.4665028358030811062 -0.004760269860334167755 -0.004657404825067481755 0.9999778239596877061 1.510160558775069051
0.9999544761268488458 0.007957548827193027668 0.005265272124219119894 1.870738611229684212 -0.007980060914792126356 0.9999590485399214579 0.004268474075255316268 0.5490061579819440762 -0.005231089912766470444 -0.004310296950067190637 0.9999770282554129031 1.518762674172947857
0.9999143609830090096 0.01085976684935206944 0.007303161227748778891 2.01634375578027214 -0.01089921030709035607 0.9999261128721123049 0.005382937037493980108 0.6531196610210888709 -0.007244164176949233029 -0.005462074738185386871 0.9999588430655192983 1.551655416868320536
0.9999251531598085663 0.009202338802062533588 0.008062570241894693318 2.319668135727082081 -0.009230880015184106044 0.9999512344289157584 0.003509931371536532431 0.6558260589277287167 -0.008029877488399572022 -0.003584093282781007812 0.9999613369240141214 1.557371902860452462
0.9999004036248171357 0.01100704593383442648 0.008833332934873695114 2.708235082371762914 -0.01106087381725232022 0.9999204139547089865 0.006068181526808533177 0.6867888728977337154 -0.008765837172038241573 -0.006165281538902928245 0.9999425730521824818 1.560323825782009344
0.9999149020052270354 0.009723640657924925018 0.008697100679698043652 2.800062055918071557 -0.009788406999033051961 0.9999244467375627554 0.00743558370272962791 0.6451325556508871184 -0.00862414264136068115 -0.007520081710631010274 0.9999345341244930685 1.539071644238548364
0.99992599630609591 0.009220099872092740734 0.007936729150614454942 2.929204056458155847 -0.009274320156572790283 0.9999337208659909715 0.00682208624453561549 0.6632374130133475987 -0.007873302794568839968 -0.00689518915209218989 0.9999452322350769196 1.513567737450210338
0.9999533558015157864 0.007548617558631457586 0.006025329388565138673 2.991894599178614556 -0.007577478207286669071 0.9999598586539142353 0.004781517004243208968 0.5942716961405695164 -0.005988993680517746068 -0.004826950776348584368 0.9999704158128366327 1.470004453637870245
0.9999036364704479984 0.01133770356272631452 0.00801088329073771678 3.234231769216615593 -0.01136198508604971402 0.999930973980643456 0.002992084394873563858 0.7434934611730095178 -0.007976406965448892827 -0.003082815603536003327 0.9999634359214721879 1.546475947264710493
0.9999142162272300904 0.01136765273907283311 0.006506662576777961192 3.461958245973542958 -0.01137950492461987061 0.9999336537783837242 0.001787430860751819004 0.7519510465729244419 -0.006485911990980531595 -0.001861320127024303044 0.9999772339573685942 1.499434016914837908
0.9998581650391019648 0.01505546777936705473 0.007548688269119281126 3.510526782775327259 -0.01505973753923251814 0.9998864661141477761 0.0005091041256119280007 0.8141772920062799734 -0.007540166436447507531 -0.0006227131809465986326 0.9999713786496116086 1.518495131653950336
0.999786033076804137 0.01934298387791871798 0.007330555179937602896 3.722742235899515251 -0.01933174523414533247 0.9998118426737476749 -0.001600898350107076047 0.9957664615371838446 -0.00736014203325130803 0.001458843385649356231 0.9999718496463920747 1.490586864628925534
0.9997652845808971955 0.02013990849752764906 0.007984975428198726535 3.995183076010080825 -0.02012743242583366066 0.9997960780585414264 -0.001639744706468313157 1.075998069281538516 -0.008016371424854486227 0.001478642779749300782 0.999966775150408993 1.476670249335740204
0.9996896351003612402 0.0230669352521249045 0.009410099413969825327 4.344144395311281492 -0.0230472405064755699 0.9997319651115226247 -0.002196050839546218741 1.190512259055554356 -0.009458233341549028561 0.001978492438064193958 0.9999533126050081933 1.47429157101048558
0.9996554714373950823 0.02474017360845737201 0.008767110989534056958 4.704737365077871658 -0.02469203660178350551 0.9996796602176581947 -0.005557002390113911783 1.296757438494182457 -0.008901783738981932856 0.005338610018622580618 0.999946127293532494 1.453701353080807834
0.9996941064978062119 0.02319341507316229761 0.008588301974015480691 5.107248526737112826 -0.02311727112332152487 0.9996934847887604114 -0.008861616484328984147 1.300435469925040444 -0.008791200678161944018 0.008660367668205220734 0.9999238535121001137 1.438733441252749268
0.9997892233037601883 0.01969261880867919159 0.005806008105398748412 5.567955790209213163 -0.01964110145223493809 0.9997683624617825782 -0.008800486022308373624 1.16208807724682206 -0.005977967832542771531 0.008684594690708652073 0.9999444193132192016 1.376913048767052228
0.9998165153590693466 0.01856277203910372195 0.004728542002788324768 6.15936938876787643 -0.01851050651675283445 0.9997696078822471133 -0.01086702827230992194 1.104371288516767358 -0.004929174752543803023 0.0107775066319720416 0.9999297718275302893 1.392462748969577335
0.9998308187628360821 0.01836160732179760099 0.001088682045887766131 6.781122585804689074 -0.01834976997581264785 0.9997812637422371917 -0.0100354676926336199 1.047858842331807372 -0.001272711228713879804 0.01001379281467502241 0.9999490507818851182 1.322292816299900586
0.9997825095567988152 0.02085255066547369446 -0.0003235970539469302685 7.187822079873575909 -0.02085332216646527959 0.9997791677818358425 -0.002598965963881825873 1.082293097557149864 0.0002693305238520282956 0.002605148787240550799 0.9999965703245512483 1.28072373647773996
0.9997666582990241135 0.02151727094157087836 -0.00190683109620730807 7.559815340126328387 -0.02151585669047376831 0.9997682189670897834 0.0007591141207260270179 0.8256377807508432642 0.001922723193137477896 -0.0007179098831469264393 0.9999978938682432261 1.249573520633494361
0.9996573406079516388 0.02605655397360720493 -0.00250147229812908373 8.047323238337863671 -0.02604602303329521876 0.9996521139275744705 0.004154010625983964831 0.6752153559401611327 0.002608841272838895338 -0.004087433810134082773 0.9999882433469210463 1.246101895096592083
0.9991413602817073025 0.04108866495712199668 -0.005316369669334911757 8.507265715107754644 -0.04105445929089036883 0.9991364721709463659 0.006390723756223373915 0.7815047185044442513 0.005574365143428886352 -0.006166975744812609912 0.9999654468347446423 1.216774615104933677
0.9990250381197403051 0.04373727177266523852 -0.006002021970582289631 8.987584716095376791 -0.04369820204325453039 0.9990236764110096424 0.006493158585564155066 0.7272010265489461389 0.006280155096670605487 -0.006224550434722191973 0.9999609065477746972 1.20044545153837956
0.9992097635085844809 0.03936415879129149392 -0.005505589139477869327 9.370035239268815985 -0.03931809566494025993 0.9991927808061170646 0.008238576225386404911 0.6587568426045964376 0.005825449545001118792 -0.008015596521337948338 0.9999509059698910018 1.242254304928070985
0.9994519488337483271 0.03252066690661621629 -0.006181277891449936217 9.84021120032178942 -0.03244769831559964762 0.9994065847588387008 0.01155963730806022771 0.6136804571279583786 0.006553536941396017126 -0.01135273379512544492 0.9999140796033101353 1.24082633144561516
0.9996731670504611644 0.02550346429366838474 -0.001769855452374209355 10.2815592152323525 -0.02547418438907866206 0.9995635553540314078 0.01495876792116628343 0.5708264129240016027 0.002150583411992618588 -0.01490879327878934409 0.999886545000960747 1.335256729772866136
0.9998418103737686247 0.01772213601168923583 0.00151000784369454636 10.78985136427102276 -0.01773944261300250055 0.9997664414383439224 0.01234401674862712836 0.395600381117810096 -0.001290892824684743969 -0.01236885075071987236 0.9999226695734133585 1.417705518947782295
0.9999613671728494468 0.008783885504458448928 0.0003278982317790147334 11.41303929651288129 -0.008787473250871084829 0.999872727583274723 0.01331574064960751487 0.05672334066440778977 -0.0002108925581054007473 -0.01331810762184138137 0.9999112878319266207 1.40556657477121294
0.9999724293093391614 0.007423242585165836828 -0.0001899755260254538231 11.81347813767925281 -0.007418972358888791321 0.9998296754385570528 0.01689908167823938462 -0.07266582418369979535 0.0003153891512914010231 -0.01689720633570953451 0.9998571822754146465 1.410421253280436549
0.9999461989055051792 0.01030995561725398836 -0.001141976182826544327 12.28891263181055571 -0.01028448540227244572 0.9997384522103061055 0.02042685810769549401 -0.1090869491688163662 0.001352277501970328187 -0.02041401448299018373 0.9997906977754124069 1.355019629808759785
0.9999278966995280848 0.01195506505522341348 0.001130407706609378371 12.78150469821964563 -0.01197823376584712489 0.9996548361427041174 0.02338226875976875604 -0.1436736835753048003 -0.0008504809865632945208 -0.02339412310877913778 0.9997259582936030009 1.39271173486963229
0.999867703359931248 0.01591784748178712641 0.00334632773096285108 13.20715111486053139 -0.0159940998637818875 0.9995803803485324712 0.02415061058918675785 -0.07894215122636533133 -0.002960497810135980304 -0.0242009370444561632 0.9997027308649738542 1.419809559403367727
0.9997488440688191424 0.02174117793933352458 0.005437827219602346836 13.66520717391566109 -0.02186442533967437526 0.9994791009015253636 0.02373760235669017046 -0.104411282190544491 -0.004918911223616050793 -0.02385053548431931986 0.9997034341590936846 1.448134804674205522
0.9993677260907646298 0.03506356105695867392 0.00589022361029808636 14.13987659131475638 -0.03518993735478272156 0.9991175273079714314 0.0229310910113655203 -0.1796040103828723533 -0.005080979939032365111 -0.02312386888066078616 0.9997196958802248012 1.430258261810754439
0.9989261477615364315 0.04623931710472836687 0.002911506823858722465 14.64199622587338467 -0.04629049408678959782 0.9987061554769167682 0.02105243856937875913 -0.09180600986832798682 -0.001934289403863435159 -0.02116460645050939615 0.9997741334713041716 1.32954996851356877
0.9986611270902440163 0.05171566778703828859 0.001201226116999238973 15.31441316553438803 -0.05172930967017177334 0.9984659130760425994 0.01974585896516236477 -0.02227988292839008788 -0.0001782130493083855906 -0.01978156036730419759 0.9998043099074657158 1.279893370853367518
0.998712250205487706 0.05073293999661310227 -0.000100442976146160456 15.85373802577848679 -0.05071993295325171597 0.9984972841298914714 0.02075239712535472542 0.0721932167746084652 0.001153122157038372021 -0.02072057876920515088 0.9997846407725816675 1.273542240953431159
0.9988854346610794854 0.04702825889472631721 -0.004028807177935860191 16.51821332103270379 -0.04692977933054223727 0.9986604825442788602 0.02179074152970938635 0.03393676210722407216 0.005048191154562517782 -0.02157738329266516153 0.9997544359973145056 1.176010237563295702
0.9992563162648347985 0.03774994848446488332 -0.007858485493573978686 17.20001137293458626 -0.03752235478066440894 0.9989218947055209519 0.02733351733030319961 0.1002112221785281254 0.008881852089874943401 -0.02701832095731120792 0.9995954796997139624 1.14151765224590207
0.9996980248098354949 0.0235969942812241408 -0.006858647986693721353 18.02494513195556536 -0.02338600608903282016 0.9992950944825469417 0.02936679863930340487 -0.2626018406010713901 0.007546781467435135539 -0.02919753421112042391 0.9995451716083036953 1.127115077720792335
0.9999178562336119569 0.01243729657676546224 -0.003097489150797379503 18.90435630734493699 -0.01233898649252141225 0.9994750008053560064 0.02995784000009113143 -0.3259085203002408115 0.003468457512368213272 -0.0299171592734882516 0.9995463637988433181 1.17308585002074417
0.9999625326662446856 0.008387677150908968982 -0.002140125164924646089 19.72252514429942849 -0.00832199120155221149 0.9995433581019502745 0.02904857546796016377 -0.3959145979701644835 0.002382797966826335004 -0.02902967699249526731 0.9995757100528006589 1.212465286286295019
0.999932560159210948 0.01029429369578825117 -0.00537611855811056822 20.61679994436271457 -0.0101335315044899163 0.9995245624351540847 0.02911976353031056272 -0.5629113365287814474 0.005673329947527897682 -0.02906332063131377569 0.9995614722072814207 1.180407864227323911
0.9998574359805616485 0.01509292298247673705 -0.00757042866831497685 21.642296316537454 -0.01485968248307724393 0.9994402396632658947 0.02997327440130144113 -0.580561477446330132 0.008018575364685863113 -0.0298565071245551171 0.9995220314887722779 1.158785926865584015
0.9998642676047733158 0.01397823315311947853 -0.008720972714516550539 22.60566330403313273 -0.01369436666245036835 0.9994003719025528198 0.03180190187321482037 -0.6617864950818634906 0.009160277773336280085 -0.03167815712689499297 0.9994561439463760522 1.172408105029051573
0.9999379957160556831 0.006846678933367801589 -0.008782238378727137695 23.61406699397233311 -0.006543540809430971501 0.9993972274834794778 0.03409345643975801587 -0.6291659098428417085 0.009010371636770693124 -0.03403387556417492715 0.9993800620970230142 1.185399992513195055
0.9999740996757485734 0.001899971647303093153 -0.00694190790889673455 24.62829184249026326 -0.001657170249507674414 0.9993923635425829843 0.03481605203830371448 -0.4695948501027645272 0.007003839264311063038 -0.03480364636800532124 0.9993696275328015632 1.217752202312730514
0.9999716223799910431 0.002052514249910859876 -0.00724855985575969218 25.50810203984784508 -0.001806366235712597232 0.9994268834634092435 0.03380298288079804092 -0.3281025188237217671 0.00731378669029221929 -0.03378893007881369343 0.9994022296995228594 1.154332955268806193
0.9999750303691541387 0.005268912393199473576 -0.004709267501653980129 26.52775846268692561 -0.005113285665554874633 0.99945964847691382 0.03246945296900220768 -0.2950677501002639813 0.004877801544935624588 -0.03244456238873633797 0.9994616337926591765 1.161328479189990492
0.9999692722876877271 0.006650026585568193614 -0.004151099474047030037 27.5166211749802585 -0.006512424713774579536 0.9994561833723407673 0.03232531273076052342 -0.2655051599861278921 0.004363806226176339398 -0.03229728572504640682 0.9994687801677524241 1.146793661060645064
0.9999211955277801378 0.01241471405675653207 -0.001864834894525620353 28.29575738635307403 -0.01234555882372266253 0.9993662613631972835 0.03338656655416495644 -0.07217218623116636311 0.002278137753708530874 -0.03336091311452153013 0.9994407734150836387 1.200643221143823824
0.9998954314173871261 0.01436460113685712574 -0.001668671572310936966 29.42411580081862965 -0.01429461608189389922 0.9992391741894297574 0.03628686699479186789 -0.07875392914100906583 0.002188648374795728376 -0.0362592195090498115 0.9993400216237144917 1.228713591207861056
0.9998131480668449589 0.01917527567985750567 -0.002444944839175206431 30.29496829373238853 -0.01906833132020360755 0.9990926612901546155 0.03808218608246243669 0.07679461256760056198 0.003172962862702035768 -0.03802844933412114631 0.9992716194048113509 1.229580499223907442
0.9997563622559969554 0.02190295127416165555 -0.002734383685111107121 31.40168466920349033 -0.02178510037989660197 0.9990590156694425517 0.03750323467438950592 0.2504995950955473671 0.003553242194606288408 -0.03743452864784332229 0.9992927651768626074 1.220598884633999015
0.9995568855203016412 0.02950363440173005627 -0.003945651536000209167 32.38461171507011471 -0.02934288593037180995 0.9989218478432175807 0.03597411495463003622 0.4630077605058471324 0.005002764658833972443 -0.03584239750045745826 0.9993449328871325532 1.215062267803267426
0.999386048136824412 0.03487815841418251406 -0.003322778219514111071 33.34617248776012133 -0.03474605555391931111 0.9988235114968718742 0.03382757018324283882 0.6265048651931853785 0.004498712360758428536 -0.03369134824689354324 0.9994221603708823842 1.245063419878186028
0.9989551438556971696 0.04556918983412043545 -0.003474118896241658143 34.29577488248667549 -0.04541970258456881626 0.9983520855423065887 0.03507369256944891517 0.8980370745397749932 0.005066673600365593014 -0.03487925215925360978 0.999378690280835702 1.260466681655466603
0.9984597031102089293 0.05531560762540517484 -0.004290083694478196395 35.21802798120399558 -0.05512322687671791094 0.9978140547298905982 0.03644917066536389194 1.340008465494950896 0.006296913829114575076 -0.03615654486434173587 0.9993262996337590742 1.254341244982725589
0.9981666333417006376 0.06042908496925836204 -0.003420200735783955007 36.24348472114794362 -0.06026691362450668082 0.9975299967475851348 0.03608053091265425033 1.657882211079328982 0.005592066297099393402 -0.03580825712794328403 0.9993430329551449276 1.224538105689700007
0.9982102636177236921 0.05977616975055253384 0.001754747328738042508 37.15244375191439019 -0.05979903701055639537 0.9974442392068137986 0.03910325876126644062 1.880210582844424438 0.0005871804191999382971 -0.0391382064368512167 0.9992336343498759987 1.281495216598923514
0.9981837032016455113 0.05999792627599572631 0.005435393751099483126 38.01095675262228468 -0.06017068799943372376 0.9973474651862777041 0.04095756330864219752 2.040667317244388101 -0.002963607316112061053 -0.04121022359908778354 0.9991461026809788093 1.328304523017908911
0.9981912252075443304 0.05974354701072553259 0.006707198315151164866 38.93697405489508867 -0.05997694554938984984 0.9972792544651760682 0.04285854192512979915 2.090114030228276132 -0.004128428420968895118 -0.04318329774299100449 0.999058636354650198 1.348126170832688819
0.9981287205511281124 0.06085734257798383617 0.005953239900577942008 39.83849222577690341 -0.06105683149757957368 0.9972181840742854186 0.04275461003284553724 2.131003326602013193 -0.003334747133455929352 -0.04303809017522080421 0.9990678666915603356 1.302294057976767228
0.9976655326872890805 0.06802876776025121308 0.005964196912373787365 40.76545976507578217 -0.06822170427820391236 0.9967603398281098537 0.04259840385657860662 2.19898224046439994 -0.003046958018262884912 -0.04290584695321470604 0.9990744738727249663 1.272069371503729451
0.9974838496963174261 0.07063441352825527986 0.006062113536863685502 41.78688649731395088 -0.07082355686562392949 0.9966548367918470763 0.04078185984378791124 2.298154960425371041 -0.003161232025039059732 -0.04110858699756116119 0.9991496838247749812 1.268976146123743876
0.9974664504910421003 0.07105657900249887082 0.003412143792862445263 42.68558688319944849 -0.07113662432303026473 0.9966370609150279058 0.04067123664924646165 2.316906606616527586 -0.0005107100210413749626 -0.04081092244873407021 0.9991667567449178389 1.221379439272749501
0.9975465658372054678 0.07000585836734535272 0.0001696486046966712887 43.51659770756491241 -0.06995528792426415621 0.9967278287472319809 0.04049559349190838542 2.20896045830208454 0.002665835297086819634 -0.04040810803638020254 0.9991797026196483911 1.184878387025829705
0.9978127689178694082 0.06610226535184728081 0.0004107308225651682071 44.46981664895660202 -0.06605588758165292784 0.9968383137423851847 0.04415875871260604296 2.183180653979419183 0.002509561765460996668 -0.0440893044920432145 0.9990244418076833499 1.203480893939689489
0.9976310404096402351 0.06879174529423524864 5.468593888901720758e-05 45.19529899860987854 -0.06872646995197244368 0.99664914688177908 0.04435256867152702343 2.278362009118116038 0.002996587912856596078 -0.04425125760015136828 0.9990159391429576097 1.190267386332627186
0.9972413882455488654 0.07420924007116708188 0.001613151620395016778 45.98747459515859504 -0.07420915651971886351 0.9962958203365077647 0.04344697306645030344 2.424138131579477218 0.001616990637685120427 -0.04344683035694180129 0.9990544320872676298 1.205941253108279598
0.997396120871283709 0.07195355217676906168 0.004864606876264851096 46.98234927654375781 -0.07209360489496596802 0.9965378921283700731 0.04140943957111281604 2.291337443312600364 -0.001868208811715317682 -0.04165232144178852847 0.9991304188715033341 1.298604304899659168
0.9975646786882190753 0.06948631307792947631 0.006030267697730213629 48.05556906555784025 -0.06967310577415940231 0.9967612336279573215 0.04015845450531529276 2.221895561455641932 -0.003220274127014263656 -0.04048080324436076349 0.9991751269938810021 1.331073045650475573
0.99735375045729735 0.07239950913129762633 0.006618725429432154549 48.92584731760223349 -0.0726107363089157215 0.9965188475370225785 0.04096178067615567631 2.23021764342364115 -0.003630071823004172096 -0.04133397610963072955 0.9991387916588607698 1.401597217071983259
0.9975683599141825786 0.06959755532985441306 0.00368070512750739683 49.802028989529596 -0.06968989613280478224 0.9967333902677868451 0.04081503524784225317 2.040920966600944908 -0.0008280550263648148038 -0.04097229573006102438 0.9991599398031737467 1.412676668728466201
0.9977363099716511918 0.06716462018569123449 0.003342089086920655046 50.83079602621663895 -0.067241213700497654 0.9970982639010462778 0.03568853184993093369 1.974938618635424525 -0.0009353845396856621955 -0.03583247020275556749 0.9993573730827883805 1.467424395607064724
0.9977172610734765801 0.0675297206406501177 6.153239668445323633e-05 51.72863024875364601 -0.06748780593631269198 0.9970650550266686452 0.03614791964372007782 1.952706055480337488 0.002379707112794978222 -0.03606955606688275195 0.9993464484948126891 1.452871197049050656
0.9979513088834059964 0.06396498839616072962 -0.0012904872629376468 52.79888872358004193 -0.06389037888391820019 0.997437067578300196 0.03220738590557652159 1.812708045626181041 0.003347324897012545885 -0.0320589532000091007 0.9994803744625271325 1.485410326320715679
0.9980528764539189357 0.06224474117176068827 0.00400599532188049539 53.7905736028513104 -0.06232485867288867221 0.9977517181100215016 0.02463982548445972989 1.778865866636929249 -0.00246328915534942388 -0.02484152179236806535 0.999688366943207174 1.553312224955575083
0.9981797475593748858 0.05965492030493887293 0.008859009296417575535 54.79693823259087537 -0.05985302751274520355 0.9979163470336857023 0.02409521571812851468 1.782277382730861337 -0.007403152022023222305 -0.02458159487006434871 0.9996704149537400941 1.583760980616971681
0.9981094873764290165 0.06050280339093930954 0.01081027247572945681 55.85333438555468888 -0.06080282799680520461 0.9976988827970254547 0.0299992562100809268 1.733396352352553516 -0.00897035767141377352 -0.03059983737545840174 0.9994914620124788485 1.655507570853885779
0.9976968251975211199 0.0669823815274735862 0.01069605327655419845 56.81675727549432509 -0.06725797330116488337 0.9973452232724994149 0.02790825402901556812 1.908762743151515728 -0.008798296324102323693 -0.02856337130725707801 0.9995532621133088602 1.678458267382574087
0.9975778731507426444 0.06884622692139612254 0.009928949527943133069 57.9903546123411715 -0.06909890746208109669 0.9972205902865746152 0.02786458856761329581 1.862380644281898423 -0.007982981121583812567 -0.02848317656412718835 0.9995623945833642665 1.726410882911796785
0.9974254631005309291 0.07068437223303630779 0.01208987513222836187 59.10746390672061779 -0.07106830924181641029 0.996857320250226997 0.03499683535758513903 1.936596918964982761 -0.009578151189079189831 -0.03576594169818454738 0.9993142931201580703 1.740757255619517441
0.9970967781221353743 0.07440944444190750184 0.01616321862451252159 60.18075903096381296 -0.07498751979361310827 0.9964324843535651288 0.0387191942088751101 2.100002498061397826 -0.01322448235885210523 -0.0398188234736887442 0.9991193994530942479 1.732948184115196577
0.9969474213304437837 0.07579525583126196786 0.01873281335123460484 61.27065701662695574 -0.07643716949316128884 0.9964124234774218714 0.03632686966591850558 2.210370646311525356 -0.01591220356997667326 -0.03764786226765664406 0.9991643709841855348 1.705431412244726053
0.9967220594693477764 0.07881442511738291634 0.01825986200929348435 62.47902437204982107 -0.0794527953954858035 0.9961380425246766368 0.0373664761376917981 2.300351229952330545 -0.01524432586325373366 -0.03869478813124660466 0.9991347876540246364 1.70100264372194121
0.9964899397872212239 0.0818793064589052183 0.01742352078854308983 63.730290398584863 -0.08252379905101403512 0.9957776933255211294 0.04020706487039606147 2.264016072196687546 -0.01405782675408846077 -0.04150379078003677003 0.9990394450960576878 1.71707674477737382
0.9960144764567393505 0.0874377296377258223 0.01760131030370833127 64.86471547285486849 -0.08805757007569088579 0.9953819912910539802 0.03821721818527468867 2.378414332430756506 -0.0141784005082469175 -0.03961483117793212355 0.9991144269350591411 1.725691329102001959
0.9958984103367446439 0.08880683330680824716 0.01731192209899866732 66.12081228527929966 -0.0893695740117865095 0.9953827552892022812 0.03501784850369719926 2.341639126552232497 -0.01412216448342242144 -0.03642137876155773779 0.9992367325310905768 1.694034543065056075
0.9960352789123708694 0.08734756679164851212 0.01685602970850839585 67.34698413974246023 -0.08782836510841077193 0.9956754377760242969 0.03027541728706870452 2.216996627143205778 -0.01413865072555750557 -0.03163582123323098461 0.9993994563589474467 1.610259667000262018
0.9959263712325686635 0.08841006427548196711 0.01772917421463988952 68.7594428034035019 -0.08886399487759169546 0.9956858834982815765 0.02669853585202374216 2.143601574690574996 -0.01529226922085999245 -0.02816526117492233056 0.9994863003388416711 1.590133648153694734
0.9956423453688610925 0.09156968888524012751 0.01764404108626435944 70.17630821602639912 -0.09198639399258676241 0.9954597485373755106 0.02446205964643537178 2.209574427868186586 -0.01532394951159956817 -0.02597847415391238771 0.999545044233625557 1.573935430629166854
0.995223991848191436 0.0962478507782110887 0.01629592802899326037 71.64871691916870589 -0.09666519294153812225 0.9949473610489676378 0.02712174801280979944 2.273122662621150702 -0.01360318063270958902 -0.02856746335029337544 0.9994993014076615223 1.489729977411126116
0.9948926580627932559 0.09952167420067503656 0.01685334676094721665 73.13512639985407304 -0.09993448559550570376 0.9946611127334424873 0.02573653831873407363 2.231102760491048276 -0.01420202526091607527 -0.02728932355637821508 0.9995266856359181773 1.449510941096718408
0.9947282054346023861 0.1011032621986219099 0.01714431934058947837 74.49962278078034217 -0.1014931694850664673 0.9945552579574913343 0.02364266095395062273 2.184125817525221169 -0.01466062279478518721 -0.02525805301096259795 0.999573457479421279 1.439318154159356489
0.994982192872653326 0.09890818983640514706 0.01508661160140715822 75.92023191079903199 -0.09924171946476434414 0.9947918168014610041 0.02324483474936973187 2.046119616770311289 -0.01270893323623529733 -0.0246254179281110569 0.9996159621614006952 1.379837800461839237
0.9950674273309952911 0.09812401795360078949 0.01457711101404824718 77.56727374912090056 -0.09841970314592161928 0.9949195949621905122 0.02117927271979607243 1.949035864162663279 -0.01242485804921429106 -0.02250947935675678274 0.9996694184787011661 1.344133097899527396
0.9951675409480260637 0.09728205620826436972 0.01333292853618004911 79.0900264915391773 -0.09757226027142895664 0.9949582854193833592 0.02318758937115806759 1.739902657509202477 -0.01100997134343771784 -0.02437646026832048299 0.9996422203547645768 1.268495824217708901
0.9948405956353429946 0.1005124450074113135 0.01376363594941976479 80.83718157004132365 -0.1008181074300598806 0.9946229630099764352 0.02368270819555966938 1.653752190445341164 -0.01130922146466975531 -0.02494814325530543553 0.9996247754322498125 1.244263296546593844
0.9944701039790710961 0.1040784559827937494 0.01403165322024113419 82.52337690755810229 -0.1043676701657577643 0.9943008596691317313 0.02175292820282266962 1.551665072566316139 -0.01168767367901054829 -0.02309708772688074882 0.9996649052670147917 1.249502042877685959
0.9942768561875476863 0.106036738201660527 0.01302856098573880635 84.11582879897355269 -0.1062762711062677085 0.994148901318186673 0.0193213924857790556 1.340638319136886913 -0.01090355215302314142 -0.02059544025737102685 0.9997284333212952401 1.2364243757667297
0.9944216207412874819 0.1048645952851361002 0.01136031944778120688 85.77941022586502129 -0.1050834472502564787 0.9942463894560229498 0.02077465204678542038 1.063617036257950677 -0.009116431114947828526 -0.02185254468813764214 0.9997196391860967424 1.235055766836204549
0.9949819982681985531 0.09966832176149482969 0.008777742276335209759 87.39250765633916274 -0.09983529838642678234 0.9947769071591434642 0.02125601512471156709 0.7671406638788869081 -0.006613343958675846866 -0.02202568092332164718 0.9997355315589959712 1.173588780773758833
0.9951345284368245947 0.09824284118548597122 0.007457510886492031352 89.18142922478887158 -0.09836876021739909826 0.9949689391756708634 0.01898412728918313919 0.4673560580380221596 -0.005554937093307724637 -0.01962534665791789215 0.9997919725835199278 1.123171669855310251
0.9948889582373063867 0.1006952611488329263 0.007511668233852210157 90.93150976520344386 -0.1008098788264472634 0.994762593303912146 0.01687457538050760736 0.1970429821973144202 -0.005773136797629562118 -0.0175455790854492262 0.999829397220381888 1.153272935701487922
0.9947499577716306662 0.1020372787539508969 0.007804822728765001792 92.5584036656183855 -0.1021454053815097074 0.9946562968330371346 0.0150055766245778318 -0.03180684563942846876 -0.006231987867925899149 -0.01572402349519828879 0.9998569484742987346 1.167523898350545597
0.9951113058658719313 0.09840474475724275694 0.008366310248904097052 94.21763886568248836 -0.09850843161209683896 0.9950507027474048138 0.0130456070468475422 -0.3877716822176200395 -0.007041153260926516153 -0.01380598316520123374 0.9998799012829482358 1.136150343855667044
0.9951678947421981336 0.09770696369197288955 0.009706210407610460847 95.93609720611227942 -0.09782183706979465099 0.9951296117441027489 0.01216322417461359467 -0.7200755660285941273 -0.008470505691625669631 -0.01305392952818603541 0.999878915397860224 1.129335682452937029
0.9953907972427341599 0.09548636070110487484 0.008917156751601809303 97.86389069307702471 -0.09558359709934410864 0.9953583814437553245 0.0112012702501971817 -1.054924558242975152 -0.00780619817993374876 -0.01200197524269189589 0.9998975026772741748 1.100998741632840394
0.9956677700583059787 0.09261275664386210693 0.008280638498631488417 99.7584627590937032 -0.09270303125487694418 0.995629930032011834 0.01127787305339294187 -1.467774580884567026 -0.007199976616458603207 -0.01199665500362138114 0.9999021155120367821 1.083759164178127676
0.9956945609169424172 0.09220219694669500032 0.009544434955521222119 101.7837752572088306 -0.09231725121151004854 0.9956522949092296848 0.01241099394630901416 -1.763463062026421779 -0.00835861765893475446 -0.01323867516737375384 0.9998774279833726464 1.095213364478272888
0.9960060390788819662 0.08852863363641286232 0.01160392799298427466 103.7002930544180117 -0.08868446864632724413 0.9959657829485959457 0.01368299004271276466 -2.11641304445636047 -0.01034577881626970973 -0.01465742890346617526 0.9998390493667591583 1.077711052890840016
0.9960483496406860038 0.08801062320484354107 0.01190862633391313007 105.7024822481835713 -0.08817733902152703751 0.9960023705844245345 0.01428407061342783745 -2.309068042144971411 -0.01060387010239180645 -0.01527769594218196178 0.9998270600186563994 1.07069638386381194
0.9961839505449519017 0.08684047312978047939 0.008733206928077948128 107.9269520864418723 -0.08696389037885092488 0.9960998113354915251 0.01491467825913050244 -2.544614628782958299 -0.007403948056810908014 -0.01561723675923672172 0.999850630578977051 1.053818682413304453
0.9963381297816407134 0.08526888784543731892 0.00628871281144246716 110.0904788710928415 -0.08536167984814921339 0.9962156804974855451 0.01636158746680504636 -2.769268467289033531 -0.004869779946224100237 -0.01683848854660257785 0.9998463634712791981 1.060677233435611821
0.9963565944099844751 0.08515779079686987274 0.004656977811228812068 112.3873587450720493 -0.08522255184574260845 0.9962310126314852798 0.01615196979148587897 -2.925987080767439519 -0.003263959656222120784 -0.0164900011474197368 0.9998587032323720258 1.045093547618307639
0.9962325403268207369 0.08658160411688024805 0.004934716052350582652 114.8060515134643111 -0.08664904247371420232 0.9961157519715299058 0.01566371962791891087 -3.028855902643820208 -0.003559358419430897879 -0.01603229561670458519 0.9998651391387243237 1.025081956637200697
0.99650579479653556 0.08323036403866539146 0.006993385368777119485 117.2727386522512631 -0.0833265462020737202 0.9964120824713474933 0.01482054665477414157 -3.258357281287317164 -0.005734774185498985738 -0.01535149527257515488 0.9998657129624645146 1.011922380309195235
0.996735549782660879 0.08040490985297327198 0.007300292527842101517 119.5282732628631095 -0.08049962775532916448 0.9966595260027372172 0.01376950105314792526 -3.391959625047459514 -0.006168770599581653927 -0.01431222203343862458 0.9998785459093295636 0.9707885476892703647
0.9967118840689946913 0.08079928502496978859 0.006074182668363388091 122.061423949289221 -0.08088141674719509511 0.9966141945041312455 0.01477645890760727679 -3.702401467961724535 -0.004859689352366418531 -0.01521916069746781681 0.9998723721390961883 0.9300792933112500549
0.9965900043835310695 0.08228651755615687402 0.006106733276785503844 124.8378283079792368 -0.08237569997776872377 0.9964701774059459005 0.01616878454724808914 -3.851788415996416415 -0.004754704618180396851 -0.0166166954910710804 0.9998506279514709494 0.9101433732866128778
0.9965149293950513743 0.08317611316683545808 0.006303149310750430674 128.009028691742401 -0.08326761909456868727 0.9963987720859580621 0.01599970611970177523 -4.062261796791378998 -0.004949656866657757039 -0.01646879425011994746 0.9998521289234971743 0.8866976483124306974
0.9966912681714259481 0.08112644450262911089 0.005001595065222151637 131.1466592271081311 -0.08119459316091812151 0.9965793579264904389 0.01539549922078223623 -4.289076944738013708 -0.003735504285582335292 -0.01575066211897001647 0.9998689727412019002 0.8664469585872400792
0.9969414481402386619 0.07806838535236283738 0.00361610128711948968 134.2790636145683152 -0.07811252883177811912 0.9968416215014979098 0.01432530913345509381 -4.547542530472242994 -0.002486326516843550671 -0.0145639572486120604 0.9998908487078538299 0.8406451413107660642
0.9971506561256956447 0.07536225287485609492 0.003331640695067320836 137.1137955185813269 -0.07540304713022238925 0.9970468741613038866 0.01455717035177436433 -4.921124203401224584 -0.002224740787652688522 -0.01476690782795645959 0.9998884882633805038 0.8202526199582460542
0.9971697388396245643 0.07513266181752323303 0.002755915588093134361 139.7466136651930526 -0.0751646016763305308 0.9970682685049653271 0.01432307911550430475 -5.136554671783100545 -0.001671704924195049902 -0.01448968835841931736 0.9998936215087694812 0.8069809774658760482
0.9973059751146694518 0.07335353135769777377 0.0002267993245552360341 142.5563253265511321 -0.07334951229129890726 0.9972080516716267384 0.01399824017177984242 -5.378396003617170074 0.0008006542368330693592 -0.01397716418425035655 0.9999019941145029788 0.7915889933332103112
0.9973268745328724982 0.07305255646240954581 -0.001558630423975284219 145.2875912142253583 -0.07302391090281171171 0.9972329443542732319 0.01392706469307858526 -5.620783085064766205 0.002571725286707775542 -0.01377601861255440055 0.9999017989483948154 0.8010595879242481399
0.9974706602887338791 0.07105059043307648814 -0.002023724850012243934 148.0366857281339321 -0.07101723311912000458 0.9973847419491204125 0.01342494421556846527 -5.867011930967773736 0.002972282500352738544 -0.01324726863160021958 0.9999078334579344363 0.7961855774326171975
0.9976380209262770693 0.06867957425661633253 -0.001222817333466983151 150.8562240193164996 -0.06865453703758131465 0.9975339369065581163 0.0145807840618529666 -6.161945127740385608 0.002221203830466617502 -0.01446239259710969081 0.9998929469967825501 0.7911190856165271068
0.9976442703126056077 0.06859348995607700283 -0.0009181764941133286348 153.6466001102812982 -0.0685663073630197184 0.9974874293721608387 0.01781824175159652315 -6.33870305131812728 0.002138084897446134933 -0.01771331081881624345 0.9998408209374166633 0.7885964611499234334
0.997720333797125547 0.06743620036498530756 -0.002548412856265214448 156.5385348022470851 -0.06736630192308648568 0.9974973716950157332 0.02146566623105653632 -6.562855279189207636 0.00398959809504376671 -0.02124505452732757677 0.999766338083639905 0.7712675746553347977
0.9977657480846996441 0.06671253150393231801 -0.003598623252940096832 159.3109476686833261 -0.0666083059497317026 0.9974939120901453737 0.0238585188476633861 -6.754634503175913629 0.005181266976975688193 -0.02356551470760211153 0.9997088681156525158 0.7739318061342057575
0.9978818874695317698 0.0649574097494576147 -0.003503366792921145789 162.049341776264697 -0.06484719502028048199 0.997567640884184148 0.02556644595490388874 -6.942179397725521284 0.005155575452496391833 -0.02528510983571913631 0.9996669861820731695 0.8031480910657069483
0.9980528940638274671 0.0620893951948525008 -0.005943707189611552484 164.845433499108367 -0.06190959340783813714 0.9977232676282661306 0.02674852289849810952 -7.145215152795951319 0.00759097456816826624 -0.02632846819533450275 0.999624523942661547 0.8099153469624487123
0.9981905001586421911 0.05942233465178176771 -0.009203887090322127387 167.5850164226284278 -0.05915073663479968047 0.9978728246225481158 0.02740467542916624061 -7.345634948512887341 0.01081275860270212302 -0.02681066997202862651 0.9995820487719108138 0.8198067811450184816
0.9983157666572585187 0.05683674319477306086 -0.01162818414636080863 170.3869404390331397 -0.05648703918852002182 0.9979974136583479316 0.02846711673076261773 -7.56298147813409205 0.01322287590673307429 -0.02776232977002614233 0.9995270924784858124 0.8530234605610431675
0.9984260820247593538 0.0544942016218836478 -0.01325672366318304991 173.1047843795506651 -0.05406416514185115318 0.9980597907918625777 0.0308823582651684414 -7.728104724913807289 0.01491391230372334127 -0.03011703826901085748 0.999435110062529164 0.9006689126120970279
0.9985223942124836771 0.05253449150489641201 -0.01389803793674957225 175.8725997712990079 -0.05205163369803603168 0.9980963253729177032 0.03308100219830482913 -7.892106409933895783 0.01560947422352346008 -0.03230870593819467479 0.9993560385743733843 0.9457883290262798504
0.9986426406850990034 0.04997876539982423066 -0.01466285151672483932 178.5052942630154007 -0.04944750380927564332 0.9981773467714265546 0.03459665821126138574 -8.08599105151699149 0.01636522448742632266 -0.03382465670874579278 0.9992937866443539763 0.9797820659005400667
