1.000000e+00 0.000000e+00 0.000000e+00 0.000000e+00 0.000000e+00 1.000000e+00 0.000000e+00 0.000000e+00 0.000000e+00 0.000000e+00 1.000000e+00 0.000000e+00
9.999968e-01 8.827923e-04 2.387390e-03 1.423968e+00 -8.857771e-04 9.999988e-01 1.249489e-03 2.407955e-01 -2.386284e-03 -1.251600e-03 9.999964e-01 1.366537e+00
9.999866e-01 2.520268e-03 4.528890e-03 1.438009e+00 -2.525436e-03 9.999962e-01 1.135894e-03 2.653045e-01 -4.526010e-03 -1.147317e-03 9.999891e-01 1.400194e+00
9.999841e-01 2.758820e-03 4.925535e-03 1.456159e+00 -2.769710e-03 9.999937e-01 2.205644e-03 3.262375e-01 -4.919419e-03 -2.219251e-03 9.999854e-01 1.439874e+00
9.999776e-01 3.231371e-03 5.860737e-03 1.493203e+00 -3.252446e-03 9.999883e-01 3.589967e-03 4.164548e-01 -5.849068e-03 -3.608949e-03 9.999764e-01 1.503034e+00
9.999696e-01 4.486577e-03 6.383643e-03 1.512801e+00 -4.517721e-03 9.999779e-01 4.872707e-03 4.879954e-01 -6.361641e-03 -4.901399e-03 9.999678e-01 1.546178e+00
9.999741e-01 5.375516e-03 4.785289e-03 1.645346e+00 -5.397684e-03 9.999747e-01 4.631695e-03 4.651775e-01 -4.760270e-03 -4.657405e-03 9.999778e-01 1.502253e+00
9.999545e-01 7.957549e-03 5.265272e-03 1.879797e+00 -7.980061e-03 9.999590e-01 4.268474e-03 5.435125e-01 -5.231090e-03 -4.310297e-03 9.999770e-01 1.510269e+00
9.999144e-01 1.085977e-02 7.303161e-03 2.028834e+00 -1.089921e-02 9.999261e-01 5.382937e-03 6.449997e-01 -7.244164e-03 -5.462075e-03 9.999588e-01 1.540001e+00
9.999252e-01 9.202339e-03 8.062570e-03 2.332816e+00 -9.230880e-03 9.999512e-01 3.509931e-03 6.475151e-01 -8.029877e-03 -3.584093e-03 9.999613e-01 1.545056e+00
9.999004e-01 1.100705e-02 8.833333e-03 2.722837e+00 -1.106087e-02 9.999204e-01 6.068182e-03 6.793767e-01 -8.765837e-03 -6.165282e-03 9.999426e-01 1.546318e+00
9.999149e-01 9.723641e-03 8.697101e-03 2.814190e+00 -9.788407e-03 9.999244e-01 7.435584e-03 6.414016e-01 -8.624143e-03 -7.520082e-03 9.999345e-01 1.524931e+00
9.999260e-01 9.220100e-03 7.936729e-03 2.942185e+00 -9.274320e-03 9.999337e-01 6.822086e-03 6.593982e-01 -7.873303e-03 -6.895189e-03 9.999452e-01 1.500658e+00
9.999534e-01 7.548618e-03 6.025329e-03 3.001895e+00 -7.577478e-03 9.999599e-01 4.781517e-03 5.900527e-01 -5.988994e-03 -4.826951e-03 9.999704e-01 1.460301e+00
9.999036e-01 1.133770e-02 8.010883e-03 3.247791e+00 -1.136199e-02 9.999310e-01 2.992084e-03 7.314420e-01 -7.976407e-03 -3.082816e-03 9.999634e-01 1.534359e+00
9.999142e-01 1.136765e-02 6.506663e-03 3.473479e+00 -1.137950e-02 9.999337e-01 1.787431e-03 7.382250e-01 -6.485912e-03 -1.861320e-03 9.999772e-01 1.489746e+00
9.998582e-01 1.505547e-02 7.548688e-03 3.524280e+00 -1.505974e-02 9.998865e-01 5.091041e-04 7.934627e-01 -7.540166e-03 -6.227132e-04 9.999714e-01 1.507599e+00
9.997860e-01 1.934298e-02 7.330555e-03 3.737124e+00 -1.933175e-02 9.998118e-01 -1.600898e-03 9.660770e-01 -7.360142e-03 1.458843e-03 9.999718e-01 1.480447e+00
9.997653e-01 2.013991e-02 7.984975e-03 4.010623e+00 -2.012743e-02 9.997961e-01 -1.639745e-03 1.045122e+00 -8.016371e-03 1.478643e-03 9.999668e-01 1.465596e+00
9.996896e-01 2.306694e-02 9.410099e-03 4.362132e+00 -2.304724e-02 9.997320e-01 -2.196051e-03 1.154712e+00 -9.458233e-03 1.978492e-03 9.999533e-01 1.461272e+00
9.996555e-01 2.474017e-02 8.767111e-03 4.722197e+00 -2.469204e-02 9.996797e-01 -5.557002e-03 1.254005e+00 -8.901784e-03 5.338610e-03 9.999461e-01 1.442268e+00
9.996941e-01 2.319342e-02 8.588302e-03 5.124147e+00 -2.311727e-02 9.996935e-01 -8.861616e-03 1.255395e+00 -8.791201e-03 8.660368e-03 9.999239e-01 1.428224e+00
9.997892e-01 1.969262e-02 5.806008e-03 5.580337e+00 -1.964110e-02 9.997684e-01 -8.800486e-03 1.122085e+00 -5.977968e-03 8.684595e-03 9.999444e-01 1.370432e+00
9.998165e-01 1.856277e-02 4.728542e-03 6.170042e+00 -1.851051e-02 9.997696e-01 -1.086703e-02 1.063143e+00 -4.929175e-03 1.077751e-02 9.999298e-01 1.387954e+00
9.998308e-01 1.836161e-02 1.088682e-03 6.786781e+00 -1.834977e-02 9.997813e-01 -1.003547e-02 1.008001e+00 -1.272711e-03 1.001379e-02 9.999491e-01 1.322819e+00
9.997825e-01 2.085255e-02 -3.235971e-04 7.192075e+00 -2.085332e-02 9.997792e-01 -2.598966e-03 1.049068e+00 2.693305e-04 2.605149e-03 9.999966e-01 1.281727e+00
9.997667e-01 2.151727e-02 -1.906831e-03 7.562036e+00 -2.151586e-02 9.997682e-01 7.591141e-04 7.960696e-01 1.922723e-03 -7.179099e-04 9.999979e-01 1.252129e+00
9.996573e-01 2.605655e-02 -2.501472e-03 8.049663e+00 -2.604602e-02 9.996521e-01 4.154011e-03 6.438375e-01 2.608841e-03 -4.087434e-03 9.999882e-01 1.248809e+00
9.991414e-01 4.108866e-02 -5.316370e-03 8.508624e+00 -4.105446e-02 9.991365e-01 6.390724e-03 7.317554e-01 5.574365e-03 -6.166976e-03 9.999654e-01 1.223163e+00
9.990250e-01 4.373727e-02 -6.002022e-03 8.988474e+00 -4.369820e-02 9.990237e-01 6.493159e-03 6.738109e-01 6.280155e-03 -6.224550e-03 9.999609e-01 1.207816e+00
9.992098e-01 3.936416e-02 -5.505589e-03 9.370818e+00 -3.931810e-02 9.991928e-01 8.238576e-03 6.140183e-01 5.825450e-03 -8.015597e-03 9.999509e-01 1.248535e+00
9.994519e-01 3.252067e-02 -6.181278e-03 9.838770e+00 -3.244770e-02 9.994066e-01 1.155964e-02 5.832990e-01 6.553537e-03 -1.135273e-02 9.999141e-01 1.247290e+00
9.996732e-01 2.550346e-02 -1.769855e-03 1.028479e+01 -2.547418e-02 9.995636e-01 1.495877e-02 5.550418e-01 2.150583e-03 -1.490879e-02 9.998865e-01 1.334577e+00
9.998418e-01 1.772214e-02 1.510008e-03 1.079595e+01 -1.773944e-02 9.997664e-01 1.234402e-02 3.872656e-01 -1.290893e-03 -1.236885e-02 9.999227e-01 1.412798e+00
9.999614e-01 8.783886e-03 3.278982e-04 1.141554e+01 -8.787473e-03 9.998727e-01 1.331574e-02 6.245715e-02 -2.108926e-04 -1.331811e-02 9.999113e-01 1.401949e+00
9.999724e-01 7.423243e-03 -1.899755e-04 1.181496e+01 -7.418972e-03 9.998297e-01 1.689908e-02 -6.008990e-02 3.153892e-04 -1.689721e-02 9.998572e-01 1.406618e+00
9.999462e-01 1.030996e-02 -1.141976e-03 1.228975e+01 -1.028449e-02 9.997385e-01 2.042686e-02 -9.576889e-02 1.352278e-03 -2.041401e-02 9.997907e-01 1.351754e+00
9.999279e-01 1.195507e-02 1.130408e-03 1.278582e+01 -1.197823e-02 9.996548e-01 2.338227e-02 -1.287319e-01 -8.504810e-04 -2.339412e-02 9.997260e-01 1.385514e+00
9.998677e-01 1.591785e-02 3.346328e-03 1.321537e+01 -1.599410e-02 9.995804e-01 2.415061e-02 -6.866814e-02 -2.960498e-03 -2.420094e-02 9.997027e-01 1.409390e+00
9.997488e-01 2.174118e-02 5.437827e-03 1.367752e+01 -2.186443e-02 9.994791e-01 2.373760e-02 -1.030633e-01 -4.918911e-03 -2.385054e-02 9.997034e-01 1.435020e+00
9.993677e-01 3.506356e-02 5.890224e-03 1.415546e+01 -3.518994e-02 9.991175e-01 2.293109e-02 -1.983699e-01 -5.080980e-03 -2.312387e-02 9.997197e-01 1.417110e+00
9.989261e-01 4.623932e-02 2.911507e-03 1.465556e+01 -4.629049e-02 9.987062e-01 2.105244e-02 -1.290072e-01 -1.934289e-03 -2.116461e-02 9.997741e-01 1.321414e+00
9.986611e-01 5.171567e-02 1.201226e-03 1.532657e+01 -5.172931e-02 9.984659e-01 1.974586e-02 -6.905185e-02 -1.782130e-04 -1.978156e-02 9.998043e-01 1.274625e+00
9.987123e-01 5.073294e-02 -1.004430e-04 1.586395e+01 -5.071993e-02 9.984973e-01 2.075240e-02 2.824105e-02 1.153122e-03 -2.072058e-02 9.997846e-01 1.269912e+00
9.988854e-01 4.702826e-02 -4.028807e-03 1.652240e+01 -4.692978e-02 9.986605e-01 2.179074e-02 -3.171691e-03 5.048191e-03 -2.157738e-02 9.997544e-01 1.177664e+00
9.992563e-01 3.774995e-02 -7.858485e-03 1.719725e+01 -3.752235e-02 9.989219e-01 2.733352e-02 8.411765e-02 8.881852e-03 -2.701832e-02 9.995955e-01 1.147091e+00
9.996980e-01 2.359699e-02 -6.858648e-03 1.802078e+01 -2.338601e-02 9.992951e-01 2.936680e-02 -2.557466e-01 7.546781e-03 -2.919753e-02 9.995452e-01 1.130201e+00
9.999179e-01 1.243730e-02 -3.097489e-03 1.890298e+01 -1.233899e-02 9.994750e-01 2.995784e-02 -3.025136e-01 3.468458e-03 -2.991716e-02 9.995464e-01 1.170209e+00
9.999625e-01 8.387677e-03 -2.140125e-03 1.972155e+01 -8.321991e-03 9.995434e-01 2.904858e-02 -3.680449e-01 2.382798e-03 -2.902968e-02 9.995757e-01 1.208300e+00
9.999326e-01 1.029429e-02 -5.376119e-03 2.061181e+01 -1.013353e-02 9.995246e-01 2.911976e-02 -5.375210e-01 5.673330e-03 -2.906332e-02 9.995615e-01 1.180888e+00
9.998574e-01 1.509292e-02 -7.570429e-03 2.163534e+01 -1.485968e-02 9.994402e-01 2.997327e-02 -5.607332e-01 8.018575e-03 -2.985651e-02 9.995220e-01 1.162352e+00
9.998643e-01 1.397823e-02 -8.720973e-03 2.259688e+01 -1.369437e-02 9.994004e-01 3.180190e-02 -6.378078e-01 9.160278e-03 -3.167816e-02 9.994561e-01 1.177068e+00
9.999380e-01 6.846679e-03 -8.782238e-03 2.360359e+01 -6.543541e-03 9.993972e-01 3.409346e-02 -5.918944e-01 9.010372e-03 -3.403388e-02 9.993801e-01 1.189177e+00
9.999741e-01 1.899972e-03 -6.941908e-03 2.461920e+01 -1.657170e-03 9.993924e-01 3.481605e-02 -4.243959e-01 7.003839e-03 -3.480365e-02 9.993696e-01 1.218481e+00
9.999716e-01 2.052514e-03 -7.248560e-03 2.549862e+01 -1.806366e-03 9.994269e-01 3.380298e-02 -2.844950e-01 7.313787e-03 -3.378893e-02 9.994022e-01 1.155790e+00
9.999750e-01 5.268912e-03 -4.709268e-03 2.652254e+01 -5.113286e-03 9.994596e-01 3.246945e-02 -2.579751e-01 4.877802e-03 -3.244456e-02 9.994616e-01 1.159731e+00
9.999693e-01 6.650027e-03 -4.151099e-03 2.751249e+01 -6.512425e-03 9.994562e-01 3.232531e-02 -2.305976e-01 4.363806e-03 -3.229729e-02 9.994688e-01 1.144511e+00
9.999212e-01 1.241471e-02 -1.864835e-03 2.829607e+01 -1.234556e-02 9.993663e-01 3.338657e-02 -4.411538e-02 2.278138e-03 -3.336091e-02 9.994408e-01 1.195105e+00
9.998954e-01 1.436460e-02 -1.668672e-03 2.942513e+01 -1.429462e-02 9.992392e-01 3.628687e-02 -4.952187e-02 2.188648e-03 -3.625922e-02 9.993400e-01 1.222215e+00
9.998131e-01 1.917528e-02 -2.444945e-03 3.029596e+01 -1.906833e-02 9.990927e-01 3.808219e-02 1.016724e-01 3.172963e-03 -3.802845e-02 9.992716e-01 1.223961e+00
9.997564e-01 2.190295e-02 -2.734384e-03 3.140285e+01 -2.178510e-02 9.990590e-01 3.750323e-02 2.707183e-01 3.553242e-03 -3.743453e-02 9.992928e-01 1.215691e+00
9.995569e-01 2.950363e-02 -3.945652e-03 3.238566e+01 -2.934289e-02 9.989218e-01 3.597411e-02 4.703666e-01 5.002765e-03 -3.584240e-02 9.993449e-01 1.212667e+00
9.993860e-01 3.487816e-02 -3.322778e-03 3.334912e+01 -3.474606e-02 9.988235e-01 3.382757e-02 6.232269e-01 4.498712e-03 -3.369135e-02 9.994222e-01 1.242574e+00
9.989551e-01 4.556919e-02 -3.474119e-03 3.430047e+01 -4.541970e-02 9.983521e-01 3.507369e-02 8.811966e-01 5.066674e-03 -3.487925e-02 9.993787e-01 1.258439e+00
9.984597e-01 5.531561e-02 -4.290084e-03 3.522324e+01 -5.512323e-02 9.978141e-01 3.644917e-02 1.311144e+00 6.296914e-03 -3.615654e-02 9.993263e-01 1.253682e+00
9.981666e-01 6.042908e-02 -3.420201e-03 3.625070e+01 -6.026691e-02 9.975300e-01 3.608053e-02 1.621141e+00 5.592066e-03 -3.580826e-02 9.993430e-01 1.222985e+00
9.982103e-01 5.977617e-02 1.754747e-03 3.716665e+01 -5.979904e-02 9.974442e-01 3.910326e-02 1.848254e+00 5.871804e-04 -3.913821e-02 9.992336e-01 1.271886e+00
9.981837e-01 5.999793e-02 5.435394e-03 3.803022e+01 -6.017069e-02 9.973475e-01 4.095756e-02 2.010700e+00 -2.963607e-03 -4.121022e-02 9.991461e-01 1.313036e+00
9.981912e-01 5.974355e-02 6.707198e-03 3.895793e+01 -5.997695e-02 9.972793e-01 4.285854e-02 2.063010e+00 -4.128428e-03 -4.318330e-02 9.990586e-01 1.330610e+00
9.981287e-01 6.085734e-02 5.953240e-03 3.985860e+01 -6.105683e-02 9.972182e-01 4.275461e-02 2.102209e+00 -3.334747e-03 -4.303809e-02 9.990679e-01 1.285953e+00
9.976655e-01 6.802877e-02 5.964197e-03 4.078664e+01 -6.822170e-02 9.967603e-01 4.259840e-02 2.159690e+00 -3.046958e-03 -4.290585e-02 9.990745e-01 1.256177e+00
9.974838e-01 7.063441e-02 6.062114e-03 4.180857e+01 -7.082356e-02 9.966548e-01 4.078186e-02 2.252654e+00 -3.161232e-03 -4.110859e-02 9.991497e-01 1.253456e+00
9.974665e-01 7.105658e-02 3.412144e-03 4.270372e+01 -7.113662e-02 9.966371e-01 4.067124e-02 2.270805e+00 -5.107100e-04 -4.081092e-02 9.991668e-01 1.209718e+00
9.975466e-01 7.000586e-02 1.696486e-04 4.353015e+01 -6.995529e-02 9.967278e-01 4.049559e-02 2.164318e+00 2.665835e-03 -4.040811e-02 9.991797e-01 1.177842e+00
9.978128e-01 6.610227e-02 4.107308e-04 4.448314e+01 -6.605589e-02 9.968383e-01 4.415876e-02 2.149120e+00 2.509562e-03 -4.408930e-02 9.990244e-01 1.195127e+00
9.976310e-01 6.879175e-02 5.468594e-05 4.520852e+01 -6.872647e-02 9.966491e-01 4.435257e-02 2.240729e+00 2.996588e-03 -4.425126e-02 9.990159e-01 1.182554e+00
9.972414e-01 7.420924e-02 1.613152e-03 4.600358e+01 -7.420916e-02 9.962958e-01 4.344697e-02 2.377394e+00 1.616991e-03 -4.344683e-02 9.990544e-01 1.196515e+00
9.973961e-01 7.195355e-02 4.864607e-03 4.700259e+01 -7.209360e-02 9.965379e-01 4.140944e-02 2.244865e+00 -1.868209e-03 -4.165232e-02 9.991304e-01 1.284764e+00
9.975647e-01 6.948631e-02 6.030268e-03 4.807705e+01 -6.967311e-02 9.967612e-01 4.015845e-02 2.177200e+00 -3.220274e-03 -4.048080e-02 9.991751e-01 1.315655e+00
9.973538e-01 7.239951e-02 6.618725e-03 4.894853e+01 -7.261074e-02 9.965188e-01 4.096178e-02 2.182393e+00 -3.630072e-03 -4.133398e-02 9.991388e-01 1.385343e+00
9.975684e-01 6.959756e-02 3.680705e-03 4.982032e+01 -6.968990e-02 9.967334e-01 4.081504e-02 1.997094e+00 -8.280550e-04 -4.097230e-02 9.991599e-01 1.400517e+00
9.977363e-01 6.716462e-02 3.342089e-03 5.084828e+01 -6.724121e-02 9.970983e-01 3.568853e-02 1.927653e+00 -9.353845e-04 -3.583247e-02 9.993574e-01 1.456616e+00
9.977173e-01 6.752972e-02 6.153240e-05 5.174168e+01 -6.748781e-02 9.970651e-01 3.614792e-02 1.905692e+00 2.379707e-03 -3.606956e-02 9.993464e-01 1.446698e+00
9.979513e-01 6.396499e-02 -1.290487e-03 5.280956e+01 -6.389038e-02 9.974371e-01 3.220739e-02 1.765493e+00 3.347325e-03 -3.205895e-02 9.994804e-01 1.481757e+00
9.980529e-01 6.224474e-02 4.005995e-03 5.380824e+01 -6.232486e-02 9.977517e-01 2.463983e-02 1.723582e+00 -2.463289e-03 -2.484152e-02 9.996884e-01 1.543425e+00
9.981797e-01 5.965492e-02 8.859009e-03 5.482081e+01 -5.985303e-02 9.979163e-01 2.409522e-02 1.729796e+00 -7.403152e-03 -2.458159e-02 9.996704e-01 1.566897e+00
9.981095e-01 6.050280e-02 1.081027e-02 5.587998e+01 -6.080283e-02 9.976989e-01 2.999926e-02 1.687603e+00 -8.970358e-03 -3.059984e-02 9.994915e-01 1.634729e+00
9.976968e-01 6.698238e-02 1.069605e-02 5.684422e+01 -6.725797e-02 9.973452e-01 2.790825e-02 1.850854e+00 -8.798296e-03 -2.856337e-02 9.995533e-01 1.658497e+00
9.975779e-01 6.884623e-02 9.928950e-03 5.801704e+01 -6.909891e-02 9.972206e-01 2.786459e-02 1.801768e+00 -7.982981e-03 -2.848318e-02 9.995624e-01 1.707640e+00
9.974255e-01 7.068437e-02 1.208988e-02 5.913734e+01 -7.106831e-02 9.968573e-01 3.499684e-02 1.882871e+00 -9.578151e-03 -3.576594e-02 9.993143e-01 1.717633e+00
9.970968e-01 7.440944e-02 1.616322e-02 6.021664e+01 -7.498752e-02 9.964325e-01 3.871919e-02 2.045709e+00 -1.322448e-02 -3.981882e-02 9.991194e-01 1.703406e+00
9.969474e-01 7.579526e-02 1.873281e-02 6.131018e+01 -7.643717e-02 9.964124e-01 3.632687e-02 2.150737e+00 -1.591220e-02 -3.764786e-02 9.991644e-01 1.672656e+00
9.967221e-01 7.881443e-02 1.825986e-02 6.251830e+01 -7.945280e-02 9.961380e-01 3.736648e-02 2.237793e+00 -1.524433e-02 -3.869479e-02 9.991348e-01 1.668884e+00
9.964899e-01 8.187931e-02 1.742352e-02 6.376883e+01 -8.252380e-02 9.957777e-01 4.020706e-02 2.200903e+00 -1.405783e-02 -4.150379e-02 9.990394e-01 1.685838e+00
9.960145e-01 8.743773e-02 1.760131e-02 6.490415e+01 -8.805757e-02 9.953820e-01 3.821722e-02 2.304622e+00 -1.417840e-02 -3.961483e-02 9.991144e-01 1.694837e+00
9.958984e-01 8.880683e-02 1.731192e-02 6.616002e+01 -8.936957e-02 9.953828e-01 3.501785e-02 2.261601e+00 -1.412216e-02 -3.642138e-02 9.992367e-01 1.664194e+00
9.960353e-01 8.734757e-02 1.685603e-02 6.738541e+01 -8.782837e-02 9.956754e-01 3.027542e-02 2.132720e+00 -1.413865e-02 -3.163582e-02 9.993995e-01 1.581767e+00
9.959264e-01 8.841006e-02 1.772917e-02 6.879917e+01 -8.886399e-02 9.956859e-01 2.669854e-02 2.052956e+00 -1.529227e-02 -2.816526e-02 9.994863e-01 1.560955e+00
9.956423e-01 9.156969e-02 1.764404e-02 7.021627e+01 -9.198639e-02 9.954597e-01 2.446206e-02 2.111377e+00 -1.532395e-02 -2.597847e-02 9.995450e-01 1.545317e+00
9.952240e-01 9.624785e-02 1.629593e-02 7.168736e+01 -9.666519e-02 9.949474e-01 2.712175e-02 2.171802e+00 -1.360318e-02 -2.856746e-02 9.994993e-01 1.462871e+00
9.948927e-01 9.952167e-02 1.685335e-02 7.317485e+01 -9.993449e-02 9.946611e-01 2.573654e-02 2.123174e+00 -1.420203e-02 -2.728932e-02 9.995267e-01 1.422146e+00
9.947282e-01 1.011033e-01 1.714432e-02 7.453989e+01 -1.014932e-01 9.945553e-01 2.364266e-02 2.071089e+00 -1.466062e-02 -2.525805e-02 9.995735e-01 1.411854e+00
9.949822e-01 9.890819e-02 1.508661e-02 7.595751e+01 -9.924172e-02 9.947918e-01 2.324483e-02 1.935792e+00 -1.270893e-02 -2.462542e-02 9.996160e-01 1.355355e+00
9.950674e-01 9.812402e-02 1.457711e-02 7.760379e+01 -9.841970e-02 9.949196e-01 2.117927e-02 1.837076e+00 -1.242486e-02 -2.250948e-02 9.996694e-01 1.320635e+00
9.951675e-01 9.728206e-02 1.333293e-02 7.912478e+01 -9.757226e-02 9.949583e-01 2.318759e-02 1.631907e+00 -1.100997e-02 -2.437646e-02 9.996422e-01 1.246521e+00
9.948406e-01 1.005124e-01 1.376364e-02 8.087283e+01 -1.008181e-01 9.946230e-01 2.368271e-02 1.541745e+00 -1.130922e-02 -2.494814e-02 9.996248e-01 1.221703e+00
9.944701e-01 1.040785e-01 1.403165e-02 8.255973e+01 -1.043677e-01 9.943009e-01 2.175293e-02 1.431897e+00 -1.168767e-02 -2.309709e-02 9.996649e-01 1.226903e+00
9.942769e-01 1.060367e-01 1.302856e-02 8.415100e+01 -1.062763e-01 9.941489e-01 1.932139e-02 1.214792e+00 -1.090355e-02 -2.059544e-02 9.997284e-01 1.215626e+00
9.944216e-01 1.048646e-01 1.136032e-02 8.581222e+01 -1.050834e-01 9.942464e-01 2.077465e-02 9.414790e-01 -9.116431e-03 -2.185254e-02 9.997196e-01 1.216482e+00
9.949820e-01 9.966832e-02 8.777742e-03 8.742133e+01 -9.983530e-02 9.947769e-01 2.125602e-02 6.532417e-01 -6.613344e-03 -2.202568e-02 9.997355e-01 1.158549e+00
9.951345e-01 9.824284e-02 7.457511e-03 8.920832e+01 -9.836876e-02 9.949689e-01 1.898413e-02 3.524732e-01 -5.554937e-03 -1.962535e-02 9.997920e-01 1.110289e+00
9.948890e-01 1.006953e-01 7.511668e-03 9.095871e+01 -1.008099e-01 9.947626e-01 1.687458e-02 7.575415e-02 -5.773137e-03 -1.754558e-02 9.998294e-01 1.140630e+00
9.947500e-01 1.020373e-01 7.804823e-03 9.258613e+01 -1.021454e-01 9.946563e-01 1.500558e-02 -1.575782e-01 -6.231988e-03 -1.572402e-02 9.998569e-01 1.154705e+00
9.951113e-01 9.840474e-02 8.366310e-03 9.424578e+01 -9.850843e-02 9.950507e-01 1.304561e-02 -5.109690e-01 -7.041153e-03 -1.380598e-02 9.998799e-01 1.122674e+00
9.951679e-01 9.770696e-02 9.706210e-03 9.596598e+01 -9.782184e-02 9.951296e-01 1.216322e-02 -8.434878e-01 -8.470506e-03 -1.305393e-02 9.998789e-01 1.114009e+00
9.953908e-01 9.548636e-02 8.917157e-03 9.789248e+01 -9.558360e-02 9.953584e-01 1.120127e-02 -1.176422e+00 -7.806198e-03 -1.200198e-02 9.998975e-01 1.086893e+00
9.956678e-01 9.261276e-02 8.280638e-03 9.978588e+01 -9.270303e-02 9.956299e-01 1.127787e-02 -1.585011e+00 -7.199977e-03 -1.199666e-02 9.999021e-01 1.070522e+00
9.956946e-01 9.220220e-02 9.544435e-03 1.018129e+02 -9.231725e-02 9.956523e-01 1.241099e-02 -1.878594e+00 -8.358618e-03 -1.323868e-02 9.998774e-01 1.079999e+00
9.960060e-01 8.852863e-02 1.160393e-02 1.037318e+02 -8.868447e-02 9.959658e-01 1.368299e-02 -2.224568e+00 -1.034578e-02 -1.465743e-02 9.998390e-01 1.059282e+00
9.960483e-01 8.801062e-02 1.190863e-02 1.057343e+02 -8.817734e-02 9.960024e-01 1.428407e-02 -2.415670e+00 -1.060387e-02 -1.527770e-02 9.998271e-01 1.051735e+00
9.961840e-01 8.684047e-02 8.733207e-03 1.079543e+02 -8.696389e-02 9.960998e-01 1.491468e-02 -2.648606e+00 -7.403948e-03 -1.561724e-02 9.998506e-01 1.039352e+00
9.963381e-01 8.526889e-02 6.288713e-03 1.101144e+02 -8.536168e-02 9.962157e-01 1.636159e-02 -2.868975e+00 -4.869780e-03 -1.683849e-02 9.998464e-01 1.049510e+00
9.963566e-01 8.515779e-02 4.656978e-03 1.124090e+02 -8.522255e-02 9.962310e-01 1.615197e-02 -3.025779e+00 -3.263960e-03 -1.649000e-02 9.998587e-01 1.036308e+00
9.962325e-01 8.658160e-02 4.934716e-03 1.148282e+02 -8.664904e-02 9.961158e-01 1.566372e-02 -3.131370e+00 -3.559358e-03 -1.603230e-02 9.998651e-01 1.015995e+00
9.965058e-01 8.323036e-02 6.993385e-03 1.172973e+02 -8.332655e-02 9.964121e-01 1.482055e-02 -3.357238e+00 -5.734774e-03 -1.535150e-02 9.998657e-01 9.999107e-01
9.967355e-01 8.040491e-02 7.300293e-03 1.195529e+02 -8.049963e-02 9.966595e-01 1.376950e-02 -3.488207e+00 -6.168771e-03 -1.431222e-02 9.998785e-01 9.584276e-01
9.967119e-01 8.079929e-02 6.074183e-03 1.220845e+02 -8.088142e-02 9.966142e-01 1.477646e-02 -3.797822e+00 -4.859689e-03 -1.521916e-02 9.998724e-01 9.193511e-01
9.965900e-01 8.228652e-02 6.106733e-03 1.248611e+02 -8.237570e-02 9.964702e-01 1.616878e-02 -3.947458e+00 -4.754705e-03 -1.661670e-02 9.998506e-01 8.991990e-01
9.965149e-01 8.317611e-02 6.303149e-03 1.280327e+02 -8.326762e-02 9.963988e-01 1.599971e-02 -4.159447e+00 -4.949657e-03 -1.646879e-02 9.998521e-01 8.755140e-01
9.966913e-01 8.112644e-02 5.001595e-03 1.311683e+02 -8.119459e-02 9.965794e-01 1.539550e-02 -4.384102e+00 -3.735504e-03 -1.575066e-02 9.998690e-01 8.571829e-01
9.969414e-01 7.806839e-02 3.616101e-03 1.342984e+02 -7.811253e-02 9.968416e-01 1.432531e-02 -4.639595e+00 -2.486327e-03 -1.456396e-02 9.998908e-01 8.334697e-01
9.971507e-01 7.536225e-02 3.331641e-03 1.371324e+02 -7.540305e-02 9.970469e-01 1.455717e-02 -5.008962e+00 -2.224741e-03 -1.476691e-02 9.998885e-01 8.133967e-01
9.971697e-01 7.513266e-02 2.755916e-03 1.397644e+02 -7.516460e-02 9.970683e-01 1.432308e-02 -5.224369e+00 -1.671705e-03 -1.448969e-02 9.998936e-01 8.009839e-01
9.973060e-01 7.335353e-02 2.267993e-04 1.425704e+02 -7.334951e-02 9.972081e-01 1.399824e-02 -5.464045e+00 8.006542e-04 -1.397716e-02 9.999020e-01 7.892371e-01
9.973269e-01 7.305256e-02 -1.558630e-03 1.452992e+02 -7.302391e-02 9.972329e-01 1.392706e-02 -5.706061e+00 2.571725e-03 -1.377602e-02 9.999018e-01 8.012707e-01
9.974707e-01 7.105059e-02 -2.023725e-03 1.480474e+02 -7.101723e-02 9.973847e-01 1.342494e-02 -5.950092e+00 2.972283e-03 -1.324727e-02 9.999078e-01 7.971006e-01
9.976380e-01 6.867957e-02 -1.222817e-03 1.508677e+02 -6.865454e-02 9.975339e-01 1.458078e-02 -6.240051e+00 2.221204e-03 -1.446239e-02 9.998929e-01 7.906556e-01
9.976443e-01 6.859349e-02 -9.181765e-04 1.536585e+02 -6.856631e-02 9.974874e-01 1.781824e-02 -6.412259e+00 2.138085e-03 -1.771331e-02 9.998408e-01 7.871633e-01
9.977203e-01 6.743620e-02 -2.548413e-03 1.565480e+02 -6.736630e-02 9.974974e-01 2.146567e-02 -6.629708e+00 3.989598e-03 -2.124505e-02 9.997663e-01 7.715139e-01
9.977657e-01 6.671253e-02 -3.598623e-03 1.593189e+02 -6.660831e-02 9.974939e-01 2.385852e-02 -6.817134e+00 5.181267e-03 -2.356551e-02 9.997089e-01 7.752346e-01
9.978819e-01 6.495741e-02 -3.503367e-03 1.620571e+02 -6.484720e-02 9.975676e-01 2.556645e-02 -6.999820e+00 5.155575e-03 -2.528511e-02 9.996670e-01 8.039444e-01
9.980529e-01 6.208940e-02 -5.943707e-03 1.648494e+02 -6.190959e-02 9.977233e-01 2.674852e-02 -7.197028e+00 7.590975e-03 -2.632847e-02 9.996245e-01 8.138613e-01
9.981905e-01 5.942233e-02 -9.203887e-03 1.675841e+02 -5.915074e-02 9.978728e-01 2.740468e-02 -7.392595e+00 1.081276e-02 -2.681067e-02 9.995820e-01 8.281537e-01
9.983158e-01 5.683674e-02 -1.162818e-02 1.703823e+02 -5.648704e-02 9.979974e-01 2.846712e-02 -7.604674e+00 1.322288e-02 -2.776233e-02 9.995271e-01 8.644891e-01
9.984261e-01 5.449420e-02 -1.325672e-02 1.730975e+02 -5.406417e-02 9.980598e-01 3.088236e-02 -7.763033e+00 1.491391e-02 -3.011704e-02 9.994351e-01 9.138447e-01
9.985224e-01 5.253449e-02 -1.389804e-02 1.758641e+02 -5.205163e-02 9.980963e-01 3.308100e-02 -7.921156e+00 1.560947e-02 -3.230871e-02 9.993560e-01 9.593175e-01
9.986426e-01 4.997877e-02 -1.466285e-02 1.784953e+02 -4.944750e-02 9.981773e-01 3.459666e-02 -8.109247e+00 1.636522e-02 -3.382466e-02 9.992938e-01 9.939353e-01
9.986909e-01 4.854918e-02 -1.610839e-02 1.813578e+02 -4.795876e-02 9.982285e-01 3.521136e-02 -8.268925e+00 1.778933e-02 -3.439272e-02 9.992501e-01 1.038352e+00
9.987261e-01 4.688534e-02 -1.865447e-02 1.840124e+02 -4.621090e-02 9.983157e-01 3.507649e-02 -8.417411e+00 2.026762e-02 -3.416977e-02 9.992105e-01 1.083160e+00
9.987852e-01 4.511469e-02 -1.981946e-02 1.867380e+02 -4.442484e-02 9.984351e-01 3.396751e-02 -8.555294e+00 2.132088e-02 -3.304577e-02 9.992264e-01 1.140711e+00
9.988309e-01 4.394135e-02 -2.014682e-02 1.895501e+02 -4.325360e-02 9.985061e-01 3.338852e-02 -8.675896e+00 2.158386e-02 -3.247807e-02 9.992394e-01 1.219597e+00
9.988720e-01 4.221265e-02 -2.174510e-02 1.923198e+02 -4.152029e-02 9.986453e-01 3.136384e-02 -8.824006e+00 2.303960e-02 -3.042560e-02 9.992715e-01 1.264428e+00
9.988378e-01 4.181607e-02 -2.396724e-02 1.950959e+02 -4.105490e-02 9.986629e-01 3.141663e-02 -8.986811e+00 2.524891e-02 -3.039615e-02 9.992190e-01 1.322036e+00
9.989160e-01 3.969351e-02 -2.431730e-02 1.978601e+02 -3.889937e-02 9.987208e-01 3.230368e-02 -9.129123e+00 2.556844e-02 -3.132273e-02 9.991822e-01 1.381783e+00
9.990656e-01 3.652311e-02 -2.310624e-02 2.005878e+02 -3.588972e-02 9.989840e-01 2.725745e-02 -9.245301e+00 2.407829e-02 -2.640270e-02 9.993614e-01 1.433742e+00
9.992604e-01 3.292196e-02 -1.986824e-02 2.032997e+02 -3.242047e-02 9.991602e-01 2.505603e-02 -9.420655e+00 2.067645e-02 -2.439336e-02 9.994886e-01 1.481034e+00
9.993552e-01 3.305209e-02 -1.402626e-02 2.060863e+02 -3.264574e-02 9.990670e-01 2.827308e-02 -9.529862e+00 1.494766e-02 -2.779695e-02 9.995018e-01 1.549168e+00
9.993666e-01 3.280530e-02 -1.379205e-02 2.088201e+02 -3.235128e-02 9.989659e-01 3.194545e-02 -9.642690e+00 1.482577e-02 -3.147902e-02 9.993945e-01 1.583942e+00
9.993368e-01 3.251272e-02 -1.639606e-02 2.116123e+02 -3.198406e-02 9.989908e-01 3.153542e-02 -9.764817e+00 1.740481e-02 -3.099009e-02 9.993681e-01 1.609614e+00
9.993526e-01 3.141895e-02 -1.753009e-02 2.143262e+02 -3.092439e-02 9.991349e-01 2.780407e-02 -9.919093e+00 1.838850e-02 -2.724396e-02 9.994597e-01 1.644602e+00
9.993710e-01 3.117663e-02 -1.690165e-02 2.170710e+02 -3.076349e-02 9.992343e-01 2.417630e-02 -1.002465e+01 1.764244e-02 -2.364114e-02 9.995648e-01 1.691327e+00
9.993587e-01 3.183864e-02 -1.638501e-02 2.198746e+02 -3.146748e-02 9.992530e-01 2.243262e-02 -1.010478e+01 1.708700e-02 -2.190264e-02 9.996141e-01 1.719764e+00
9.993611e-01 3.229508e-02 -1.530797e-02 2.225943e+02 -3.192693e-02 9.992089e-01 2.371285e-02 -1.020732e+01 1.606167e-02 -2.320896e-02 9.996016e-01 1.764203e+00
9.993345e-01 3.291214e-02 -1.572484e-02 2.253217e+02 -3.250925e-02 9.991531e-01 2.522443e-02 -1.027444e+01 1.654171e-02 -2.469644e-02 9.995581e-01 1.784543e+00
9.992609e-01 3.446170e-02 -1.703315e-02 2.280289e+02 -3.400021e-02 9.990657e-01 2.667854e-02 -1.032214e+01 1.793663e-02 -2.607969e-02 9.994989e-01 1.825420e+00
9.991982e-01 3.505622e-02 -1.933882e-02 2.307732e+02 -3.449092e-02 9.989891e-01 2.882860e-02 -1.040449e+01 2.032989e-02 -2.813847e-02 9.993973e-01 1.875056e+00
9.991836e-01 3.405065e-02 -2.174305e-02 2.335000e+02 -3.337274e-02 9.989678e-01 3.081490e-02 -1.051007e+01 2.276987e-02 -3.006412e-02 9.992886e-01 1.902864e+00
9.991829e-01 3.325243e-02 -2.297608e-02 2.362443e+02 -3.249063e-02 9.989347e-01 3.277025e-02 -1.059989e+01 2.404129e-02 -3.199696e-02 9.991988e-01 1.936039e+00
9.991857e-01 3.329299e-02 -2.279121e-02 2.389475e+02 -3.247292e-02 9.988436e-01 3.545299e-02 -1.071779e+01 2.394519e-02 -3.468402e-02 9.991114e-01 1.991107e+00
9.992631e-01 3.113588e-02 -2.244697e-02 2.416803e+02 -3.030952e-02 9.988827e-01 3.625903e-02 -1.082407e+01 2.355085e-02 -3.555195e-02 9.990903e-01 2.041878e+00
9.992778e-01 3.044080e-02 -2.274313e-02 2.443874e+02 -2.958183e-02 9.988701e-01 3.719538e-02 -1.092593e+01 2.384969e-02 -3.649573e-02 9.990492e-01 2.111785e+00
9.992955e-01 2.957409e-02 -2.310516e-02 2.470960e+02 -2.866805e-02 9.988431e-01 3.860735e-02 -1.105908e+01 2.422021e-02 -3.791777e-02 9.989873e-01 2.187312e+00
9.993370e-01 2.762084e-02 -2.372173e-02 2.498445e+02 -2.662368e-02 9.987891e-01 4.136981e-02 -1.116632e+01 2.483567e-02 -4.071082e-02 9.988623e-01 2.246288e+00
9.993605e-01 2.699070e-02 -2.345361e-02 2.526105e+02 -2.599354e-02 9.987866e-01 4.182873e-02 -1.124180e+01 2.455414e-02 -4.119234e-02 9.988495e-01 2.291960e+00
9.993767e-01 2.679177e-02 -2.298610e-02 2.552662e+02 -2.577932e-02 9.987309e-01 4.326570e-02 -1.129924e+01 2.411610e-02 -4.264616e-02 9.987991e-01 2.345393e+00
9.993827e-01 2.602002e-02 -2.360647e-02 2.579743e+02 -2.493647e-02 9.986717e-01 4.508871e-02 -1.137444e+01 2.474833e-02 -4.447221e-02 9.987040e-01 2.416001e+00
9.993389e-01 2.600471e-02 -2.540897e-02 2.606636e+02 -2.478776e-02 9.985831e-01 4.708933e-02 -1.144952e+01 2.659751e-02 -4.642836e-02 9.985675e-01 2.474969e+00
9.993599e-01 2.560123e-02 -2.498884e-02 2.633688e+02 -2.431115e-02 9.984214e-01 5.063210e-02 -1.154484e+01 2.624564e-02 -4.999218e-02 9.984047e-01 2.540079e+00
9.994131e-01 2.566352e-02 -2.268909e-02 2.659811e+02 -2.444344e-02 9.983213e-01 5.250749e-02 -1.163035e+01 2.399853e-02 -5.192208e-02 9.983627e-01 2.601727e+00
9.994825e-01 2.434064e-02 -2.102899e-02 2.686637e+02 -2.322464e-02 9.983886e-01 5.177603e-02 -1.170381e+01 2.225537e-02 -5.126084e-02 9.984373e-01 2.644686e+00
9.995746e-01 2.243974e-02 -1.863139e-02 2.713133e+02 -2.151469e-02 9.985940e-01 4.844830e-02 -1.181041e+01 1.969236e-02 -4.802684e-02 9.986519e-01 2.700291e+00
9.995924e-01 2.004545e-02 -2.032738e-02 2.739828e+02 -1.913151e-02 9.988395e-01 4.420006e-02 -1.187683e+01 2.118980e-02 -4.379315e-02 9.988159e-01 2.738979e+00
9.995788e-01 1.937416e-02 -2.160718e-02 2.766430e+02 -1.845966e-02 9.989576e-01 4.174897e-02 -1.194112e+01 2.239351e-02 -4.133253e-02 9.988945e-01 2.786045e+00
9.995931e-01 1.830782e-02 -2.187376e-02 2.793042e+02 -1.738381e-02 9.989785e-01 4.171112e-02 -1.201655e+01 2.261506e-02 -4.131390e-02 9.988902e-01 2.836179e+00
9.996690e-01 1.644394e-02 -1.978552e-02 2.819534e+02 -1.564180e-02 9.990758e-01 4.003532e-02 -1.208441e+01 2.042558e-02 -3.971259e-02 9.990024e-01 2.897394e+00
9.997256e-01 1.447059e-02 -1.842213e-02 2.846220e+02 -1.377374e-02 9.992052e-01 3.740743e-02 -1.214015e+01 1.894880e-02 -3.714343e-02 9.991303e-01 2.921705e+00
9.997425e-01 1.180898e-02 -1.937835e-02 2.872908e+02 -1.113358e-02 9.993393e-01 3.459832e-02 -1.218686e+01 1.977411e-02 -3.437366e-02 9.992134e-01 2.953565e+00
9.997465e-01 1.003685e-02 -2.015457e-02 2.898921e+02 -9.358003e-03 9.993950e-01 3.349838e-02 -1.223666e+01 2.047859e-02 -3.330128e-02 9.992355e-01 2.988274e+00
9.997913e-01 7.732797e-03 -1.890966e-02 2.925469e+02 -7.084660e-03 9.993931e-01 3.410548e-02 -1.229721e+01 1.916191e-02 -3.396439e-02 9.992393e-01 3.039321e+00
9.998345e-01 5.620004e-03 -1.730290e-02 2.951894e+02 -5.028733e-03 9.994082e-01 3.402769e-02 -1.235648e+01 1.748389e-02 -3.393504e-02 9.992711e-01 3.082091e+00
9.998330e-01 3.965981e-03 -1.784050e-02 2.978690e+02 -3.362748e-03 9.994258e-01 3.371636e-02 -1.236912e+01 1.796397e-02 -3.365073e-02 9.992722e-01 3.136210e+00
9.998118e-01 3.013640e-03 -1.916458e-02 3.004752e+02 -2.351422e-03 9.994025e-01 3.448337e-02 -1.239850e+01 1.925705e-02 -3.443181e-02 9.992215e-01 3.202989e+00
9.998349e-01 2.435167e-03 -1.800683e-02 3.030176e+02 -1.816607e-03 9.994103e-01 3.428833e-02 -1.240655e+01 1.807971e-02 -3.424995e-02 9.992498e-01 3.228709e+00
9.998709e-01 1.813621e-03 -1.596773e-02 3.056995e+02 -1.260459e-03 9.994010e-01 3.458462e-02 -1.244337e+01 1.602089e-02 -3.456003e-02 9.992742e-01 3.263343e+00
9.999047e-01 8.377263e-04 -1.378046e-02 3.082834e+02 -3.426940e-04 9.993558e-01 3.588597e-02 -1.247381e+01 1.380165e-02 -3.587783e-02 9.992609e-01 3.286358e+00
9.999272e-01 -2.383233e-04 -1.206153e-02 3.110038e+02 6.864582e-04 9.993090e-01 3.716359e-02 -1.249538e+01 1.204433e-02 -3.716917e-02 9.992364e-01 3.307773e+00
9.998991e-01 -6.932202e-04 -1.419046e-02 3.135972e+02 1.229371e-03 9.992842e-01 3.780870e-02 -1.250483e+01 1.415409e-02 -3.782233e-02 9.991842e-01 3.352017e+00
9.998529e-01 -1.897947e-03 -1.704914e-02 3.161912e+02 2.512664e-03 9.993448e-01 3.610688e-02 -1.252205e+01 1.696944e-02 -3.614441e-02 9.992025e-01 3.375119e+00
9.998298e-01 -2.309091e-03 -1.830400e-02 3.188130e+02 2.956135e-03 9.993688e-01 3.540201e-02 -1.252343e+01 1.821070e-02 -3.545010e-02 9.992055e-01 3.400014e+00
9.998522e-01 -2.769831e-03 -1.697063e-02 3.214251e+02 3.362591e-03 9.993816e-01 3.500020e-02 -1.254287e+01 1.686319e-02 -3.505209e-02 9.992432e-01 3.440608e+00
9.998828e-01 -3.871782e-03 -1.481245e-02 3.240677e+02 4.372071e-03 9.994159e-01 3.389298e-02 -1.257253e+01 1.467257e-02 -3.395377e-02 9.993157e-01 3.459319e+00
9.998913e-01 -4.658807e-03 -1.399222e-02 3.266922e+02 5.142900e-03 9.993824e-01 3.476294e-02 -1.258653e+01 1.382162e-02 -3.483112e-02 9.992976e-01 3.492804e+00
9.998824e-01 -5.523386e-03 -1.430886e-02 3.293221e+02 6.046876e-03 9.993042e-01 3.680394e-02 -1.261475e+01 1.409563e-02 -3.688613e-02 9.992201e-01 3.515655e+00
9.998771e-01 -6.594100e-03 -1.422311e-02 3.319192e+02 7.151983e-03 9.991925e-01 3.953625e-02 -1.263860e+01 1.395092e-02 -3.963312e-02 9.991169e-01 3.525966e+00
9.998782e-01 -6.831643e-03 -1.403532e-02 3.345200e+02 7.401322e-03 9.991339e-01 4.094624e-02 -1.262997e+01 1.374344e-02 -4.104513e-02 9.990628e-01 3.534652e+00
9.999166e-01 -7.433427e-03 -1.056050e-02 3.371327e+02 7.834644e-03 9.992289e-01 3.847314e-02 -1.262516e+01 1.026637e-02 -3.855266e-02 9.992038e-01 3.544192e+00
9.999407e-01 -7.795864e-03 -7.602407e-03 3.397509e+02 8.048239e-03 9.993979e-01 3.375148e-02 -1.260420e+01 7.334707e-03 -3.381067e-02 9.994013e-01 3.554098e+00
9.999423e-01 -9.033925e-03 -5.809984e-03 3.423586e+02 9.208674e-03 9.994835e-01 3.078901e-02 -1.261549e+01 5.528837e-03 -3.084074e-02 9.995090e-01 3.562233e+00
9.999620e-01 -8.628287e-03 -1.267283e-03 3.449574e+02 8.661485e-03 9.995399e-01 2.906863e-02 -1.258193e+01 1.015887e-03 -2.907850e-02 9.995766e-01 3.569659e+00
9.999571e-01 -9.259232e-03 -2.490056e-04 3.476036e+02 9.262577e-03 9.996139e-01 2.619531e-02 -1.258722e+01 6.361010e-06 -2.619649e-02 9.996568e-01 3.552738e+00
9.999565e-01 -9.198633e-03 -1.529163e-03 3.502235e+02 9.231797e-03 9.996855e-01 2.331751e-02 -1.256612e+01 1.314193e-03 -2.333062e-02 9.997269e-01 3.541448e+00
9.999571e-01 -9.222270e-03 -8.268790e-04 3.528509e+02 9.237722e-03 9.997328e-01 2.118759e-02 -1.256571e+01 6.312604e-04 -2.119432e-02 9.997752e-01 3.524770e+00
9.999536e-01 -9.442190e-03 -1.882715e-03 3.554985e+02 9.475463e-03 9.997835e-01 1.852549e-02 -1.257876e+01 1.707386e-03 -1.854247e-02 9.998266e-01 3.500874e+00
9.999364e-01 -1.119782e-02 -1.375009e-03 3.581441e+02 1.121877e-02 9.998040e-01 1.631065e-02 -1.259185e+01 1.192095e-03 -1.632504e-02 9.998660e-01 3.459858e+00
9.999423e-01 -1.072677e-02 -6.545045e-04 3.607611e+02 1.074047e-02 9.995822e-01 2.683455e-02 -1.253745e+01 3.663831e-04 -2.684003e-02 9.996397e-01 3.460507e+00
9.999498e-01 -9.498161e-03 -3.204809e-03 3.633720e+02 9.616268e-03 9.991888e-01 3.910672e-02 -1.248708e+01 2.830767e-03 -3.913557e-02 9.992299e-01 3.468422e+00
9.999233e-01 -1.032056e-02 -6.842806e-03 3.659883e+02 1.060232e-02 9.990400e-01 4.250584e-02 -1.248830e+01 6.397552e-03 -4.257513e-02 9.990728e-01 3.481311e+00
9.998983e-01 -1.195310e-02 -7.772863e-03 3.686419e+02 1.224981e-02 9.991517e-01 3.931668e-02 -1.245036e+01 7.296313e-03 -3.940790e-02 9.991966e-01 3.484946e+00
9.998921e-01 -1.385321e-02 -4.883058e-03 3.712660e+02 1.401687e-02 9.992803e-01 3.524857e-02 -1.243615e+01 4.391238e-03 -3.531321e-02 9.993666e-01 3.505650e+00
9.998547e-01 -1.570179e-02 -6.628567e-03 3.739360e+02 1.594161e-02 9.991571e-01 3.782744e-02 -1.243911e+01 6.029022e-03 -3.792761e-02 9.992623e-01 3.493427e+00
9.998446e-01 -1.665315e-02 -5.790148e-03 3.766001e+02 1.688462e-02 9.989522e-01 4.253671e-02 -1.241675e+01 5.075711e-03 -4.262786e-02 9.990781e-01 3.487718e+00
9.998382e-01 -1.797212e-02 -7.301019e-04 3.792924e+02 1.798684e-02 9.988674e-01 4.405049e-02 -1.238984e+01 -6.240578e-05 -4.405650e-02 9.990290e-01 3.475818e+00
9.998433e-01 -1.766038e-02 1.252443e-03 3.819091e+02 1.759295e-02 9.989781e-01 4.163216e-02 -1.233657e+01 -1.986403e-03 -4.160360e-02 9.991322e-01 3.460537e+00
9.997873e-01 -2.061689e-02 -4.943538e-04 3.845192e+02 2.062015e-02 9.989853e-01 4.003888e-02 -1.233558e+01 -3.316252e-04 -4.004056e-02 9.991980e-01 3.458137e+00
9.997866e-01 -2.064235e-02 -7.805622e-04 3.871006e+02 2.065696e-02 9.989290e-01 4.140194e-02 -1.227802e+01 -7.490691e-05 -4.140923e-02 9.991423e-01 3.442681e+00
9.997915e-01 -2.041650e-02 2.299831e-04 3.897474e+02 2.038532e-02 9.987731e-01 4.513007e-02 -1.223388e+01 -1.151099e-03 -4.511597e-02 9.989811e-01 3.434080e+00
9.997421e-01 -2.270780e-02 2.707111e-04 3.924239e+02 2.267234e-02 9.987200e-01 4.521445e-02 -1.224390e+01 -1.297086e-03 -4.519666e-02 9.989773e-01 3.412513e+00
9.997496e-01 -2.236740e-02 -5.988000e-04 3.950482e+02 2.237249e-02 9.988275e-01 4.293164e-02 -1.221315e+01 -3.621714e-04 -4.293428e-02 9.990778e-01 3.390405e+00
9.997350e-01 -2.300015e-02 9.128287e-04 3.977535e+02 2.294020e-02 9.988244e-01 4.270360e-02 -1.216292e+01 -1.893945e-03 -4.267134e-02 9.990874e-01 3.407028e+00
9.997394e-01 -2.276556e-02 1.667509e-03 4.004220e+02 2.267122e-02 9.987912e-01 4.361317e-02 -1.209567e+01 -2.658371e-03 -4.356400e-02 9.990471e-01 3.388606e+00
9.997320e-01 -2.305466e-02 2.098733e-03 4.030342e+02 2.293770e-02 9.987346e-01 4.475461e-02 -1.204006e+01 -3.127879e-03 -4.469448e-02 9.989958e-01 3.374371e+00
9.997043e-01 -2.430625e-02 6.924583e-04 4.056929e+02 2.425046e-02 9.986921e-01 4.501059e-02 -1.200099e+01 -1.785591e-03 -4.498049e-02 9.989863e-01 3.337838e+00
9.997499e-01 -2.234363e-02 -9.894480e-04 4.083076e+02 2.236553e-02 9.988059e-01 4.343496e-02 -1.190757e+01 1.777168e-05 -4.344622e-02 9.990558e-01 3.285077e+00
9.997126e-01 -2.393781e-02 1.340423e-03 4.110264e+02 2.386024e-02 9.988293e-01 4.208009e-02 -1.188368e+01 -2.346159e-03 -4.203601e-02 9.991133e-01 3.263554e+00
9.996754e-01 -2.514089e-02 4.122515e-03 4.135790e+02 2.494006e-02 9.987589e-01 4.311122e-02 -1.183617e+01 -5.201253e-03 -4.299441e-02 9.990618e-01 3.243924e+00
9.997082e-01 -2.357166e-02 5.277387e-03 4.161579e+02 2.330906e-02 9.987034e-01 4.525675e-02 -1.176285e+01 -6.337321e-03 -4.512053e-02 9.989614e-01 3.236329e+00
9.997670e-01 -2.092695e-02 5.289031e-03 4.186896e+02 2.066202e-02 9.987290e-01 4.597302e-02 -1.164301e+01 -6.244384e-03 -4.585303e-02 9.989287e-01 3.207431e+00
9.997587e-01 -2.175102e-02 3.085600e-03 4.212742e+02 2.158385e-02 9.986817e-01 4.657341e-02 -1.156629e+01 -4.094552e-03 -4.649558e-02 9.989101e-01 3.178521e+00
9.997824e-01 -2.076524e-02 1.980931e-03 4.238992e+02 2.065309e-02 9.987419e-01 4.569495e-02 -1.147315e+01 -2.927306e-03 -4.564410e-02 9.989535e-01 3.152613e+00
9.997120e-01 -2.348896e-02 4.924505e-03 4.265605e+02 2.323926e-02 9.986814e-01 4.577506e-02 -1.141872e+01 -5.993220e-03 -4.564743e-02 9.989396e-01 3.136968e+00
9.996385e-01 -2.554128e-02 8.398973e-03 4.293732e+02 2.512850e-02 9.986234e-01 4.604176e-02 -1.142479e+01 -9.563377e-03 -4.581406e-02 9.989042e-01 3.116007e+00
9.995937e-01 -2.725986e-02 8.321693e-03 4.320446e+02 2.686286e-02 9.986446e-01 4.457878e-02 -1.136216e+01 -9.525626e-03 -4.433712e-02 9.989712e-01 3.114241e+00
9.995839e-01 -2.836695e-02 5.227625e-03 4.347309e+02 2.809578e-02 9.985381e-01 4.617589e-02 -1.132803e+01 -6.529852e-03 -4.600980e-02 9.989196e-01 3.096483e+00
9.995497e-01 -2.903692e-02 7.560318e-03 4.373949e+02 2.865875e-02 9.985270e-01 4.607034e-02 -1.128403e+01 -8.886923e-03 -4.583293e-02 9.989096e-01 3.051108e+00
9.994404e-01 -3.089077e-02 1.283199e-02 4.400337e+02 3.028307e-02 9.985224e-01 4.512161e-02 -1.126423e+01 -1.420687e-02 -4.470777e-02 9.988991e-01 3.019922e+00
9.994011e-01 -3.221126e-02 1.264284e-02 4.426929e+02 3.164711e-02 9.985935e-01 4.253731e-02 -1.123424e+01 -1.399524e-02 -4.211172e-02 9.990149e-01 2.952936e+00
9.994051e-01 -3.297538e-02 1.010361e-02 4.453702e+02 3.253478e-02 9.986275e-01 4.104366e-02 -1.115776e+01 -1.144317e-02 -4.069052e-02 9.991063e-01 2.889081e+00
9.993812e-01 -3.375504e-02 9.888951e-03 4.480307e+02 3.332664e-02 9.986162e-01 4.068259e-02 -1.107672e+01 -1.124851e-02 -4.032785e-02 9.991232e-01 2.882760e+00
9.993515e-01 -3.467499e-02 9.704916e-03 4.506729e+02 3.425626e-02 9.985955e-01 4.041685e-02 -1.101234e+01 -1.109274e-02 -4.005818e-02 9.991358e-01 2.819957e+00
9.993007e-01 -3.535640e-02 1.216744e-02 4.533861e+02 3.483506e-02 9.985648e-01 4.067933e-02 -1.093941e+01 -1.358825e-02 -4.022703e-02 9.990982e-01 2.783556e+00
