1.000000039978027555 -3.858921975592287847e-10 7.909684333061825356e-10 6.893855816064720088e-10 -3.858921975592287847e-10 0.9999999352479277404 -2.439174453917419472e-10 -3.575088773632995043e-09 7.909684333061825356e-10 -2.439174453917419472e-10 0.9999999059029300863 -2.749857064276994834e-08
0.9999868548882071551 -0.002547490686821213095 -0.004458731838890426374 0.007249388138926980002 0.002539706759295441273 0.9999951782471032669 -0.001750390657202199234 -0.01492108099031300844 0.004463171313511076627 0.001739043215640462313 0.9999884337557883862 0.6834553430936785023
0.9999641254934018564 -0.001789665386722998639 -0.008284006205309446536 -0.005569849892651483961 0.001764058702348418129 0.9999935827006899425 -0.003097281126713940028 -0.02339665442193278669 0.008289498258207362788 0.003082555924372198854 0.999960796178805511 1.344492889452732154
0.9999228618999852491 -0.0003666486509999255334 -0.01241836279519433102 -0.04896129905611821403 0.0003043228611764360885 0.9999872871741412039 -0.005020296309883513428 -0.03280882392696560235 0.01242004799159899218 0.005016129168639998047 0.9999101923175353068 2.191338035638664916
0.9998583137377961005 0.001677291422703568787 -0.0167516874748612106 -0.06074069104751136927 -0.001778637287783558065 0.9999801319323363691 -0.00603677806794196848 -0.04188177346940559487 0.01674123187894870773 0.006065717179977401022 0.9998413624661844912 2.937220356112632658
0.9997543280363786478 0.0002795736018526887544 -0.0221649558096141952 -0.06173712592231223734 -0.0004128581521001226952 0.9999817963118917685 -0.006008917628013608903 -0.0526298610172540593 0.02216287540533207548 0.006016591651488663317 0.9997361749399031883 3.650436943250658928
0.9996477984830997032 0.0001489670366233187832 -0.02653934091594125147 -0.09070663650508803411 -0.0003205033857139200364 0.9999790223363183017 -0.006459308239149948519 -0.07069694600046103061 0.02653782525589156588 0.006465538453266980214 0.9996268066550617615 4.417315768517804386
0.999515752045635919 0.004128370068006956099 -0.03084311508366208154 -0.139631242686337087 -0.004352237911822704267 0.9999645821777333188 -0.007194645127624446981 -0.08622626388757304028 0.03081232410465260807 0.007325396921041180467 0.9994982497347987271 5.219191781538564001
0.9993329837787496839 0.006847649656665268092 -0.03587167326445079435 -0.158667501331069799 -0.007084479537676706407 0.9999538493959719831 -0.006479177142386388297 -0.08864395399728743075 0.03582565452972782255 0.006728986796274529121 0.9993353067147492386 6.033961385958759749
0.9991822947648749675 0.006041552194603769244 -0.03997900881317045796 -0.1937475034526587314 -0.006188404635181559039 0.999974483777861578 -0.003550485503925316765 -0.09972552888062348464 0.03995654242437909898 0.003794987886802366015 0.9991941177098495608 6.826311264444292704
0.9990630131122291147 0.001991618768873455476 -0.04323434885593756272 -0.251092084503364843 -0.002029316518916664605 0.9999975333491013529 -0.0008280509781747875768 -0.1103402157140012385 0.04323259743002030864 0.0009150107442894846004 0.9990645211392155112 7.634435975884874104
0.9989688801086112901 0.001653496159709556086 -0.04537093928752643224 -0.2887180927607662095 -0.001694805229376808746 0.9999981188682826039 -0.000872005162946327462 -0.1310736764392823606 0.04536941659974293856 0.0009480003845614400418 0.9989697340188768981 8.435564885163966409
0.9988711656081999957 0.003476728900670378233 -0.04737495592696718688 -0.3334142632948837726 -0.003563721304182959366 0.9999920505920437686 -0.001751897228745874979 -0.135705314577464542 0.04736849309988086509 0.00191875018682910372 0.9988755460215366089 9.266505920729555257
0.9987613280187098708 0.003333179474763978915 -0.0496465417968903408 -0.3599133484214162015 -0.003435619444406255284 0.9999920768861804143 -0.00197817706610249654 -0.1549284105265059663 0.04963955961674892947 0.002146292788086255274 0.9987647970177970791 10.11515609648347969
0.9986503114335064657 0.001700721017282548313 -0.05191090957554966856 -0.4137780104295851191 -0.001755219937675644298 0.9999978905692584741 -0.001004269885935855184 -0.1624909317821609522 0.05190909703120903662 0.001094028947894378151 0.9986511207597333906 10.93579852134250174
0.9986101743440608525 -0.001564413903655323054 -0.05268160786554912378 -0.4705461866326337561 0.001490518886610129202 0.9999977848597131347 -0.001441917021406251146 -0.1795689926592030083 0.05268375191366479748 0.001361389513146839649 0.9986102248442382256 11.84734209040411024
0.9985184859718341244 -0.001214318024026068933 -0.05440071762707340136 -0.5287993461560983599 0.001030948048031744011 0.9999936283934950376 -0.003398648999747864562 -0.198215090009265571 0.05440450314869880316 0.003337528897075426725 0.9985133064838009886 12.70498947924030375
0.998386792129957179 0.002958778195604734682 -0.05670219011960737215 -0.5691564220682615582 -0.003308034929175768073 0.9999760615571994249 -0.006066606871146778407 -0.2094891405120359873 0.05668288826144618486 0.006244392242070385957 0.9983726108361875573 13.53209340175066444
0.9982604895748058427 0.008685322614645997821 -0.05831500251761274206 -0.6372039540943414959 -0.009162945434023581429 0.9999265263377640212 -0.007927980255253114922 -0.2264926840006212805 0.05824186618406124866 0.008448525796247295661 0.9982666576549128479 14.42266721590735656
0.9982211343526329328 0.01000635970128061283 -0.05877515699206040112 -0.6985305745110356179 -0.01048607978645634681 0.99991406925003401 -0.007859183428916274514 -0.2356686319255246742 0.05869146996121728244 0.008461523142784862367 0.9982402147468771858 15.31038238384062034
0.9981256308873529548 0.008138858310453599143 -0.06065528258257980865 -0.7462852315273899029 -0.008521350654305202485 0.999945325897598658 -0.006049984344692011483 -0.2538530159944060172 0.06060273184677136826 0.006555508606433613217 0.9981403441357123985 16.22012028295052843
0.9980356751213309563 0.00580679827974885359 -0.06237909591268717829 -0.800192834768498118 -0.006101977761561550549 0.9999710003829110905 -0.004542550684354194207 -0.2743823905039919353 0.06235091488306918756 0.004914262791797245795 0.9980420962354661363 17.11207229972821153
0.9979864351496453567 0.006249130507417114712 -0.06311975078159473562 -0.8675697854203042736 -0.006525920276099037021 0.9999699050831785119 -0.004179928159021788214 -0.298599118281747844 0.06309173594527146822 0.004583425374072596162 0.9979971129740732305 18.0313028884472466
0.9978910359474651992 0.005596458307902923111 -0.06467023516211083123 -0.9426820226096204181 -0.005957542263492109774 0.99996765195569981 -0.005391960532619135757 -0.3110449132576079689 0.06463797308743245151 0.005765864002513985433 0.9978920280839082002 18.96156152259863958
0.9978068610604805544 0.00667373860584142848 -0.06585596779854137328 -1.011705856099458067 -0.007048544959018379803 0.9999601844728081002 -0.00546058526354586439 -0.3285113147993742322 0.06581690902947287536 0.005912797447425942668 0.9978141038292424048 19.86843874758006834
0.9977930724525087003 0.007756844604081622116 -0.06594615367427704433 -1.064882750655377519 -0.008035805218912435086 0.999959783141714964 -0.003965910236691782068 -0.3480600651037243365 0.06591274442441895365 0.004487087520025563256 0.9978152076705416595 20.79820938191352298
0.9977710541445526937 0.009064198636974300435 -0.06611235183177532893 -1.121960507079542868 -0.009146410984896102825 0.9999576632621038907 -0.0009409365623126763126 -0.3646970206355957256 0.06610102987481542014 0.00154352943935683962 0.9978116474874538788 21.73325057630026436
0.9978719130420998784 0.007582300951052257064 -0.06476289951699423786 -1.178141706192719296 -0.007394538661874199524 0.9999676702058817312 0.003138446500266300204 -0.3680035660939263154 0.06478460816802426858 -0.002652876249127046008 0.997895650488872854 22.65377645805166651
0.9979905781930289432 0.005869603786208877662 -0.06309067208520685588 -1.254811923804609597 -0.005507323810503085386 0.9999672781904676011 0.00591459483964771552 -0.3840645014176573002 0.06312332964212752362 -0.00555524944816698351 0.9979901787603402408 23.59995590164878365
0.998100287913070261 0.002481287989549669191 -0.06156084653433752801 -1.309439865794856939 -0.002051211485280766793 0.9999729909838617203 0.007048427285301742638 -0.3867730111668813975 0.06157667858370637765 -0.006908763220299421123 0.9980783506628729818 24.54327585339864726
0.998175810531734653 0.002005242808913366374 -0.06034160787779025564 -1.374893104007679723 -0.001767531659788190365 0.999990402872372619 0.003992554333477481461 -0.4060292054245588922 0.06034904030124413343 -0.003878615809613249459 0.9981697060450672732 25.48760143492570407
0.9981995090426049044 0.006453629597320979794 -0.05963363302762132723 -1.436151294927738187 -0.006475930813978917656 0.999978949864975819 -0.0001806996712622868163 -0.4179781671317209235 0.05963121700455819435 0.0005665570768591175711 0.9982202208671845378 26.42530692659450864
0.9982153716505348662 0.01162494026161426351 -0.05857484054838377197 -1.500102988023932049 -0.01187063531770568732 0.9999220714782273145 -0.00384831250524406707 -0.4299998361050932916 0.05852554486462154676 0.004536764586436421547 0.9982755084249580468 27.40870851707146016
0.9982359665565384566 0.0147175188132442538 -0.05751894558275748304 -1.539528591399981439 -0.01490874213039240781 0.9998845976348484932 -0.002896783140726835563 -0.4477530742774787909 0.0574696796027238388 0.003749207597869699555 0.9983401182495965642 28.38926279807700226
0.9983226191277784212 0.007520301915783938335 -0.05740620705983609517 -1.608807130473106861 -0.007450557758552927949 0.9999711585920053603 0.001428873646736289081 -0.4637241032640491145 0.0574153022444871472 -0.0009987690837180544529 0.9983497873328660566 29.36773360727507765
0.9982545289242483744 -0.004893301887491013046 -0.05885601480442555905 -1.67668060319677914 0.005261893620346864281 0.9999674294111485784 0.006109262071769172055 -0.4645051498135883694 0.0588242087550880019 -0.006408292878126095604 0.9982476940188959036 30.32441930845515188
0.9980766106445494446 -0.01661665902915564555 -0.05972474607648924766 -1.720932192953559037 0.01697913174199119912 0.999840283115764783 0.005566673490548052113 -0.4803750274580019797 0.05962271294889427697 -0.006570041202751415906 0.9981992682028042463 31.27906674117078722
0.9980095715393560996 -0.0158219486645178771 -0.06104621529476110531 -1.784149826457419596 0.01597579162511481021 0.9998702476878795764 0.002032825553051130323 -0.5001862101105810643 0.06100613667205787016 -0.00300404137757445764 0.9981327764515157686 32.29047636420747835
0.9979786744786715014 -0.008927636845699289322 -0.06292012325422685626 -1.839569951773590395 0.008806832258520858048 0.9999587407636780778 -0.002197037545180025031 -0.5170703406051511131 0.06293714722263091255 0.001638469061741056965 0.9980160536555156003 33.29773470916637734
0.997893822342991399 -0.001048076885920578433 -0.06486062098701507461 -1.904635424047777859 0.0007883564565801461262 0.9999915050681743578 -0.004029737260098503748 -0.5347739358077326921 0.06486429925191256052 0.003970115956290472779 0.9978861023847115375 34.27882652701803323
0.997847220460319595 -0.00103204209425526933 -0.06557391848449908855 -1.976966886771107657 0.0008755119625591308583 0.9999966340365282758 -0.002415758821759916679 -0.5524477398052761723 0.06557619675348065613 0.002353146868026337411 0.9978446961346247868 35.24298121683213481
0.9977205097153897251 -0.007151922871599578763 -0.0671022632916565831 -2.070794594032398184 0.007236425283723567532 0.9999732354942930668 0.001016336279463490389 -0.5537306461509919897 0.067093204495653605 -0.001499600524342506718 0.9977454914079797454 36.27909241354799263
0.9976624636280415626 -0.007009574406020211562 -0.067974655303042128 -2.126016426414204297 0.007229613732415159956 0.9999693262019274664 0.002991627418218302178 -0.5756276837042456629 0.06795160620504829552 -0.003476065261814216545 0.9976824688842008682 37.2890216301717814
0.9976083466966731983 -0.005090515357304103289 -0.06893295631075133101 -2.214662818842279446 0.005435376442913071246 0.9999735652499763816 0.004816220088942044231 -0.5833732016069299586 0.06890662308362982547 -0.005179378237929668262 0.9976095748794121532 38.28431449106049911
0.9976281713851467003 -0.000833122859205077471 -0.06882889493398067216 -2.272912986707052774 0.00139003475814820812 0.9999666175211311403 0.008043763789613439519 -0.6033678765591393711 0.06881990184854784587 -0.008120360106629750246 0.997595956997166633 39.29975271898302935
0.9975814982801211039 -0.003572894691118445095 -0.06941518504248965493 -2.356846345435299472 0.004322108309684095061 0.999933923648847256 0.01064604161248104003 -0.5917095329322240582 0.06937256722803701592 -0.01092031417086210265 0.9975309550207371867 40.28777193696988235
0.9975749030578157095 -0.002242586149560517154 -0.06956552878482571978 -2.43680969114315582 0.002973346712386052467 0.9999414031923595791 0.01040287831863437838 -0.6082222116969075998 0.06953812920024081412 -0.010584492859219077 0.997523047187972689 41.28888475884541265
0.9976064200576236773 -0.002020915158927317785 -0.06911892482696505025 -2.503782700730233568 0.002601694196195149418 0.9999619919205136043 0.008313626776510454203 -0.6192598791460034446 0.06909950267009361269 -0.008473553928520682205 0.997573691601947532 42.28773593588009305
0.9976227885225100733 0.004925512000942620927 -0.06873565566764873458 -2.561907893576486739 -0.004525830993727006715 0.9999718771126935302 0.005969282622700388882 -0.6442143239187456683 0.06876313042975427947 -0.00564400669899233539 0.997616955366241065 43.28054535369902567
0.9974866721976803907 0.00781799863952543049 -0.07042227526240012192 -2.655973976608858145 -0.007437250785987760404 0.99995621918723121 0.005667231523660177725 -0.6510494662134261867 0.07046350467071758883 -0.005129240094228606009 0.997501076687077437 44.29632758828354611
0.9974282251033584901 0.002727990193662354398 -0.07162103733668975791 -2.726855673934123647 -0.002233741960584141768 0.9999730793368258874 0.006980078203451465547 -0.6591632174054694593 0.0716381570554982805 -0.006802144337938240311 0.9974073981569016034 45.28360628648883335
0.9973821840649004233 -0.002020741151916843198 -0.07228260273177793127 -2.80312541171778884 0.002621307914728435162 0.9999627582210850463 0.008214706586275878977 -0.6637650977917707307 0.0722633172629831011 -0.008382677136650980299 0.9973502676235669329 46.22656642876386712
0.9973605230422201151 -0.004630191938158616412 -0.07246121402841460002 -2.881889352494060308 0.005099627649155619689 0.999967119440683172 0.006294785604546264401 -0.6716597983724117427 0.07242969166665801095 -0.006647696126571054666 0.9973512723858606321 47.2227575919877367
0.9973099693601864546 0.003917656401105773858 -0.07319532840890177749 -2.963171360744818017 -0.003818813891750014872 0.9999915330427427973 0.001490302928213932355 -0.6929980084659019823 0.0732005534809621744 -0.001206775094817915664 0.9973164168429313747 48.21391249421988334
0.9972257831795607874 0.0112229963873910106 -0.07358573779305180307 -3.037216403992504699 -0.01131199500145547987 0.999935638324811471 -0.0007927770253822963515 -0.7228404614326752187 0.07357211070168288847 0.001622978616561827165 0.9972884854013777112 49.19694693353493875
0.9972164574548286753 0.009942362117257469087 -0.07389563929274194087 -3.116222301505427339 -0.009805972713290070711 0.99994941713604657 0.002208298138784335184 -0.7288468816540745188 0.07391386350603997013 -0.001477533073171793986 0.9972634407885704322 50.17112816804179687
0.9972574246068542925 -0.0001428378067204334983 -0.07401140296496676318 -3.182920287459336084 0.000624141483557068776 0.9999787448914313481 0.006480023441139450176 -0.7349483304806632145 0.07400891062439672596 -0.006508445330782737862 0.9972362478115914808 51.12960340205931686
0.9972377155623994849 -0.004592050636838703598 -0.07413454548476267059 -3.255217999958661235 0.005168638170293469135 0.9999577910019367133 0.007587613810118743786 -0.753926562034886838 0.07409658001031367569 -0.007949829505655779671 0.9972192886755926189 52.09672416407933326
0.997225045110046171 -0.003695440299012605397 -0.07435477271197343807 -3.320102344699657593 0.004166168079426079904 0.9999721803332354275 0.00617673809540787537 -0.7667363891413913057 0.07432988481213155529 -0.006469372666573482318 0.9972126293372667316 53.04765689893283565
0.9971834241540673549 -0.00464430233495811539 -0.07485805324736798105 -3.390379162209081088 0.005010451212773742169 0.9999763179367363586 0.004704193453325790711 -0.7901266309531904675 0.07483443918147450469 -0.005066016676513946 0.997183009715720603 54.00686225779495686
0.9970967304587972091 -0.004787941903054901242 -0.07599516289661283064 -3.466455798535488242 0.005210770571806659299 0.9999719586456095044 0.005366589585036886725 -0.8068696078838518693 0.07596734346749860201 -0.005747002577843523217 0.9970936502613034769 54.99005243544702637
0.9969937108786796065 -0.008000653975913920787 -0.077068859091207087 -3.542829923368318479 0.008759761358487355709 0.9999162810673704049 0.009516718305671311579 -0.8036374498199322369 0.07698627356241148634 -0.01016321322957756609 0.9969802583353082337 55.94073768566201466
0.9968962420347962095 -0.01204004702369403448 -0.07780102120151421996 -3.604186566867426667 0.01326083312165599395 0.999796567209264686 0.01519358389807130665 -0.8121622088839656195 0.07760226906296679994 -0.0161781329295926854 0.9968530325997749797 56.86514475054522677
0.9968398713817135937 -0.01312680599523401853 -0.07834562393111231537 -3.679055381715999218 0.01452347107649558725 0.9997450712735123091 0.01728385784932360072 -0.8102280709924789548 0.07809877616963062374 -0.0183670888318601469 0.9967763259505035833 57.82564848124450663
0.9967415149547990127 -0.01351540604382373174 -0.07952210471707137074 -3.784181922347718885 0.01468116119903487352 0.9997928372942735953 0.01409313647290266064 -0.8236973028340545122 0.07931516295571786057 -0.01521469095673526166 0.9967333800439837077 58.75142099382146199
0.9966607511352330029 -0.00920113307270365062 -0.08113424209376164653 -3.866633971851458629 0.00972185380770118103 0.9999345236833235839 0.006025313194348484377 -0.8531869038417555506 0.08107349684052783667 -0.006793968668502911937 0.996684876437795686 59.69531487107716572
0.9966655486501275751 -0.001632845045414692362 -0.08157939008749240384 -3.938658993389292817 0.001655946496589057139 0.9999985409405068859 0.0002155291638225393584 -0.8658265827614228805 0.08157892599138007184 -0.0003499021033259017339 0.9966667292679054491 60.62028767319259259
0.9965640608981771731 0.007587125718572125532 -0.08247779672056172739 -4.026699284080986097 -0.007560030506661422588 0.9999711524797837425 0.0006408231727891785818 -0.867011504979945391 0.08248028636577205142 -1.508719628371876877e-05 0.9965926023112054999 61.52091381124318303
0.9965034779697022893 0.00579065256794475576 -0.08335085855939139421 -4.103552328257968007 -0.005494755418662441125 0.9999776984599617613 0.003778987506405124576 -0.86617372921896163 0.08337088948805784772 -0.003307781993949704315 0.9965130035456665203 62.41784229273903151
0.9964211722966016538 0.002390976193513982568 -0.08449384294284469077 -4.187537005287694569 -0.001903578762225784614 0.9999810205547530195 0.005848539305161690877 -0.8915291898417603278 0.08450623006569284168 -0.005666767996833886774 0.9964067431130541053 63.33337807499551531
0.9962960698794879333 0.002427168720806199831 -0.08595538855882862983 -4.263195806296616652 -0.001959690010363661361 0.9999827654059345594 0.005522590002063450937 -0.9165923227511142413 0.08596731855547573575 -0.00533368910326408735 0.9962835865540174973 64.18515850264492428
0.9961645708014239542 0.007275286164546172427 -0.08719688572216718891 -4.357116296993202909 -0.006785628946389536328 0.9999594442159728258 0.005910639984927938337 -0.9256002225163264541 0.08723635820971828436 -0.005296284735022101405 0.9961734689007453181 65.02255794948952428
0.9960006366844076364 0.008854990206048515139 -0.0889066904921209239 -4.452949854366095472 -0.008309823620916893458 0.9999442809971367252 0.006500172114396249659 -0.9354152383602855059 0.08895930300055313045 -0.005735376932673784921 0.9960186548816825081 65.87454056390784274
0.9958906140904834059 0.009583592972169442323 -0.09005619480343086958 -4.509783968699487389 -0.00898326013173723209 0.9999345969851087812 0.00706917929197528952 -0.9581127036375106654 0.09011806040914209504 -0.006231131346716312774 0.9959115027107282581 66.72416645072313202
0.9957797069641742826 0.007705984485851571572 -0.09145201845947162345 -4.597398976755356692 -0.006999708346284576853 0.9999431055753159603 0.008041156380983590854 -0.9620406202296358789 0.09150878788100759442 -0.007367083109300470549 0.9957769232641643375 67.5183575700504548
0.9956472186170718386 0.01158954758874689017 -0.09247906297137610532 -4.673309386874334059 -0.01066796243309913773 0.999888388609888934 0.01045348784733512656 -0.9826786792750175081 0.09258990002616328263 -0.009421423067081609315 0.9956596608829273443 68.32901608116581826
0.9955257668001422644 0.01220339735946094316 -0.09369953754863315221 -4.755160884760841533 -0.01090318856812731198 0.9998371502802840816 0.01437580960667129981 -0.9752956670477153089 0.09385971998243515524 -0.01328986513737664271 0.9954966326396507137 69.10348608835771245
0.9953992194328438181 0.009858162637243305174 -0.09530629125481913932 -4.842183501537448365 -0.008307913060480518266 0.999826812797085851 0.01664912867467153307 -0.9801476814794428671 0.09545392300660238138 -0.01578073318994640054 0.9953086607864674029 69.86982649976658877
0.9952154607556970012 0.01040775060718853416 -0.09714908089628929155 -4.946336321774893463 -0.009129675286767557907 0.9998658918253376937 0.01359109608781046939 -1.010168324219638647 0.0972775130293027368 -0.01263912940285900031 0.995176944621557813 70.62744495946616041
0.9950548830910057596 0.01436977831444258107 -0.09828208169465506294 -5.008873516378399948 -0.01387593027801235952 0.9998873759406169404 0.005706532780523461239 -1.020156706617883602 0.09835302232644473064 -0.004314558336328462064 0.995142141026213789 71.3563883178261591
0.9947813197342790792 0.02219000522826039892 -0.09958819195956054859 -5.088214555932740524 -0.02233001125635747375 0.9997505470545058337 -0.0002912506962565077485 -1.033108576071622764 0.09955689456213587252 0.002513535591538529866 0.9950286026915107218 72.05337357182264668
0.9946972138293566079 0.02494761310093180154 -0.099775486878687078 -5.162144691561446841 -0.02528443604468568265 0.9996780007899741527 -0.002112489945051842719 -1.02134096882771308 0.09969066570225723622 0.004624054089260796509 0.9950076394625835263 72.77504772946117839
0.9946374898515129015 0.02618611682726038059 -0.1000531330504139532 -5.221233840001452187 -0.02614531818795758772 0.9996566096235010024 0.001719232248333262382 -1.031830919665272184 0.1000638038429852716 0.000905907610706479377 0.9949805162902533029 73.44044897916936065
0.9946245477439973337 0.01814351196129408705 -0.1019455754482778004 -5.30458687687309105 -0.01778512748191521733 0.9998319827288983941 0.004423357628137234224 -1.054776341906705994 0.1020087102570930715 -0.002586465432963478469 0.9947800493533517363 74.08331867576286811
0.9945867720576669901 0.01334888243697576402 -0.1030487191940297198 -5.379938282266601313 -0.01316519513034625916 0.9999102381000987139 0.002462499243568002077 -1.083447733853905026 0.1030723492093387761 -0.001092513149786581176 0.9946731677473730215 74.69612834262984791
0.9946454889995454129 0.009207789624581344187 -0.1029351552244353735 -5.434378837712716681 -0.009609386859770474576 0.9999479625357520218 -0.003406232390286582055 -1.096266931092127805 0.1028984431057508586 0.004377136715565744032 0.9946821424284532087 75.32710539193487875
0.9947492171440079911 0.007929674286030401892 -0.1020352568695310491 -5.489751279271532169 -0.008829039685861987327 0.9999259644814848524 -0.008365651617103763912 -1.113930601135151965 0.1019613739183001938 0.009222597840961212906 0.994745512819851907 75.94017015335063547
0.9950295429728985841 0.01145741008224786424 -0.09891923388189616251 -5.53961452291142642 -0.01245041262162399631 0.9998779870229961286 -0.009427025844360932202 -1.13190449954671668 0.09879916312121554689 0.01061175355565438169 0.9950507169589392076 76.51297008283135881
0.9953753092058187368 0.01683392125499228592 -0.09457637910515413748 -5.603840523251511385 -0.01750586152180409749 0.9998269767313110457 -0.006279486941502630121 -1.12706115733060197 0.09445431449425494008 0.007906086426002168974 0.9954977093991964621 77.06496435636579179
0.9958183106582212396 0.01647076943620040534 -0.08985924884797805157 -5.646379132848422522 -0.01682626013074791163 0.9998532432144124904 -0.003199928667032407928 -1.125148207481998286 0.08979336349819749818 0.004698541959428475558 0.9959492399723710587 77.64428872226555711
0.9964036742018251847 0.01072695127128687684 -0.08405194471296911773 -5.682127013685837724 -0.0106689380763122614 0.9999423714009272324 0.001139365092934066948 -1.156772139807635158 0.08405932985298097959 -0.000238523072895560444 0.9964606289549478024 78.18017745548566211
0.9971309380675160705 0.002226136497007659074 -0.07566383371112599121 -5.72797050286397269 -0.001853684792495376371 0.9999857553640616459 0.004992335738462453168 -1.172525345774075411 0.07567387600790319302 -0.004837755841315243173 0.9971207917322275627 78.67091683897791654
0.9978523562492915833 0.006453450204660441704 -0.06518517762901610002 -5.740773880255106931 -0.0061201281109407972 0.9999670987590509874 0.005311867124364220809 -1.207285467347887442 0.06521731863064685053 -0.004901517799520017232 0.9978589524358172369 79.20529118693266923
0.9986747009646046447 0.01317054436592091267 -0.04975397403143576314 -5.788291099527433481 -0.01298278466992618119 0.9999072697668015541 0.004095081277862780075 -1.20420404757555799 0.0498032995927381178 -0.00344370929790883528 0.9987530147314790385 79.71873850162074859
0.9993064148060799567 0.02053957315020199861 -0.03106275873286845624 -5.80236178055630436 -0.02041558319941987054 0.9997822532477228519 0.004303557367579854964 -1.201753976026764592 0.03114439175345266875 -0.003666408485452442908 0.9995080771552363741 80.21080766774457516
0.9997783366179860964 0.01905168629899284261 -0.008966089281540629355 -5.773094719821004084 -0.01901084384218986942 0.9998085446605294857 0.004618699553341061755 -1.203327372368116599 0.009052368865107105617 -0.004447223131979619222 0.9999490430308439759 80.68083237872276925
0.9997671375004616445 0.01335544415852996623 0.01695236858679969802 -5.757176232473198318 -0.01346607561299189432 0.9998885974943190202 0.006428680205598022966 -1.209519744729479873 -0.01686462167550673713 -0.006655465288889426435 0.9998355370456269986 81.15058491532782625
0.9988670407145614494 0.009456054199513721711 0.04664008720341963898 -5.708553410867817313 -0.009820090751291249767 0.9999229698451371773 0.00758226231088244846 -1.234973919558969957 -0.04656479765642834029 -0.008031681946382844203 0.9988828878966979907 81.61379151172559432
0.9967324532474898247 0.009491211731901092949 0.08021479131579051236 -5.648537896389626667 -0.01024520554294520297 0.9999070088468007267 0.008993326986142996526 -1.236447001648577126 -0.08012197808426027579 -0.009785757951745254618 0.9967369362657190202 82.03585068013555315
0.9929232439006389077 0.01114638490129302682 0.1182339548131920576 -5.586100778210489892 -0.01228474591042892465 0.9998848341934313266 0.008903588163937206298 -1.23258041707335364 -0.1181211015546023702 -0.01029305375514882534 0.9929457547671473039 82.4599265524570626
0.9870428908188658701 0.01109844765676411445 0.1600725863222292322 -5.489295774617580115 -0.0126947705530104319 0.9998792688450853783 0.008953270355489616195 -1.245611605846865366 -0.1599539019602142509 -0.01086934658876478367 0.9870645478114612459 82.88717415068838079
0.9786353544092221135 0.0102282718614387317 0.2053492151326731796 -5.382947861193451367 -0.01219770994565459211 0.999890867386683424 0.008327046498318299225 -1.248302686403856443 -0.2052416452753774989 -0.01065393223420686014 0.9786532470263674677 83.30988201180205976
0.9669591243708062223 0.01277598255347118551 0.2546112678014767483 -5.25785523726637205 -0.01480759210626033003 0.9998719080202143061 0.006064098787252693128 -1.25534391801194678 -0.2545011942622302237 -0.009633915438982029386 0.9670243791645007914 83.718463911446662
0.9514690343659987226 0.01348582966772112271 0.3074489823616573525 -5.075931161630752086 -0.01530738725750219707 0.99987659594158107 0.003513874453594905724 -1.266093344218736316 -0.3073636727874826668 -0.008049583393086572752 0.9515579860792027223 84.12324293623986193
0.9316917244262102882 0.0124994602618774004 0.3630349252098136192 -4.872840313959919456 -0.01407569747512252452 0.999899427974621724 0.001696821479949069903 -1.276186084608287752 -0.3629772267230120253 -0.006690884364578009516 0.9317738963315798095 84.47641195793578106
0.9076729852275241539 0.01287056910147831718 0.4194808187225345653 -4.66668274472294442 -0.01400725889868605252 0.9999017602591955267 -0.0003702108988173526257 -1.291003051748500274 -0.4194443995789726709 -0.005539746070990390556 0.9077640341348157671 84.83196329675583058
0.8788626139629202028 0.01285331101894445285 0.4769018224653570059 -4.452810317105166504 -0.01302273945409510893 0.9999107834988045784 -0.002950224539361686812 -1.276270079985503791 -0.4768972245920586328 -0.003617726248168811384 0.8789515293060164991 85.18289649279267906
0.8458285102949836265 0.01122461602590303469 0.5333368369764666106 -4.170302905160262696 -0.01020084413920597892 0.9999360608975045306 -0.004866971544733950106 -1.293752064378357325 -0.5333573989794839765 -0.001323862838970403435 0.8458888706996878781 85.48655279154256448
0.8094551287064604139 0.009812582300784251921 0.587099772027193656 -3.902447958714838183 -0.008264559338563378169 0.9999516409423299113 -0.005318208994195322906 -1.314972206688301615 -0.5871236025336112885 -0.0005472695428410757684 0.8094970247725252754 85.79541728925725863
0.7701950511707756908 0.008037405235614141982 0.637757798427538547 -3.641146630110884796 -0.006937867562288811338 0.9999669483338144982 -0.004223593432714180772 -1.334074229508264375 -0.6377707062780535452 -0.0011716885147442476 0.7702253040010703655 86.07966012015846502
0.7281695488875362665 0.007145849438107356073 0.685359805259260324 -3.358008294703636043 -0.007330555857828662154 0.9999695876428457142 -0.0026376596577769593 -1.335906112019997982 -0.6853578533942806805 -0.003103404919377578553 0.7281997361039947991 86.31063064309002186
0.6833828764008021972 0.00656240070264231274 0.7300306763551200895 -3.052660911089437601 -0.006193645920280022553 0.9999756627297314848 -0.003191113347192118567 -1.325859627943530183 -0.7300338969534234668 -0.002340799332281842844 0.6834068425388959422 86.54055028172616915
0.6369104761052656327 0.005018358289654883952 0.7709214373395956166 -2.726799423415899426 -0.002864933291072301741 0.9999872508410962979 -0.004142561160729247953 -1.326062574203765054 -0.7709324465072135979 0.0004298019955538015611 0.6369166891420317 86.76155156029342663
0.5907645625479340801 0.001780020093358773616 0.8068420270363735325 -2.377515584464896747 0.002540919967407791018 0.9999884385182211677 -0.004066577389632976963 -1.360317808297017317 -0.8068399886488005768 0.004452510576443277461 0.5907531685927193132 86.94718517407368097
0.5440994044864441159 0.002219600295227709859 0.8390178172754146901 -2.07028063801382789 0.002185109292410174382 0.9999892959643356116 -0.00406248080477787394 -1.394663505313704199 -0.8390179069518883814 0.004043738802881256117 0.54408869263991122 87.09511572104536015
0.4971079271325503646 0.005246294135860405695 0.8676728443784665901 -1.714770156070333673 -0.001276738536801573162 0.999984996362714873 -0.005314836494171121424 -1.390628213793581702 -0.8676877647238288027 0.001534255907391754393 0.497107132391356954 87.24123795811591719
0.4520411133815927518 0.008546973929975816217 0.8919561395946923321 -1.373091763051037306 -0.001846945633639818793 0.9999608532699092445 -0.008645878742647746321 -1.376329299614440949 -0.8919951755725172848 0.002260898061986031226 0.4520391719111200302 87.42012831376626991
0.4097112873903698271 0.007045992827004338328 0.9121880200619664203 -1.016090913842967236 0.005576229905407005701 0.9999320764184509436 -0.01022832861072307982 -1.356901086544237689 -0.9121981881382000834 0.009277231442652290189 0.4096441398588653304 87.53406786783808968
0.3703628944525936828 -0.001744875436541197186 0.9288854862898161535 -0.6482986736578100206 0.01899208460224421219 0.9998033532800958412 -0.00569438433656868203 -1.385443521221163765 -0.9286929475756033892 0.01975045963964303791 0.3703231769509359173 87.61031863498594419
0.3347954800040644496 -0.007494856125194051567 0.9422609909763592917 -0.2802024661785294524 0.02526648923514818179 0.999680160168472387 -0.001025880558538248485 -1.452839030141484411 -0.9419519900316982719 0.02415108642575583206 0.3348777445556140875 87.67902939181134059
0.3014797837028250771 -0.004883952262025135528 0.9534600387822665946 0.06824633566349019853 0.02216634540010845381 0.999752449256806841 -0.001887820855813006956 -1.44708827104550064 -0.9532148502735925399 0.02170386354702470016 0.3015133906246083573 87.77431891106941464
0.2706158282701477957 0.004788221564084813205 0.9626754918107778281 0.4247233482766201718 0.01158335343795405085 0.9998989804433430217 -0.008229540348223695137 -1.455033924301307957 -0.9626177095333964262 0.01337805387586286573 0.2705330083610578695 87.87106352922303643
0.241776319593309641 0.01097124365907521659 0.9702699609811187287 0.8194448648496874821 0.007566833872714897116 0.9998842903356984779 -0.01319164365066065499 -1.422491261699404319 -0.9703024825590260694 0.01053129831692676752 0.2416653094060400297 87.97268607464171453
0.2160252325796881978 0.01279900511431590442 0.9763038650056734546 1.206827633281075229 0.007929094005848616109 0.9998580466603770311 -0.01486225062525850515 -1.442436002345872215 -0.9763555603188843746 0.01095182592439867229 0.2158930675962994483 88.02995343379487281
0.19250025642970095 0.01321041165205341476 0.9812079735934710056 1.626529754112918891 0.01663045965766761156 0.9997217919520410279 -0.0167223508896755628 -1.458437185498488331 -0.9811559660167091801 0.01953699577227975201 0.1922269927646845511 88.08628862687903904
0.172299265730771034 0.01821499091675050225 0.984876198952331694 2.012075420074467935 0.02337148676446107118 0.9994718975435257224 -0.02257366070044612011 -1.479256289917121325 -0.9847673259466096507 0.02690744524501507279 0.1717825507367065629 88.1436359930981439
0.152819935737149748 0.02517682575489079908 0.9879332689714763749 2.427591493257627242 0.02388198272878500755 0.9992893423486635118 -0.02916044743572450762 -1.478565346378156953 -0.9879654178871636327 0.02805010196889090937 0.1521100500182134552 88.16867301652595756
0.1347383038108630471 0.02632217327708918225 0.9905315144967146157 2.902939433859627716 0.02037165952722266166 0.9993621662131489947 -0.0293279174438428325 -1.493939546276815022 -0.9906717585043154362 0.02413036377695269505 0.1341161275201126768 88.24469553563264412
0.1183465330921199682 0.02332065395524125784 0.9926984401878333752 3.33200726071131248 0.01901538239813366227 0.9994875549498603018 -0.02574710166190740529 -1.500089743288902433 -0.9927902401455916959 0.02192361991761609952 0.1178424276759682254 88.28920494962552823
0.1050995450856840319 0.0190079748517953187 0.9942800058544384312 3.809848179762260756 0.02103287110481011704 0.999551116430488773 -0.02133200642121275276 -1.527020452330616562 -0.9942392323651186858 0.0231545465795568034 0.104652568086465364 88.32835182578490674
0.09100351227531425224 0.01649476603716900844 0.9957139300925791359 4.270527796483012395 0.02551326664118252693 0.9994959437402456404 -0.01888920894108027729 -1.539666036702572516 -0.9955236716706192812 0.02712289840154596954 0.09053679974305896272 88.37685300105017916
0.07949540822635829673 0.01573197556657135801 0.9967110573621286163 4.806119033456373479 0.03050223155642646858 0.9993688008029276704 -0.01820671359250569318 -1.555381725397774195 -0.9963684261277067078 0.03184926045664608629 0.07896536494976834353 88.3782874901842348
0.06910396777694007009 0.01652548322411289891 0.9974725543447482412 5.310610640684833683 0.0287844451076367247 0.9994134064999703471 -0.01855179739274844669 -1.577900458478963319 -0.9971940853245717662 0.02999369573443101678 0.0685877502165930103 88.406759280412885
0.06143039274970480551 0.01690359111856916396 0.9979681968565735639 5.831460124688472746 0.03454825438001750404 0.9992213623279694312 -0.01905145082520037086 -1.58657780985436081 -0.9975132436745312026 0.03564839594940489437 0.06079856694737287987 88.45728010362495297
0.05571072917833671395 0.01695218400695959471 0.9983030023476451298 6.359502543630249249 0.03579919866942680301 0.9991789742073013958 -0.01896484845076667689 -1.598206347227088653 -0.9978049299796443172 0.03679499171959320358 0.05505811080885529563 88.48823043987484027
0.04993700387047440153 0.01765438237129163951 0.9985962971699713364 6.939769111509343169 0.03944802528353341664 0.9990286292497024823 -0.01963471074755342161 -1.617813730392707594 -0.9979729931944453236 0.04037314913475594652 0.04919206258870101323 88.52515718093967223
0.04367942752232274045 0.01914265721215369087 0.9988621589051887018 7.529907947812343849 0.03544163631822029592 0.9991573187951438006 -0.02069814749256923547 -1.638398246142335202 -0.998416718683688309 0.03630539129601097897 0.04296416961277237795 88.54113178610525381
0.03950576455340008841 0.01914584560709963607 0.9990358738886825352 8.1106541881013694 0.03974679339613720191 0.9989949334641997636 -0.02071680367360229785 -1.649082792303340206 -0.9984284817021654712 0.04052690417014186142 0.03870506997423224516 88.54987233977348637
0.03655126947757353362 0.01878807142344328038 0.9991551226863057966 8.74447690528463184 0.04065789600338242521 0.9989673950511069878 -0.02027189560790963047 -1.674632700482651781 -0.9985043246083940005 0.04136450708273140681 0.03574964051888072231 88.56253136800434334
0.03331946666335441204 0.01845217600639286262 0.9992743749465877734 9.393411828233627858 0.03963694308185802123 0.9990185015186429096 -0.01976909186926743139 -1.677909814925949927 -0.9986584360660824 0.04026687565898043331 0.03255537354597320271 88.58863051850694603
0.03079609921500203393 0.01845555860660352474 0.9993552614996398242 10.05393432552127919 0.04147719676133350408 0.9989446392948881925 -0.01972613529767305168 -1.704919592867035538 -0.9986647027161440482 0.04205794130305418738 0.02999811130189253272 88.59302168448266457
0.03022449662026259823 0.01774958654464027161 0.9993855002114758745 10.73659160585741645 0.0465972811562598635 0.9987301683050047174 -0.01914719276562860256 -1.725844478253236725 -0.9984563682174187882 0.04714735966358431923 0.02935903208050908222 88.60947635335922712
0.03168326901531852424 0.01697496315616501064 0.9993537747743518329 11.45003311026724546 0.05200768741712576138 0.9984732255138116797 -0.01860884515478725479 -1.743385849619085493 -0.9981439360047050791 0.05256366583085762129 0.0307520650916522989 88.64441557967853669
0.03361014473640354383 0.01687423094764680873 0.9992925320375198872 12.1172006558310823 0.05486415976997164462 0.9983185811402365273 -0.01870308233776347626 -1.769014253644531687 -0.9979279674588248383 0.05545395636906907261 0.0326278392327117861 88.65409353357129874
0.0373153840391581143 0.01718897667761101408 0.9991556672116760351 12.85648234263346978 0.05522387192172001358 0.998288611449802521 -0.01923650147849035458 -1.785216267562742098 -0.9977764440031204884 0.05589505994789904786 0.03630227854722279518 88.68023600761316061
0.04156153146594900039 0.01649406359143935213 0.9989997653383579923 13.58893709528558524 0.05477189419859018055 0.9983225501017700676 -0.01876156521252629258 -1.810137108359710645 -0.9976335123019849371 0.05549686676042130118 0.04058840015169545845 88.73053796486377109
