1636239302861933 0.9999806747146978 0.006216928271891147 0.0 0.0 -0.006216928271891148 0.9999806747146978 0.0 0.0 0.0 0.0 1.0 0.49
1636239303111347 0.999978935656748 0.00649062700235975 1.296326415356727e-06 -0.002714106262042985 -0.006490627000680742 0.9999789356567604 -1.2952745952908952e-06 0.0001510797617770576 -1.3047062533584263e-06 1.2868333399521983e-06 0.9999999999983209 0.4950094091923468
1636239303360374 0.9999808854684179 0.006182935828973258 3.174509007619407e-07 -0.0008965741774205751 -0.006182935828550505 0.999980885467605 -1.3159914736061273e-06 0.0003730034043523357 -3.255815236738234e-07 1.3140035404993845e-06 0.9999999999990836 0.4950057109146435
1636239303609410 0.999980029647834 0.006319834117935389 -7.470603165412409e-08 0.0026817961059173467 -0.00631983411797175 0.9999800296477136 -4.963390224117593e-07 0.000730924178576958 7.15677594601171e-08 4.96801240075535e-07 0.9999999999998741 0.4950040462424261
1636239303858863 0.9999806824820259 0.006215678604207099 1.9511614531513232e-07 3.846817966085267e-05 -0.006215678604422625 0.999980682481412 1.1238780180354367e-06 -0.000604808086386491 -1.881267116448257e-07 -1.125069086747346e-06 0.9999999999993494 0.4949997682511108
1636239304108209 0.9999801559581107 0.006299816459425569 5.803692280796955e-07 -0.001462010398406527 -0.0062998164602652736 0.9999801559572132 1.456481121852017e-06 -0.001476072931217886 -5.711821474637886e-07 -1.4601084389994035e-06 0.999999999998771 0.4949994866825513
1636239304357455 0.9999803590110333 0.006267502628093336 8.59412774380702e-07 -0.001466017381513864 -0.006267502629193075 0.9999803590105729 1.2829221638963136e-06 -0.0032904530881608073 -8.513551766335687e-07 -1.288283337860769e-06 0.9999999999988078 0.4949996782509790
1636239304606841 0.9999803790540285 0.006264303954076353 8.363742604159759e-07 -0.003908111145361567 -0.006264303953220946 0.9999803790538617 -1.0215407666342805e-06 -0.0018580149062219407 -8.427570918294294e-07 1.0162814204526314e-06 0.9999999999991285 0.495005764049949
1636239304855797 0.999979236167471 0.006444162587232145 4.878712636948995e-07 -0.006295545403283327 -0.006444162588220928 0.9999792361654761 2.0529448655220415e-06 -0.006898625181241985 -4.7463162312127153e-07 -2.056046160268728e-06 0.9999999999977738 0.4949949214049804
1636239305104837 0.9999752303463285 0.007038372792900182 -5.259079630425861e-08 -0.03342128201676625 -0.007038372792752632 0.9999752303434118 2.4161125382288903e-06 -0.01079466712007185 6.959499440180249e-08 -2.415682538333632e-06 0.9999999999970799 0.494996177424922
1636239305354103 0.9999712895943884 0.007577597451901032 -1.2488545779049195e-06 -0.06412285005414138 -0.007577597455314747 0.9999712895913563 -2.751760799489437e-06 -0.006852169564544024 1.2279669871598624e-06 2.7611451125985277e-06 0.9999999999954341 0.495004957687468
1636239305603296 0.9999580718008548 0.009157217803198699 -4.3353596995745867e-07 -0.11744984270320147 -0.009157217800428446 0.9999580717829096 6.010684939166119e-06 -0.015244492057158523 4.885589437027525e-07 -6.006462938683174e-06 0.9999999999818419 0.494986037620061
1636239305852371 0.9999457925245511 0.010412108826453258 2.989607520924232e-08 -0.18929680484970646 -0.010412108826403366 0.9999457924993848 7.094454505777645e-06 -0.023075154696806852 4.397377776090362e-08 -7.094381214513602e-06 0.9999999999748339 0.4949818882705696
1636239306101315 0.9998647170273347 0.01644833242332222 -1.4515840996550193e-06 -0.24027555567975192 -0.01644833242015225 0.9998647170260871 2.1693961627927447e-06 -0.020592945234331958 1.487070674287926e-06 -2.145226542628825e-06 0.9999999999965934 0.4949899313518867
1636239306350287 0.9995854079839785 0.02879257093869808 -1.4178230109121353e-06 -0.3577516247721949 -0.028792570916712466 0.9995854078925156 1.3642810712286688e-05 -0.03624239902339674 1.8100467879228109e-06 -1.3596331742330602e-05 0.9999999999059317 0.4949698791398700
1636239306599275 0.9991026603213367 0.04235415129901718 -2.081950032640557e-06 -0.4898355048194104 -0.04235415123323974 0.9991026600084659 2.520092715885062e-05 -0.060616425229677064 3.1474456973844354e-06 -2.5090134140485393e-05 0.9999999996802893 0.494946325191975
1636239306847950 0.998657724538712 0.05179526244831932 -2.199674624513736e-06 -0.7010775234786092 -0.05179526232788477 0.9986577238272568 3.792512443364832e-05 -0.09534941091355989 4.161063827112666e-06 -3.776028574562639e-05 0.9999999992784232 0.494948652649270
1636239307096658 0.9972398079411654 0.07424799964688868 -1.9157159570016414e-06 -0.9804408317824448 -0.07424799960100609 0.9972398077861758 1.787755999948722e-05 -0.09549327023410395 3.237801281269602e-06 -1.7685976422773694e-05 0.9999999998383615 0.49498389059472
1636239307345728 0.9952830801526235 0.09701335144566711 -9.761579955996566e-07 -1.376635422454522 -0.09701335144093369 0.9952830801451763 4.0860483766657404e-06 -0.09340595749396893 1.3679547837612887e-06 -3.972074455300389e-06 0.9999999999911757 0.494996096731159
1636239307594865 0.993419896993358 0.11452907165333741 -1.303057096680744e-06 -1.814998176434172 -0.11452907166022505 0.9934198969589596 -8.274297123793186e-06 -0.07173707956828032 3.4683527854509294e-07 8.369089316032866e-06 0.999999999964919 0.4950127324927881
1636239307844104 0.9916742751632232 0.12877162721955085 -7.012526730546268e-07 -2.3604164131967926 -0.12877162721387428 0.9916742750309878 -1.625492255587176e-05 -0.03869304778042194 -1.3977585916855103e-06 1.6209889991261972e-05 0.9999999998676428 0.4950196569756833
1636239308093183 0.9895990394429915 0.1438531928925128 5.089726795987145e-06 -3.000496841985591 -0.14385319295645044 0.989599039318037 1.596307450824436e-05 -0.028748430906951606 -2.7404495113142503e-06 -1.6529216650831187e-05 0.9999999998596374 0.4949937885757797
1636239308342457 0.9872471851337552 0.15919483484388136 1.5078714908546725e-06 -3.582699895618746 -0.15919483484278427 0.9872471849420177 1.952453991463079e-05 0.00013048667192788488 1.6195640225154262e-06 -1.9515592424745222e-05 0.9999999998082594 0.494991183444197
1636239308591557 0.9839614330229483 0.1783813283776661 -2.722655022500292e-06 -4.185573988640207 -0.1783813283808557 0.9839614330256531 -9.754876844300384e-07 0.06623030983484733 2.5049787486147898e-06 1.4455130795076555e-06 0.9999999999958178 0.4950084923102201
1636239308840338 0.9831231387483923 0.18294505742028508 -4.556891724561715e-06 -4.856626220905863 -0.18294505725031018 0.9831231384651 2.5297815707012375e-05 -0.005086300000822317 9.108096041044265e-06 -2.4037207163976644e-05 0.9999999996696276 0.494819138905212
1636239309089106 0.9804395331185828 0.19682053218409565 -2.59847112000662e-06 -5.6011245870920385 -0.19682053182143155 0.9804395319613123 4.918108636266116e-05 -0.05166623186666082 1.2227491400032527e-05 -4.77076488840164e-05 0.9999999987872343 0.494758570447641
1636239309338094 0.977395332497736 0.21141987609812884 2.428661605646952e-07 -6.615140221389715 -0.21141987603415766 0.9773953321724174 2.5749533928484254e-05 -0.045055825744081096 5.2065870210777674e-06 -2.521882100930839e-05 0.9999999996684512 0.494851765044154
1636239309587187 0.9756223066912122 0.21945640725272536 1.0851637749900583e-07 -7.689479097486644 -0.21945640724972973 0.975622306680251 -4.765939091359083e-06 -0.11288733793718682 -1.151786868705719e-06 4.6259418755382086e-06 0.9999999999886371 0.494836812202855
1636239309836048 0.9774025820931141 0.21138635833352562 -5.09612477533082e-06 -8.52261770512643 -0.21138635839286957 0.9774025819065175 -1.9121756361335524e-05 -0.2751294464795296 9.388870709645738e-07 1.9766905299941776e-05 0.999999999804194 0.4948217022450613
1636239310084903 0.9756484270998669 0.21934025318961714 -5.102706767226646e-06 -9.499240594918545 -0.21934025324873488 0.975648426800622 -2.4166493477589923e-05 -0.2957055275449581 -3.2223696821097247e-07 2.469723034456247e-05 0.9999999996949716 0.4948255544467579
1636239310334116 0.973568693504177 0.228394393511889 -6.2187974588807164e-06 -10.635533388361136 -0.2283943935801435 0.9735686927469457 -3.8495827837708116e-05 -0.25951200243117833 -2.7378047392370432e-06 3.889867128782487e-05 0.9999999992396988 0.4948165170293430
1636239310583125 0.9730714569855043 0.23050366501504163 -3.536698678206442e-06 -11.755602068976023 -0.23050366495217 0.9730714560622397 -4.287537446476636e-05 -0.27659364830212463 -6.4414704205796025e-06 4.253602510648236e-05 0.9999999990745969 0.4948191731548143
1636239310832094 0.9728360680929312 0.23149510684923363 -1.0959667653886924e-05 -12.866673591780437 -0.23149510691489206 0.9728360642513054 -8.697275226509704e-05 -0.2602335215255659 -9.47180663269205e-06 8.714733978028045e-05 0.999999996157813 0.4947159095117399
1636239311081354 0.9766572364631655 0.2148037300910404 -9.355256768379267e-07 -13.938698541395677 -0.21480372999131164 0.9766572358571356 -3.50354997512233e-05 -0.5213210041024182 -6.61206811056733e-06 3.441862877009996e-05 0.9999999993858193 0.494794877686615
1636239311330616 0.9808495620698544 0.19476687748042593 4.654737360770941e-06 -15.07639538035381 -0.19476687752364857 0.9808495619969706 1.215755014631728e-05 -0.865782104081838 -2.197709021718103e-06 -1.2831316398336275e-05 0.9999999999152638 0.494882397865961
1636239311580013 0.9838692943205933 0.17888882493084382 -2.393062343514041e-06 -16.36600110880744 -0.17888882494248368 0.9838692941150747 -2.0148674716907566e-05 -1.1226346452145137 -1.2499121853376654e-06 2.0251754485909584e-05 0.999999999794152 0.494791374702524
1636239311829268 0.9843895849120046 0.17600325313363144 9.57653308993617e-07 -17.826014370632347 -0.17600325309276837 0.9843895847752417 -1.6868821989512303e-05 -1.2009902376961654 -3.911671489893905e-06 1.6436942578529283e-05 0.9999999998572628 0.4948271957425720
1636239312078518 0.9836152868439144 0.18028024704791312 -3.0123713775919994e-06 -19.204491027058044 -0.18028024695252332 0.9836152854377556 -5.3006670864995826e-05 -1.1065526041367788 -6.593041186328929e-06 5.2681242823496464e-05 0.9999999985906092 0.49480784105501
1636239312327761 0.9854207821197589 0.17013489402303938 -1.3717974734482017e-07 -20.47112121563298 -0.17013489396823583 0.9854207817812202 -2.6189179941589464e-05 -1.334539434031261 -4.320513580049199e-06 2.583070124294297e-05 0.9999999996570541 0.4948715055585116
1636239312576634 0.9872245661418095 0.15933504317504496 4.5044207031755305e-06 -21.845648234598652 -0.1593350430960341 0.9872245660596591 -1.441075249176905e-05 -1.576953544338015 -6.743012644518577e-06 1.3508936809630722e-05 0.9999999998860203 0.494980487361013
1636239312825848 0.9878704104853495 0.15528055917155031 5.3520935027830975e-06 -23.25478148505556 -0.15528055911000246 0.9878704104541856 -1.045613266344514e-05 -1.6827976359105241 -6.910808932150626e-06 9.498227994826858e-06 0.9999999999310123 0.4950219704925757
1636239313074936 0.9882925874925044 0.1525705131599756 4.386240067204651e-06 -24.8167427745624 -0.1525705130792218 0.9882925874007938 -1.500514610223738e-05 -1.763341212341012 -6.6242313858522836e-06 1.4160263769572812e-05 0.9999999998778033 0.495005442061009
1636239313323825 0.9897713587261072 0.14266274019946093 1.4226835187252426e-06 -26.377452234106332 -0.1426627401666469 0.989771358635895 -1.3782788619778336e-05 -2.0405416822149327 -3.374421791332633e-06 1.3438845490091465e-05 0.9999999999040055 0.4949365161525614
1636239313572994 0.9910694207398038 0.13334692823918512 -1.1875421568743507e-06 -27.905029308401208 -0.13334692823805822 0.9910694205654719 -1.8634941933611423e-05 -2.3083628497793662 -1.3079755474550402e-06 1.8626876206478142e-05 0.9999999998256643 0.4948591764138819
1636239313822318 0.9929507558277036 0.11852761913907625 -4.254900591087799e-07 -29.445196109808048 -0.11852761913687736 0.9929507557711053 -1.0634906303802202e-05 -2.758873054066288 -8.38039448193547e-07 1.0610370576213474e-05 0.9999999999433589 0.4948874852086928
1636239314071759 0.9950531222317817 0.09934426975555423 1.1339162407689366e-06 -31.025077565671364 -0.09934426973942508 0.9950531221840603 -9.973018944995421e-06 -3.358163683597933 -2.1190691800259617e-06 9.811035558431445e-06 0.9999999999496265 0.494934128520047
1636239314321194 0.9965358525471366 0.08316426259802533 3.527806772187163e-06 -32.658834144400686 -0.08316426255779878 0.9965358525032195 -1.0327917181606684e-05 -3.8916388810952367 -4.3744995457797215e-06 9.998752304975616e-06 0.9999999999404443 0.49501064273374
1636239314570990 0.9971536110260618 0.07539679028088274 5.549131059366711e-06 -34.35564122012744 -0.07539679026088492 0.9971536110360414 -3.7291187556906177e-06 -4.1821182805346915 -5.814499658728064e-06 3.30011756257605e-06 0.9999999999776503 0.4951060617733203
1636239314820493 0.9971763716926976 0.07509516444836527 3.4680818399599113e-06 -36.13191763405466 -0.0750951644437256 0.9971763716980244 -1.449396655868863e-06 -4.225703081937915 -3.5671319461543795e-06 1.1848679223694035e-06 0.9999999999929359 0.495061479702528
1636239315070068 0.9973846838614449 0.07227580782231917 6.068826524767273e-08 -37.87930741624098 -0.0722758078183588 0.9973846838149075 -9.66474937426081e-06 -4.357756117932114 -7.590571146719831e-07 9.63508670587286e-06 0.9999999999532945 0.494905297463700
1636239315320043 0.9972759960769151 0.07376033924746805 -8.138418583492585e-07 -39.66754502903696 -0.07376033924907639 0.9972759958797233 -1.9842739898831413e-05 -4.32305851870216 -6.519822767646963e-07 1.9848717449113503e-05 0.9999999998028017 0.494841650167430
1636239315569672 0.9974027283301101 0.07202636680127797 -1.6815134970884286e-06 -41.50290498133014 -0.07202636682020473 0.9974027281516215 -1.8871959282296128e-05 -4.419462971738352 3.1786748789501897e-07 1.8944056985093622e-05 0.9999999998205109 0.494808569454231
1636239315819919 0.9975807438402701 0.06951733248288482 -1.1509188256483004e-06 -43.302737289182055 -0.06951733248958773 0.9975807438122618 -7.501575210543876e-06 -4.5589617200564385 6.266449601024141e-07 7.563435785196098e-06 0.9999999999712008 0.49487333912860
1636239316069416 0.9977123057445386 0.06760292126570462 -1.621181463901414e-07 -45.0989119715678 -0.0676029212637232 0.9977123056903178 -1.0415747800802537e-05 -4.666975447301232 -5.423877088731556e-07 1.0402879414701369e-05 0.999999999945743 0.4949039995558731
1636239316319088 0.9977461883644055 0.06710099553697844 -1.1739630525688267e-07 -46.93424741010798 -0.06710099553696358 0.9977461883578546 -3.6177440075067376e-06 -4.720526636916057 -1.2562250840456927e-07 3.6174677029311925e-06 0.999999999993449 0.49493025813412
1636239316569006 0.9978602202220708 0.06538333806197327 -3.176500625910012e-08 -48.75147218077001 -0.0653833380602552 0.997860220199144 6.780972380581248e-06 -4.839075284259055 4.750596456898435e-07 -6.764385690878962e-06 0.9999999999770086 0.4949724812778531
1636239316818531 0.9978402217151385 0.06568783695410271 1.2415869185391575e-06 -50.588886872208484 -0.06568783695542468 0.9978402217152653 1.055688986153003e-06 -4.860941728410603 -1.1695594400798352e-06 -1.1349660910786668e-06 0.999999999998672 0.4950137046913636
1636239317068122 0.9978722210975175 0.06519992606205373 1.0850224254520667e-06 -52.423756141635074 -0.06519992606925225 0.9978722210560128 9.11433659033512e-06 -4.93461078946474 -4.884596657880123e-07 -9.1656866791715e-06 0.9999999999578757 0.495047826445291
1636239317317794 0.9979190303126998 0.06447952339482367 -5.516041806264748e-07 -54.21878259337669 -0.06447952338607883 0.997919030263094 1.0021851485406417e-05 -5.024951040311936 1.1966605163352074e-06 -9.965429141612354e-06 0.9999999999496292 0.494968948080004
1636239317567351 0.9981410848119213 0.060945670955652675 1.1627393718182745e-07 -56.00317532705684 -0.060945670952619914 0.9981410847392401 1.2061297367643615e-05 -5.272612318552767 6.19026066882512e-07 -1.2045962831921714e-05 0.9999999999272557 0.4950176184569455
1636239317816969 0.9984318088147426 0.055981453573677835 6.831067730993146e-07 -57.77303044759238 -0.0559814535761242 0.9984318088054022 4.340999372626549e-06 -5.602933461912097 -4.390200762316953e-07 -4.372433165790747e-06 0.9999999999903446 0.495009858431487
1636239318066694 0.9986526906955597 0.05189222835919605 4.506424663338495e-07 -59.54177638707725 -0.0518922283503246 0.998652690626924 -1.1756293103336866e-05 -5.882853985560091 -1.0600955578934191e-06 1.1717068898511826e-05 0.9999999999307931 0.4949181443434849
1636239318315897 0.9987236945545467 0.05050724632103568 1.4661332079843007e-06 -61.39073099830799 -0.05050724630121901 0.9987236944921405 -1.1349216707800165e-05 -6.0183258607919665 -2.0374796579119256e-06 1.1260681289693456e-05 0.9999999999345228 0.4949759856441025
1636239318565203 0.9987635250715451 0.04971338835139356 1.7468831564305712e-06 -63.29639354737722 -0.04971338831856474 0.9987635249551131 -1.5456121788759096e-05 -6.112298358366856 -2.5130993638979685e-06 1.5350167201007624e-05 0.9999999998790283 0.4949762031617249
1636239318815039 0.998662417709698 0.05170469465668141 1.5642808476048843e-06 -65.22353013815413 -0.051704694624861235 0.998662417582583 -1.6112968297453074e-05 -6.033188456433028 -2.3953045988851428e-06 1.601053521291703e-05 0.9999999998689626 0.4949627278577229
1636239319064691 0.9985602285913772 0.05364205320493209 1.1238588512510414e-06 -67.1931740405559 -0.05364205315275629 0.9985602282048175 -2.790818504769877e-05 -5.940849184131539 -2.6192930981628724e-06 2.780771754462762e-05 0.9999999996099351 0.4948802267258514
1636239319314587 0.9984524924005683 0.055611333504861395 1.6343432034848888e-06 -69.17229745050956 -0.055611333444174293 0.9984524920706683 -2.5849560745628946e-05 -5.852995653697411 -3.0693425880044858e-06 2.5718670349139316e-05 0.9999999996645645 0.494930830063747
1636239319564232 0.9983446643089168 0.05751461765112682 3.5860636129159923e-07 -71.1344218589429 -0.0575146176258676 0.9983446640204862 -2.4061168344334135e-05 -5.7623222921019535 -1.7418816448468965e-06 2.4000713925910293e-05 0.9999999997104658 0.494855212919004
1636239319813740 0.9981691875952279 0.0604836583983635 1.4796490956992034e-08 -73.10215448207384 -0.060483658389555404 0.9981691874539815 -1.6823822567074098e-05 -5.599564438191617 -1.032335738459584e-06 1.67921263581557e-05 0.9999999998584794 0.4948680451559314
1636239320063331 0.9980898699794651 0.061778729685201365 -7.899448252381442e-07 -75.0638240245403 -0.06177872968909901 0.9980898698011335 -1.887126871425968e-05 -5.544789409873127 -3.774070809438614e-07 1.8884023925232852e-05 0.9999999998216256 0.494801009355496
1636239320312803 0.9979278779724873 0.06434244602571569 -1.5885418266442046e-06 -77.00482844900534 -0.06434244604528688 0.9979278776947663 -2.35434858286927e-05 -5.390007345813182 7.040470750275628e-08 2.359691151992686e-05 0.9999999997215905 0.494720022295268
1636239320562207 0.9977216679250706 0.06746460813037493 -6.302067425056327e-07 -78.95897678262298 -0.06746460812755388 0.9977216676741743 -2.2392570240420755e-05 -5.194301783426027 -8.819350541916006e-07 2.2384069180374365e-05 0.9999999997490878 0.4948055284141565
1636239320811603 0.997136835705207 0.07561832368917452 -1.1642429562301581e-07 -80.93356565058558 -0.075618323674215 0.9971368354748625 -2.148593864251057e-05 -4.586919081295431 -1.5086397093285814e-06 2.143322468026704e-05 0.9999999997691704 0.494866231911532
1636239321061232 0.9957316195292708 0.09229594718069896 1.1834198795853014e-06 -82.94532366616986 -0.09229594715637522 0.9957316194403214 -1.3528837191364456e-05 -3.269736831916855 -2.427025436013217e-06 1.3361866108264985e-05 0.9999999999077851 0.495020663172930
1636239321311278 0.9925576701355087 0.12177549611036691 -1.0960384683681486e-07 -84.94857457034938 -0.12177549608239617 0.9925576698874148 -2.2345449291408457e-05 -0.8306066011932333 -2.612340034449113e-06 2.2192494149682175e-05 0.9999999997503344 0.4949559356494
1636239321560670 0.9888900997333879 0.14864848012853282 -1.5919100652638748e-06 -86.88252173650486 -0.14864848011660953 0.9888900993630264 -2.717670053241543e-05 1.4480322883009684 -2.4655511264415474e-06 2.7111405111669063e-05 0.9999999996294464 0.4948911674933418
1636239321810062 0.9836518156384904 0.1800808306691943 -3.789634085633029e-06 -88.71179940914982 -0.1800808307014179 0.9836518151849035 -2.9918203081235077e-05 4.2011121948677275 -1.6600144157826594e-06 3.0111535235760407e-05 0.99999999954527 0.4947907527817317
1636239322059888 0.9766124505027811 0.21500725913210172 -6.420372527565935e-06 -90.40668183831012 -0.21500725922343553 0.9766124498530437 -3.565150205704736e-05 7.349997828924002 -1.3951159981160139e-06 3.619812748846419e-05 0.9999999993438746 0.494699385138955
1636239322309797 0.9664128297366656 0.256994635138902 -5.287769073905076e-06 -91.88918212473138 -0.2569946351918864 0.9664128294585148 -2.3202244955250683e-05 11.234793705431036 -8.526846044441445e-07 2.378187548762736e-05 0.9999999997168476 0.4947847726880618
1636239322559224 0.9515860864367329 0.30738236785908946 -5.208581030913106e-06 -93.05681827298358 -0.30738236790287016 0.9515860862735059 -1.7631314641655894e-05 16.036469058037365 -4.63142004776825e-07 1.837873966932508e-05 0.9999999998310036 0.494812444219458
1636239322808884 0.933555945546205 0.35843171804829516 -5.481381415884244e-06 -93.93363653884806 -0.3584317180810137 0.9335559453035609 -2.1439088117280622e-05 21.0478118431391 -2.567272977996236e-06 2.1979289137378124e-05 0.9999999997551601 0.4949682899749605
1636239323058629 0.912512500984112 0.4090488180070834 -5.700508658307312e-06 -94.49059413299577 -0.40904881803217047 0.9125125007449719 -2.1175662951576712e-05 26.155999370367773 -3.4600944895562016e-06 2.1654843488850983e-05 0.9999999997595477 0.495058027969858
1636239323308036 0.8886837376684115 0.45852068039122296 -7.418853491520979e-06 -94.76141590751419 -0.4585206804385363 0.8886837374070123 -2.1823233515505914e-05 31.296956170172486 -3.4133894317540072e-06 2.2795650479627252e-05 0.9999999997343536 0.495036768792613
1636239323557519 0.862912345671979 0.5053536223204368 -9.605394094985306e-06 -94.79059031481347 -0.5053536223964562 0.8629123453422908 -2.4174657903886568e-05 36.311535539571146 -3.9281377936544625e-06 2.5714731458164174e-05 0.9999999996616611 0.495040862287406
1636239323807099 0.834240325625807 0.5514010146630651 -1.12275069602594e-05 -94.49750525330096 -0.5514010147709829 0.8342403253451888 -2.18002508845065e-05 41.392879647282584 -2.6542413982900164e-06 2.437750712790473e-05 0.999999999699346 0.49492749365955
1636239324056734 0.8032070540098506 0.5956999481871306 -1.079046772563587e-05 -93.93347837443683 -0.5956999482834063 0.803207053836106 -1.6758196510319276e-05 46.43436239926189 -1.3158770014883095e-06 1.988818271573116e-05 0.9999999998013642 0.49486810347718
1636239324305647 0.7690818776419631 0.6391502682203536 -1.069249505682611e-05 -93.03291524034995 -0.639150268308075 0.7690818774934948 -1.5184326562640274e-05 51.54574887906469 -1.4816622218665458e-06 1.851210146801863e-05 0.9999999998275535 0.494908612684591
1636239324555273 0.7280999374143062 0.6854709921032195 -1.0958035668838603e-05 -91.49143235204366 -0.6854709921520052 0.7280999371099588 -2.227973981945939e-05 57.20465360731917 -7.293570276532643e-06 2.373329275016426e-05 0.9999999996917672 0.495421389620586
1636239324804907 0.6753700462725545 0.7374790169315117 -1.3464984548391941e-05 -88.79816571400032 -0.7374790170114868 0.6753700459236082 -2.31231841238738e-05 63.82393528634835 -7.95901586321043e-06 2.5546849500589433e-05 0.9999999996420064 0.495450477563607
1636239325054240 0.6137923809595709 0.7894674868731787 -1.5617153977612005e-05 -85.167346383852 -0.7894674869830852 0.6137923805946465 -2.2766992545288053e-05 70.77511734182056 -8.38811027037606e-06 2.630344186625313e-05 0.9999999996188842 0.4954781910468376
1636239325303649 0.5492959377338272 0.8356278911802459 -1.6387114446742347e-05 -81.06882127727856 -0.8356278913274068 0.5492959375077655 -1.646037249999497e-05 77.30478446525035 -4.753370967152336e-06 2.273514563795579e-05 0.9999999997302593 0.4951637628633463
1636239325553032 0.4899737370052415 0.8717371947873329 -1.6346172221952095e-05 -77.26927261743367 -0.8717371949405599 0.48997373692390717 -8.930487340118971e-06 82.73885961330906 2.2415710603303603e-07 1.86252705761375e-05 0.9999999998265245 0.4947174980262087
1636239325802330 0.4350427282782814 0.9004098091276563 -1.4023337590218486e-05 -73.76809820086756 -0.9004098092237828 0.43504272830313623 -1.3862307771908995e-06 87.35418120913211 4.852575255678072e-06 1.3229820343651326e-05 0.9999999999007123 0.4943499557964074
1636239326051353 0.393222985254109 0.9194431378417637 -1.1887190968863081e-05 -71.47631081381503 -0.9194431378857371 0.39322298531650884 3.371851041082199e-06 90.63016734055667 7.774542021368781e-06 9.603706832873391e-06 0.9999999999236626 0.494133413381389
1636239326300405 0.3614154393431226 0.9324048906723489 -7.243610810067969e-06 -70.1080477692615 -0.9324048904260877 0.36141543941433013 2.1452950804245884e-05 92.99821994280782 2.2620789033149775e-05 -9.994494964745018e-07 0.9999999997436506 0.492805674832735
1636239326549887 0.3371963759986037 0.9414343333332956 -5.698110837189054e-06 -69.49137934902355 -0.9414343330010306 0.3371963760321689 2.5208010734841882e-05 94.74406852026611 2.5653069105401485e-05 -3.1356526905545597e-06 0.999999999666044 0.492562979920792
1636239326799268 0.3204790021346194 0.9472556197410777 -7.583703444626764e-06 -69.5923248245243 -0.9472556194380033 0.3204790022239626 2.396717192297567e-05 95.91856828227536 2.5133456006491805e-05 -4.97269637791175e-07 0.999999999684031 0.4925509693899850
1636239327048425 0.3122372762028872 0.9500041490312672 -1.3059351309883643e-05 -70.56012066649774 -0.9500041490517868 0.3122372763165987 7.781358258130124e-06 96.48332770112091 1.146993891380762e-05 9.976807820659231e-06 0.9999999998844518 0.493742642921792
1636239327297576 0.3127609964698337 0.949831858204689 -1.4979707377916596e-05 -72.43217419866625 -0.9498318582956203 0.3127609965413167 2.6340393704277304e-06 96.40476627368457 7.1869627172282366e-06 1.340437851728532e-05 0.9999999998843352 0.494111506506724
1636239327546805 0.31335795647208226 0.9496350829773785 -1.708670365039682e-05 -74.31304219177653 -0.9496350831037279 0.3133579562757184 -1.3230563747255165e-05 96.33046238323017 -7.209952966601047e-06 2.0372035659872337e-05 0.9999999997664983 0.4954903528367537
1636239327796152 0.31202138222393566 0.9500750795031102 -1.8438825291834196e-05 -75.98290296441228 -0.9500750793955371 0.3120213815944579 -3.061398894728948e-05 96.40611992059004 -2.333228024051854e-05 2.707048754988181e-05 0.9999999993613964 0.4970616051019251
1636239328045434 0.31063909305882526 0.9505279341514209 -1.609937422079484e-05 -77.6593166589039 -0.9505279342751533 0.31063909292291336 -1.0411841518423301e-05 96.47365658987263 -4.895651204655578e-06 1.8537229927611407e-05 0.9999999998162017 0.49529736331861
1636239328294864 0.3118168529194701 0.9501422261928234 -1.544376588087311e-05 -79.5850883691772 -0.9501422263121178 0.31181685293504613 -1.4503153175501457e-06 96.32925302018775 3.4376206499485225e-06 1.512600685478906e-05 0.9999999998796933 0.494478614120222
1636239328544174 0.3163007491575256 0.9486589670881086 -1.560377277812103e-05 -81.83651954993454 -0.9486589672108289 0.31630074916942197 -1.7643662039784178e-06 95.91065957026883 3.2617031989650653e-06 1.5360729320425635e-05 0.9999999998767046 0.494492854217974
1636239328793317 0.3226052055105744 0.9465336133187988 -1.526125730607514e-05 -84.2696619965313 -0.9465336133798236 0.3226052056320605 6.24481594544251e-06 95.30776771151525 1.0834289252804897e-05 1.2430682891211103e-05 0.9999999998640483 0.493744810557434
1636239329042773 0.331427275944786 0.9434807684899659 -1.5721611320320646e-05 -86.87963765255341 -0.9434807685471508 0.3314272760812716 6.98521619762886e-06 94.46443982514288 1.1800987961736139e-05 1.2517946755058132e-05 0.9999999998520188 0.4936282252620054
1636239329292590 0.3451170607594154 0.9385596486759414 -1.5743017002629605e-05 -89.85939099748992 -0.9385596487549823 0.34511706086962457 4.837675945316549e-06 93.1368256187353 9.973631192834677e-06 1.3106196005206848e-05 0.9999999998643772 0.493814482301889
1636239329542500 0.3613744134300851 0.932420791822918 -1.70924368584494e-05 -92.96503062757942 -0.9324207919740412 0.3613744134304102 -3.1773617043902923e-06 91.51162141630681 3.214131227510241e-06 1.7085560734539093e-05 0.9999999998488764 0.4944080743317164
1636239329792666 0.37564813388675344 0.9267623639189548 -1.8125053442619443e-05 -95.70666456269294 -0.9267623640961786 0.3756481338184888 -7.163502591502293e-06 90.02627103362454 1.6977790544052212e-07 1.948857375848585e-05 0.9999999998100835 0.494638361129293
1636239330042259 0.38824475548850446 0.9215562975375255 -1.738867754993993e-05 -98.1172906929076 -0.9215562976975543 0.38824475547345066 -4.370843238385579e-06 88.66277324058383 2.72308475150565e-06 1.7721602269184386e-05 0.9999999998392646 0.4944232248068900
1636239330292368 0.3998046434294755 0.9166003746421167 -1.7202576251738298e-05 -100.23481014062936 -0.9166003748033897 0.3998046433481094 -8.083553012745648e-06 87.37697673360616 -5.317178569283728e-07 1.899972986987367e-05 0.9999999998193638 0.494739748778622
1636239330542053 0.4079949109617511 0.9129842015684028 -1.770836529544621e-05 -101.87122122332107 -0.9129842016947698 0.4079949106713631 -1.7882887043483625e-05 86.44075267992733 -9.101870432301714e-06 2.3463584659679864e-05 0.9999999996833082 0.4955222227202079
1636239330791172 0.41639961802754644 0.9091816968064592 -1.7216512851713638e-05 -103.4281672753572 -0.9091816969000178 0.4163996176870269 -2.024521323700895e-05 85.46431140190268 -1.1237627953700136e-05 2.40830374280525e-05 0.9999999996468614 0.495747623580637
1636239331040337 0.4236084696663397 0.9058453864564274 -1.6134252318102804e-05 -104.87069779171485 -0.9058453865289888 0.4236084693426868 -2.0076353191484836e-05 84.60531888950743 -1.1351465986941437e-05 2.311965127942552e-05 0.9999999996683129 0.4958168059546333
1636239331289720 0.42874105749101354 0.9034274212090156 -1.5062622698874637e-05 -106.11047937459216 -0.9034274210564355 0.42874105688569486 -3.196283404999674e-05 83.99468843231647 -2.2418135964984356e-05 2.7311765650256798e-05 0.9999999993757476 0.4969365968263934
1636239331539412 0.42979671495637745 0.9029256799924537 -1.4853912914783956e-05 -106.94453821952571 -0.9029256798741601 0.42979671440407796 -3.014983817459114e-05 83.85281968643093 -2.0838900168683238e-05 2.6370280821337402e-05 0.9999999994351745 0.4968101201506018
1636239331788412 0.4297804392590717 0.9029334271216841 -1.4640256165503183e-05 -107.68515673768596 -0.9029334271121026 0.4297804388682206 -2.3824354218780593e-05 83.83691476870787 -1.5219710083805369e-05 2.34584180945805e-05 0.9999999996090316 0.496294075141648
1636239332037722 0.4262359427281685 0.9046120278332923 -1.495776780807533e-05 -108.10131746705804 -0.9046120278361133 0.42623594234269124 -2.3393165800569784e-05 84.24825669890295 -1.4786200895308722e-05 2.3501984747219445e-05 0.9999999996145124 0.496246735720518
1636239332286953 0.42324781191310973 0.9060139565620843 -1.4941536867212192e-05 -108.61803414053975 -0.9060139566487477 0.42324781169037007 -1.5961230037534772e-05 84.58903467506923 -8.137124395584083e-06 2.029279662434976e-05 0.9999999997609947 0.495626970102344
1636239332535955 0.4172542416505794 0.9087897983702342 -1.4161773559758376e-05 -108.93147256008866 -0.9087897984766751 0.4172542415524647 -9.432322822201688e-06 85.28742584392748 -2.662938670042848e-06 1.6805752045663864e-05 0.9999999998552376 0.4951647486993631
1636239332785215 0.4131413522001338 0.9106669110632705 -1.3946089634800506e-05 -109.50114834314064 -0.9106669111681029 0.41314135218252485 -4.2554206238885095e-06 85.75989342905665 1.886435574552905e-06 1.4458332601363192e-05 0.999999999893699 0.4947476458419418
1636239333034345 0.40731476807438327 0.9132878404489497 -1.3941753045292267e-05 -109.98973886442346 -0.9132878405469788 0.40731476808859723 -1.9328403471664194e-06 86.43979158968006 3.913442321804234e-06 1.3520107949935326e-05 0.9999999999009457 0.4945573093329476
1636239333283302 0.40353889370827933 0.9149624916187935 -1.3899447915423991e-05 -110.74695158707 -0.9149624917146875 0.40353889372732926 -1.530051695140281e-06 86.87307764903026 4.20902792392912e-06 1.3334908866558014e-05 0.999999999902232 0.494537597795112
1636239333532490 0.4033578570658822 0.915042315397197 -1.3172811870410078e-05 -111.92307448736504 -0.9150423154751153 0.4033578571041266 2.707299891150113e-07 86.87125467149298 5.561086564184084e-06 1.1944479206991898e-05 0.9999999999132019 0.494471613954826
1636239333781772 0.4023760411849662 0.9154744787852391 -1.3075785514255385e-05 -113.08989279536506 -0.9154744788474597 0.40237604124807297 2.5036062864470125e-06 86.9647696548807 7.553370471620373e-06 1.0963156742982248e-05 0.999999999911378 0.494293404742628
1636239334030833 0.4003291749368664 0.916371404788003 -1.3378970356561384e-05 -114.23569201143941 -0.9163714048420251 0.4003291750176259 3.915029752584224e-06 87.1869388007814 8.943613479609895e-06 1.0692805230300514e-05 0.9999999999028379 0.494135835789170
1636239334279885 0.39883333589089687 0.917023429347479 -1.4411641950503405e-05 -115.44961738668161 -0.9170234294551154 0.39883333589416686 -2.770690484988282e-06 87.3525489627564 3.2070551446343676e-06 1.4320857054410863e-05 0.9999999998923139 0.4946122510970546
1636239334529011 0.40000055472222923 0.9165148967719214 -1.465707435397899e-05 -116.92850691049321 -0.9165148968806689 0.4000005547360717 -2.102190597594335e-06 87.1759790727819 3.936148873859161e-06 1.4274304395310813e-05 0.9999999998903755 0.4945260182059485
1636239334777958 0.40616189162549216 0.913801136778021 -1.456591133935862e-05 -118.92482428156536 -0.9138011368880429 0.4061618916292851 -2.829927811648725e-06 86.35922031711722 3.3301268516214462e-06 1.4459755174891465e-05 0.999999999889913 0.4945913325310176
1636239335027154 0.4188491110128956 0.908055847418038 -1.3091333580059761e-05 -121.56656250070836 -0.9080558474927011 0.4188491110552552 5.49389649052379e-07 84.65569998841858 5.9821699158821555e-06 1.1657550642771577e-05 0.9999999999141576 0.4944632536115714
1636239335276241 0.44096026508788494 0.897526626041078 -1.2597932380348337e-05 -125.05873685665611 -0.8975266260958201 0.440960265149488 2.472741253376443e-06 81.60500107979063 7.774538717006624e-06 1.0216599106557513e-05 0.999999999917589 0.4943465617796819
1636239335525443 0.47402443362522384 0.8805116899547151 -1.330956107219257e-05 -129.44597743033097 -0.880511690033546 0.47402443366562586 -1.347442657053298e-07 76.84712922656261 6.190413248490059e-06 1.1783096187542501e-05 0.9999999999114186 0.494432773323185
1636239335774809 0.5205327760280477 0.8538416884127396 -1.4379982841077825e-05 -134.7651689102168 -0.8538416885253386 0.5205327760241587 -4.306831815300394e-06 69.7435652641294 3.8078998385687213e-06 1.452007595072794e-05 0.9999999998873337 0.4945282392601828
1636239336024224 0.5817489977983923 0.8133683687882058 -1.4599533089953127e-05 -140.85396747749445 -0.813368368916056 0.5817489977525709 -7.647260238283634e-06 59.612374150996 2.2732241570291387e-06 1.632358439587261e-05 0.9999999998641864 0.4945869781894396
1636239336273426 0.6524466976680614 0.7578346168655331 -1.3419345085502923e-05 -146.93631893060765 -0.7578346169837984 0.6524466975865593 -1.035274626022887e-05 46.660911076705105 9.097378891862064e-07 1.6924259352365016e-05 0.9999999998563709 0.4947155847220638
1636239336523136 0.7267947830102879 0.686854674007946 -1.3425119534096377e-05 -152.17273350514841 -0.6868546741373913 0.7267947828253848 -1.6467757502199642e-05 31.28201861025836 -1.553649374630305e-06 2.1189786343371832e-05 0.9999999997742897 0.494694859707457
1636239336771987 0.8025079871584833 0.5966413750168197 -1.2753256359743063e-05 -155.97607709155378 -0.5966413751440297 0.8025079868449265 -2.2674029500570318e-05 13.128209257204512 -3.293674051424906e-06 2.5805210187373817e-05 0.9999999996616213 0.494549707088769
1636239337021341 0.8722495664933105 0.4890610326131622 -1.1373047605159933e-05 -157.525128181004 -0.4890610327323754 0.8722495660644977 -2.758269803806259e-05 -6.976458722989984 -3.56948694632828e-06 2.9621110813576116e-05 0.9999999995549242 0.4942736985898138
1636239337270389 0.9319039752630071 0.36270508795868645 -7.460127083171149e-06 -156.11784678858865 -0.36270508801980406 0.9319039748350247 -2.8442839005209417e-05 -28.90277065032663 -3.3642403416051424e-06 2.921182078712611e-05 0.9999999995676756 0.494277724844538
1636239337520016 0.9750188928353383 0.22212194534086516 -3.1476911547567166e-06 -151.28713032434834 -0.22212194533894195 0.9750188924217986 -2.8586368388681577e-05 -51.52186460668767 -3.2806014133350934e-06 2.8571420539199965e-05 0.9999999995864557 0.494313428094685
1636239337769372 0.9977972031817561 0.06633808348201992 6.041480357306922e-07 -142.37540147703504 -0.06633808342914115 0.9977972026766091 -3.18661165013328e-05 -74.65118800677055 -2.7167543167738674e-06 3.175584389856692e-05 0.9999999994920927 0.493971182740512
1636239338018605 0.9950329700276945 -0.09954591166318437 5.174731516106242e-06 -129.07736444029362 0.09954591177940895 0.9950329694966897 -3.256336913885149e-05 -97.1798329811091 -1.9074781990718036e-06 3.2916749275397506e-05 0.9999999994564246 0.4937524481196589
1636239338268174 0.9626929928570935 -0.2705960114486337 9.471552612151292e-06 -111.2483259048807 0.27059601161241864 0.9626929923941949 -2.987188177521948e-05 -118.1088696361507 -1.034985263973777e-06 3.1320415629154566e-05 0.9999999995089801 0.493761164967752
1636239338517637 0.8992549669348688 -0.4374248555823893 1.2627780651964316e-05 -89.44459288665901 0.4374248557646432 0.8992549665684795 -2.567043350136387e-05 -136.01846870502197 -1.2670880094512825e-07 2.860796995984964e-05 0.999999999590784 0.4938585333092515
1636239338766886 0.8064518302301065 -0.5912997930616114 1.5542663261914854e-05 -64.60652691339428 0.5912997932657558 0.8064518299339324 -2.1859859667347388e-05 -149.83923668017482 3.913212680411109e-07 2.6819297410934976e-05 0.9999999996402862 0.493934498657289
1636239339016284 0.688445631120363 -0.7252879515655996 1.7401964718704076e-05 -37.86430970385671 0.7252879517717079 0.6884456308547482 -1.9224352719551724e-05 -158.94277854819398 1.9628848252623284e-06 2.585635698858239e-05 0.9999999996637978 0.493802460927551
1636239339265728 0.5547078594096964 -0.8320451852242857 2.1259438887357386e-05 -11.137519787849095 0.8320451854872716 0.5547078591066333 -1.8723095270998264e-05 -163.06277271143026 3.7856834417238278e-06 2.8074661871748533e-05 0.999999999598741 0.4933685514896944
1636239339515095 0.4047455437954439 -0.9144293545017049 2.002729524368546e-05 15.921701594976602 0.9144293547145877 0.4047455436133911 -1.2614677576584538e-05 -162.56647996870362 3.429272973099639e-06 2.3419281201953023e-05 0.9999999997198887 0.4937964657190282
1636239339764622 0.24735315189360582 -0.9689253933674705 1.8269050266651556e-05 41.78166178845018 0.9689253935380571 0.24735315181447734 -6.506342495760468e-06 -157.66433521895715 1.785253297978808e-06 1.931071104285069e-05 0.9999999998119546 0.4943579708598429
1636239340014284 0.08563193873251174 -0.9963268393384344 1.6750040419346883e-05 66.12459219971814 0.9963268394789775 0.08563193870833528 -2.1565708744587457e-06 -148.70183889075443 7.143110086087454e-07 1.6873186177184654e-05 0.9999999998573923 0.49470211526671
1636239340263671 -0.07892803358460816 -0.9968803164095671 1.6352246434956387e-05 88.7660648886765 0.9968803165433673 -0.07892803356090348 2.0909221121257936e-06 -135.83595834412006 -7.937484413110898e-07 1.646626497299991e-05 0.9999999998641163 0.494946633483238
1636239340512663 -0.2423361774283115 -0.9701923401242777 1.6473586426714344e-05 109.10397572163997 0.9701923402630848 -0.2423361773681191 5.586892181675359e-06 -119.32144270579505 -1.4282140375715458e-06 1.7336453462910208e-05 0.9999999998487039 0.4949698058322501
