1638109091394316 0.9999806747146978 0.006216928271891147 0.0 0.0 -0.006216928271891148 0.9999806747146978 0.0 0.0 0.0 0.0 1.0 0.49
1638109091643730 0.9999817834657199 0.006035953414428562 9.293943897711865e-07 0.0002700101505317305 -0.006035953414323677 0.9999817834661459 -1.156633060014011e-07 -0.0001429623583312066 -9.300755977556664e-07 1.100514177770027e-07 0.9999999999995615 0.4949993226123894
1638109091893278 0.9999813404436522 0.006108908428661474 -3.065158639776919e-07 -0.001225087887446595 -0.006108908427863608 0.9999813404404786 2.5398575326685073e-06 -0.0009392825067791846 3.220259016188801e-07 -2.5379376627143756e-06 0.9999999999967275 0.4949955738871102
1638109092142502 0.9999811046544197 0.0061473841308406045 -4.917070037824078e-07 -0.005113656319817588 -0.0061473841295255046 0.9999811046510824 2.632878645003418e-06 -0.002735131029824764 5.07883029207921e-07 -2.629806184026175e-06 0.9999999999964131 0.494995631065143
1638109092391826 0.9999806419255249 0.006222199916943527 -4.1934908696190075e-07 0.0011269841108754372 -0.006222199916761185 0.9999806419255195 4.348340852198241e-07 -0.003371048288307073 4.2204659378950287e-07 -4.3221639380781726e-07 0.9999999999998175 0.4949987413316892
1638109092641039 0.9999792492051185 0.006442139157947851 -6.218600329412288e-08 0.004626148321488456 -0.006442139157870947 0.9999792492044399 1.167063019764946e-06 -0.0052320555967579 6.970309526508054e-08 -1.1666381913952964e-06 0.999999999999317 0.4949959594022057
1638109092890268 0.9999822698363998 0.005954830861808917 1.260982986583623e-07 -0.0006743685178291854 -0.0059548308617585945 0.9999822698363299 -3.96096217959529e-07 -0.00480226385316662 -1.2845474889828602e-07 3.95338301069148e-07 0.9999999999999136 0.495000320987508
1638109093139126 0.9999814103297263 0.006097457888342312 -1.9668440893056079e-07 -0.0031855824306939807 -0.006097457888517796 0.9999814103293359 -9.040777286024738e-07 -0.005772621799747135 1.911681767542466e-07 9.052601969984878e-07 0.9999999999995719 0.495001037836053
1638109093388459 0.9999825505149771 0.005907509062868113 1.7781653996613803e-08 -0.0034866582602380166 -0.005907509062855483 0.9999825505147701 -6.439777010855546e-07 -0.005946450617366886 -2.1585647821442115e-08 6.438614187256032e-07 0.9999999999997924 0.495000064897933
1638109093637853 0.9999815140468459 0.006080424520037635 -2.7692198973349996e-08 -0.004697297073001728 -0.006080424520068475 0.9999815140460055 -1.2965389309116077e-06 -0.004807812193268493 1.9808179949528522e-08 1.296683343482223e-06 0.9999999999991591 0.4950021776648360
1638109093887253 0.9999800278195592 0.006320123390446117 3.0023585504779224e-07 -0.0010548111225571794 -0.006320123390242058 0.9999800278193772 -6.759642000020434e-07 -0.003609279711544945 -3.045020358350155e-07 6.740531718746185e-07 0.9999999999997264 0.4950000733160
1638109094136790 0.9999812718325604 0.006120129234161935 2.432717296327929e-07 0.0014836973543932432 -0.0061201292343982805 0.9999812718321056 9.827733950654713e-07 -0.0041299470452072756 -2.372524734145663e-07 -9.842438439472216e-07 0.9999999999994875 0.494996538442885
1638109094386051 0.9999811263760884 0.00614384971936601 -4.8746432538692444e-08 0.0013461548582481215 -0.0061438497193306634 0.9999811263758479 6.956704033809405e-07 -0.0032594889811230223 5.3019606928530574e-08 -6.953577828051398e-07 0.9999999999997569 0.4949984412174072
1638109094635180 0.9999785379231949 0.00655161741460488 -9.622298636679955e-08 0.0013919303649508187 -0.00655161741473549 0.999978537922182 -1.4258380669003793e-06 0.0007378599928861498 8.687937571261102e-08 1.4264378816506182e-06 0.9999999999989788 0.4950030562977968
1638109094884238 0.9999784437476711 0.006565975764659824 -1.0333678380490121e-07 -0.015336899050136623 -0.0065659757646835465 0.9999784437476498 -2.3049228337658136e-07 0.0014016103980744792 1.0182114950470894e-07 2.3116582164535777e-07 0.999999999999968 0.494999374643987
1638109095133440 0.9999793874291799 0.00642064751588571 7.592354879710279e-08 -0.053679502473976536 -0.006420647516017351 0.9999793874274092 1.8830086398301335e-06 0.0004387633271407217 -6.383184907131831e-08 -1.8834573045304056e-06 0.9999999999982243 0.494993720572702
1638109095382439 0.9999831145953596 0.005811240995884822 -1.3695248986216275e-07 -0.07304045390457352 -0.005811240994313787 0.9999831145498627 9.540955413340338e-06 -0.010171274445133974 1.9239496859697936e-07 -9.539998446545453e-06 0.9999999999544757 0.4949798210265139
1638109095631470 0.9999814836056683 0.00608542875119165 -6.98618548689171e-07 -0.07621916757341428 -0.006085428745813797 0.9999814835781341 7.457920949449692e-06 -0.017365067369054972 7.439902593491504e-07 -7.453531462262169e-06 0.9999999999719458 0.494986535936451
1638109095880931 0.9999807888781425 0.006198537913539641 -3.8634615553077836e-07 -0.08367518092813363 -0.006198537912542978 0.9999807888750234 2.5297374089933946e-06 -0.021290883282884726 4.0201940661993215e-07 -2.5272940286143215e-06 0.9999999999967255 0.494995115146870
1638109096130372 0.9999807865768283 0.0061989091534760225 5.121473061031759e-07 -0.0933198606994795 -0.006198909152079578 0.9999807865733639 -2.684749380486417e-06 -0.02045281458224806 -5.287799835180457e-07 2.681523042641677e-06 0.999999999996265 0.4950028045250516
1638109096379705 0.9999785405072763 0.0065512229736256955 5.044713042776204e-07 -0.08238350252077728 -0.006551222971885719 0.9999785405017134 -3.3768762297354756e-06 -0.019203065559060206 -5.265831477126452e-07 3.3734988596949484e-06 0.9999999999941711 0.495001035538601
1638109096629270 0.9999807985492811 0.006196977493151873 6.769671254838716e-07 -0.07869611996927925 -0.006196977492458603 0.9999807985489927 -1.021488926627656e-06 -0.018716202226975127 -6.832842706205819e-07 1.0172741625219176e-06 0.999999999999249 0.4949960473956026
1638109096878528 0.9999805792098979 0.006232270909208822 3.440538485624117e-07 -0.0787639246434592 -0.00623227090853839 0.9999805792081247 -1.916587688111414e-06 -0.015418913070468753 -3.55991860456598e-07 1.914406229677489e-06 0.9999999999981042 0.4949989137580494
1638109097127822 0.9999777923705463 0.0066644402213348304 1.7903910699515625e-07 -0.08162874979242826 -0.00666444022164733 0.9999777923689307 1.8052773245904254e-06 -0.016817726828161732 -1.6700396814818637e-07 -1.806430429090502e-06 0.9999999999983544 0.4949898118657531
1638109097376951 0.9999766501736089 0.006833674361350567 2.397482608257986e-07 -0.08889603575456974 -0.006833674361812835 0.9999766501716681 1.9832428792976945e-06 -0.015767030477414744 -2.261898267287712e-07 -1.9848349324685224e-06 0.9999999999980047 0.494991819400889
1638109097626129 0.9999755973915258 0.0069860302884969345 1.9154817254085113e-07 -0.09551903123700045 -0.006986030288623443 0.9999755973913202 6.676891035236926e-07 -0.014070653551946475 -1.8687900196574635e-07 -6.690109715044858e-07 0.9999999999997589 0.494995564906180
1638109097875276 0.999974838130613 0.007093877878494908 2.580384223629952e-07 -0.11757319603424027 -0.007093877879332733 0.9999748381248422 3.405293402120375e-06 -0.016514553314802095 -2.3387519409826764e-07 -3.4070382116365643e-06 0.9999999999941687 0.4949931423719494
1638109098124308 0.999968270539476 0.007966047417732826 7.712153919632712e-07 -0.1655357663957805 -0.007966047420195554 0.9999682705344899 3.2446560533332865e-06 -0.015432910454498322 -7.453438377377536e-07 -3.2506966405379313e-06 0.9999999999944387 0.494991547694370
1638109098373735 0.9999682038630465 0.007974412744864365 1.4332329107898343e-06 -0.23719140548372877 -0.007974412756436188 0.9999682038298817 8.25817067368057e-06 -0.020385083455397395 -1.3673332780057774e-06 -8.26933728658009e-06 0.9999999999648743 0.4949808506876014
1638109098623048 0.9999606307205009 0.008873387556116174 3.2219072537324246e-07 -0.29186571766491604 -0.008873387560838011 0.9999606305131046 2.036655869981981e-05 -0.042459689077774795 -1.4145767236187044e-07 -2.0368615806298155e-05 0.9999999997925497 0.494947156763988
1638109098872281 0.9999509612240255 0.00990328958434882 5.682821408267177e-07 -0.3791107235299391 -0.009903289587873211 0.9999509612025288 6.576067985862528e-06 -0.04345400962124983 -5.031295673647452e-07 -6.58137336616069e-06 0.9999999999782161 0.494988380794925
1638109099121532 0.999895963000391 0.014424395067486884 -4.7400074283535673e-07 -0.4406085423673984 -0.014424395070745792 0.9998959629700502 -7.79782485562368e-06 -0.03932689813650357 3.614725228220982e-07 7.803850767318136e-06 0.9999999999694846 0.49500676825660
1638109099370869 0.9996108971582139 0.02789362436673405 7.334866546291695e-08 -0.5121709048663827 -0.027893624366369284 0.9996108971533505 -3.122273631354541e-06 -0.03813853819087787 -1.604116531319012e-07 3.1190127856965146e-06 0.999999999995123 0.494998132172702
1638109099620188 0.9993370469101893 0.03640695907060629 1.3492998935681938e-06 -0.6408384787755538 -0.036406959082405266 0.999337046859592 1.0103918584439185e-05 -0.05009268563497413 -9.805524206121837e-07 -1.014634406643212e-05 0.9999999999480451 0.494982250429682
1638109099869074 0.9989334977746263 0.0461721454987967 1.2473174777882051e-06 -0.792727336372377 -0.046172145505460796 0.9989334977571812 5.982778909601285e-06 -0.05095226982570087 -9.697494726015532e-07 -6.0339895866696925e-06 0.9999999999813254 0.4949914754585530
1638109100118051 0.998406386117579 0.05643304135904376 6.091527695451806e-07 -0.9523382808318974 -0.05643304136213395 0.9984063860844793 8.131180978477556e-06 -0.05711018659608429 -1.4931474275898281e-07 -8.152599359047582e-06 0.9999999999667564 0.4949880098558167
1638109100367294 0.997433367298661 0.07160082259766541 -5.989979492320873e-07 -1.1382617527035357 -0.07160082259545819 0.9974333672940907 3.1292062096524445e-06 -0.05676828256085544 8.215142801954904e-07 -3.0782859407743813e-06 0.9999999999949247 0.4949886197741
1638109100616471 0.9962209916799214 0.08685468169944591 -9.637924864466107e-07 -1.3582643116440367 -0.08685468167501673 0.9962209915676165 1.5130548453549709e-05 -0.07068987621514777 2.2743092763894473e-06 -1.4989660095478772e-05 0.9999999998850688 0.4949581683499
1638109100865842 0.9948186201152254 0.10166569266177633 -2.325308701304215e-06 -1.565908161155172 -0.10166569261861129 0.9948186200197086 1.4290834500922558e-05 -0.07930336514376747 3.7661479816107875e-06 -1.3980384138863878e-05 0.9999999998951825 0.4949535518376650
1638109101115173 0.9926732162017038 0.12082998729745113 -1.7972487942862913e-06 -1.7799661371388267 -0.12082998728556552 0.9926732161885319 5.67922318200899e-06 -0.06556283759717617 2.470301205862191e-06 -5.420451192661629e-06 0.9999999999822582 0.4949753081463648
1638109101364247 0.9893985386965495 0.14522579530634153 -7.351622745987379e-07 -2.041142023471113 -0.14522579530798507 0.9893985386911488 -3.2786956670067954e-06 -0.03766573940300035 2.5121729438089634e-07 3.350701227783742e-06 0.9999999999943547 0.494989650237513
1638109101613257 0.9860604741472798 0.16638732319453844 -1.5378977387308327e-06 -2.359772875687539 -0.16638732319204733 0.986060473948996 -1.9855317340785474e-05 0.0030760425147797533 -1.7872129303773637e-06 1.9834430319534448e-05 0.9999999998017006 0.494993010849111
1638109101862467 0.9827893075668853 0.18473001090669125 -6.185991664910215e-07 -2.686555125293781 -0.18473001089519261 0.9827893074556813 -1.4940278196731249e-05 0.03670691095865547 -2.151965107807595e-06 1.4797419494620826e-05 0.9999999998882028 0.494990230855996
1638109102111597 0.9794403853737689 0.20173381346689676 -8.68232851988858e-07 -3.028974445480159 -0.20173381345895003 0.9794403852745888 -1.4079839232426051e-05 0.08019564371897137 -1.9899973423025465e-06 1.3965515088041316e-05 0.9999999999005023 0.4949908003622923
1638109102360579 0.9763083531808048 0.21638391693001047 -1.0855393927423284e-06 -3.383008188314086 -0.21638391692527317 0.9763083530932009 -1.3201715641269094e-05 0.12714805529070694 -1.7968177639119526e-06 1.3123838522696273e-05 0.9999999999122682 0.494990097149899
1638109102609660 0.973204763075768 0.22994018597088733 2.8101207192284726e-07 -3.7565047601177315 -0.22994018596967425 0.9732047630734214 -2.2812802158532214e-06 0.16581300028489307 -7.980402839632241e-07 2.1555368039060213e-06 0.9999999999973583 0.494985653703405
1638109102858605 0.9700862672229839 0.2427604460014165 5.812845518706982e-07 -4.161401304543361 -0.24276044599921237 0.970086267220318 -2.5651797186478095e-06 0.21372648865152194 -1.1866203336924608e-06 2.3473327209598154e-06 0.999999999996541 0.4949929483326902
1638109103107777 0.9669952405426009 0.25479443624357984 5.004111372606874e-06 -4.607761577161124 -0.25479443629159293 0.9669952402934223 2.196549878374711e-05 0.23319332290990294 7.577350002065346e-07 -2.251555251640174e-05 0.9999999997462379 0.4949590071254520
1638109103356836 0.9636511924693516 0.2671635813985478 4.946244169697865e-06 -5.059863250588561 -0.2671635814367857 0.9636511921377866 2.535861856931722e-05 0.2711093137584518 2.0084452655690633e-06 -2.57583193307928e-05 0.9999999996662376 0.494959739221994
1638109103605985 0.9607920105706739 0.27727010730671237 3.931085900666501e-06 -5.539976796141566 -0.27727010730074747 0.960792010135394 2.9243600448886356e-05 0.2944659482554753 4.331420309990736e-06 -2.9186990281162412e-05 0.9999999995646791 0.494966502158052
1638109103855127 0.9588213524039501 0.2840098839332124 5.198917619989293e-07 -6.016878245233953 -0.2840098838990137 0.9588213522566771 1.738139642078336e-05 0.3015013822847517 4.4380050578068266e-06 -1.681330842184759e-05 0.9999999998488085 0.494959768719093
1638109104104130 0.9576337933829039 0.28798874590293233 -1.4467206747073025e-06 -6.523889804929962 -0.28798874590241047 0.9576337933839891 5.61475106197862e-07 0.30400485550499456 1.5471271193800906e-06 -1.210482630585528e-07 0.9999999999987959 0.4949643882080806
1638109104353491 0.9566017289408674 0.2913985795763641 -2.4468998618774084e-06 -7.042485922307306 -0.2913985795853851 0.9566017288784091 -1.0964740353973432e-05 0.3121396663339261 -8.544011263091391e-07 1.1201912724162453e-05 0.9999999999368936 0.4949770467822875
1638109104602603 0.9566112171985295 0.29136742975472235 -2.416980987587495e-06 -7.56996870874777 -0.2913674297503863 0.9566112170361074 -1.7863880849294802e-05 0.3003445140817117 -2.892841924420887e-06 1.7793018341282053e-05 0.99999999983752 0.4949927234093234
1638109104851654 0.9567866757119278 0.2907907446528245 -1.4633675561420985e-06 -8.104481527513393 -0.29079074465383387 0.9567866756694425 -9.102364287046097e-06 0.27744247087828755 -1.246752709810477e-06 9.134554608695025e-06 0.9999999999575027 0.494991456965826
1638109105100670 0.9571941896443444 0.2894465119993506 -5.326325525046013e-07 -8.661661984723478 -0.2894465119989495 0.9571941896443428 7.202151073934557e-07 0.24473715459806025 7.182965351987173e-07 -5.352170815927339e-07 0.9999999999995988 0.4949936582024792
1638109105349907 0.9578918380692925 0.28712928542647576 2.912252622764329e-06 -9.247705851501722 -0.28712928542746224 0.9578918378746634 1.951362592280577e-05 0.1823717360656015 2.8133104501260226e-06 -1.952813601719519e-05 0.9999999998053686 0.4950028879932689
1638109105598977 0.9585409182655518 0.28495492276556666 -2.639723754780316e-07 -9.824971184811028 -0.2849549227639914 0.9585409182626279 2.5637835877370523e-06 0.15223557101610954 9.83591077420115e-07 -2.3822712465627748e-06 0.9999999999966787 0.4950098538240156
1638109105848218 0.9592110620970288 0.28269088832334066 -2.7235156624443345e-06 -10.395969798788128 -0.28269088833642686 0.959211062047718 -9.727160081381827e-06 0.11462210337934876 -1.373531731926518e-07 1.0100312614887198e-05 0.9999999999489824 0.4949982941751283
1638109106097341 0.9595239677538545 0.2816269789636668 -4.844132488629634e-06 -10.960550536892283 -0.2816269790048746 0.959523967579519 -1.8297892175930398e-05 0.09415158915418197 -5.051188699405688e-07 1.892150450089532e-05 0.9999999998208609 0.494982179803144
1638109106346514 0.9597634203098762 0.2808098591808296 -4.438195377685527e-06 -11.516705691394591 -0.2808098592116919 0.9597634200890608 -2.0645244937717898e-05 0.08363266642537556 -1.5377707490068116e-06 2.1060839913768166e-05 0.9999999997770381 0.4949863359533420
1638109106595554 0.9598818766778963 0.2804046768387705 -5.480132108400944e-06 -12.070382001794055 -0.28040467688372367 0.9598818763121034 -2.6590558020508054e-05 0.08294614983597404 -2.195837338057941e-06 2.7060449407834465e-05 0.999999999631455 0.494975964170211
1638109106844826 0.9599263483865533 0.28025239636474714 -1.6856102751559078e-06 -12.627044500777023 -0.2802523963586803 0.9599263482774287 -1.4688247778483424e-05 0.07523414653557932 -2.4983549222754117e-06 1.4572032373168293e-05 0.9999999998907072 0.495002613879778
1638109107094045 0.960422620528599 0.278546925972462 -2.4571990165673996e-06 -13.187924601898999 -0.2785469259763004 0.9604226204045556 -1.5561720451826383e-05 0.0531463128169835 -1.9747198763562765e-06 1.5630273568888325e-05 0.9999999998758975 0.494993953311522
1638109107343071 0.9620163365118359 0.27299188317888995 -7.460417180673473e-07 -13.751803362700185 -0.2729918831792568 0.9620163365119192 -4.424919918511329e-07 -0.03668605106242779 5.969075983545217e-07 6.293478584833506e-07 0.9999999999996239 0.4950074309786239
1638109107592050 0.964376481750292 0.26453355447509785 -1.2109658683345039e-06 -14.321880791912076 -0.2645335544720256 0.964376481749311 2.232442862592062e-06 -0.16765685988943543 1.7583830492308952e-06 -1.8325742880443461e-06 0.9999999999967748 0.495000636703976
1638109107841252 0.9669063037158857 0.25513173035035164 -8.281905423417138e-07 -14.930062386666686 -0.25513173035092473 0.9669063037158501 -6.8005495681808e-07 -0.3147128502406599 6.272790582031221e-07 8.688471107504883e-07 0.9999999999994258 0.4950090097941796
1638109108090577 0.9690337018348646 0.2469285012000661 -1.0365612997811535e-06 -15.549926700410536 -0.2469285012022158 0.9690337018281518 -3.60868738122321e-06 -0.4498915049181854 1.1337506715394481e-07 3.752896219959052e-06 0.9999999999929514 0.495006062642128
1638109108339766 0.9710442631033491 0.23889964230113794 -4.785693352648093e-07 -16.201486998237463 -0.23889964230159333 0.9710442631022018 -1.4966424035577873e-06 -0.5907290717551107 1.0716467264309592e-07 1.5676360629067716e-06 0.9999999999987654 0.4950134777840261
1638109108588864 0.972603426916694 0.23247058727414788 -2.8872759364260797e-07 -16.87726598314084 -0.23247058727432543 0.9726034269160888 -1.085220634078584e-06 -0.7090886355497859 2.853556889582891e-08 1.1226099809244448e-06 0.9999999999993694 0.495015903803680
1638109108837959 0.9740818976204352 0.22619561606224925 3.981187651151195e-07 -17.610051396566067 -0.22619561606098534 0.9740818976186242 -2.0635992589613063e-06 -0.8290074404111186 -8.545773878891799e-07 1.920061962760787e-06 0.9999999999977915 0.4950270648934650
1638109109086998 0.975615535639944 0.21948650668229866 3.9179747438204515e-07 -18.38608355616998 -0.21948650667473127 0.9756155356183597 -6.752112872695939e-06 -0.9562271539171995 -1.8642413699799344e-06 6.501471958035027e-06 0.9999999999771276 0.495028137459113
1638109109336117 0.9770457455321112 0.21302960154601996 7.158192845354314e-07 -19.13411861797939 -0.21302960154583522 0.9770457455323589 -3.2603555971547487e-07 -1.095858459421363 -7.688434119030985e-07 1.660609595491482e-07 0.9999999999996907 0.4950270442174524
1638109109585232 0.9785594799729916 0.20596442448303232 3.584506420493307e-07 -19.941473643643768 -0.20596442448278504 0.9785594799729083 -6.272649240028558e-07 -1.246285323253742 -4.799595329514613e-07 5.399879576435631e-07 0.9999999999997391 0.4950248599687888
1638109109834578 0.9799856187274953 0.1990682975384141 4.610573994143882e-07 -20.772893811922454 -0.19906829753757976 0.9799856187267184 -1.4379457509330978e-06 -1.400504578602262 -7.380790334261369e-07 1.3173842448591607e-06 0.9999999999988598 0.4950257231186226
1638109110083533 0.981443141231796 0.19175338465547873 -1.1993729160477937e-08 -21.65432741555474 -0.1917533846553985 0.9814431412313238 -9.788080778411632e-07 -1.569818578806489 -1.7591859863222176e-07 9.629443127427993e-07 0.9999999999995208 0.495013060553845
1638109110332912 0.9825094865423518 0.1862125367737999 -5.636468873496041e-07 -22.53786920066478 -0.1862125367741251 0.9825094865278594 -5.3548664771136985e-06 -1.7000354977803542 -4.4335485691642813e-07 5.366165229682023e-06 0.9999999999855038 0.4950012103044229
1638109110582010 0.9838123544992877 0.17920170515909023 6.397166297782673e-07 -23.447648349160737 -0.179201705157562 0.983812354497848 -1.9468774301348002e-06 -1.878152534588064 -9.782448789716738e-07 1.8007237575925468e-06 0.9999999999979001 0.495028181480089
1638109110831214 0.9849107812079804 0.173062858686764 1.1036919503953223e-06 -24.388534890965385 -0.17306285868640867 0.9849107812085757 -4.1043331912534306e-07 -2.0427383508624706 -1.158068864588188e-06 2.1323211692940903e-07 0.9999999999993068 0.495038935417919
1638109111080251 0.9859816937233117 0.16685352750116134 8.340196857082756e-07 -25.33954047691622 -0.1668535274996799 0.9859816937226016 -1.609434233574833e-06 -2.21236046914484 -1.0908679214681627e-06 1.4477135649950261e-06 0.9999999999983571 0.49503383171285
1638109111329265 0.9868811670550327 0.161448326438403 3.196572945957535e-07 -26.32488584754685 -0.16144832643725845 0.9868811670525909 -2.300476001143814e-06 -2.3679213680466717 -6.868717643454445e-07 2.2186883055499097e-06 0.9999999999973028 0.49502071664261
1638109111578283 0.9876050499406823 0.15695943848448088 2.5705991815407796e-07 -27.347369120568175 -0.15695943848447183 0.9876050499407155 -5.5299806738547194e-08 -2.508133756056261 -2.6255349992088344e-07 1.4266387985436373e-08 0.9999999999999654 0.495024694545670
1638109111827384 0.9881457323041672 0.15351876669258518 1.255565856825257e-07 -28.39558815577548 -0.1535187666907472 0.9881457322957333 -4.153097557650884e-06 -2.61811879190309 -7.616466193100623e-07 4.08459033526082e-06 0.999999999991368 0.495018531192862
1638109112076392 0.9889750980588707 0.14808192130418477 2.744484148225739e-07 -29.46363456548312 -0.14808192130368175 0.9889750980580418 -1.3653367231873222e-06 -2.7982056747603785 -4.7360433315882503e-07 1.309643171134807e-06 0.9999999999990303 0.4950287056957121
1638109112325547 0.9904438635731929 0.1379164714889903 -1.4139237351227407e-08 -30.548445970394944 -0.13791647148894043 0.9904438635729118 7.553919652832534e-07 -3.1252306230259683 1.1818511531338842e-07 -7.462233028839328e-07 0.9999999999997147 0.4950286809535295
1638109112574767 0.9916526083954429 0.12893837388546844 -2.2877932275559427e-07 -31.662285011467034 -0.12893837388552004 0.9916526083954367 -2.2725781018470875e-07 -3.4228974765992617 1.9756735965997873e-07 2.54859234103209e-07 0.999999999999948 0.495021535565354
1638109112823808 0.992834280269118 0.11949933857596433 -4.198713770332453e-07 -32.80730516286657 -0.11949933857598986 0.9928342802692034 -3.609970328909957e-08 -3.748417843671514 4.1254880575752653e-07 8.601537477561704e-08 0.9999999999999112 0.4950152474346734
1638109113073365 0.9934599881844219 0.11418078592361314 -4.914071620400111e-07 -33.96979739538987 -0.11418078592182439 0.993459988180845 2.785199988435459e-06 -3.9515028781120165 8.062096770280514e-07 -2.7108754916390545e-06 0.9999999999960005 0.4950238477703771
1638109113322474 0.9943851586805547 0.10582134091766338 -5.442788652069729e-08 -35.1669723623106 -0.10582134091706125 0.9943851586728778 -3.924012751798013e-06 -4.259848797755013 -3.6112200859996686e-07 3.907739674804814e-06 0.9999999999922995 0.495021573177144
1638109113571873 0.995253522367937 0.09731611485932755 -8.170718889296573e-07 -36.397525178929115 -0.09731611485688665 0.9952535223650407 2.628286642950108e-06 -4.594053290503493 1.0689683203136568e-06 -2.5362972774049456e-06 0.9999999999962121 0.4950221054487898
1638109113821521 0.996112069649126 0.08809508894654845 -7.756774576539199e-07 -37.59481809208534 -0.08809508894742668 0.9961120696486492 -1.1819002998756046e-06 -4.959910678937922 6.685420656814485e-07 1.245638528457328e-06 0.9999999999990008 0.495007536600075
1638109114071080 0.9968356633251946 0.07949000138822031 -2.9498670878417833e-07 -38.818678582395066 -0.0794900013881262 0.9968356632953771 -7.716770038398663e-06 -5.308181528549802 -3.193527895513917e-07 7.71580007386308e-06 0.9999999999701823 0.4950002184155108
1638109114320301 0.9972878637663479 0.0735997063981974 4.6958314328984336e-07 -40.112123227972766 -0.07359970639497686 0.9972878637543586 -4.960673475736331e-06 -5.564961033276422 -8.334136811799621e-07 4.912658271996276e-06 0.9999999999875857 0.495041400919027
1638109114569774 0.997834269979451 0.06577818521833474 -1.3136879076694598e-06 -41.377144960580104 -0.06577818521567957 0.9978342699785433 1.9713698083627804e-06 -5.909549913567811 1.4405159427205326e-06 -1.880688347085124e-06 0.999999999997194 0.495001642239607
1638109114819626 0.998052255656786 0.062383451119546796 -1.6075183117188647e-06 -42.654193832482584 -0.062383451115943823 0.9980522556558771 2.201722779553334e-06 -6.076532707666162 1.7417383424200842e-06 -2.0971518464517206e-06 0.9999999999962841 0.494994980623758
1638109115068659 0.9975430462553162 0.07005619790730969 -4.502586088020542e-07 -44.00599070524039 -0.07005619790858011 0.9975430462466287 -4.166251630825599e-06 -5.76035664853701 1.5728059544275283e-07 4.1875587494975765e-06 0.9999999999912199 0.4950129904748578
1638109115317450 0.9975267620656048 0.0702876871186257 -4.379532128922794e-07 -45.36215062946606 -0.07028768711957269 0.9975267620617914 -2.768853871014603e-06 -5.776220172570179 2.422537158284625e-07 2.792788554993033e-06 0.9999999999960709 0.49502003229346
1638109115566517 0.9973729240408516 0.07243790712021547 -1.0869032970373134e-07 -46.78229093440943 -0.07243790711959959 0.9973729240235413 -5.884783854272019e-06 -5.70125644615222 -3.178766343093133e-07 5.877197380104677e-06 0.9999999999826787 0.495022788460539
1638109115815909 0.9973836048038814 0.072290696941492 -1.3766211528607485e-06 -48.16791667934921 -0.07229069694457303 0.9973836048018679 -2.337950139678793e-06 -5.7405050661609645 1.2040073228776057e-06 2.4313500407389466e-06 0.9999999999963194 0.494980265346793
1638109116065629 0.9972753110944332 0.07376959994965013 -1.5927899286010685e-06 -49.580343612207756 -0.07376959994376878 0.9972753110900676 3.4802667785410333e-06 -5.704894195089353 1.8451879595219033e-06 -3.3532846584412552e-06 0.9999999999926754 0.4950000963641988
1638109116314899 0.9972738046532114 0.07378996237162885 -1.8625879527356376e-06 -50.98324590139922 -0.07378996235587502 0.9972738046283026 7.448192510974418e-06 -5.741863661938002 2.4071120192063346e-06 -7.290446988308423e-06 0.9999999999705276 0.495010451798790
1638109116563831 0.9972575402813145 0.07400944769186567 -1.4745786572904777e-06 -52.39962525505686 -0.07400944766975485 0.9972575402158114 1.1665948053152814e-05 -5.769740821612198 2.333925056845268e-06 -1.1524821908590827e-05 0.9999999999308657 0.4950466096895979
1638109116813198 0.9972182923707626 0.07453641632505499 -5.702142467482774e-07 -53.81801204169718 -0.0745364163207862 0.9972182923559303 5.52668286514482e-06 -5.775728372020509 9.805672123545045e-07 -5.46880752277901e-06 0.9999999999845652 0.495064457710557
1638109117062358 0.9971812285852486 0.07503064276968209 -7.415966555001874e-07 -55.2541129954809 -0.0750306427713552 0.9971812285820882 -2.569382869944372e-06 -5.782264954091534 5.467238157919294e-07 2.617782840702132e-06 0.9999999999964242 0.495015538039452
1638109117311927 0.9972075191230093 0.07468041109727903 -8.009138798944636e-07 -56.6991810976856 -0.07468041109365067 0.997207519116085 3.8720724152626e-06 -5.849354826175166 1.087845302967876e-06 -3.8014471492960134e-06 0.9999999999921827 0.495039785981202
1638109117561185 0.9973644793491787 0.07255408554647483 -9.075817596453775e-07 -58.12979878723248 -0.07255408555008362 0.9973644793371624 -4.926361745894641e-06 -6.003893163482843 5.477621376213241e-07 4.979226982424043e-06 0.9999999999874536 0.4949925835892383
1638109117810939 0.9974653625825864 0.071153709991584 4.3583999390748404e-07 -59.59196943220771 -0.07115370999220906 0.9974653625812839 1.643096537095343e-06 -6.131253464538595 -3.178228830624051e-07 -1.6699435156652265e-06 0.9999999999985552 0.4951073289071288
1638109118060237 0.9974282789595663 0.0716716703365274 8.347236434979821e-07 -61.09427212435551 -0.07167167033827734 0.9974282789571394 2.299401459667366e-06 -6.141990451772899 -6.677750237519046e-07 -2.3533140783587443e-06 0.999999999997008 0.495137155915286
1638109118309454 0.997471511805376 0.07106745481689752 5.593184990288346e-07 -62.58831877845934 -0.07106745481894883 0.9974715117885381 5.797560231739822e-06 -6.226713433004198 -1.4588641898049519e-07 -5.8226505113083834e-06 0.9999999999830378 0.495136678022046
1638109118559313 0.9974621301923274 0.07119900862908157 4.329208862133125e-07 -64.11214354182503 -0.07119900863035795 0.9974621301668993 7.122711210395578e-06 -6.267043168909948 7.530778757549681e-08 -7.135458234595642e-06 0.9999999999745397 0.4951384961098982
1638109118808819 0.9975100436569632 0.07052455459778666 -1.8487068323846034e-07 -65.61528269815483 -0.07052455459539819 0.9975100436389677 6.0226955176262255e-06 -6.360330509756326 6.091582821648011e-07 -5.9946613461401794e-06 0.9999999999818465 0.4950914099151280
1638109119058321 0.9975331537863231 0.07019691656247208 -1.143878804931209e-08 -67.16572743240599 -0.0701969165623436 0.9975331537841576 -2.082869183090199e-06 -6.424216756082307 -1.348004239379284e-07 2.0785340327872213e-06 0.9999999999978308 0.495063120703985
1638109119307603 0.9975264282711603 0.07029242418530857 -7.079144907694824e-07 -68.71004792491401 -0.07029242418881752 0.9975264282070939 -1.1305926305190818e-05 -6.456400397285501 -8.855755419918668e-08 1.1327721311213827e-05 0.9999999999358375 0.494966251134175
1638109119556838 0.9975836555701925 0.06947553621987299 -1.9849145698863023e-06 -70.26899226974051 -0.06947553624761992 0.9975836552738184 -2.4318714790933785e-05 -6.540960446202533 2.905625817557842e-07 2.4397855404111676e-05 0.9999999997023301 0.4948030218150188
1638109119806287 0.9975561263937213 0.06986969791198805 -2.4100975487698462e-06 -71.84822388893546 -0.06986969794681923 0.9975561261830592 -2.0524028360965274e-05 -6.547859064244834 9.70199912958605e-07 2.06422630175604e-05 0.9999999997864779 0.4947979467802108
1638109120055798 0.9974969843694382 0.070709024676266 -9.874267025367497e-07 -73.48419159268266 -0.07070902468314982 0.9974969842797329 -1.3377702719419747e-05 -6.523692823265682 3.9030846278580426e-08 1.3414038099524457e-05 0.9999999999100311 0.4949428714657380
1638109120305156 0.9973187594563875 0.07317986084380106 -1.0106140033066077e-06 -75.14376679452427 -0.07317986085044131 0.9973187593986562 -1.0733232177123214e-05 -6.373262962735873 2.224478668830686e-07 1.0778410392005458e-05 0.9999999999418883 0.494957720670836
1638109120554549 0.9967609394614478 0.0804215739695863 -1.3977433386215323e-06 -76.84597606090658 -0.08042157397957085 0.996760939411547 -9.99129407954522e-06 -5.861288081208796 5.897003673919221e-07 1.0071340392496986e-05 0.9999999999491103 0.494937220669904
1638109120803799 0.9959255701768965 0.090179036718736 -1.439286942316263e-06 -78.57982589281308 -0.09017903672962116 0.9959255701016686 -1.2245450793513125e-05 -5.1379828756950445 3.291397118212552e-07 1.2325351073665812e-05 0.9999999999239888 0.4949353554044475
1638109121053070 0.9947732505988215 0.10210866705037454 -2.0043413266024393e-06 -80.32026259645949 -0.10210866706490765 0.9947732505540438 -9.494026353864924e-06 -4.223200958065167 1.0244427607521288e-06 9.649064078529116e-06 0.999999999952923 0.494910778579399
1638109121302805 0.9931935369625111 0.11647574052338647 -1.7869107621827443e-06 -82.0962367625255 -0.11647574053652293 0.9931935368887843 -1.2107125845744898e-05 -3.082055324950174 3.6456177150474725e-07 1.2232850895510841e-05 0.9999999999251121 0.4949387305105946
1638109121552191 0.9900604254615278 0.14064264620076675 -1.5334753796750511e-06 -83.88121333674667 -0.14064264620837932 0.9900604253618686 -1.4055170366741514e-05 -1.0961663845393208 -4.5852306649910645e-07 1.4131139988554813e-05 0.9999999999000504 0.494986344740377
1638109121801491 0.9858398505238407 0.16768956172703142 -2.1667630551536925e-06 -85.6407252046283 -0.1676895617403208 0.9858398503997888 -1.564699217694888e-05 1.18767502096941 -4.877558943554276e-07 1.5788771976020084e-05 0.9999999998752385 0.494970472384682
1638109122051360 0.9813098072211506 0.19243456613929188 -2.0341957701874273e-06 -87.37746351871714 -0.1924345661494486 0.9813098071370041 -1.285987035890867e-05 3.3278116869410543 -4.785073142036658e-07 1.301096648331777e-05 0.9999999999152429 0.495006775361760
1638109122300844 0.9762172805249465 0.21679442150529182 -2.5359194795034313e-06 -89.05610733269164 -0.21679442151988987 0.9762172804742836 -9.9507593313219e-06 5.484761421591301 3.1833930501099946e-07 1.0263876410184186e-05 0.9999999999472757 0.4949731591241781
1638109122550675 0.9696459086672581 0.24451341844427502 -1.8192209213151e-06 -90.66186041730782 -0.24451341844848581 0.9696459086643057 -2.641139350081597e-06 8.001442506608537 1.118206112236049e-06 3.0057938914171926e-06 0.9999999999948574 0.4949970159007533
1638109122800312 0.9623055522515932 0.271970630957028 -5.996966124461002e-07 -92.22320253458474 -0.27197063095192053 0.9623055522432041 4.391268260932008e-06 10.551626742620012 1.7713873794495294e-06 -4.062641962863445e-06 0.9999999999901785 0.495037612342449
1638109123049233 0.9542402500944535 0.29904104249363705 -1.3268022716999463e-06 -93.71833251629232 -0.29904104248693525 0.9542402500899188 3.797832787749097e-06 13.132712486917532 2.401796007637197e-06 -3.227276574702636e-06 0.999999999991908 0.494968144622167
1638109123298540 0.9453070169852035 0.3261819180011157 -2.3273696052891916e-06 -95.1348005940953 -0.3261819179915554 0.945307016984045 3.720745258551287e-06 15.785590193112409 3.4137186438306983e-06 -2.758100719600638e-06 0.9999999999903697 0.4948676676459168
1638109123548028 0.9329587922097424 0.35998318297990994 -2.8211024946794385e-06 -96.31681589969419 -0.3599831829697987 0.9329587922112212 3.532565632834022e-06 19.185933712049152 3.9036365967419386e-06 -2.280188710696821e-06 0.9999999999897813 0.494814137614893
1638109123797394 0.9129656231329628 0.4080364823933567 -3.3561749959852833e-06 -97.02498415967769 -0.4080364823921894 0.9129656231390422 1.0566446321942601e-06 24.16788605728715 3.4952219554415487e-06 4.0476161459402586e-07 0.9999999999938098 0.4948113432920155
1638109124047140 0.8840625661374854 0.467368568842622 -3.1891931190740155e-06 -97.03882182140666 -0.46736856883464206 0.88406256614253 2.951396094717349e-06 30.517599573025585 4.1988360216577995e-06 -1.11869018138756e-06 0.9999999999905591 0.494765070900705
1638109124296459 0.8512060574012216 0.5248316375983124 -4.136327192117066e-06 -96.62676756446555 -0.524831637614192 0.8512060573840751 -5.443449501806694e-06 36.87870569040773 6.639722450370649e-07 6.804372563057626e-06 0.9999999999766298 0.49498393992338
1638109124545901 0.8159830054594076 0.5780758901478115 -5.386512380170454e-06 -95.88108501796913 -0.5780758901616654 0.8159830053500026 -1.3839904827045294e-05 42.98299260365434 -3.605212742136774e-06 1.4406940075110616e-05 0.9999999998897213 0.4952769240479536
1638109124795234 0.7782888862384576 0.6279063700240188 -6.2232075231242515e-06 -94.82515002625092 -0.6279063700040488 0.778288886011171 -2.0435173000036632e-05 48.895318125377806 -7.987922048694967e-06 1.9812059679959785e-05 0.9999999997718376 0.4956225775190295
1638109125045368 0.7388285360700012 0.6738934591269083 -5.691751985917065e-06 -93.48779317920679 -0.6738934590753007 0.7388285358341656 -2.122348041374314e-05 54.557603693242825 -1.0097135844665788e-05 1.9516147398428133e-05 0.999999999758584 0.495849422753406
1638109125294789 0.6922194506617573 0.721687073513445 -6.848495160318721e-06 -91.4029568306979 -0.7216870734821422 0.6922194504432183 -1.9865468576620143e-05 60.684535802513004 -9.59599032481685e-06 1.8693734175295173e-05 0.9999999997792306 0.4958104933741428
1638109125544256 0.6448841616750772 0.7642803268206735 -7.299637828545024e-06 -89.08961691898868 -0.7642803268309641 0.6448841615483504 -1.4177549027048537e-05 66.38623572761973 -6.128200983254578e-06 1.4721846404296433e-05 0.9999999998728561 0.495526910117343
1638109125793982 0.5962777573529344 0.80277819855708 -2.3177195884387306e-06 -86.5442248159521 -0.8027781984980156 0.5962777573400935 1.0747865913290067e-05 71.77078393558065 1.0010157074563846e-05 -4.548098627286399e-06 0.9999999999395557 0.494254551450823
1638109126043417 0.5473574921875126 0.8368989041340987 -1.763300059404968e-06 -83.8088575695239 -0.8368989039533231 0.5473574921108668 1.973819655700545e-05 76.79518499395282 1.7484030566535184e-05 -9.328145880710675e-06 0.9999999998036473 0.49356712774404
1638109126292901 0.4978350355992112 0.8672717436431744 -2.414076185119699e-06 -80.84512059198804 -0.8672717434912154 0.49783503556080566 1.75398485786402e-05 81.52514113465018 1.641362676353674e-05 -6.638291079577556e-06 0.9999999998432629 0.4936139573276081
1638109126541740 0.45056923261263904 0.8927414892337039 -4.62743032654899e-06 -77.99428317076385 -0.8927414892122026 0.450569232634582 6.326894870720597e-06 85.7422055916901 7.733259280432628e-06 1.2803948742304905e-06 0.9999999999692786 0.4943495976564370
1638109126791298 0.40271620395354313 0.9153248926003065 -7.566550764196852e-06 -74.94283739230033 -0.9153248926265025 0.4027162039650863 2.1407005780679873e-09 89.73775469517072 3.049132037399998e-06 6.924990170996325e-06 0.9999999999713736 0.494700194267131
1638109127040689 0.349195937497507 0.9370497303628357 -7.742168411596588e-06 -71.19561443723119 -0.9370497303931654 0.34919593750049666 -1.0061236331637847e-06 93.90201155334039 1.7607458776103317e-06 7.606131108083074e-06 0.9999999999695233 0.494823001461047
1638109127289832 0.2930506109994114 0.9560969298703903 -9.113333483415572e-06 -67.04478228022327 -0.9560969299117942 0.2930506109658373 -4.853704391164682e-06 97.94824245982711 -1.969943921645028e-06 1.0135611202219953e-05 0.9999999999466944 0.4951568726278
1638109127538549 0.24785459431971643 0.9687972439207214 -1.5620174245219808e-05 -63.87720540919524 -0.9687972438459467 0.24785459390796483 -2.4351227435217097e-05 100.973130750696 -1.9719870081048407e-05 2.116834535435253e-05 0.9999999995815141 0.496773167304481
1638109127787279 0.23285429780996997 0.9725116327864095 -9.181761387395845e-06 -63.83355461846663 -0.9725116328006178 0.23285429771953367 -9.939133986447365e-06 101.90367443714327 -7.52791082196924e-06 1.1243739824120513e-05 0.9999999999084546 0.495740685006533
1638109128036239 0.22986734649062032 0.9732219700468715 -5.763195340807852e-06 -65.07422120072958 -0.9732219700608071 0.2298673464708356 -3.89683828216198e-06 102.06057547029258 -2.467718209740674e-06 6.504624199064449e-06 0.9999999999758 0.495342597285833
1638109128285171 0.23191736122416437 0.9727354920779775 -3.5217438043738704e-06 -66.88723584870968 -0.9727354920839274 0.23191736122592813 9.534001917090557e-08 101.87808776219728 9.094941504891138e-07 3.4036141868835616e-06 0.9999999999937943 0.4950818861026124
1638109128534104 0.23599012184513435 0.9717554540002994 -3.1555858096659326e-06 -68.92367639372594 -0.9717554539957278 0.23599012185604126 3.700684867867029e-06 101.55188304533611 4.340847783646115e-06 2.1931326482209063e-06 0.9999999999881735 0.4947400079896032
1638109128783163 0.24885070426718528 0.9685418560763606 -3.41340305703164e-06 -71.90944078385348 -0.9685418560610859 0.24885070428353706 5.753360763189707e-06 100.57953770546315 6.421798467016908e-06 1.874295854523244e-06 0.9999999999776237 0.4945167054260337
1638109129032163 0.26111886783835897 0.9653066542994946 -4.657944613789637e-06 -74.83911005055892 -0.9653066542951023 0.26111886785855076 4.430784088745583e-06 99.61178367651816 5.493342588743285e-06 3.3393836061471603e-06 0.9999999999793359 0.4945635615202154
