0.9999727208254474142 0.007386311999347235611 0 -0 -0.007386311999347235611 0.9999727208254474142 -0 0 -0 0 1 0.4949999999999998845
0.9999669368338429676 0.008131716163048686302 2.082347886696793671e-05 0.003563178563258029372 -0.008131717100823365393 0.9999669360145543306 4.535293659931264855e-05 0.00626265120441842852 -2.045399315218032982e-05 -4.552076772683490223e-05 0.9999999987547467661 0.4950100266900812618
0.9999444943929057805 0.01053603772590759775 6.677343092048085678e-06 0.02822550056530418253 -0.01053603788864271654 0.9999444941053632352 2.482359597920094304e-05 0.01287967415934855586 -6.415430116416464923e-06 -2.489257087024913178e-05 0.9999999996696008475 0.4950062839328813746
0.9999881777358091695 0.004862548857532709295 3.075126588411712956e-06 0.02215786121965331035 -0.004862548895147483438 0.9999881776641527109 1.234511255618672671e-05 0.02373863644442976428 -3.015061520275995001e-06 -1.235991956239959928e-05 0.9999999999190706257 0.4950058366079714833
0.9999907084626867837 0.004310799252041209659 5.7874160275957806e-07 -0.005364711548481184387 -0.004310799251551827686 0.9999907084625001552 -8.441614139190729939e-07 0.02631695033050147556 -5.823752357520152041e-07 8.416587314937674108e-07 0.9999999999994759747 0.4949948010633690165
0.9999875639495060531 0.004987178416282999488 -9.704555403593524477e-08 -0.005507617776244819532 -0.004987178416607157723 0.9999875639427001639 -3.690198713706810176e-06 0.02728873444583453448 7.864066779492574908e-08 3.690636805701792919e-06 0.9999999999931863393 0.4949943863716267933
0.999982014704686617 0.005997521806077363293 -1.254652839775374969e-06 -0.01876488362133122909 -0.005997521818608277967 0.9999820146530267184 -1.023433823605613096e-05 0.01320475449870065279 1.193249607667040059e-06 1.024167897624196904e-05 0.9999999999468418554 0.4949830007071530091
0.9999891376894944894 0.004660954976830737097 -1.989453347930343755e-06 -0.02014726702509574835 -0.004660954991690979474 0.9999891376630427597 -7.531411839178772094e-06 0.002194606380941457185 1.95432816632320233e-06 7.54060278315763865e-06 0.9999999999696597142 0.4949900966224613508
0.9999761738826340451 0.006903018838889942235 -4.364946929329288509e-07 -0.002328420321527308132 -0.0069030188383003609 0.9999761738818382373 1.3380504229163953e-06 0.001734191971780322389 4.457208802355868216e-07 -1.335005411281839378e-06 0.999999999999009348 0.4950081042668648679
0.9999683457934437358 0.007956595553779180832 7.415963105240254875e-07 0.001987649857559851442 -0.007956595555370158182 0.9999683457913565165 2.167696012710982463e-06 -0.001226749893113491001 -7.243253554228265255e-07 -2.173527977921898141e-06 0.9999999999973753217 0.4950051228561921923
0.9999782020100357327 0.0066026893261124011 8.193568937608037806e-07 0.0007366756635152297422 -0.006602689327039587379 0.9999782020097222057 1.134130340915640731e-06 -0.004965630312769863351 -8.118507231309152775e-07 -1.139515578171251668e-06 0.9999999999990210053 0.4950035617151707368
0.9999888659834159643 0.004718888676458535096 1.045744195862272039e-06 0.01202744014314171411 -0.004718888686725468233 0.9999888659334821295 1.004306053900972535e-05 0.008925487174084388575 -9.983404678223715612e-07 -1.004788346986218894e-05 0.9999999999490214453 0.4950268155457894781
0.9999631727460591701 0.008582141547327396675 5.736711026294500901e-07 0.006091704872346474439 -0.008582141548314456067 0.9999631727446998131 1.740914017768853556e-06 0.005331282796160242456 -5.587092053749357256e-07 -1.745773231291221219e-06 0.9999999999983197885 0.4950028502246716089
0.9999819000639080802 0.006016605781897289493 1.293837188226902141e-06 0.01939202450406533884 -0.006016605792823585819 0.9999819000275810277 8.613669434687961095e-06 0.02357820347970154828 -1.241988716485190922e-06 -8.621298036143362883e-06 0.9999999999620651225 0.4950194075410339623
0.9999587352359420311 0.009084482754230273349 8.098356968083854366e-07 0.0006490800277086530932 -0.009084482757278014228 0.9999587352288585862 3.842736649302607528e-06 0.02823858922606131 -7.748930043038068064e-07 -3.849935018105372542e-06 0.9999999999922885019 0.495006610580574713
0.9999864013552790531 0.005215084538064924252 1.104240490457995503e-07 -0.01259632636205438271 -0.005215084536716522827 0.9999864013063070045 -9.897925843049975333e-06 0.01483144700013241599 -1.620410674459915331e-07 9.89721537392230331e-06 0.9999999999510091886 0.4949813603376860272
0.9999933972827270701 0.003633922216471111803 -1.583410645115152567e-06 -0.01526043661637951042 -0.003633922220065426752 0.9999933972813841443 -2.273063610736284044e-06 0.01620512089784467008 1.57514005394574012e-06 2.278802593466666112e-06 0.9999999999961627362 0.4950019606103643333
0.9999789446630694689 0.00648923960604024571 -1.449771386249066693e-06 0.01357753330855635855 -0.006489239606209975392 0.9999789446641129675 -1.124146290502086806e-07 0.01268704787272817089 1.449011375362438504e-06 1.218201760219257305e-07 0.9999999999989425126 0.4950038129360616601
0.9999254724556674301 0.0122085844580251731 1.440228250129296169e-06 0.1240564841254956641 -0.01220858448142350845 0.9999254723025248204 1.754323845012334616e-05 0.04076210744055067114 -1.225942804948450358e-06 -1.755951414390625106e-05 0.9999999998450800343 0.4950419280915169251
0.9997329475782243957 0.02310916508389960003 4.232371727742338779e-06 0.2156941247840364617 -0.02310916511601376899 0.999732947556765783 7.702892190314789862e-06 0.04537044010338815714 -4.053234055282347399e-06 -7.798641691389415672e-06 0.9999999999613760071 0.4950106425660992793
0.9994928533581507457 0.03184393300410406913 4.364036734654844253e-06 0.3061358253688479802 -0.03184393300953289319 0.9994928533668082649 1.180192265277344785e-06 0.04960899824937374525 -4.324241564690282337e-06 -1.318561828162774093e-06 0.9999999999897809522 0.4950048249329597194
0.9989419308304261502 0.04598933358989536896 5.193256497832622331e-06 0.5616512321514516293 -0.0459893334686661201 0.9989419306192394155 -2.144870347050676989e-05 0.01495236549921151632 -6.174173251121720922e-06 2.118717485377015405e-05 0.9999999997564913423 0.4949587370880636494
0.997628352814853181 0.06883073192271753349 2.266792457881469604e-06 0.898553006266601062 -0.06883073179366126781 0.9976283521521672748 -3.667605403460917016e-05 -0.04484368136852499853 -4.785856067666478744e-06 3.643304639059538022e-05 0.9999999993248641639 0.4949316415531186952
0.9950512965889427575 0.0993625540999039103 1.280742673574399062e-06 1.373609181020495562 -0.09936255406125307776 0.9950512964326124754 -1.790067933858662685e-05 -0.118337320817008429 -3.053061876942106704e-06 1.76848363225419392e-05 0.9999999998389624833 0.4949593563856580225
0.9920098654708172647 0.1261603218098555079 3.411357275159717152e-06 2.022466012091709509 -0.1261603218096837009 0.9920098654766688062 -2.663639911363322119e-07 -0.2157184973956984275 -3.417704638464364638e-06 -1.661422246285349735e-07 0.9999999999941455719 0.4949853267085731479
0.988937175106133548 0.1483349711847908314 4.352036066965421229e-06 2.673855834907110207 -0.1483349711193037157 0.9889371750434242658 -1.274360744102628136e-05 -0.3630033086765677708 -6.194212896306794599e-06 1.19570679990865565e-05 0.9999999999093298619 0.49493024445025674
0.9853685024274122517 0.1704374208276127345 2.796887333618730847e-06 3.404421045314385719 -0.1704374206575757222 0.9853685019599262018 -3.141776818865950783e-05 -0.55846176769503586 -8.110728060313528238e-06 3.048138492665919983e-05 0.999999999502550363 0.4948767802204649402
0.982835698621251308 0.184483033125982826 2.558693391341648215e-06 4.264100274476620989 -0.1844830331147780667 0.9828356986182003041 -4.083930771945291211e-06 -0.751726102924215045 -3.268191142714043856e-06 3.541797435720233204e-06 0.9999999999883870672 0.4949388460527267553
0.9813015084841800739 0.1924768801976926569 6.186136325231799355e-06 5.265256694461136533 -0.1924768802632405851 0.9813015084075908945 1.278083005146012306e-05 -0.9772727299549502922 -3.610450612522999206e-06 -1.373253602994148597e-05 0.9999999998991908612 0.4949583240865822464
0.9803745630341444972 0.1971438970234216936 4.925579651861393427e-06 6.252487473078575775 -0.1971438970694049386 0.9803745629646245519 1.193489160341463364e-05 -1.207107707079754233 -2.476021957291786774e-06 -1.267171210845122253e-05 0.9999999999166483411 0.4949599062098166136
0.9834911022511076961 0.1809564914262628554 -2.41462959559048025e-06 7.216664384528507448 -0.1809564914113678813 0.9834911017480261197 -3.163500765400841311e-05 -1.500112216855290947 -3.349793270031678222e-06 3.154969144703907583e-05 0.9999999994966977113 0.4948542857192503863
0.9865472590222091887 0.1634763153547234005 -6.003466162704058932e-06 8.284549126515985407 -0.1634763154453310607 0.9865472588075850924 -2.073381022102194676e-05 -1.740427481368706175 2.533216187963013894e-06 2.143630817081544778e-05 0.9999999997670335761 0.4949276896571929707
0.9876695596082329942 0.1565529974742196351 -2.710793319475734743e-06 9.386903245673570595 -0.1565529973077493808 0.987669559114824458 3.215774461011093279e-05 -1.936285294781154853 7.711759353421319957e-06 -3.133684263781655072e-05 0.9999999994792653224 0.4950219188203634491
0.988459512977410748 0.1514852837852324885 -1.78891283967074911e-06 10.50215888098119166 -0.1514852837345829761 0.9884595128447827284 1.675530593110864037e-05 -2.183073750710594396 4.306450187905102153e-06 -1.629094757135720993e-05 0.9999999998580295646 0.4949787207291161395
0.9877467563998119093 0.1560651954247764261 9.536978221376303707e-07 11.77464545178043842 -0.1560651954276471021 0.9877467563856473509 5.291059230895282232e-06 -2.433192630820724123 -1.16261737514758371e-07 -5.375065630226929919e-06 0.9999999999855473387 0.494984497352074948
0.9866360668885679752 0.1629394718757944116 4.661204667319942593e-06 13.1428366897997968 -0.1629394718906806427 0.9866360668925202582 3.012807968846638525e-06 -2.704315572654380606 -4.10800730063855199e-06 -3.732039231540869628e-06 0.999999999984597876 0.4949822767074628094
0.9893909750436574724 0.1452773157432305506 5.902118634634166197e-06 14.37151880496305445 -0.1452773158311144175 0.9893909748619809097 1.920412254759922607e-05 -2.925754195650738687 -3.049579534752507113e-06 -1.985782948518354269e-05 0.9999999997981831035 0.494996805562837594
0.9934888068038335573 0.1139297622655156689 5.277388971615680704e-06 15.7191683941053153 -0.1139297623437204449 0.9934888040663761855 7.38193575422660907e-05 -3.066008291687715381 3.16719499737992593e-06 -7.393995711502305852e-05 0.9999999972614256327 0.495085972541936592
0.9957322906764979331 0.09228870622590128192 3.084817159151927405e-06 17.26145054813168045 -0.09228870627140496607 0.9957322896721282346 4.473571131981635363e-05 -3.218182888488858584 1.056948866699023694e-06 -4.482948609222524208e-05 0.9999999989945997925 0.4950358945460395232
0.9952425115158908264 0.09742865733426120389 1.953945420722376438e-06 18.96111115057247432 -0.09742865732347438801 0.9952425115062394356 -5.013020208089401514e-06 -3.413318350665339285 -2.433061375929521901e-06 4.798800543354477857e-06 0.9999999999855256894 0.4949848847591379331
0.9949183323562456049 0.1006852120877839291 3.246183175125552727e-06 20.6966224733409021 -0.1006852118689515879 0.9949183315258800508 -4.131459581612472056e-05 -3.621370847454862929 -7.38945599049092924e-06 4.077780613059818683e-05 0.9999999991412830136 0.4949679764044682129
0.9962740324869516773 0.0862441429283802713 -2.229368307394393056e-06 22.33733494964549138 -0.08624414295707660827 0.9962740321100383989 -2.740507538402369919e-05 -3.79251607078073727 -1.424654857166169367e-07 2.74952349224570912e-05 0.9999999996219957055 0.4949913094456639406
0.9977394439082243327 0.06720120587848535387 -6.460366373620772134e-07 23.9444469639212798 -0.06720120587402687862 0.9977394438940563326 5.411876590591487987e-06 -3.921655234935054413 1.008260868250114088e-06 -5.356228298927156771e-06 0.9999999999851468813 0.4949962543918451918
0.998727605384496675 0.05042985470117211655 -1.30372789175391679e-08 25.59446042529494747 -0.05042985469752066935 0.9987276053152277511 1.177838117252196506e-05 -4.040413359264728221 6.070027414984253802e-07 -1.176273695565724374e-05 0.9999999999306345977 0.4949991839988929776
0.9994107521352161294 0.03432416812864075989 1.015333817324811303e-06 27.25671834518894343 -0.03432416814006895855 0.999410752021232307 1.510231134936076806e-05 -4.128654409046298213 -4.963612600387005089e-07 -1.512826283330901268e-05 0.9999999998854444128 0.4950047415983225285
0.9998133861451850013 0.01931820045235174005 4.291216795229512611e-06 28.96118780760538414 -0.01931820052434973442 0.9998133860011924057 1.742308995886963379e-05 -4.194124373363524505 -3.953833249778895038e-06 -1.75027371554333026e-05 0.999999999839010445 0.4949993527851460628
0.9999774811706411137 0.006710970676236415085 5.141541134312462148e-06 30.6978476743058657 -0.006710970750371639953 0.9999774810776544953 1.453992219873498803e-05 -4.245889128846732419 -5.043848360835557323e-06 -1.457409950887261954e-05 0.9999999998810773505 0.4949953597040154252
0.9999878876208323497 -0.004921850061631313084 2.414280475285986612e-06 32.42878067047456625 0.004921850035189599681 0.9999878875651392329 1.083855064203335041e-05 -4.278655230247936814 -2.467596953616519024e-06 -1.08265366349560962e-05 0.9999999999383483162 0.4949916656154776384
0.9998892603049850392 -0.01488177167244532535 9.337053281613452783e-07 34.16967025501108424 0.01488177167100394188 0.9998892603042685012 1.532158941633781338e-06 -4.299255101843439952 -9.564031694526878868e-07 -1.518094081318176006e-06 0.9999999999983900656 0.4949856096265879968
0.9996724852535852079 -0.02559144832153929794 -1.399693570606813227e-06 35.94604812058922505 0.02559144831756671873 0.9996724852507843373 -2.786056747847923397e-06 -4.302373145828326528 1.470534377601478541e-06 2.749324087506042795e-06 0.9999999999951391105 0.4949824311022863466
0.9994253658116121208 -0.03389599044005581902 2.577873367847098565e-06 37.7102740932409759 0.0338959904294858852 0.9994253658071337032 4.03901818574577524e-06 -4.284855836169376708 -2.713298555476312331e-06 -3.94931765680375054e-06 0.9999999999885201829 0.4949783662487154401
0.9991380693935477675 -0.04151045991219581843 2.940177899829869316e-06 39.51459847710153639 0.04151045984279132933 0.9991380691869748976 2.066872991875385286e-05 -4.233014358701665536 -3.795612154630643098e-06 -2.05288667711988426e-05 0.9999999997820792075 0.4949841832440513012
0.9988067614981485098 -0.04883700615675692219 4.17829652905638263e-06 41.34030374320082757 0.04883700606249768983 0.9988067613055805483 2.028155012399873098e-05 -4.180949996743854591 -5.163801012235423783e-06 -2.005329390459311602e-05 0.9999999997856000578 0.4949780421448001788
0.9985904664899295513 -0.05307617374559017026 4.264411759251006543e-06 43.14789774628854246 0.05307617369713846234 0.9985904664435474309 1.076857673738489972e-05 -4.132200232406313845 -4.829955777683977742e-06 -1.05270594083676645e-05 0.999999999932926098 0.4949678554967908428
0.9982603781066486937 -0.05895945636761549397 3.072256258967892837e-06 45.0275016331079172 0.05895945631603283915 0.9982603780046614972 1.480340219372883736e-05 -4.054449921205417695 -3.939712240137898748e-06 -1.459651131248426936e-05 0.9999999998857100891 0.4949661532535997721
0.9981223487520226589 -0.06125175030117394753 3.003510632339528653e-06 46.93718092443941714 0.06125175028042260245 0.9981223487361733371 6.572839101424871145e-06 -3.986476968504338636 -3.400468986215066572e-06 -6.376527318666674277e-06 0.9999999999738881096 0.4949641721464191901
0.9979047370459472877 -0.06470035368291954248 4.09831659877895656e-06 48.87889852469506025 0.06470035368942009257 0.997904737052853319 -1.473796232423380808e-06 -3.911209608649735436 -3.994374410369512574e-06 1.735870775247982604e-06 0.9999999999905155867 0.494962201588721562
0.9977097856760688277 -0.06764010294853239902 6.446479028418194327e-06 50.86978167677503393 0.06764010303818893122 0.9977097855797583126 -1.488652047216205545e-05 -3.838869831563883395 -5.424789431905055995e-06 1.528846765545894735e-05 0.9999999998684170333 0.4949558567553122845
0.9976522879852348646 -0.06848293405959149371 4.759019220515469031e-06 52.89279000108105322 0.06848293409607780768 0.9976522879621593232 -7.980827418713844673e-06 -3.748512957774245979 -4.201295935946396779e-06 8.288002333935688484e-06 0.9999999999568288667 0.4949643841109789277
0.9976287661672101903 -0.06882474040636656076 5.091046096808417956e-06 54.93334487194996285 0.06882474049210889067 0.9976287659894252924 -1.920528633267265992e-05 -3.676405868559555756 -3.757175188878135566e-06 1.951013603439841448e-05 0.9999999998026188885 0.4949625306798889346
0.9976417529579322263 -0.06863623489920737952 4.014672705788142407e-06 56.98517893034885162 0.06863623495859871859 0.9976417528130349099 -1.723588861757518038e-05 -3.590974709529259457 -2.822198615320672709e-06 1.747079415334172438e-05 0.9999999998434030424 0.4949550184722470991
0.9976667958718928864 -0.06827125609925713268 2.751903519724056494e-06 58.99280821327244695 0.06827125613332442333 0.9976667957578867485 -1.517898554858543396e-05 -3.514005473379488542 -1.709194357043548555e-06 1.533144578689227651e-05 0.9999999998810125135 0.4949523694758560799
0.9978474397730134893 -0.0655780979653340923 2.814910778669026288e-06 61.02835981747603711 0.06557809799260955197 0.997847439714107054 -1.104109851565120302e-05 -3.441473050644599851 -2.084797273414252145e-06 1.120192838100818466e-05 0.9999999999350850377 0.4949444914278639529
0.9980412035907686441 -0.06256001862823741544 2.560672274305466666e-06 63.07393408271311586 0.06256001863646146188 0.9980412035881861543 -3.268468080797749567e-06 -3.368157537180594741 -2.351181014622217261e-06 3.422261522459818409e-06 0.9999999999913797843 0.4949505002445107049
0.998242918653460265 -0.05925432766567151344 3.652787562784500718e-06 65.08951835407715691 0.0592543276828198795 0.998242918647680777 -4.780094597676165196e-06 -3.305678429867179524 -3.363128026310344672e-06 4.988139053824852373e-06 0.9999999999819036978 0.4949430771573994914
0.9983851864162311962 -0.05680686167905199535 3.610660931260577671e-06 67.11526088403003598 0.05680686168733872082 0.9983851864197861303 -2.235434258095814025e-06 -3.245921871309535689 -3.477842382262965803e-06 2.436934764612218706e-06 0.9999999999909827686 0.4949431119075727303
0.9984328447829067255 -0.0559629739635457979 2.469896315723310373e-06 69.10033475039739415 0.05596297397585497935 0.9984328447715580257 -5.233005952621816322e-06 -3.190735367675071377 -2.173171028920764777e-06 5.363027763281966428e-06 0.9999999999832573927 0.4949375069648569436
0.9985723450034026394 -0.05341602564440904588 9.968655165631515413e-07 71.09431517220598096 0.05341602564505134459 0.9985723450036676496 -6.291713387656751661e-07 -3.136773068345783955 -9.618345041615235289e-07 6.815216931575769052e-07 0.9999999999993050004 0.4949398601944960396
0.9986784359602187688 -0.05139437274903653485 1.29398602041607203e-07 73.07656477580931664 0.05139437274738795081 0.9986784359429921043 5.881665351807456327e-06 -3.084766811194933123 -4.315120949760107631e-07 -5.867241994398164772e-06 0.9999999999826943986 0.4949449351286167031
0.9987815899000209718 -0.04934912032419778299 -1.498845593037298943e-06 75.05355313166369058 0.0493491203375717169 0.9987815898417710114 1.082980626407112272e-05 -3.03691349568556479 9.625779719277100091e-07 -1.08905778302764019e-05 0.9999999999402341411 0.4949453922736785083
0.9988653210518564363 -0.04762426271592559018 -1.723018620352747139e-06 77.00972960841841086 0.04762426273058451009 0.9988653210045008723 9.806939067649706899e-06 -2.99350171136691845 1.254015304718553945e-06 -9.877868831809290029e-06 0.9999999999504273207 0.4949427561596673186
0.9990340560158839089 -0.04394263217188386361 -7.005399183710620181e-07 78.99023935949617226 0.04394263217715743686 0.9990340559418029454 1.21674278262244668e-05 -2.952902855050536512 1.651944305536635772e-07 -1.218645834047195849e-05 0.9999999999257312977 0.4949452303291494992
0.9991782414761934961 -0.04053198444053176391 2.936458463020220961e-07 80.96388592257933681 0.04053198443295887715 0.9991782413866248103 1.340487016913973743e-05 -2.919368271630907063 -8.367305294214901214e-07 -1.338195255394661532e-05 0.9999999999101113479 0.4949438043035299106
0.9994033669952986365 -0.03453852979752631419 3.440468791057682313e-07 82.94004383617641452 0.03453852978310288646 0.9994033667832765699 2.06132416933942284e-05 -2.88766136988001243 -1.055792671760544856e-06 -2.058906027968528476e-05 0.99999999978748777 0.4949496698116666593
0.9998467974468636665 -0.01750376066546532883 2.209808981147043407e-07 84.90553945180168682 0.01750376065924531821 0.9998467973046007984 1.687450406612947502e-05 -2.891827951452290435 -5.163143237674380096e-07 -1.68680508522727763e-05 0.9999999998576009075 0.4949544457439593037
0.9999570966979153264 0.009263085818259145232 -2.613876864817924247e-06 86.83404340710583824 -0.009263085755719116521 0.9999570964373589721 2.300175991254802354e-05 -2.929712747418272034 2.826831996228823624e-06 -2.297656049554035271e-05 0.9999999997320431211 0.4949688558320384235
0.9987243766644486875 0.05049375652899847772 -3.167241919634038522e-06 88.71976288401951649 -0.05049375645031902587 0.9987243764457992556 2.13241153370449865e-05 -3.04137872963124023 4.239936399264484616e-06 -2.113698785580183433e-05 0.9999999997676251029 0.4949686284816818826
0.9952731858087827677 0.0971148063417562879 -1.213288522197180131e-06 90.60402208582087269 -0.09711480629981744661 0.9952731856225924822 1.949969247951704435e-05 -3.237761086345813943 3.10126239143860161e-06 -1.928969277656152122e-05 0.9999999998091447795 0.4949666270677897106
0.9887301842626431414 0.1497084591115973029 -7.896499124437014063e-07 92.46269035545866188 -0.1497084590848861141 0.988730184162174619 1.439769718180973646e-05 -3.53723347391881271 2.93620776319822587e-06 -1.411722051592002019e-05 0.9999999998960411585 0.4949672078936276365
0.9786483557248811804 0.2055417131354807803 -7.422460095864247264e-07 94.27475703699361986 -0.2055417131018682786 0.9786483556186763577 1.490780050896889257e-05 -3.928849269350029871 3.790572692441738494e-06 -1.443693193922353594e-05 0.9999999998886031083 0.4949752979773963668
0.9649536178862856417 0.2624204933478073709 1.222403423812519706e-06 96.0559668940161373 -0.2624204933253230232 0.9649536177179460772 1.838952428037797475e-05 -4.420357305167175177 3.646225427969574833e-06 -1.806582169507786893e-05 0.9999999998301652981 0.494981108769541267
0.947760203021386971 0.3189836948289451191 2.089602289839910686e-06 97.78585096876648208 -0.3189836948301899011 0.9477602029455987065 1.213385267416526041e-05 -5.018973101661925007 1.890059268221050999e-06 -1.216653173303722807e-05 0.9999999999242014104 0.4949737090345143753
0.9274811410775659626 0.3738699411938932737 4.400397802901096212e-06 99.51306725954597709 -0.3738699412181878401 0.927481140974901419 1.384327625391502367e-05 -5.719772594656161502 1.094298904003868499e-06 -1.448455412414035867e-05 0.9999999998944998358 0.4949739470829242483
0.9043932824734733922 0.4266998835348856933 3.225492862723457635e-06 101.1462075977738522 -0.4266998835426301095 0.904393282403700205 1.140172755189461346e-05 -6.504313012126723414 1.948001741001753877e-06 -1.168796323541789417e-05 0.9999999999297981557 0.4949674263484503678
0.8777899256852353949 0.4790457664632362111 1.179897579512107997e-06 102.754087766645668 -0.479045766464584466 0.8777899256807516482 2.823462603533990876e-06 -7.403452849545915981 3.168655983593931918e-07 -3.04363196925822921e-06 0.9999999999953177454 0.4949603286578710959
0.8490395216722074201 0.5283293391793817406 1.771891224861271848e-06 104.3099323977128137 -0.5283293391823430385 0.8490395216680656221 2.653956739733440541e-06 -8.382611805517283798 -1.022424674900220562e-07 -3.189456280775960456e-06 0.9999999999949082952 0.494961126996252887
0.8150594000775976955 0.5793774023353286395 3.247415935299802146e-06 105.8049479377674373 -0.5793774023444294707 0.8150594000647953807 4.568282452975199444e-06 -9.451178785391125103 -7.726324747821565952e-11 -5.604900964432889752e-06 0.9999999999842923426 0.4949627810807533668
0.7738902276533813351 0.6333197577377063237 1.970513927569256366e-06 107.1845459861872172 -0.6333197577383878896 0.7738902276381847134 5.151784810056883467e-06 -10.58831207531834373 1.737765635851236425e-06 -5.234881322704435228e-06 0.9999999999847878351 0.4949635196848138907
0.7232805286895288566 0.6905543257365590604 5.230124620085951888e-06 108.4942280431575057 -0.6905543257542650082 0.7232805286479062623 7.944179153468897296e-06 -11.83583453515996275 1.703039978743946928e-06 -9.357555278759556222e-06 0.9999999999547676266 0.4949695551177067943
0.6692648102907571284 0.7430239657558429522 4.601021783625428381e-06 109.6977705988839489 -0.743023965763343619 0.6692648102454658021 8.405158878082344862e-06 -13.17903374933893268 3.165932511447349364e-06 -9.04394651423635257e-06 0.9999999999540917228 0.4949694904789005978
0.6117176183184516169 0.791076200768004445 4.415151722698617197e-06 110.8177447091864991 -0.7910762007671723328 0.6117176182665687856 9.180716194358384848e-06 -14.62404310325848122 4.561819991267588173e-06 -9.108727295473608459e-06 0.9999999999481101742 0.4949711860646182071
0.5531521456326216057 0.8330802504947324438 -4.460196891951520318e-06 111.8254854947537353 -0.8330802505046137618 0.5531521456352285204 -7.385328836984042469e-07 -16.16512028266880208 1.851910320988497574e-06 4.12422299328489288e-06 0.9999999999897803971 0.49496307247849608
0.5028702361245336316 0.864361918146028918 -9.011436736561250049e-06 112.7799617495449667 -0.8643619181905556337 0.5028702360709693675 -7.622553068001958432e-06 -17.83573855077815296 -2.057061271974909064e-06 1.162229780444485976e-05 0.9999999999303451625 0.4949558809953096827
0.4639531240972836756 0.8858597509248675728 -1.82738854759841985e-05 113.6672597466006636 -0.8858597510972355815 0.4639531238657147449 -1.560195737010835587e-05 -19.59264432333289818 -5.34291981807740591e-06 2.342667650322916698e-05 0.9999999997113218075 0.494951519646247784
0.437620394487562181 0.8991598244251828298 -2.169002815681451358e-05 114.5102563587147415 -0.8991598246661706151 0.437620394186827244 -1.732915905420463802e-05 -21.39930707249219211 -6.089684940706163228e-06 2.708639533592439172e-05 0.99999999961462116 0.4949539808996787915
0.4205473449486158422 0.9072705938418019755 -1.445152627595810116e-05 115.3359187769842578 -0.9072705939428644673 0.420547344800165368 -1.226073147677960873e-05 -23.26247595354967501 -5.046250124208709969e-06 1.826766289745700901e-05 0.9999999998204138763 0.4949598256374611038
0.4125288284086692792 0.9109445458292368958 -1.256855134903449949e-05 116.157137306128746 -0.9109445459126682687 0.412528828330926467 -8.373060661423954235e-06 -25.17077560073864717 -2.442504179587206788e-06 1.49033822062782329e-05 0.9999999998859614436 0.4949714892267946809
0.4105338948202075788 0.9118453384178598631 -3.406138192349821998e-06 116.9863372788380076 -0.9118453384216448354 0.4105338948250637499 8.438377131562894173e-07 -27.09729389119503651 2.16778466354052452e-06 2.759447249735885261e-06 0.9999999999938427031 0.4949889669135712489
0.4137466351358507488 0.9103920704110231021 6.980296407364092976e-06 117.8383593969005858 -0.9103920704300206834 0.413746635088498238 7.301909626053922437e-06 -29.03933005342239682 3.759526471950183937e-06 -9.37594703636132333e-06 0.9999999999489785907 0.4949926986272195628
0.4212331273970115753 0.9069523979044302742 1.791562304134750467e-05 118.699441527763625 -0.9069523980717207889 0.4212331272191749409 1.293606506718599502e-05 -30.96526608130892555 4.18574131234536026e-06 -2.169771642476108799e-05 0.9999999997558441933 0.4949941243037837002
0.4359516005879551792 0.8999701116690710379 7.027995158231240734e-06 119.5968916241931765 -0.8999701116949107016 0.435951600559153829 5.29101140861297373e-06 -32.914156927117034 1.697886390298852334e-06 -8.631610479858617898e-06 0.9999999999613060631 0.4950028981275094719
0.4535115958115660817 0.8912503758506441498 3.57278756822694948e-06 120.517519634051979 -0.8912503758571448387 0.4535115958027058913 3.035394556435710288e-06 -34.81336938140001536 1.084995947747653327e-06 -4.560834892246903714e-06 0.9999999999890105684 0.4950051562384443771
0.4709864550025670837 0.8821404418655317548 5.624217862333457468e-06 121.4940079390502774 -0.882140441883459081 0.4709864549925955046 3.065278386981457769e-06 -36.72532239692981193 5.507559764621925977e-08 -6.405054631408064211e-06 0.9999999999794859651 0.4950087773876599151
0.4898115697528602208 0.8718283237759780757 6.630627475261289251e-07 122.5009044948258463 -0.8718283237762287641 0.4898115697527627987 3.132240338857880002e-07 -38.61386700739952715 -5.169822078135630357e-08 -7.314976394560867076e-07 0.9999999999997308819 0.4950119391977475525
0.5092829795007094429 0.8605991207599690274 -1.184402517798456884e-05 123.5258474960953379 -0.860599120840685905 0.5092829794706021929 -5.658373284074551577e-06 -40.46134802096518968 1.162369358362556041e-06 1.30746708606291728e-05 0.9999999999138506901 0.4950121018433838449
0.5292614271780577972 0.8484588036498861285 -1.458361934866525364e-05 124.6092488754038499 -0.8484588037733787891 0.529261427134538609 -7.013631683595746133e-06 -42.31448818422403235 1.767769641756861765e-06 1.608564494181595537e-05 0.9999999998690631831 0.4949956358093172137
0.547835979060216971 0.8365857635436000361 -1.689786918775745811e-05 125.712465362606622 -0.8365857637013602854 0.5478359790521719619 -5.51295117710766701e-06 -44.10796188654973804 4.645204240491431721e-06 1.715670980498771155e-05 0.9999999998420344705 0.4950041150340203644
0.5647871260943013727 0.8252366338347334462 -1.942910901606341876e-05 126.8280400352221307 -0.8252366340468849648 0.5647871260756061051 -6.96112802183867193e-06 -45.84901756965275865 5.228732786957323139e-06 1.996516801677493763e-05 0.9999999997870259172 0.4950102886557550819
0.5821758836309660623 0.8130628760045108816 -1.356502347695760438e-05 127.9759382672939125 -0.813062876094161946 0.5821758836599774112 -2.108696464991304377e-06 -47.55785786892029421 6.182726717119758962e-06 1.225684923027578649e-05 0.9999999999057715971 0.4950077236206897879
0.5961664721779484921 0.8028608456032167995 -7.100673023372485831e-06 129.1158269291912859 -0.802860845613747709 0.5961664722029043073 1.937554623288424589e-06 -49.18712114268307545 5.788769929866073435e-06 4.545747243553628261e-06 0.9999999999729130007 0.4950155761770706486
0.6082838007259854241 0.79371960903754879 -2.421367664674714503e-06 130.2702976748611832 -0.7937196090322633513 0.6082838007307843631 2.900861417710989452e-06 -50.78656445405633946 3.775349316372635464e-06 1.57339987584367379e-07 0.9999999999928608219 0.4950152756722346337
0.6182447200560110545 0.7859856653303830543 4.500235045180929296e-06 131.4695423990431493 -0.7859856653422427897 0.618244720035832529 5.153566920087031313e-06 -52.38509498075957538 1.268383168905933432e-06 -6.72328577398213854e-06 0.9999999999765940562 0.4950297268793411587
0.6243816350584084907 0.7811194363007729624 6.097826463161013602e-06 132.6411924816098349 -0.7811194363245625993 0.6243816350407285221 4.70069570111401415e-06 -53.92280618107373158 -1.355660809874505853e-07 -7.698158837482934052e-06 0.9999999999703597098 0.4950280647069265627
0.6176291190052544122 0.7864694979701387645 1.102831130764103409e-05 133.8348474240610244 -0.7864694980466141461 0.6176291189644478319 7.192997714978813871e-06 -55.48468353576738821 -1.154332894804245293e-06 -1.311603530013141887e-05 0.9999999999133183382 0.4950322698934330745
0.6117038392378348899 0.7910868555240561095 8.999266393641540982e-06 134.9964407961980442 -0.7910868555743091335 0.6117038392150123682 5.422062163724257433e-06 -57.04336122929969832 -1.21556369555258796e-06 -1.043589759595777336e-05 0.9999999999448070387 0.4950251768168839051
0.6073448273192963986 0.794438330330409781 5.70591360562143079e-06 136.0950335997325169 -0.7944383303502959848 0.6073448272943078319 5.595891406711740214e-06 -58.53793045493455338 9.801335124959739586e-07 -7.931632178079803261e-06 0.9999999999680641016 0.4950243484799038973
0.6037618295944576774 0.7971647590833543795 1.600991632258776118e-06 137.1884023323451913 -0.7971647590832150465 0.6037618295877126284 3.306060506027353322e-06 -60.04844333546329693 1.668857289755110592e-06 -3.272327248692865483e-06 0.9999999999932531747 0.4950254385647371302
0.6026592412887752381 0.797998645918655658 1.860720425822284876e-06 138.2512496778512627 -0.7979986459174552849 0.6026592412778158936 4.311324509143211659e-06 -61.51961509514620019 2.319050760356004197e-06 -4.0831119378670851e-06 0.9999999999889748192 0.495026435036474588
0.6049990610585480599 0.7962261840195350437 1.482332300307838076e-06 139.2972462695433649 -0.7962261840180108186 0.604999061050264908 3.827175818032884909e-06 -62.96929310582027739 2.150487947313445812e-06 -3.495709567336626481e-06 0.9999999999915775151 0.4950274750107418464
0.6159891381121092024 0.7877546456390225327 2.066796379041114078e-06 140.3408305896861066 -0.7877546456396895547 0.6159891381024134027 3.894330195416960099e-06 -64.38227726639190962 1.794652582933308218e-06 -4.026993549779781859e-06 0.9999999999902811076 0.4950279748251813494
0.6368811491423472804 0.7709619976814403586 6.312202480634524655e-07 141.3979233069670727 -0.7709619976812812636 0.6368811491409370751 1.562036367839332074e-06 -65.75633091220775839 8.022584016527936895e-07 -1.481478340375526037e-06 0.9999999999985804688 0.4950255307102205404
0.6739802148318242425 0.7387493959505986307 3.259781220637029937e-07 142.4581978955860393 -0.7387493959467333893 0.6739802148267260984 3.562186242432553286e-06 -67.01596922042348581 2.411860130123274363e-06 -2.641659189712073204e-06 0.9999999999936020068 0.4950261162980281182
0.7273487552083538477 0.6862680149131603624 2.498225780864001971e-06 143.5808425169810505 -0.6862680149084805503 0.727348755174878403 7.833305376961559476e-06 -68.16826673941451986 3.558665519398773668e-06 -7.411997362526624838e-06 0.9999999999661989269 0.4950338229329250272
0.7918754417309628035 0.6106826383475422171 2.551510382836082735e-06 144.7513052657353114 -0.6106826383477989006 0.7918754417004406632 7.384853246315868147e-06 -69.16958387206655345 2.489323252858002127e-06 -7.406047018906855492e-06 0.9999999999694766384 0.4950329407018350114
0.8588611385200194404 0.5122084973131201258 4.750162080196991429e-06 145.983395566766859 -0.5122084973297637012 0.8588611384315446573 1.254946478935191841e-05 -69.980151896720173 2.348212889905513246e-06 -1.321132099797021343e-05 0.9999999999099732362 0.4950409953679288377
0.9205205405089179616 0.3906941700170461496 4.253642452913819449e-06 147.2592688910965819 -0.3906941700388947836 0.9205205404231212585 1.260858096553211643e-05 -70.59730963555105632 1.010533825898339098e-06 -1.326833107322545565e-05 0.9999999999114649318 0.4950423392041924386
0.9698403034224454267 0.243741227226378393 3.141725152902284588e-06 148.5273962946998836 -0.2437412272465568353 0.9698403033513242066 1.174675468053900418e-05 -70.97857356936449946 -1.838032735754544702e-07 -1.215824406804276171e-05 0.99999999992607147 0.4950453633108922724
0.9969595116782306032 0.07792131970569568522 3.443762037050727743e-06 149.80549041384117 -0.07792131974493002322 0.9969595115923899353 1.33005340988878072e-05 -71.14087556253593903 -2.39689614872257107e-06 -1.352843646310132437e-05 0.9999999999056179423 0.4950435550337115576
0.9944791775060459749 -0.1049341007214400073 3.861800810507290783e-06 151.0345954178505679 0.1049341006714500646 0.99447917745308545 1.143420512176374079e-05 -71.07460482155357795 -5.040318525437714455e-06 -1.096584430990416596e-05 0.9999999999271724782 0.4950362218419295246
0.9552274996513596683 -0.2958723101344635786 2.782085525399179436e-06 152.1448850171732659 0.2958723100586457266 0.9552274995526249812 1.553167826260018554e-05 -70.7736663212059085 -7.252918127789359162e-06 -1.4013144120992375e-05 0.9999999998755132458 0.4950326894913700815
0.8737042235130940693 -0.486457531360759976 -9.531325357155764213e-08 153.1322279186983053 0.4864575312839491406 0.873704223371621902 1.794294530872004006e-05 -70.25939752454981146 -8.645205288032322308e-06 -1.572319294852421844e-05 0.999999999839020659 0.4950297661801828508
0.7514344593411620421 -0.659807739657442216 -2.241658471131712653e-06 153.9361571981903012 0.6598077395937465006 0.7514344592113488819 1.685737844007413348e-05 -69.5800355068585219 -9.438169344104015094e-06 -1.414627866280506022e-05 0.9999999998554016667 0.4950198802185257763
0.5930159272721233776 -0.8051907289553147384 -2.867939570193278803e-06 154.564102629862191 0.8051907288614563729 0.593015927139629917 1.779085569455796665e-05 -68.75429091118336089 -1.262429822224134181e-05 -1.285949913952737185e-05 0.9999999998376299937 0.4950060312045965749
0.4053875104954488551 -0.9141449372578783761 -4.724862140617021738e-06 154.975595099828638 0.9141449371309248173 0.405387510338132917 1.954431024004503345e-05 -67.83370950351100248 -1.595093215825885074e-05 -1.224222807704920114e-05 0.9999999997978474831 0.4949890823083837321
0.200583940978388775 -0.97967651937151079 -3.991589518328766861e-06 155.1715491660138753 0.9796765192966457869 0.2005839409066951795 1.383405043203741684e-05 -66.87245301841390699 -1.275224562000012405e-05 -6.685354881129146792e-06 0.9999999998963431391 0.494978572867894151
-0.01115780630671706422 -0.9999377497334058784 -4.329764519716051341e-06 155.1566412656360967 0.9999377496838557366 -0.01115780635296239644 1.080782741924295079e-05 -65.88864217962225212 -1.085546530316972137e-05 -4.208903345565531936e-06 0.9999999999322217725 0.4949672993417051359
-0.2188675815100200039 -0.9757545704455866664 -4.553652801979373704e-06 154.9364253679560477 0.9757545704222033711 -0.2188675815389718726 7.327698033719175986e-06 -64.94890517080277448 -8.146681823184015464e-06 -2.839451986971403413e-06 0.999999999962784214 0.4949653706655358643
-0.4110102100906567468 -0.9116307405974093392 -1.133942417808366192e-06 154.536872070867247 0.9116307405806590713 -0.4110102100901663613 5.67704982014401753e-06 -64.07657375053041449 -5.64143504331984902e-06 1.299588673150053696e-06 0.9999999999832424047 0.4949605826833066158
-0.5748231623569807214 -0.8182776619339290347 3.086185759910965615e-07 153.9809855475792233 0.8182776619294136466 -0.5748231623524658884 3.560239969441825365e-06 -63.32862091135474003 -2.7358637323066637e-06 2.299044084774250123e-06 0.9999999999936143302 0.4949630194337659161
-0.7064364262611489975 -0.7077765011981483889 2.305682278291973199e-06 153.3109085266421232 0.7077765012013326196 -0.7064364262526913185 3.571881960891819228e-06 -62.6904168280821068 -8.992761682220486937e-07 4.15521526329049295e-06 0.9999999999909623405 0.4949605599358500307
-0.807959308192656489 -0.5892382848232415871 2.375039406551371577e-06 152.5465310656492193 0.5892382848279922314 -0.8079593081846372371 3.605674052635747303e-06 -62.17282697258376345 -2.056659985782564257e-07 4.312702059451013886e-06 0.9999999999906789006 0.4949569037155583939
-0.8796477217038544127 -0.4756257832383912754 4.72414831900923081e-06 151.7434738881120495 0.4756257832590888857 -0.8796477216892124584 5.328108794346268124e-06 -61.77806169042847273 1.621400387248089254e-06 6.933785506397840518e-06 0.999999999974647058 0.4949533138938743138
-0.9256282365315419147 -0.3784340995619397408 5.146292536283438607e-06 150.8953496889758412 0.3784340995882619074 -0.9256282365167988191 5.81851222087850629e-06 -61.47553251798787244 2.561630251861303659e-06 7.333311788435214568e-06 0.9999999999698298003 0.4949530957104653628
-0.9529367348973686314 -0.3031692254580004575 4.535522086441021145e-06 150.0228208228820677 0.3031692254765120942 -0.9529367348931397919 4.172054511075190365e-06 -61.25416440995050493 3.05722707339760699e-06 5.350734721675770856e-06 0.9999999999810113005 0.4949536765581557529
