0.9999727208254474142 0.007386311999347235611 0 -0 -0.007386311999347235611 0.9999727208254474142 -0 0 -0 0 1 0.4949999999999998845
0.9999624130051560922 0.008670211797386627797 -2.554717017908898197e-06 -0.004340761755423198226 -0.008670211800415624989 0.9999624130077007234 -1.176976836737947973e-06 3.082220214136379842e-05 2.544416355324947119e-06 1.199082535350914896e-06 0.9999999999960438313 0.494979439695609813
0.9999191255112516163 0.01271780007512026203 -5.437536303255821216e-07 -0.00669494590239938514 -0.01271780007845484985 0.9999191254892690894 -6.646223949006791878e-06 -0.002239543115767829006 4.591843070787492548e-07 6.652601789005230513e-06 0.9999999999777657855 0.4949731197643974512
0.9999578487419473749 0.00918154353001902207 -1.24294187421550647e-07 0.0179119194386431306 -0.009181543530852192408 0.9999578486674373101 -1.220712811524794349e-05 -0.01449400066017842229 1.220867008850691043e-08 1.220775478193312327e-05 0.9999999999254850502 0.4949576824961813282
0.999974290455363013 0.007170664580473193155 1.170063596465914653e-08 0.004232773292819604072 -0.00717066458046654049 0.9999742904552418876 -4.924731247401792829e-07 -0.01332351781020272782 -1.523169473886558132e-08 4.923765621445211205e-07 0.9999999999998784306 0.4949868467567276609
0.999970794355117043 0.007642672145580398091 1.22642081332701637e-06 0.003637839692423079294 -0.007642672151645982757 0.9999707943432234458 5.019751391620444173e-06 -0.007036678045405969119 -1.188020680765101301e-06 -5.028977918739664946e-06 0.999999999986648791 0.4950026811153918072
0.9999747385637954844 0.007107899452690517872 1.368125180909936944e-06 0.001371167942014741778 -0.007107899454180060736 0.9999747385641301056 1.086997523688355665e-06 -0.009794091551940265622 -1.360364350999755731e-06 -1.096694560796348805e-06 0.9999999999984731103 0.4949940153525668185
0.9999695857826084167 0.007799199384023832414 9.793731105490645107e-07 0.002660820944952541501 -0.007799199386516996943 0.9999695857797705756 2.568217709495352496e-06 -0.00302404875702489296 -9.593132817010481645e-07 -2.575777925326820718e-06 0.9999999999962223551 0.4950064879334570844
0.9999581752123096745 0.00914591863839497865 7.483225660296182117e-07 0.0003721984362510459923 -0.009145918639259689731 0.9999581752119085509 1.160416801262671482e-06 -0.0009514581747571782076 -7.376781899458527016e-07 -1.167212364381182594e-06 0.9999999999990465405 0.4950052696306911915
0.9999420172889192937 0.01076856824407436582 6.099917810072769925e-07 -2.717693933119586986e-05 -0.01076856824319984314 0.9999420172881076097 -1.419214046439035414e-06 -0.0001990585095516851654 -6.252393153415884384e-07 1.412563018439460737e-06 0.9999999999988066213 0.4949997478101524351
0.9999453566394793658 0.01045388623257775644 1.152025636618375369e-07 -0.01186990335980344508 -0.01045388623187921452 0.9999453566272326066 -4.951767790276120048e-06 -0.008235530223050527288 -1.669614857350039935e-07 4.950292894549397125e-06 0.9999999999877331458 0.4949885924868687725
0.9999693466010588505 0.007829805901661648568 1.614314543954681593e-07 -0.007628466874621592578 -0.007829805901577268148 0.9999693466009391685 -5.16743740101119132e-07 -0.006570165583486313292 -1.654725091586654783e-07 5.154639231947459783e-07 0.9999999999998532285 0.4950095034257792626
0.9999906736077991409 0.004318877100184586801 4.961347292213236591e-07 0.0001417106957383301713 -0.004318877100092779163 0.9999906736079052783 -1.859241075980721322e-07 -0.01021495597481483601 -4.969330854449791347e-07 1.837796286763459045e-07 0.9999999999998594458 0.4950062835516951809
0.9999784910204825294 0.006558772597833993287 8.008279565824969365e-07 0.00201947330267975185 -0.006558772600494273269 0.9999784910151212625 3.365775853820102804e-06 -0.004728982211453092513 -7.787353731457516537e-07 -3.37095590787551171e-06 0.9999999999940148987 0.4950152333716374975
0.9999746863500980076 0.0071152413770637973 1.183989185601458678e-06 -0.002062376245167907123 -0.007115241378847921364 0.999974686349646702 1.509567286483926902e-06 -0.004168523217383717297 -1.173218278895200396e-06 -1.517953442671432643e-06 0.9999999999981594723 0.4950080315580352996
0.9999452299976880898 0.01046599279224462095 1.405620531475455664e-06 0.009734724681821368616 -0.01046599279214948004 0.9999452299986743009 -7.500964982685648211e-08 -0.004439224433944048524 -1.406328596091521231e-06 6.029432719721967609e-08 0.999999999999009126 0.4950054120850539974
0.9999323071985671829 0.01163533503713748245 1.164577568729231611e-06 0.009002794752719572163 -0.01163533503483996957 0.9999323071973501564 -1.96051843835833801e-06 -0.007876098004114585188 -1.187310024086530335e-06 1.946835475186734956e-06 0.9999999999973998577 0.4950000570603760308
0.999917596269639164 0.01283747141400123394 5.234204580535966763e-07 -0.004824021977267974395 -0.01283747141310648439 0.9999175962683791719 -1.678342181393139016e-06 -0.009640109513570714606 -5.449229960312122647e-07 1.671484484569266752e-06 0.9999999999984543475 0.4950022207038473621
0.9999358795742615547 0.01132416628760721418 4.137635909617524097e-07 -0.007872961106030274339 -0.01132416628824350208 0.999935879573108477 1.569312641007548718e-06 -0.004967767542799325121 -3.959659029596841755e-07 -1.573897543720955017e-06 0.9999999999986828314 0.4950101057204411847
0.9999556908424215296 0.009413625908747532203 1.156733500092550261e-06 0.009892464242358222151 -0.00941362590935248926 0.9999556908429503288 5.186796702153021734e-07 -0.004008341626028527095 -1.151799589824333121e-06 -5.295457444027881947e-07 0.9999999999991961985 0.4950028169333732797
0.9999649676378249419 0.008370394206917075239 3.702452612479824857e-07 5.308549998030170523e-05 -0.008370394206481295354 0.9999649676372205365 -1.163241923288161105e-06 -0.006620359529147051836 -3.799690841375300327e-07 1.160102073386105696e-06 0.9999999999992547073 0.4950013055552247576
0.9999983340931197784 0.001825325216854953954 1.034534816417684533e-06 0.01668293984260718968 -0.001825325218598893582 0.9999983340922282693 1.687315233872387201e-06 -0.002138413452717334573 -1.031453193932945729e-06 -1.689200785452242591e-06 0.9999999999980411225 0.495008867132975261
0.999995864195802775 0.002876037756912701044 5.854003892145818964e-07 0.008110495475952749986 -0.002876037757973274982 0.9999958641943167414 1.819038703921683624e-06 0.001306601803865325767 -5.801663441185950539e-07 -1.820714814356680223e-06 0.9999999999981740162 0.4950075183769452325
0.9999837368917579017 0.005703152969227791302 6.616416432179952762e-07 0.006382093864876714658 -0.005703152969839518117 0.9999837368915440727 9.264200229342012472e-07 0.003573988415606483421 -6.563473677637030656e-07 -9.301783999675369343e-07 0.9999999999993517408 0.4950054156974634245
0.9999739591050564869 0.007216724563024014445 7.56878710049256201e-07 0.007209684864728373166 -0.007216724562402371083 0.9999739591050104126 -8.208361328159269672e-07 0.002870325452741876067 -7.627827485319330059e-07 8.153525723310655452e-07 0.9999999999993764987 0.4950012624612539769
0.9999560492368441134 0.009375478465183214455 6.50982068800493841e-07 0.01155394103197443338 -0.009375478463630114792 0.9999560492343110285 -2.349160711608389234e-06 -0.0007594795948388489374 -6.729779633030731043e-07 2.342954195836086128e-06 0.9999999999970285991 0.494998047868428992
0.9999266284623513634 0.01211353351195384662 4.387282564104631914e-08 0.002084560384661500627 -0.01211353351187283503 0.9999266284611900701 -1.525239400575918253e-06 -0.001974702868379972151 -6.234564521697421662e-08 1.524596036472151835e-06 0.9999999999988355981 0.4949992804647410094
0.9999043789002001192 0.01382870414368204959 -3.797390803884984199e-07 -0.01532280970580300085 -0.01382870414516496581 0.9999043788913107855 -4.228490047639548249e-06 -0.009099353697643707689 3.212282314733113308e-07 4.233337014165750367e-06 0.9999999999909876536 0.4949895822290920622
0.9999056605898106742 0.01373571702407409834 -7.22048120693342518e-07 -0.004679093301880518467 -0.0137357170291296047 0.9999056605615898041 -7.537843081907508516e-06 -0.02362056406279922777 6.184423235342454714e-07 7.547049814904316495e-06 0.9999999999713296006 0.4949821610979096009
0.9998881441655553814 0.01495657577907226476 -5.991458967341500876e-07 -0.002588746407550948994 -0.01495657577744849594 0.9998881441623039823 2.628634403129481358e-06 -0.01585427453821475902 6.383942484138174089e-07 -2.619379204028626555e-06 0.9999999999963654629 0.4950094927292572611
0.9999545424948494965 0.009534828017012934864 9.136385250201411898e-07 0.01507445215402757402 -0.009534828014666416052 0.9999545424920656123 -2.539128155457886242e-06 -0.02954219493964018936 -9.378071435650695664e-07 2.530301346823048103e-06 0.9999999999963588015 0.4949926913346929802
0.9999492878330503709 0.01007083727829870268 9.60127075035916936e-07 0.007335010605614391416 -0.01007083728264585205 0.999949287822721633 4.63581301755415335e-06 -0.02010068820325771125 -9.133918663490154204e-07 -4.645247208973821231e-06 0.9999999999887935198 0.4950143163693105919
0.9999342765469476646 0.01146484134031686315 1.343910935676431113e-06 0.004217179498730250393 -0.01146484134671668306 0.9999342765359897633 4.855270881901866954e-06 -0.01163603404031157869 -1.288157698869088497e-06 -4.870359502395670097e-06 0.9999999999873099288 0.4950092856714949363
0.9999566255896882305 0.009313803728067145474 1.277374415250483614e-06 0.01367725771785876891 -0.009313803729229699901 0.9999566255900816936 9.072216578859215754e-07 -0.007571587386389535233 -1.268869325429589534e-06 -9.190795222738534363e-07 0.9999999999987724264 0.4949996168719122402
0.9999411695666643451 0.01084699992535382261 7.093905418786259314e-07 0.01052216942021800931 -0.01084699992539840153 0.9999411695669138123 5.905417699321452571e-08 -0.0007996277369125510742 -7.087082474723821667e-07 -6.674546196523389149e-08 0.9999999999997464251 0.495000706907163579
0.9999017757930898087 0.01401566152755262008 5.853203571153741336e-08 -0.004087398440254796927 -0.01401566152707650614 0.9999017757802736162 -5.064238898728339924e-06 -0.004727475022544605152 -1.295049447472282488e-07 5.062921102677885493e-06 0.9999999999871748146 0.4949869214654332716
0.9998845477165534401 0.01519510578017402996 -4.745783981596254408e-07 -0.0003442159701266872453 -0.01519510578210521608 0.9998845477070774646 -4.372246983907612009e-06 -0.00639908082208640993 4.080868515779233889e-07 4.378953466971460703e-06 0.9999999999903288472 0.4949937854144829674
0.9999201173375347196 0.01263957854575271759 -3.304429036224037092e-07 -0.01034673479289413556 -0.01263957854762939523 0.9999201173165612744 -6.481135953046056526e-06 -0.01435137979228654978 2.484976800122857729e-07 6.484794881686172609e-06 0.9999999999789426219 0.4949845256495748469
0.9999007663503848287 0.01408749281561914174 -5.620141363625138055e-07 -0.01823672321120128892 -0.01408749281632818914 0.9999007663497155862 -1.278306146856141475e-06 -0.01265732144201100681 5.439502369882705092e-07 1.286096665980537973e-06 0.9999999999990247801 0.4949992996854811755
0.9999497363047271659 0.01002620893662190676 -8.356880708751648447e-07 -0.01848757712628529629 -0.01002620893971693794 0.9999497362978797543 -3.785564429004269308e-06 -0.02239028885542080141 7.976912061905666093e-07 3.793752935754418841e-06 0.9999999999924853444 0.4949890163194263781
0.9999838047567656263 0.005691241200728535017 -1.041799761818044414e-07 -0.001207217312655182355 -0.005691241199930592576 0.9999838047356240933 6.504005133757475934e-06 -0.01212478433893948195 1.411941509469428939e-07 -6.503306886439675161e-06 0.999999999978843257 0.4950118764338158339
0.9999795412039389486 0.006396653202297889786 1.897835064025406959e-06 0.01488522699243224022 -0.006396653213215895868 0.9999795411888282581 5.803698578525212671e-06 -0.00552765900116739331 -1.860671989479212874e-06 -5.815719634599885604e-06 0.999999999981357468 0.4950053893634128732
0.9999408772254508859 0.01087391628122750913 7.330502876018615884e-07 -0.0002569334003244606347 -0.01087391628374561811 0.9999408772194844364 3.523440489589905751e-06 0.0007789806795234384667 -6.946933507249360179e-07 -3.531203301471357078e-06 0.999999999993523736 0.4950041351195769157
0.9999015832092700284 0.01402939404597270887 7.284981277695859459e-07 0.0004295441605039543309 -0.01402939404536557473 0.9999015832091977529 -8.319025344687243277e-07 0.001963081476531725739 -7.400975197856486976e-07 8.216002739952932891e-07 0.9999999999993883781 0.4949982364421849357
0.9998544242002953553 0.01706254404467113031 -2.277581315550133813e-07 -0.02050022105748680254 -0.01706254404456673812 0.9998544242002206373 4.525874276874940685e-07 0.005766909893780420952 2.354472684018405266e-07 -4.486354087596055329e-07 0.9999999999998714362 0.4950034202016384555
0.9998283197928428123 0.01852919160924609149 8.725635379499015967e-07 -0.01799069006839092155 -0.01852919160887195674 0.9998283197931359112 -4.349008529351717317e-07 0.002737589113889247333 -8.804720972962618226e-07 4.186582920810645632e-07 0.9999999999995244915 0.4950016113052280731
0.9997864754356178274 0.02066406390587887873 1.072854066352529561e-06 -0.01374924723044612662 -0.02066406390461997603 0.9997864754355331174 -1.171508109593694507e-06 0.001554049889927635328 -1.09683310409817921e-06 1.149088438847479042e-06 0.9999999999987380095 0.4950011069728443291
0.9997395274071466664 0.0228227373876792386 3.173090205561737635e-07 -0.01336382460260970677 -0.02282273738670889326 0.9997395274033438195 -2.783661664032791167e-06 -0.003437246236484559504 -3.807571493860119828e-07 2.775694736014947931e-06 0.9999999999960750285 0.4949988841270757667
0.9997038562792524008 0.024335154460489547 9.278403977102176044e-08 0.002315543760317556946 -0.02433515446051226147 0.9997038562792242011 2.523694002307980253e-07 -0.005121361289536147283 -8.661511402453665352e-08 -2.545525765569093797e-07 0.9999999999999635847 0.4950038843930582022
0.9996556320641402094 0.02624151833701349884 2.128984064528524493e-07 0.02324094273723036411 -0.0262415183375751121 0.9996556320586591493 3.312719721064840293e-06 -0.001583213848431060198 -1.258942957612131443e-07 -3.317165704049388245e-06 0.9999999999944900742 0.4950075084298156125
0.9996154509258496912 0.02772995258025271262 -1.56196574440944098e-06 0.03409391985978116324 -0.02772995256041185103 0.9996154508609470524 1.154536420237625202e-05 0.006057010617051676073 1.881517493680878264e-06 -1.149761120726803546e-05 0.9999999999321321775 0.4950239481847786283
0.9996209918543124129 0.0275294868524920272 -2.67818499618112956e-07 0.08907234655099896536 -0.02752948684743772648 0.9996209917852471039 1.176554793465603366e-05 0.005522558952691223981 5.91616491386201684e-07 -1.175371579028758601e-05 0.9999999999307498388 0.4950181685867921511
0.9996098278242202539 0.02793191936349521606 3.698595742979201697e-07 0.1402025436064661124 -0.02793191936591016278 0.9996098277559686274 1.168125184243947275e-05 0.005623278395383766309 -4.343548083017695089e-08 -1.168702503079827734e-05 0.9999999999317055188 0.4950115537762450613
0.9995750576061835924 0.02914968620933235458 2.779348240724356197e-06 0.2275875520673142638 -0.02914968621688952821 0.9995750576061306347 2.718453532804828996e-06 0.003000822279443004972 -2.698925110373643952e-06 -2.798315475757691595e-06 0.9999999999924423788 0.4950002306744525904
0.9994954436386694896 0.03176252733706418779 2.221320290212796204e-06 0.309909722068950455 -0.03176252732329281486 0.9994954436236738182 -5.982073340626391171e-06 -0.003534771245557895118 -2.410205276910481535e-06 5.908500301056761777e-06 0.999999999979640064 0.4949902226549797168
0.9993412403499086771 0.03629167032160463685 1.845634020237787468e-06 0.4053217302727248339 -0.03629167029357061036 0.9993412402620870383 -1.345247299332052333e-05 -0.01176776823320004571 -2.332630905738259621e-06 1.337662990557350941e-05 0.999999999907812076 0.4949861922780333656
0.999146269715281754 0.04131260963256412622 1.271807826991491723e-06 0.5642569351083749352 -0.04131260962535734937 0.999146269702597678 -5.249692847480115954e-06 -0.01391062573765101777 -1.487600557415910292e-06 5.192669325435784756e-06 0.9999999999854114474 0.4949985772997296252
0.9988556499532943445 0.04782667196860413555 2.64987481655666915e-06 0.7925060882562177111 -0.04782667198425636507 0.9988556499368359543 6.197081878852613245e-06 -0.01730577959696081441 -2.350456629960487815e-06 -6.316724941565914322e-06 0.9999999999772869463 0.4950065976178651406
0.9983849740598685907 0.0568105938443204117 8.738501453280196528e-07 1.068525071168370033 -0.05681059383523553996 0.9983849740268320172 -8.231786025841951731e-06 -0.04972741982596070448 -1.340091507174120425e-06 8.168847532197516737e-06 0.9999999999657368521 0.4950015472694287433
0.9976381667098171979 0.06868834197870721248 1.524397939129322244e-06 1.415006638010049445 -0.06868834195028743206 0.997638166611999222 -1.419161705343297754e-05 -0.08687865575094796955 -2.495596210577119859e-06 1.405339045292343074e-05 0.9999999998981369265 0.4949982681004574947
0.996586046168162154 0.08256059945203221562 1.806495765535832592e-06 1.806801699634499991 -0.08256059944668675543 0.9965860461661475433 -2.856831221468851769e-06 -0.1154340253135492378 -2.036190170568989941e-06 2.6979327582728675e-06 0.9999999999942873474 0.4950202988269939985
0.995270914054481981 0.09713808541982579814 5.990879127595433336e-07 2.228911155239763797 -0.09713808541037688427 0.9952709140138691346 -9.112431727558652735e-06 -0.1691463832322055161 -1.481418946040783182e-06 9.011144001908403717e-06 0.9999999999583021326 0.4950145362725656972
0.9938014780371412504 0.1111693404375342781 -3.312531263021845779e-07 2.697547934807635883 -0.1111693404286958065 0.993801477910697284 -1.591839097343787209e-05 -0.2380665929802799341 -1.440437178862235051e-06 1.58565456689416065e-05 0.9999999998732472806 0.4950152887487740405
0.9921667689604064533 0.1249203849349795198 -7.723802608444972236e-07 3.231101255148408402 -0.1249203849205049038 0.9921667687059227969 -2.256531303075294518e-05 -0.3262480886342428166 -2.052537562365646261e-06 2.248503975979200184e-05 0.999999999745104784 0.4950200807706927608
0.9901116418016735476 0.1402816337616984155 4.193840476493609249e-07 3.843361000527563132 -0.1402816337234048805 0.9901116415929707149 -2.059606029850519313e-05 -0.4311768530537635202 -3.304486015604766346e-06 2.033356719743746195e-05 0.9999999997878129543 0.4950235247049395992
0.9879894955769131792 0.1545210556218363784 1.192610194996931467e-06 4.505889980228956482 -0.1545210555935888908 0.9879894954965954268 -1.299455282433876239e-05 -0.5488902659009429197 -3.186218364629662906e-06 1.265419830392340672e-05 0.9999999999148594387 0.495026629929757267
0.9859094246617047252 0.1672800238080123514 4.998158413680902764e-07 5.22725626751983441 -0.1672800237991482197 0.9859094246326887134 -7.773653189067785636e-06 -0.6856657217514491309 -1.793150039128003376e-06 7.580508737314203828e-06 0.9999999999696600472 0.4950265169175634972
0.9839878275223735704 0.1782356734489300154 -4.884980668475095479e-07 5.993790323875133552 -0.1782356734343669424 0.9839878273987516799 -1.577069121954949998e-05 -0.8527172641589585433 -2.33022361878576839e-06 1.560523597356663883e-05 0.9999999998755231267 0.4950120669002278095
0.9825565433647812652 0.1859640801142502797 -7.387931275737685521e-07 6.791857265713801439 -0.185964080089942696 0.9825565431546980921 -2.055294895060855853e-05 -1.031012238276651116 -3.096204223699747752e-06 2.033182346120878618e-05 0.9999999997885150593 0.4950061338433677793
0.9821809868283033484 0.1879375138529688904 -1.406388930093375501e-06 7.653859300451223646 -0.1879375137940737239 0.982180986269975187 -3.347945021503535319e-05 -1.234613193207111381 -4.910716172139712215e-06 3.314719268962173837e-05 0.9999999994385739832 0.4950020456023246362
0.9827690656554571857 0.1848376682162360674 -1.147524495924654882e-06 8.535634694695952263 -0.1848376681494654228 0.982769065091298355 -3.368792050185003434e-05 -1.442852932090757045 -5.099045096586648151e-06 3.331955190744958942e-05 0.9999999994319033192 0.4950039598544350716
0.9836068571177799535 0.1803262338964926048 -1.350324496544919312e-06 9.446759790584909666 -0.1803262338398371745 0.9836068565576874256 -3.352726874061153037e-05 -1.655643631300854679 -4.717657671450680855e-06 3.32211503646197211e-05 0.9999999994370492029 0.4950024757304234413
0.9845308170955053839 0.1752115013065974336 -1.173542281782155333e-06 10.39412202725232781 -0.1752115013021885159 0.9845308169612166926 -1.635068685297203485e-05 -1.863091710561681325 -1.709439849481760915e-06 1.63033731924619453e-05 0.9999999998656387001 0.4949953266408345653
0.9855167047076353048 0.1695783734556699507 -7.519671086885478625e-07 11.3701268560831501 -0.1695783734573371726 0.9855167046979347312 -4.372655542756222925e-06 -2.065244024823039481 -4.316676265478831112e-10 4.436842440503511351e-06 0.9999999999901569847 0.4950069563578314291
0.9864036275898868666 0.1643407541656632109 7.348306633547664812e-08 12.38447391159620636 -0.1643407541508183078 0.986403627494574553 1.388946834822858764e-05 -2.252725280785118578 2.21012174011525652e-06 -1.371269822652648279e-05 0.9999999999035383835 0.4950358694694440564
0.9875900974658550213 0.1570534921278254059 2.655434054372709099e-07 13.44961468531607451 -0.1570534921177315357 0.9875900973801776672 1.313275065948588745e-05 -2.449304595877300095 1.800296314681809341e-06 -1.301147902292920042e-05 0.9999999999137298978 0.4950279875594992274
0.9893283553201389635 0.1457031412213858346 4.994532185372883665e-08 14.55236980062600516 -0.1457031412120463054 0.989328355252724112 1.166682049889762821e-05 -2.633508721205776837 1.65048007163332435e-06 -1.154959352627261157e-05 0.9999999999319412192 0.4950234633416601415
0.9910617032978620289 0.1334042737636922937 -3.935120468606253825e-07 15.6788756445236146 -0.1334042737533690237 0.9910617032502612167 9.862037833359854429e-06 -2.806479727539254121 1.705632714400621496e-06 -9.721391824292930031e-06 0.9999999999512924065 0.4950179349036564758
0.992279616552715904 0.1240208150813178478 -1.671286426364154589e-06 16.84083924792289721 -0.1240208150464140596 0.9922796164609453129 1.391312708394071725e-05 -2.963115248082613729 3.383900815429286043e-06 -1.359843810312821702e-05 0.9999999999018156505 0.4950187299485341863
0.9932477473197729445 0.1160125529459842819 -2.320384472037351452e-06 18.04601428133776153 -0.116012552913803621 0.99324774726495213 1.103414034760255116e-05 -3.118706301162476713 3.584815440929347679e-06 -1.06904413175238467e-05 0.9999999999364315162 0.495018827182369836
0.9940108831565374059 0.1092811244760431427 -1.358122820778434025e-06 19.33644955303349988 -0.1092811244724620351 0.9940108831547685986 2.478674173640365693e-06 -3.278999979679748211 1.620861165419761855e-06 -2.31541191537118256e-06 0.9999999999960056396 0.4950195363061457576
0.9945836787444202187 0.1039389531277642165 -3.911679134244243618e-07 20.61795809656679523 -0.1039389531282733786 0.9945836787430690773 -1.653663916157469688e-06 -3.430809760395911567 2.171691260693475248e-07 1.685364724557506851e-06 0.9999999999985559329 0.4950166517515436904
0.9950464470095362612 0.09941110750588831591 6.192846691334179793e-07 21.97727008737262366 -0.09941110749942136393 0.995046446987154054 -6.797936901690097738e-06 -3.590775027055869373 -1.292007445846977132e-06 6.702699186205783707e-06 0.9999999999767020809 0.4950098192330675828
0.9953994649919900572 0.09581182124545299661 2.349885955740243399e-06 23.4307027881200618 -0.09581182121996634216 0.9953994649541926254 -9.254890866195142636e-06 -3.758985302939287898 -3.225803172365267036e-06 8.987166563691210278e-06 0.9999999999544122442 0.4949966759040645425
0.9957385346394491688 0.09222131333151202537 1.930328363228098394e-06 24.89465783036384394 -0.09222131331486137229 0.9957385346151540473 -7.428345270765588813e-06 -3.921841036251870083 -2.607154092476749652e-06 7.218672217922187145e-06 0.9999999999705465603 0.4949969697987667283
0.9959863846581971103 0.08950486901212056923 9.216841711429379428e-07 26.43683976200969354 -0.08950486900439849625 0.9959863846385309527 -6.434776811959369473e-06 -4.088664887835547823 -1.493928741071871774e-06 6.326454872024237106e-06 0.9999999999788719007 0.4949984716758118464
0.9963170510588034157 0.08574575074996330926 -2.179608291595340404e-07 28.0070462804601199 -0.08574575074975435141 0.9963170510413800196 -5.899290375436776692e-06 -4.256069771071939734 -2.886809915831007729e-07 5.896252805125074994e-06 0.9999999999825751607 0.4949997336824163985
0.9966259344013888022 0.08207768807800205901 -7.492010011225491405e-07 29.57276620682210577 -0.08207768808141324701 0.9966259343638292911 -8.652566781611987714e-06 -4.422664710619451434 3.649047039485489911e-08 8.684865139774886408e-06 0.9999999999622857239 0.4949976722609111257
0.9969780498354682274 0.07768377015750731196 -1.617025345843272832e-06 31.09287685262668788 -0.07768377016815625202 0.9969780498027341897 -8.138211490225682855e-06 -4.577581769526631206 9.799318248805497893e-07 8.239234845996374081e-06 0.9999999999655772021 0.4950043881883365304
0.9972324944101718103 0.07434616390843096223 -2.607647749998049731e-06 32.58741475893383921 -0.07434616391905735089 0.9972324944037452843 -4.247043480138376724e-06 -4.721749188607573977 2.284679679556263472e-06 4.42915837063137016e-06 0.9999999999875811563 0.4950135761580025662
0.9977195989523712782 0.06749519878531214101 -3.079480939160694335e-06 34.07137531757313553 -0.06749519881667188914 0.9977195988878712063 -1.157393248285530268e-05 -4.87111020280936291 2.29127361374413907e-06 1.175538945333702329e-05 0.9999999999282802587 0.4950090041527145379
0.9982213452706452106 0.05961665746286397977 -1.118649259191908483e-06 35.56051984040059466 -0.05961665746374563563 0.9982213452709207679 -7.720783741161113758e-07 -4.992169126936833123 1.070630836432701501e-06 8.37395242971873447e-07 0.9999999999990760724 0.4950261346257722184
0.9985835081686113002 0.05320692826973986295 -9.898473310804676857e-09 37.06996278561010172 -0.05320692826963558525 0.9985835081669901525 1.802533090223910903e-06 -5.109431202200843458 1.05791701039580896e-07 -1.799453149466374512e-06 0.9999999999983751886 0.4950294028380627376
0.998892597592593523 0.04704868198952898151 -4.125384839845017257e-08 38.53261926495711265 -0.04704868198951359104 0.9988925975925448952 3.166261352219435491e-07 -5.217050950899690953 5.610500613304843511e-08 -3.143345634834086033e-07 0.9999999999999488187 0.4950296984186910998
0.9990708902621829868 0.04309705596606058786 1.409697369473264852e-07 40.04757399343596802 -0.04309705596563313118 0.9990708902596597829 -2.257949204417899577e-06 -5.32035484140531878 -2.381497238229616467e-07 2.249775941181899385e-06 0.9999999999974407139 0.4950283309202351267
0.9990977071182391978 0.04247083272748647387 8.622490856476095727e-07 41.65106038361543739 -0.04247083273076120158 0.9990977071095491491 4.222532794937712876e-06 -5.412651051869954877 -6.821366004076950566e-07 -4.255343270342632652e-06 0.9999999999907130954 0.495036792189218755
0.9993705903384983991 0.03547426064856525063 3.893370661551313996e-07 43.28255336102954232 -0.03547426064971569842 0.9993705903323615303 3.512245772726674684e-06 -5.501450600615482855 -2.64497691638209158e-07 -3.523846575869134693e-06 0.9999999999937561057 0.4950414387391863791
0.9995061230192683333 0.03142467261907212067 -8.965089062084396684e-08 44.94224216226957935 -0.03142467261649393301 0.9995061229665708202 1.027195277418112367e-05 -5.572688414703850235 4.123993671921444415e-07 -1.026406244327125885e-05 0.9999999999472392043 0.4950478577874081743
0.9995743143986436374 0.02917516059630910832 -9.452973443034936798e-07 46.64560239184126544 -0.0291751605978605652 0.9995743143976481004 -1.67128618842048904e-06 -5.658898518421164425 8.961349018845214165e-07 1.698153947787118727e-06 0.9999999999981563636 0.4950450768254899825
0.9996413202886834659 0.02678116450363824189 -1.248791604294069983e-06 48.36022292734873673 -0.02678116451707664852 0.999641320212236173 -1.239674782902628005e-05 -5.743821872011782403 9.163443450672412312e-07 1.242574546049584509e-05 0.9999999999223803115 0.4950468162979426157
0.999713968951971288 0.02391610927802764741 -1.237379408932379831e-06 50.0524157596389756 -0.02391610929000864694 0.9997139688941398816 -1.079757467566953582e-05 -5.822716189260281894 9.787895040507627829e-07 1.082407953524611414e-05 0.999999999940940465 0.4950494451133142793
0.9997505471496201945 0.02233480409956247609 -1.449797120896798469e-06 51.74829908638823639 -0.02233480410523921988 0.9997505471424414925 -4.025171919837078097e-06 -5.896463993249221325 1.359534038565489448e-06 4.056548763915976351e-06 0.9999999999908477655 0.4950576665763828377
0.9997983896987989727 0.02007934153941390992 -1.124600756048701841e-06 53.44360363276994264 -0.02007934153885523876 0.9997983896993146713 5.058585472244061078e-07 -5.965939817422435176 1.13453133149247506e-06 -4.831753182547773718e-07 0.9999999999992394972 0.4950657444070661883
0.9998426396567026142 0.01773967098001010337 -2.658493847347866859e-07 55.13448008848184401 -0.01773967098133186551 0.9998426396369229918 -6.291004862344455741e-06 -6.038226127465291526 1.542071941874464735e-07 6.29473098827541808e-06 0.9999999999801760797 0.4950677233535596411
0.9998697681794871395 0.01613836054664021316 -1.340849368226505586e-06 56.80433744853601752 -0.01613836055091703164 0.999869768175059459 -3.242525577832286747e-06 -6.101074047773721531 1.288345700109551415e-06 3.263742408372135324e-06 0.9999999999938438133 0.4950704339823310818
0.9998623524860629219 0.01659144601030575206 -1.598686815461917312e-06 58.46662854100846829 -0.01659144601994716126 0.9998623524678394991 -6.219139564763464083e-06 -6.17138248381664134 1.495282241847728106e-06 6.244808041665089172e-06 0.9999999999793830474 0.4950683939375542519
0.9998822032485552569 0.0153486034424628378 -1.188847310871992934e-06 60.14807627854840888 -0.01534860344640924176 0.9998822032434725449 -3.384770865319892006e-06 -6.236616296340725007 1.136755762759388015e-06 3.402619296240471329e-06 0.9999999999935648143 0.4950749593690235706
0.9998699000954511806 0.01613018552881384168 -3.890249135024995495e-07 61.89275355430835646 -0.01613018552971231742 0.9998699000925616032 -2.429128732341344325e-06 -6.305070943067248024 3.497920042712407295e-07 2.435087746955603095e-06 0.9999999999969737541 0.4950778908640139364
0.9998925553427302493 0.01465870977831198151 2.304458114346972294e-07 63.69116290470645225 -0.01465870977792450673 0.9998925553414796941 -1.601596762806660553e-06 -6.373374460426726174 -2.538983933910380121e-07 1.598046641522038566e-06 0.999999999998690714 0.4950825961923699947
0.9999348332236793757 0.01141618615612596983 1.346759626785807967e-06 65.4795778386198748 -0.01141618613439232197 0.999934833109748733 -1.517090160772063561e-05 -6.451533909042827197 -1.519865699559257982e-06 1.515453811039129099e-05 0.9999999998840147786 0.4950667726778057443
0.999952308065954143 0.009766350132989098931 9.399323896266800363e-07 67.28508842778458643 -0.009766350111782727203 0.9999523078584275915 -2.040419196347550735e-05 -6.524272854322419768 -1.139162045133923424e-06 2.039403913929963843e-05 0.9999999997913925354 0.4950591707565147881
0.9999662307944163775 0.008218106400025824293 -4.881088733328177037e-07 69.08392653261705618 -0.008218106404191627412 0.9999662307516833382 -9.253814845069569976e-06 -6.587104463031184132 4.120435552589389322e-07 9.257513681751568797e-06 0.9999999999570641229 0.4950739556991311519
0.9999534657800344117 0.009647086407324744275 -7.612635767471839925e-07 70.91628858136772351 -0.009647086407842463823 0.9999534657800884796 -6.793923539041405536e-07 -6.648443519677541325 7.546739951978907791e-07 6.867047144149393935e-07 0.9999999999994791944 0.4950876471033416326
0.999867637452222624 0.01626983635196254177 -1.73877388820752828e-06 72.73179143480133746 -0.01626983634438864193 0.9998676374446773263 4.284693995436350036e-06 -6.721746024433909561 1.808255009776564115e-06 -4.255837295821627311e-06 0.9999999999893087743 0.4950948407804237061
0.9997223289656352874 0.02356406080240220149 -2.873926645193503101e-06 74.56150889649389057 -0.02356406076414086989 0.9997223288901224691 1.269040592926822345e-05 -6.799790484155414205 3.17216613571659365e-06 -1.26191607890283326e-05 0.9999999999153468266 0.4951106130037031816
0.9995016692572090689 0.03156601245868101424 -3.426907729135455543e-06 76.40110808280107335 -0.03156601239633761297 0.9995016691215991012 1.693411565370369647e-05 -6.88830294682999078 3.959742500898104775e-06 -1.681750305141249877e-05 0.9999999998507458354 0.4951189924479189042
0.9992142274096013077 0.0396349307717961119 -2.679789556901350597e-06 78.24716309363724065 -0.03963493072896576846 0.9992142273097769367 1.449372712984687824e-05 -6.995051336229899164 3.252141722868733617e-06 -1.437612508287954591e-05 0.9999999998913751131 0.4951183622066421819
0.9986769517414438857 0.0514232054670255706 -1.465065536030479298e-06 80.08757090231891596 -0.05142320546403945231 0.998676951740653962 2.007780406064452365e-06 -7.130553292897928053 1.566373687976927882e-06 -1.929785649617066536e-06 0.9999999999969110265 0.4951114730589741275
0.9975965216132873792 0.0692905481791299821 -5.815346307037291672e-07 81.91387523073254329 -0.06929054818152680095 0.9975965215869290192 -7.25230842418022581e-06 -7.296408808192837547 7.762049849680926458e-08 7.275172510976939686e-06 0.9999999999735327272 0.4951047264624183764
0.995808221298012497 0.09146576625982817677 -1.539742124873648123e-07 83.72805301356888208 -0.09146576625913868663 0.9958082212805600131 -5.908337246914345432e-06 -7.493808047191437005 -3.870818069503840785e-07 5.89765417400787601e-06 0.9999999999825337493 0.4951089373145229344
0.9928937921671026068 0.1190038548860105766 -7.295836252690569119e-07 85.51589518282678171 -0.1190038548865792606 0.9928937921669858113 -7.930080024964428176e-07 -7.732796391093206267 6.300280431437986451e-07 8.741959866866964698e-07 0.9999999999994192423 0.4951192060325687039
0.9888970235550846866 0.1486024118297252505 -2.124979709307205261e-06 87.26135591796129631 -0.148602411833676451 0.9888970235550614829 -1.840385671565275693e-06 -8.025889535803054642 1.827900360157326138e-06 2.135729022705003918e-06 0.9999999999960484942 0.4951192808187014349
0.9839995262137809506 0.1781710762108311974 -3.893771520438910365e-06 88.9427016405039268 -0.1781710761790629149 0.9839995261995757581 7.378187322372510162e-06 -8.35338460520396886 5.146048906953508061e-06 -6.566375367339091471e-06 0.9999999999652002813 0.4951379008725539932
0.9786201000228242908 0.205676201381543744 -4.336908613923047106e-06 90.5644662287159008 -0.2056762012926875161 0.9786200999277224755 1.554017142466561415e-05 -8.716389302810924278 7.440429368578008261e-06 -1.431592522491287667e-05 0.9999999998698468895 0.4951521150011271577
0.9714441182556416976 0.2372684662887094009 -3.708749078876886733e-06 92.17764913153983741 -0.237268466249694665 0.9714441182327824276 8.75681934580549269e-06 -9.137605602925050974 5.680559574422774025e-06 -7.626791442459875846e-06 0.9999999999547813934 0.4951483351417960699
0.9627265764812025228 0.2704765034721478001 -2.914962807971321813e-06 93.77914387784608152 -0.2704765034397457746 0.9627265764573222917 8.48560276433192255e-06 -9.611538657341439418 5.101468330168743664e-06 -7.3808863507277154e-06 0.9999999999597485312 0.4951512358994600849
0.9528479993747908106 0.3034480022832150015 1.315562589887423797e-07 95.39109650322772893 -0.3034480022705499658 0.9528479993308772711 9.559780136755795092e-06 -10.14322003105472625 2.775543066588425412e-06 -9.148937861746945623e-06 0.9999999999542964479 0.495156557169154965
0.9401567356955736754 0.3407422960660721478 3.115415964879724665e-07 96.95641028919494886 -0.3407422960625154373 0.9401567356807140063 5.519218579483769506e-06 -10.72933844211434362 1.587733280880934889e-06 -5.295085922184116051e-06 0.9999999999847203336 0.4951548467658469233
0.9253573265811829707 0.3790960539794991924 1.389733344830077093e-06 98.49077643741854615 -0.3790960539814302588 0.9253573265668511016 5.195310452426248423e-06 -11.37462533964666278 6.835217591004680042e-07 -5.334361018127926496e-06 0.9999999999855384569 0.4951585619620222367
0.908138141124451681 0.4186706541372279822 1.250551387213451548e-06 100.0184401876375091 -0.4186706541388959812 0.9081381411170497131 3.689315089248266605e-06 -12.09609954956478006 4.089345495785449771e-07 -3.873976914491271903e-06 0.9999999999924122918 0.4951584417348781075
0.8895958450955736563 0.4567485439390450708 6.977946102128802881e-07 101.5057021957133117 -0.4567485439389809554 0.8895958450909021709 2.976043079116746615e-06 -12.87619917929235491 7.385481571142423948e-07 -2.966192230190898412e-06 0.9999999999953279595 0.4951601539561966692
0.86891493231914263 0.4949614534389563114 -2.155949565473917994e-06 102.9334503190002152 -0.4949614534367891006 0.8689149323217895127 1.481114405431476198e-06 -13.70933285854580497 2.606431309594700678e-06 -2.198504928890140289e-07 0.9999999999965788477 0.4951602191992018343
0.8448062289089666166 0.5350723648244146702 2.275719370685432603e-07 104.3412152982301961 -0.5350723648143749234 0.844806228890350619 6.499974670786685492e-06 -14.60845064689701367 3.285702628440479947e-06 -5.612986544163755802e-06 0.9999999999788490301 0.4951679149968278848
0.8176873999181781816 0.5756625018111880543 5.075991377992598668e-06 105.6809455650301857 -0.5756625018223452406 0.8176873998153927348 1.345410558264409549e-05 -15.55441892939723836 3.594449887980652464e-06 -1.392331050798077464e-05 0.9999999998966104808 0.495181402340162391
0.7844450589769733639 0.6201983145027175626 1.169759050729909666e-05 106.9856958157103861 -0.6201983146098561939 0.7844450587730691371 1.799562516371679743e-05 -16.57858075264489273 1.984739321958310678e-06 -2.137140516050248465e-05 0.999999999769661696 0.4951860220240426047
0.745262575897184365 0.6667710948205008981 9.010934616394005619e-06 108.2158926234286298 -0.6667710948797281878 0.7452625757971091947 1.230361950170714095e-05 -17.6821198610294843 1.488185502855003027e-06 -1.517765790276377251e-05 0.9999999998837117987 0.4951847245211525306
0.6996063798030157654 0.7145284552174452353 5.071726049625396633e-06 109.3559734725940871 -0.7145284552346623519 0.699606379774121101 6.445779975059451622e-06 -18.8500551793382769 1.057481307466245573e-06 -8.13340137297035017e-06 0.9999999999663645722 0.4951800584939128336
0.6478588419846142976 0.7617604090950035323 -1.326501839682604437e-08 110.4408172332287847 -0.7617604090950036433 0.6478588419846144086 -1.037213891474284769e-09 -20.13103359693600325 7.80375097918385758e-09 1.077673403123984306e-08 0.9999999999999996669 0.4951769417976412679
0.5926895852597431347 0.8054309750039442273 -5.573325798314759404e-06 111.43469788493924 -0.8054309750230896903 0.5926895852494944439 -3.517106909150846546e-06 -21.48855562399813479 4.70465308833006535e-07 6.573481867156790259e-06 0.9999999999782838156 0.4951797881714227745
0.5354209933325968507 0.8445853183043231516 -2.39854330683417558e-06 112.3422248609239631 -0.8445853183071313497 0.5354209933334372895 -3.309763927421349621e-07 -22.91539723231388592 1.004692637883088985e-06 2.202986171247615513e-06 0.9999999999970685671 0.4951865550366624791
0.4726755642277283842 0.8812365238592437811 -8.413900131658576138e-07 113.1535930788605384 -0.8812365238588445449 0.4726755642283705927 8.968322927800529373e-07 -24.41955784737335122 1.188025871383497378e-06 3.175529004043690483e-07 0.9999999999992437161 0.4951925104219654372
0.412855448742073361 0.9107965626003075021 -1.295254357762007605e-06 113.8634668468377527 -0.9107965625970884105 0.4128554487440670995 2.428027468366032997e-06 -25.99010866666617048 2.746191891198452599e-06 1.772888467281965979e-07 0.9999999999962130293 0.4951960534178041495
