1612893308342233 0.9999727208254475 0.007386311999347236 0.0 0.0 -0.007386311999347236 0.9999727208254474 0.0 0.0 0.0 0.0 1.0 0.494999999999999
1612893308592237 0.9999770638259143 0.0067728449233001595 1.9786758434744116e-05 -0.01198857567421405 -0.006772844590087225 0.9999770638818183 -1.6858946375814622e-05 0.002185213338319954 -1.9900487632734694e-05 1.672454705629999e-05 0.9999999996621303 0.4950152266252843
1612893308842234 0.9999347899706398 0.011419973831419789 1.3526635504639224e-06 0.011972574068723334 -0.011419973838037993 0.999934789959026 4.990469332741756e-06 -0.0021611648855741406 -1.295584314034946e-06 -5.005591286459163e-06 0.9999999999866329 0.494985732934123
1612893309092865 0.9999780963058509 0.006618678545780654 -7.757124081876919e-07 -0.011810905095440243 -0.006618678542541287 0.9999780962977406 4.106669298223231e-06 -0.004023439167158751 8.028761411944972e-07 -4.101445155932878e-06 0.999999999991267 0.4949980662027990
1612893309342869 0.9999790148244456 0.0064784185603486005 1.2065486005292e-06 -0.033583770004939506 -0.0064784185612147705 0.9999790148249119 7.15390022777898e-07 -0.003491586254230052 -1.2018886848968329e-06 -7.23191537042911e-07 0.9999999999990163 0.49500500748506
1612893309593498 0.9999683188338107 0.007959982347246954 2.735280663582728e-06 -0.0019595979122447684 -0.007959982374405964 0.9999683187866713 1.0066022367915246e-05 -0.02458480816602607 -2.655068646221993e-06 -1.0087476250481656e-05 0.9999999999455969 0.4949757563516831
1612893309843496 0.9999382480668031 0.011113057651958762 6.956075680226073e-07 -0.006855456545531368 -0.011113057652898781 0.9999382480661066 1.362441497410028e-06 -0.027355625712001036 -6.804237220034023e-07 -1.3700876910239968e-06 0.9999999999988303 0.495001926600290
1612893310093502 0.9999787594724948 0.006517714445760799 1.4683982592683818e-07 -0.03660116345329905 -0.0065177144437675565 0.9999787594128328 -1.0925622211638442e-05 -0.010477081634793215 -2.180467926814578e-07 1.0924433085629361e-05 0.9999999999403049 0.4950290688739261
1612893310343513 0.999967597643737 0.008050071939807482 -1.4645987648017447e-06 0.009321528263493578 -0.008050071951892465 0.9999675976090805 -8.441627927571098e-06 -0.0013602104142901833 1.3965955961965587e-06 8.453144524391819e-06 0.9999999999632971 0.4950146595324772
1612893310592887 0.9999900743178136 0.004455475643485312 -6.411731727665868e-07 -0.0005918845179813371 -0.004455475647314453 0.9999900742993967 -6.100037049984809e-06 0.014677947946574215 6.139882421745714e-07 6.102833234426313e-06 0.9999999999811895 0.495012998242268
1612893310842265 0.9999789481761528 0.0064886979464596805 1.1146326746029395e-06 -0.013115670159782808 -0.006488697949097726 0.9999789481739253 2.379674516218811e-06 0.016814469336048143 -1.099168220405527e-06 -2.386856934485119e-06 0.9999999999965477 0.494991122167438
1612893311092265 0.999962118024612 0.008704166444451147 -8.145929987957021e-08 0.016826515994027465 -0.008704166443626912 0.9999621179980926 7.284056864361636e-06 0.011646698924818582 1.448578573769192e-07 -7.283071894610503e-06 0.9999999999734681 0.4949824069114099
1612893311342271 0.9999665873267971 0.008174608623783419 -1.2705944009232538e-06 0.024873316728660777 -0.008174608616482833 0.9999665873117106 5.6485329520223146e-06 0.007341577280788096 1.316726493132491e-06 -5.637957607511545e-06 0.9999999999832401 0.4949873860106853
1612893311592899 0.9999877870394192 0.004942243357478451 6.069658103763839e-07 -0.004280897691290889 -0.004942243358903534 0.9999877870367894 2.3693001698029555e-06 0.004335087489493593 -5.952487395004365e-07 -2.372271006384108e-06 0.9999999999970093 0.4949972820206527
1612893311842894 0.9999507837200234 0.009921196249719162 -6.729811065592689e-07 0.027443789965441435 -0.00992119624779364 0.9999507837163304 2.80656425739556e-06 -0.0049725244892726665 7.007924597167717e-07 -2.799749351120337e-06 0.9999999999958353 0.494990780998056
1612893312092904 0.9999747090471158 0.007112050334705517 1.9849196589023605e-06 -0.049074538664469314 -0.007112050336576988 0.9999747090486331 9.37394970394643e-07 -0.008233609590919974 -1.9782026581871114e-06 -9.51488111313242e-07 0.9999999999975908 0.4949988059426973
1612893312343528 0.9999560082856143 0.00937984468407467 2.2294983708472483e-06 -0.0335567380227271 -0.009379844690598865 0.9999560082837338 2.9340983451476313e-06 -0.018825676598984514 -2.201878904627162e-06 -2.9548816175943185e-06 0.9999999999932103 0.494993464403629
1612893312593538 0.9999399506932694 0.010958786664578979 3.8735150694960916e-07 -0.009859781480722295 -0.010958786664129775 0.9999399506926955 -1.143331479810049e-06 -0.022547527048970877 -3.9985777253499056e-07 1.1390179210211664e-06 0.9999999999992717 0.4950048667100113
1612893312843551 0.9999815361892553 0.00607678189409722 3.95388006513669e-07 -0.04242272473993806 -0.006076781890069883 0.9999815361442854 -9.494387549759917e-06 -0.010156532655339686 -4.530760284861666e-07 9.491809560528689e-06 0.9999999999548503 0.495026832539686
1612893313093543 0.9999811391625689 0.006141768152698323 9.255494729778027e-07 -0.038065760757338085 -0.006141768141728306 0.9999811390978259 -1.1422567578904015e-05 0.0072107323099942265 -9.956867780602742e-07 1.1416667629472611e-05 0.9999999999343343 0.4950333385483551
1612893313342913 0.9999690397899406 0.007868891754859747 1.3790692758514687e-06 -0.010240075184815931 -0.007868891754543882 0.9999690397908666 -2.3430252135971635e-07 0.006779613179722133 -1.3808702807598605e-06 2.2344352045107117e-07 0.9999999999990219 0.4949994445356586
1612893313592297 0.9999682601796789 0.0079673475893885 1.8393564455313308e-06 -0.01853259369496715 -0.007967347601457918 0.9999682601591595 6.650445586852181e-06 0.0011022520783594153 -1.7863116530389023e-06 -6.664889295083831e-06 0.9999999999761944 0.494985934044586
1612893313842297 0.9999464907069375 0.010344840291062021 2.0177473650562015e-08 0.004235360302942974 -0.010344840290997252 0.9999464906889947 5.990437746977648e-06 -0.002451205443842752 4.179372779837528e-08 -5.9903259356444386e-06 0.9999999999820572 0.4949882297196989
1612893314092307 0.9999741446603224 0.007190967037123181 1.3018958791724044e-06 -0.040485835406601396 -0.007190967038025698 0.9999741446609256 6.899018510839525e-07 -0.00034651633686336863 -1.2969011567458805e-06 -6.992459037929339e-07 0.9999999999989149 0.4950070399626095
1612893314342931 0.9999655337409589 0.008302488551160047 3.4329186439471143e-06 -0.031303516393236176 -0.00830248858041787 0.9999655337096428 8.598174939521987e-06 -0.02006649921632863 -3.3614140749881268e-06 -8.626380360455174e-06 0.9999999999571434 0.494983042406204
1612893314592934 0.9999503316232982 0.009966658592100214 8.555894366057967e-07 -0.014953255285087228 -0.009966658591806921 0.9999503316236071 -3.4635607218264913e-07 -0.020527148041278073 -8.589989535922797e-07 3.378115014301441e-07 0.9999999999995741 0.4950110040464491
1612893314842934 0.9999971688299796 0.0023795650203809315 3.262173962369389e-07 -0.021499463245136047 -0.0023795650173625118 0.9999971687898964 -8.960308354114036e-06 -0.010442034662856405 -3.4753810897897455e-07 8.959506730473517e-06 0.9999999999598035 0.4950307059178069
1612893315093567 0.9999915531239487 0.00411019198437161 -6.097107886040753e-07 0.02029531856177747 -0.004110191987618464 0.9999915531094155 -5.423197505023514e-06 -0.005837503906785024 5.874152555303738e-07 5.4256577243565746e-06 0.9999999999851088 0.4950121847972809
1612893315343564 0.9999968600838297 0.0025059569321862095 3.213116407407097e-07 -0.00186069147363794 -0.0025059569309995133 0.9999968600772522 -3.641912701399301e-06 0.002419420175891272 -3.3043710822814465e-07 3.6410960729737295e-06 0.9999999999933169 0.4950124537426711
1612893315594200 0.9999830235451669 0.005826887545090636 -8.77796064943558e-07 0.019883475921633535 -0.0058268875464032545 0.999983023544419 -1.500321465502759e-06 0.00859667193308291 8.690389586187131e-07 1.5054108143255754e-06 0.9999999999984894 0.495004053956331
1612893315843573 0.9999829662191737 0.005836717327857625 3.2375150890265304e-07 -0.012263603692058088 -0.005836717327744952 0.9999829662191665 -3.4781914156369233e-07 0.015566305276262954 -3.257761162016671e-07 3.459235708475364e-07 0.9999999999998874 0.4950036047873961
1612893316092951 0.9999742856471403 0.007171334761324979 -2.4071852827289266e-09 -0.014761579364412797 -0.007171334761322599 0.9999742856464041 -1.2134254667436464e-06 0.021006546526341676 -6.294756845949498e-09 1.2134115270272322e-06 0.9999999999992639 0.495006929986384
1612893316342327 0.9999854149181919 0.005400921093386867 -4.778656017465645e-08 -0.0013046908123054795 -0.005400921093353559 0.9999854149179679 6.712698979432399e-07 0.022979981478844027 5.141133895502647e-08 -6.710020159775352e-07 0.9999999999997737 0.494997687251955
1612893316591748 0.9999925063326813 0.003871340357352849 2.958037370502968e-07 0.005584529501297618 -0.003871340359401132 0.9999925063062917 7.269861740849367e-06 0.012583642538501114 -2.676574112383436e-07 -7.270952419885975e-06 0.999999999973531 0.494982007180426
1612893316841714 0.9999984547275746 0.0017579932394161343 -2.3090770216452736e-08 0.0012708718822863206 -0.001757993239279223 0.9999984547151596 4.9831017491010435e-06 0.005161037973098604 3.185099372100687e-08 -4.983053455444512e-06 0.9999999999875844 0.4949898888133351
1612893317092341 0.9999827025659057 0.00588171426830332 -2.005219018748853e-06 0.019568760185555187 -0.005881714275303226 0.9999827025617394 -3.5030152451820688e-06 0.010207809932747199 1.984580598851474e-06 3.5147487773422447e-06 0.9999999999918543 0.4950110266626286
1612893317342340 0.9999737766684285 0.0072419591253235155 -1.1290269467968933e-06 0.02289758583950298 -0.007241959124228487 0.9999737766686024 9.709574588299906e-07 0.002156743662015743 1.1360289741807563e-06 -9.627556300940947e-07 0.9999999999988916 0.4949917502370771
1612893317592342 0.9999952539485902 0.0030809216087983333 3.199580183995757e-07 -0.015976922854439267 -0.003080921608462806 0.9999952539480975 -1.0438418323178563e-06 0.0034812964986984723 -3.2317249472028214e-07 1.0428511126204996e-06 0.9999999999994043 0.4950015722096145
1612893317842973 0.9999795454236112 0.006395993379051656 -9.222060996260604e-07 0.015208939083482921 -0.0063959933804224895 0.9999795454229156 -1.491287479212531e-06 0.0017981866239557968 9.126489714491086e-07 1.4971553996707643e-06 0.999999999998463 0.495000385680861
1612893318092973 0.9999997339981572 0.0007293835478502653 1.0109769185445906e-06 -0.02165283056939192 -0.0007293835482562115 0.9999997339985875 4.012487407657509e-07 -0.002601060252210135 -1.01068398539545e-06 -4.0198602396579474e-07 0.9999999999994087 0.494997876459269
1612893318343597 0.9999899717735818 0.004478431118450093 -2.180823230320392e-06 0.014608281098574585 -0.0044784311334366235 0.9999899717519749 -6.916271729462999e-06 0.00517487125640111 2.1498273139519554e-06 6.92596903819081e-06 0.9999999999737048 0.495013391492260
1612893318593605 0.9999859037267246 0.005309646164363057 -1.7951541828311466e-06 0.02846396363267773 -0.00530964616712023 0.9999859037271437 -1.5346474425995037e-06 0.0004129457032866828 1.7869804429447098e-06 1.5441574433194763e-06 0.9999999999972113 0.495000968265327
1612893318843614 0.9999978566770952 0.002070419995346594 -1.6175750490768428e-07 -0.004205517341395383 -0.0020704199956617254 0.999997856675161 -1.9730581779775116e-06 -0.00010977763752559998 1.576720991055111e-07 1.9733888550537395e-06 0.9999999999980407 0.495003976630681
1612893319094236 0.9999750943363979 0.007057669631340412 2.013579148636192e-06 0.0063732051122691894 -0.007057669655696214 0.9999750942619089 1.2356572371047048e-05 -0.013967423416979001 -1.926320393392609e-06 -1.237047579889696e-05 0.9999999999216305 0.494992322530889
1612893319343618 0.999954544454971 0.009534622253651565 3.149059932965901e-07 0.02257772589463491 -0.009534622257895144 0.9999545442771218 1.8860023331626943e-05 -0.025790415986645485 -1.3506848085574065e-07 -1.886216854872208e-05 0.9999999998221003 0.494966065948536
1612893319592993 0.9999676151179058 0.008047901104118389 -9.968341967856727e-07 0.00449101732914278 -0.008047901118361813 0.9999676150024556 -1.5220306357321103e-05 0.002590219539105396 8.743103939751983e-07 1.522783587257549e-05 0.9999999998836746 0.4950425393935282
1612893319842374 0.9999661759623215 0.008224775163670425 -1.601893256917388e-06 -0.011378119194708719 -0.008224775179002164 0.99996617591534 -9.811923444322032e-06 0.005906605920719599 1.5211382100953848e-06 9.824766777374526e-06 0.9999999999505802 0.495018523859178
1612893320092379 0.9999679312741769 0.008008521043640622 -3.421119447524099e-06 0.01863675640670601 -0.008008521086638777 0.9999679311984607 -1.2745293533917148e-05 0.01499707576037317 3.3189387848557055e-06 1.2772282915857573e-05 0.999999999912927 0.4950503089537
1612893320342380 0.9999636267408979 0.008529078819812302 -2.7282013657782744e-06 0.025778705939487112 -0.00852907882993304 0.9999636267376144 -3.719812143698738e-06 0.015464667617189745 2.69637556123136e-06 3.7429458865290627e-06 0.9999999999893603 0.495019537849631
1612893320592385 0.9999546048486818 0.009528286282636335 -4.4761516685490603e-07 0.02423605077518613 -0.009528286281655349 0.9999546048464911 2.1448036548686637e-06 0.012738113542827058 4.6803115054037794e-07 -2.140441285733176e-06 0.9999999999975999 0.495001065995501
1612893320843018 0.9999561116923451 0.009368810099756446 9.176501020073226e-06 -0.03747429291467269 -0.009368810247427107 0.9999561116021061 1.618368868185958e-05 0.005111973385297709 -9.024476372190945e-06 -1.6268951303980696e-05 0.9999999998269402 0.4950033733496035
1612893321093014 0.9999509834041801 0.00990104795024631 6.022262100155507e-06 -0.05307056286032098 -0.009901048067383005 0.999950983226269 1.9742163518257584e-05 -0.007483683372435368 -5.82649880067405e-06 -1.980082253117999e-05 0.99999999978699 0.495023665184517
1612893321343016 0.9999414768998797 0.010818630830611948 7.698391132453287e-08 -0.03874841481693434 -0.010818630830885113 0.9999414768719109 7.478915609802488e-06 -0.011931952369737507 3.932221010503623e-09 -7.4793107810087005e-06 0.9999999999720302 0.495027597941064
1612893321593647 0.9999469674680236 0.01029865187393388 -4.341694316113091e-06 -0.0968964484433652 -0.010298651923844012 0.9999469674092526 -1.1634345352122278e-05 -0.0034601612544037114 4.2216459922620495e-06 1.1678441951877835e-05 0.9999999999228961 0.49505075109809
1612893321843642 0.9999405982416172 0.010899540541183486 1.398276186271554e-06 -0.272082823204562 -0.010899540541700932 0.9999405982425232 3.6299109120685845e-07 -0.013279785570226327 -1.3942366900970596e-06 -3.7821009687939535e-07 0.9999999999989568 0.4950247536803449
1612893322093646 0.9999431876238611 0.01065933952236526 1.8292089634067393e-06 -0.49815847939799707 -0.010659339521099508 0.9999431876253024 -7.003152521524083e-07 -0.014989743375708789 -1.836569939751187e-06 6.807773061844366e-07 0.999999999998082 0.4950244786891651
1612893322343031 0.999951401091539 0.009858774977245969 2.9636670440362615e-06 -0.8022943775914976 -0.0098587749698788 0.9999514010929029 -2.4902370347174634e-06 -0.014112581460874313 -2.9880736996288506e-06 2.460897885448494e-06 0.999999999992508 0.4950228570418991
1612893322591783 0.9999668871398625 0.008137851163718571 -1.3361329750683951e-07 -1.1418737154068888 -0.008137851164209172 0.9999668871309977 -4.211766445897578e-06 -0.013779621703659825 9.933414471407732e-08 4.212714307402407e-06 0.9999999999911218 0.4950214899215462
1612893322841782 0.9999747044636742 0.007112694785746915 -1.8546243186206546e-06 -1.545572193932683 -0.007112694799269613 0.9999747044379937 -7.3896562342041875e-06 -0.009703258405061324 1.8020170354947415e-06 7.40266068564866e-06 0.999999999970977 0.4950251547922917
1612893323091787 0.9999755230789392 0.006996659140333252 -1.2820276359048293e-06 -2.0029973674269703 -0.006996659136612618 0.999975523075628 2.8839912591639246e-06 -0.015719890628307077 1.3021745596176413e-06 -2.874950757572118e-06 0.9999999999950198 0.49500688324172
1612893323341787 0.9999616360016793 0.008759367695400137 -4.3514922090398914e-07 -2.5227357510654786 -0.0087593676935186 0.9999616359931691 4.152358878015079e-06 -0.012501964303052336 4.715045650530683e-07 -4.148387944907882e-06 0.9999999999912845 0.4950050290201235
1612893323591794 0.9999532448081766 0.009669963358646779 2.0020671288287405e-06 -3.1142288464812724 -0.0096699633747809 0.9999532447763023 8.21231926007287e-06 -0.015375085193267956 -1.922560695401927e-06 -8.231295207338612e-06 0.999999999964275 0.49500818315815
1612893323842416 0.9999404209159606 0.010915796436535894 2.082140313669271e-06 -3.7508129312764367 -0.01091579647148621 0.9999404207631013 1.7586150245192644e-05 -0.030307048741736474 -1.8900494251636302e-06 -1.7607830698397655e-05 0.9999999998431963 0.4949952862970633
1612893324092426 0.9999298281374763 0.011846467664186377 1.6142032683583832e-06 -4.421230137869748 -0.011846467705627927 0.9999298277268498 2.868482488361057e-05 -0.04783836130648514 -1.274276145611534e-06 -2.870193462297536e-05 0.9999999995872879 0.4949859874080031
1612893324343052 0.9999016002987934 0.014028175706554768 2.006354951573734e-06 -5.135958807056866 -0.014028175777489415 0.9999015994464193 4.1311206159158834e-05 -0.08551462175992722 -1.4266366664885147e-06 -4.13352866488413e-05 0.9999999991446795 0.4949612647905093
1612893324593060 0.999777137031148 0.02111104609329991 -6.44520960847974e-07 -5.881269119130655 -0.021111046055910517 0.9997771363707342 3.636656706067883e-05 -0.07868314081578642 1.4121135940435688e-06 -3.634485578796942e-05 0.9999999993385289 0.4949687230909314
1612893324843683 0.999515687187423 0.031118982372040888 -3.8681384564066087e-07 -6.687123872295811 -0.031118982334327385 0.9995156864528336 3.835315256066344e-05 -0.07535005286275268 1.5801375849059478e-06 -3.832254038433199e-05 0.9999999992644433 0.4949574272242880
1612893325093687 0.999204424715914 0.03988129418355702 -3.890301811766761e-07 -7.523784116887902 -0.039881294159100585 0.9992044243627155 2.6607085827234962e-05 -0.05923380352767968 1.4498456954886517e-06 -2.6570402860336316e-05 0.9999999996459561 0.494979914015186
1612893325343691 0.9987312235724136 0.05035814785003243 -2.1051549999125896e-06 -8.345502362825325 -0.050358147852071586 0.9987312235740989 -9.271100008337133e-07 -0.0045508359164626476 2.0557964863851955e-06 1.0319454122583048e-06 0.9999999999973546 0.494993382100638
1612893325593691 0.9983332222243873 0.0577128871848696 -7.322968249913624e-06 -9.148988913555161 -0.05771288740906251 0.9983332216106167 -3.540118267854862e-05 0.05497851965095312 5.2676580225622045e-06 3.5764806416216876e-05 0.9999999993465654 0.4949789879520
1612893325843072 0.9980868519929945 0.061827468263626006 -6.677707748186944e-06 -9.930602312789649 -0.06182746843306257 0.998086851578901 -2.9158925615726482e-05 0.07654594474882882 4.862109754054999e-06 2.9516006040370495e-05 0.9999999995525828 0.494972696568199
1612893326092447 0.9980647848500502 0.0621826759657001 -7.052286415611278e-06 -10.717136658723287 -0.0621826761107774 0.9980647846086914 -2.266001451881693e-05 0.06492257588213159 5.6295783822067396e-06 2.305469255749592e-05 0.9999999997183948 0.494966258524964
1612893326341830 0.9981473188181199 0.06084348704357568 -4.2829928707428836e-06 -11.530298276229546 -0.06084348708769893 0.9981473187633305 -1.1061213050614675e-05 0.040642131572246325 3.6020550772912067e-06 1.1301312370800019e-05 0.9999999999296529 0.4949803722965826
1612893326591205 0.998227934190863 0.059506229800790456 -3.7020324744294518e-06 -12.369111422594704 -0.059506229845248955 0.9982279341057209 -1.3356505528927722e-05 0.022021909749917367 2.900676941608572e-06 1.3553130917498598e-05 0.9999999999039495 0.494980912109815
1612893326841828 0.9983292097105056 0.057782255299445646 -3.012380885388325e-06 -13.265146013386994 -0.05778225534741093 0.9983292095213562 -1.9524307121238355e-05 0.0008353667952973697 1.8791893294670013e-06 1.966574826005816e-05 0.9999999998048636 0.494987412060786
1612893327091831 0.9984185270639071 0.05621783349822033 -3.1736555224233725e-06 -14.171719014135968 -0.056217833528418804 0.9984185270130775 -1.0400701015212757e-05 -0.029456491425863422 2.58393159401262e-06 1.0562668625900533e-05 0.9999999999408768 0.4949762600281149
1612893327342467 0.998562473102003 0.05360025465646222 -3.307822985819545e-06 -15.132854418776907 -0.05360025466597687 0.9985624731028807 -2.8580544137771454e-06 -0.07736421993236899 3.149875456913069e-06 3.0312460381180724e-06 0.9999999999904452 0.494969817711747
1612893327592465 0.9988415025606739 0.04812122969921417 -3.512530260527528e-06 -16.075501916498805 -0.04812122970422415 0.9988415025656884 -1.3559778909802857e-06 -0.17044165337067255 3.4432096796815316e-06 1.523434269579094e-06 0.9999999999929119 0.494968043132007
1612893327843095 0.9990408855430553 0.04378708702166985 -4.612135844932385e-06 -16.981814310567703 -0.04378708704408666 0.9990408855408149 -4.877011650754814e-06 -0.24767933134082432 4.394162145208288e-06 5.0742860320864296e-06 0.9999999999774718 0.4949464527524252
1612893328093094 0.999256962346553 0.0385424854327991 -4.0459087368990425e-06 -17.897822189836926 -0.03854248545258759 0.9992569623418064 -4.932579247269606e-06 -0.3469592840668177 3.852788610570489e-06 5.084853533806061e-06 0.9999999999796503 0.494956312742816
1612893328343101 0.9994967846547005 0.03172030038163176 -2.5262166780043565e-06 -18.863321962262052 -0.03172030038436222 0.9994967846572567 -1.0482177363133104e-06 -0.4839822652212766 2.4916956655572457e-06 1.1278226089279753e-06 0.9999999999962599 0.494979731073756
1612893328593103 0.9996831131283153 0.02517286880280522 -2.9074705069033643e-07 -19.836910334627923 -0.025172868800916234 0.9996831131144054 5.290590042472344e-06 -0.6288275609055538 4.2383424579248106e-07 -5.281594586594929e-06 0.9999999999859628 0.4950195953200610
1612893328843739 0.9997613186156281 0.021847329303476378 1.1385339327058027e-07 -20.827423008516426 -0.02184732930362402 0.9997613185759876 8.903304822115656e-06 -0.7228819875081203 8.068721375769254e-08 -8.90366716159023e-06 0.9999999999603593 0.4950125613041706
1612893329093732 0.9997577267361646 0.02201108420918607 -1.0197543432849068e-06 -21.82742318852909 -0.02201108419953074 0.9997577266993013 8.67029266873101e-06 -0.7435968505391958 1.2103498260866383e-06 -8.645746189934177e-06 0.9999999999618934 0.4949918474699333
1612893329343732 0.9997578285899116 0.022006457345832803 -2.4573700095099993e-06 -22.831311750679305 -0.0220064573507962 0.999757828590799 -2.0113726425198483e-06 -0.7619902208549284 2.412511718493079e-06 2.064963553884799e-06 0.999999999994958 0.49496524728893
1612893329593742 0.999791341128628 0.02042729040027695 -2.9815138539905363e-06 -23.811716487799053 -0.0204272904065519 0.9997913411307618 -2.089568340167372e-06 -0.8243195680028037 2.9382075153919005e-06 2.150036582547256e-06 0.9999999999933724 0.494948131666406
1612893329843120 0.9998135788365309 0.0193082252680672 -2.975394433004739e-06 -24.77208942021929 -0.019308225277798748 0.9998135788353986 -3.277420490917859e-06 -0.8778971216371624 2.911558583379092e-06 3.334259096386954e-06 0.999999999990203 0.494948083441851
1612893330092497 0.9998465445846453 0.017518198431054118 -1.9085734544432996e-06 -25.728324569350335 -0.01751819843521615 0.9998465445840038 -2.1862712932811405e-06 -0.9494666451001679 1.8699810391742595e-06 2.219370566619821e-06 0.9999999999957889 0.494980079360916
1612893330342499 0.9998863114376114 0.015078600507674357 -2.0457859188341537e-06 -26.676860743095958 -0.015078600517498016 0.9998863114276739 -4.874608499136035e-06 -1.0357863935576699 1.9720510621683134e-06 4.9049019005289585e-06 0.9999999999860267 0.4949798966351778
1612893330592501 0.999924351652741 0.0123000391591646 -2.5092353570955338e-06 -27.59693022954166 -0.012300039176918996 0.99992435162984 -7.187351551135848e-06 -1.1332401716793605 2.4206408320061093e-06 7.2176715330823565e-06 0.9999999999710232 0.4949655003713613
1612893330843130 0.9999492303114731 0.01007654632899248 -3.3674368702272444e-06 -28.50449523657659 -0.010076546368285047 0.9999492302463834 -1.1862575861414522e-05 -1.2119547493542469 3.2477321110455377e-06 1.1895905735924596e-05 0.9999999999239702 0.4949402866437857
1612893331093132 0.9999771171957094 0.00676498825447989 -4.079584766253917e-06 -29.376925340161865 -0.00676498830228361 0.9999771171338485 -1.1820108857820851e-05 -1.3262359331491664 3.999528516080921e-06 1.1847436723831473e-05 0.9999999999218212 0.4949182979220293
1612893331343757 0.9999974695264409 0.0022496486069044767 -4.430309081237005e-06 -30.219249561998193 -0.0022496486512819693 0.9999974694857798 -1.0037420239349423e-05 -1.4803608945384954 4.407717201828315e-06 1.0047361478794723e-05 0.9999999999398115 0.494906364756787
1612893331593760 0.9999962429350706 -0.0027411857576076 -3.762033083536876e-06 -31.050148782220216 0.002741185717524107 0.9999962428858766 -1.0618862786768842e-05 -1.6477495217895985 3.7911272245906764e-06 1.0608510459678158e-05 0.9999999999365436 0.4949258220819434
1612893331843764 0.999972056459205 -0.00747571344943254 -2.634027330217152e-06 -31.92298008821724 0.007475713432110142 0.9999720564415087 -6.525992835018938e-06 -1.815378102961256 2.682740178534062e-06 6.5061192421933865e-06 0.9999999999752369 0.494962543974591
1612893332093767 0.9999439727412709 -0.010585432188752616 -1.2448190799481066e-06 -32.8727252112851 0.010585432180734461 0.9999439727224072 -6.280468500344319e-06 -1.9324449015873946 1.3112308095508692e-06 6.2669396749766305e-06 0.9999999999795033 0.4950134501737777
1612893332343153 0.9998992368421725 -0.014195638706098811 -1.3909182144811828e-06 -33.860637444414856 0.014195638693369504 0.9998992368048601 -8.770016597648836e-06 -2.0672639853305204 1.515274048187787e-06 8.749387930676994e-06 0.9999999999605762 0.495008759469172
1612893332592575 0.9998522790380742 -0.0171877891786467 -1.812965709943017e-06 -34.849366515632404 0.017187789167534672 0.9998522790220479 -5.976366845600757e-06 -2.1899502217375213 1.9154184302760625e-06 5.9443231385643085e-06 0.9999999999804983 0.4949968104197534
1612893332842534 0.9997189066158015 -0.02370881153953184 -2.838410586382832e-06 -35.87889677736231 0.023708811533281613 0.9997189066175238 -2.2157867484004596e-06 -2.4404035001387596 2.8901463983863224e-06 2.147868563762862e-06 0.9999999999935172 0.494964820761514
1612893333092530 0.999602268111769 -0.028201162658792297 -2.8752351139050973e-06 -36.939848403673984 0.028201162635007042 0.9996022680845452 -8.00215339269373e-06 -2.618398264388056 3.099761570590743e-06 7.917885708071498e-06 0.9999999999638496 0.494958480658379
1612893333343166 0.9993546621114234 -0.03592017970462553 -1.9792626632626306e-06 -38.04551984661245 0.03592017967665002 0.9993546620335421 -1.2711782539905909e-05 -2.918394808534579 2.4345948831254194e-06 1.2632483674538089e-05 0.9999999999172469 0.494979125569583
1612893333593165 0.9991311994144703 -0.041675488645488104 -7.275071412267951e-07 -39.14431631711385 0.04167548864295499 0.9991311994096984 -3.2055690233639216e-06 -3.1670984113639786 8.604687380305051e-07 3.1724648075246836e-06 0.9999999999945977 0.4950494253350989
1612893333843794 0.9992541496113624 -0.038615339961876737 -1.3671540980998029e-06 -40.28429997836728 0.03861533995560794 0.9992541496030805 -4.3479640976603336e-06 -3.064121511163854 1.5340325174496984e-06 4.291928046688067e-06 0.9999999999896132 0.4950249039473104
1612893334093793 0.9991574426680325 -0.041041500351182224 -2.7872159758129244e-06 -41.409382517099374 0.04104150033397689 0.9991574426547764 -5.972551440273507e-06 -3.18165283279392 3.0299900585599688e-06 5.853127697877837e-06 0.9999999999782803 0.4949640447121277
1612893334343177 0.9992658733077391 -0.038310761286058356 -3.1578191157100466e-06 -42.585870926271326 0.038310761294368084 0.99926587330899 2.614360823329633e-06 -3.0990438252444297 3.055342723000444e-06 -2.7334200056248833e-06 0.9999999999915969 0.4949711580120884
1612893334593176 0.9993228479414223 -0.03679464057185733 -2.2803867576340346e-06 -43.82122753904424 0.036794640578835844 0.9993228479389658 3.097782467736352e-06 -3.063670846919335 2.1648607965758133e-06 -3.1795908090962844e-06 0.9999999999926019 0.4950133770155331
1612893334842551 0.9993740685229965 -0.03537613824233762 -2.149269847178369e-06 -45.06608245568972 0.03537613823657672 0.9993740685219668 -2.661782889547993e-06 -3.0264595689597464 2.242088151002979e-06 2.5840839286367567e-06 0.999999999994148 0.4950062649132238
1612893335092560 0.999389685484522 -0.03493217053644408 -2.5550808070120828e-06 -46.334150525413634 0.03493217053619987 0.9993896854877871 -1.401679778555649e-07 -3.0370884488512164 2.5584177758275975e-06 5.082791281987077e-08 0.9999999999967262 0.494999234273405
1612893335343185 0.9994090272058276 -0.03437435570502459 -2.670772968832346e-06 -47.653405270253245 0.03437435569349102 0.9994090272007541 -4.250596189055155e-06 -3.031478596922919 2.815306120022089e-06 4.156278102350491e-06 0.9999999999873999 0.4949854841887056
1612893335593190 0.9994023803081873 -0.034567068539060754 -2.170829401166593e-06 -48.98475008386553 0.03456706854542248 0.9994023803059275 2.964771406524576e-06 -3.0729129149188594 2.06704861435661e-06 -3.038038809467646e-06 0.999999999993249 0.495037707904703
1612893335843194 0.9994834096542866 -0.032138976636619486 -2.088023505612285e-06 -50.351505896625 0.03213897664767507 0.9994834096409984 5.49654777918858e-06 -2.9839473147149174 1.9102914321467637e-06 -5.560815254370189e-06 0.9999999999827143 0.495052600109996
1612893336093191 0.99946696773375 -0.032646292368609935 -1.2057098605376344e-06 -51.75364506822707 0.03264629237563648 0.9994669677140197 6.358838177878865e-06 -3.043035405382409 9.97474687976953e-07 -6.394810668595771e-06 0.9999999999790559 0.4951055918675121
1612893336343198 0.9994854316833542 -0.03207603233503558 -3.8453565753113095e-07 -53.196790281936245 0.03207603233698295 0.9994854316569979 7.260095655590776e-06 -3.049122782220249 1.5146272465117205e-07 -7.268694218592512e-06 0.9999999999735718 0.49515211704558
1612893336593826 0.9995795343311119 -0.02899576766799963 -1.2281578320054745e-06 -54.67705941081226 0.028995767667940743 0.9995795343318659 -6.57427921121609e-08 -2.909436936411846 1.2295476965307412e-06 3.010377036877623e-08 0.9999999999992439 0.4950921986499261
1612893336843837 0.9996652804070293 -0.025871357424757706 -3.391669936563294e-06 -56.17460635397374 0.025871357399806158 0.9996652803874639 -7.2050163474336205e-06 -2.759376486680732 3.5769382312999266e-06 7.1148575821993474e-06 0.9999999999682925 0.4949660601963209
1612893337093212 0.9997344715130264 -0.02304314339879085 -2.9392944350057e-06 -57.680645168101094 0.023043143395952453 0.9997344715169167 -9.95922956704376e-07 -2.631852229862286 2.96146316412514e-06 9.279279276418436e-07 0.9999999999951845 0.4949977389062310
1612893337343212 0.9998022165149675 -0.01988788189586007 -1.794958008579011e-06 -59.22906708659769 0.019887881905154624 0.9998022165022505 5.318012113474234e-06 -2.4841288913625186 1.6888389986760081e-06 -5.352658211416266e-06 0.9999999999842486 0.495072971387014
1612893337592968 0.9998276198500742 -0.01856692168824855 -1.313635008865975e-06 -60.77574960086274 0.01856692169882006 0.99982761981415 8.553876374292005e-06 -2.4387629108132756 1.154589411449117e-06 -8.576792014169754e-06 0.9999999999625531 0.495110277808965
1612893337842586 0.9998734157535989 -0.015910765576968963 -2.3985579893585293e-06 -62.30482015385287 0.015910765588987043 0.9998734157433921 5.07761091026107e-06 -2.3104492824380913 2.3174656927994758e-06 -5.115131058642167e-06 0.9999999999842326 0.495041705109776
1612893338092597 0.9999007342774342 -0.014089768768967281 -2.2916918990703765e-06 -63.82874533409916 0.014089768795941754 0.9999007342050795 1.2214225126439062e-05 -2.24038284926382 2.1193688047333517e-06 -1.2245302081593091e-05 0.9999999999227807 0.495063856320010
1612893338343224 0.9999321196270968 -0.011651443243771714 -2.4831874804503358e-06 -65.35986709720598 0.011651443255626568 0.9999321196184525 4.81427449426779e-06 -2.1202646118911863 2.426925674712252e-06 -4.8428804175522115e-06 0.9999999999853284 0.4950448868834791
1612893338593224 0.9999389404952488 -0.011050577766828332 -3.1663348259603796e-06 -66.88908335480978 0.01105057775280081 0.9999389404906749 -4.413980368227218e-06 -2.1150339237532254 3.2149185244370734e-06 4.378721023596053e-06 0.9999999999852458 0.4949890387926363
1612893338843230 0.9999468466485137 -0.010310376376043453 -3.8007567317064127e-06 -68.40769193865938 0.010310376338749743 0.9999468466090299 -9.704555879726917e-06 -2.0971804648544508 3.900612332288871e-06 9.664852817802887e-06 0.9999999999456881 0.494940966939402
1612893339093854 0.9999585300986783 -0.009107033647357037 -4.336372216285082e-06 -69.90807245323211 0.009107033594690728 0.99995853003639 -1.2013933065658723e-05 -2.0489685861282543 4.445603679763119e-06 1.1973943361613922e-05 0.9999999999184308 0.494903225027367
1612893339343863 0.999974217375013 -0.007180846425302117 -5.25486497459047e-06 -71.42112160841933 0.007180846339817926 0.9999742172596713 -1.6109596813653068e-05 -1.9424582744519923 5.37041003047582e-06 1.607144708807656e-05 0.999999999856434 0.4948368377973351
1612893339594485 0.9999725045147266 -0.00741553752872919 -3.933525483259175e-06 -72.96690536870986 0.00741553750908007 0.9999725045101755 -4.986583156936457e-06 -1.9990759636890303 3.9703955235984975e-06 4.957276842659766e-06 0.9999999999798308 0.4949433846686215
1612893339844492 0.9999592245587315 -0.009030460049612324 -2.9933109576097693e-06 -74.50124849292675 0.00903046005597365 0.9999592245609101 2.118514460769743e-06 -2.1571815495209927 2.9740577438452747e-06 -2.1454590524503655e-06 0.9999999999932763 0.495018385560057
1612893340093864 0.9999502288970018 -0.009976959137071188 -3.602564995338455e-06 -76.04272306169298 0.009976959120204408 0.9999502288927552 -4.66989367816867e-06 -2.257665325150399 3.6489770300994485e-06 4.633718608733374e-06 0.999999999982607 0.494967605609033
1612893340342628 0.99994809582961 -0.010188505260608206 -2.249251720068299e-06 -77.58546426365795 0.010188505272843786 0.9999480958169052 5.497101902262711e-06 -2.318526191049865 2.1931277228507614e-06 -5.519733092771128e-06 0.9999999999823617 0.495084189410736
1612893340592043 0.9999443234877369 -0.010552247085835045 -1.9644621845172805e-06 -79.11273075036121 0.010552247108502425 0.9999443234184995 1.1909980671890803e-05 -2.3941635415833815 1.8386757511451424e-06 -1.1930047056138848e-05 0.9999999999271469 0.495109814747990
1612893340841375 0.999947531426007 -0.010243748343362792 -3.5608695020326656e-06 -80.62154056807492 0.010243748346376223 0.9999475314319726 8.290503614608189e-07 -2.4057809708243534 3.5521900850501105e-06 -8.654835134456455e-07 0.9999999999933167 0.494970069422502
1612893341091380 0.9999555417526848 -0.009429448867421171 -3.1493937507011458e-06 -82.1328151826611 0.009429448879915384 0.9999555417496213 3.976168638274207e-06 -2.3848844601680357 3.111760655309326e-06 -4.005688912169431e-06 0.9999999999871358 0.495004435419389
1612893341342008 0.9999959482240811 -0.002846666256322232 -4.940991894168224e-06 -83.65791450262189 0.0028466662188286512 0.9999959482076755 -7.5787919467872125e-06 -1.8706248068924674 4.96254616560496e-06 7.564695884524711e-06 0.9999999999590745 0.4948482247958348
1612893341592012 0.9999273942085202 0.012050157673591414 -3.0278536089894993e-06 -85.20504015874388 -0.012050157667064196 0.9999273942108396 2.1647928579803443e-06 -0.6643582755015164 3.0537198645649296e-06 -2.1281495681051014e-06 0.9999999999930731 0.4950127478801731
1612893341842017 0.9989654974660332 0.0454745518418062 -2.2349965843285006e-06 -86.71750590783475 -0.045474551840479986 0.9989654974683881 6.406800806824114e-07 2.161023313482838 2.2618191142519247e-06 -5.383818274793418e-07 0.9999999999972973 0.495083948312935
1612893342092018 0.9965903113312284 0.08250909853709752 -4.133805849548126e-06 -88.09035092321876 -0.08250909856264178 0.9965903113168443 -6.44539570500492e-06 5.357766060844452 3.5879070691977315e-06 6.764495506598112e-06 0.9999999999706846 0.4949626209805517
1612893342342646 0.9917770740331208 0.12797747994349262 -6.883478143170186e-06 -89.26400721091206 -0.12797748004532722 0.9917770738935523 -1.7267265169830513e-05 9.369243051250047 4.617054729102916e-06 1.800620791343873e-05 0.9999999998272298 0.494857973510554
1612893342592647 0.9847147727938834 0.17417467126766015 -1.131641118070074e-05 -90.21785322905512 -0.17417467151326674 0.9847147724576094 -2.6547537603902217e-05 13.525820372538245 6.519528625729531e-06 2.8112784660034018e-05 0.9999999995835838 0.494676019309324
1612893342842657 0.9737834083362741 0.227477193439383 -1.0568743427894831e-05 -90.82012422472982 -0.22747719362513738 0.9737834080944258 -2.2320493389908664e-05 18.40612497411265 5.214263801983915e-06 2.413947422414807e-05 0.9999999996950488 0.4947861530063440
1612893343092658 0.960795323357306 0.27725862756145514 -7.432035988822418e-06 -91.25052350543336 -0.2772586276417305 0.960795323261687 -1.394496487645109e-05 23.042411338059452 3.2743035973429094e-06 1.5458853136555477e-05 0.9999999998751516 0.494974702472419
1612893343342660 0.9443734396825858 0.3288750619965521 -4.075919765946282e-06 -91.34659056734321 -0.32887506201278144 0.9443734396759654 -4.294451301510218e-06 27.932552698904665 2.4368524311900414e-06 5.396034112953314e-06 0.9999999999824725 0.4950733967527154
1612893343592663 0.9262172867867557 0.37699010285632206 -1.878214921426042e-06 -91.30268218681323 -0.37699010283815765 0.9262172867739836 6.393964262252565e-06 32.569973269947404 4.15009637339715e-06 -5.2141317944261276e-06 0.9999999999777951 0.494939535517608
1612893343843289 0.9040392095968638 0.4274495379669445 -1.0443187061469706e-06 -90.92003807035123 -0.42744953793154333 0.9040392095486006 1.0891222515509402e-05 37.531208260444494 5.5995530897841044e-06 -9.399698646089883e-06 0.9999999999401457 0.4948156320788434
1612893344092673 0.8801663325435698 0.4746653842943286 -2.6994394335493302e-06 -90.34609303724768 -0.474665384276219 0.8801663325408011 5.417836485922285e-06 42.27265957606921 4.947615143788313e-06 -3.4872668140866745e-06 0.9999999999816802 0.494867469788546
1612893344342670 0.8509048885655776 0.5253197793646048 -4.614331784381857e-06 -89.29659539655724 -0.5253197793612265 0.8509048885777925 2.0135868902989588e-06 47.47276631149334 4.984134493804849e-06 7.106288263656146e-07 0.999999999987327 0.4948539655795106
1612893344593296 0.8172754894401443 0.5762471469015795 -6.77714229336956e-06 -87.81242009713769 -0.5762471469319398 0.8172754894376641 -3.87211344912331e-06 52.82479766207781 3.3074979572731463e-06 7.0698923252217954e-06 0.9999999999695388 0.49498963438998
1612893344843313 0.7809660559307611 0.6245734699871446 -8.362795865056516e-06 -86.0453424417988 -0.6245734700362736 0.7809660559149263 -5.770547437214049e-06 58.02599952725571 2.9269288665751745e-06 9.72978210526749e-06 0.9999999999483824 0.4950084922425966
1612893345093928 0.7389948922080081 0.6737110279904909 -7.22758724301113e-06 -83.71844199793294 -0.6737110280052874 0.7389948922296881 5.079943869319961e-07 63.447888416952196 5.683391476375721e-06 4.493899974283878e-06 0.9999999999737521 0.494762785897965
1612893345343939 0.6933282172133398 0.7206219419255495 -5.384163363753793e-06 -80.99924137830133 -0.7206219419102641 0.6933282172339867 4.731693790202048e-06 68.77913720403832 7.142754753996374e-06 5.993294387914805e-07 0.9999999999743112 0.4946409876503458
1612893345593937 0.6417955277677707 0.7668758051448236 -4.305187545198984e-06 -77.6796845449943 -0.7668758051472359 0.6417955277777583 1.419508010995365e-06 74.2158759910798 3.851636461603411e-06 2.390510271952311e-06 0.9999999999897256 0.4949734701066446
