1625007198668093 0.9999727208254475 0.007386311999347236 0.0 0.0 -0.007386311999347236 0.9999727208254474 0.0 0.0 0.0 0.0 1.0 0.494999999999999
1625007198918727 0.9999669368316105 0.008131717100805232 2.0453993152133743e-05 -0.0035020097136936866 -0.008131716163030512 0.9999669360123219 -4.55207677267337e-05 0.006268885656463419 -2.0823478866968872e-05 4.535293659931224e-05 0.9999999987547472 0.4950103843010651
1625007199168729 0.9999444943906733 0.010536037888619216 6.415430116402095e-06 -0.02808505747853904 -0.010536037725884054 0.9999444941031307 -2.4892570870193573e-05 0.013164022221266973 -6.677343092048137e-06 2.4823595979200943e-05 0.9999999996696014 0.495006791960510
1625007199418105 0.9999881777335767 0.004862548895136649 3.015061520269483e-06 -0.02204067651004942 -0.004862548857521833 0.9999881776619202 -1.235991956237195e-05 0.02383998124867954 -3.0751265884114957e-06 1.234511255618679e-05 0.9999999999190712 0.495006197762278
1625007199667486 0.9999907084604543 0.004310799251542225 5.823752357506975e-07 0.005478397064553244 -0.004310799252031565 0.9999907084602674 8.416587314919003e-07 0.02629399622767764 -5.787416027595958e-07 -8.441614139190613e-07 0.9999999999994764 0.4949947757425740
1625007199916866 0.9999875639472733 0.004987178416596045 -7.864066779489512e-08 0.005643604143975144 -0.004987178416271844 0.9999875639404678 3.690636805693551e-06 0.027262754453510594 9.704555403579028e-08 -3.690198713706816e-06 0.9999999999931868 0.4949942862018913
1625007200166884 0.999982014702454 0.005997521818594909 -1.1932496076645388e-06 0.01884315129425964 -0.005997521806063954 0.9999820146507943 1.0241678976219087e-05 0.01309704366486456 1.2546528397752126e-06 -1.0234338236056155e-05 0.9999999999468423 0.494982889082331
1625007200416871 0.9999891376872618 0.0046609549916805946 -1.954328166318973e-06 0.02015630976765865 -0.0046609549768203105 0.9999891376608102 7.540602783140768e-06 0.00210440956157283 1.989453347930211e-06 -7.531411839178813e-06 0.9999999999696603 0.4949901201610068
1625007200667503 0.9999761738804016 0.00690301883828497 -4.457208802345796e-07 0.002340115368708697 -0.00690301883887451 0.9999761738796056 -1.3350054112788627e-06 0.0017174166848714714 4.3649469293294124e-07 1.3380504229163917e-06 0.9999999999990097 0.4950081076031540
1625007200918130 0.9999683457912112 0.007956595555352417 7.24325355421385e-07 -0.001996989148061789 -0.007956595553761395 0.999968345789124 -2.173527977916987e-06 -0.0012119720427783273 -7.415963105238509e-07 2.1676960127110434e-06 0.9999999999973759 0.4950051216697061
1625007201168771 0.9999782020078034 0.006602689327024868 8.118507231290033e-07 -0.000769044250733412 -0.0066026893260976395 0.9999782020074898 -1.1395155781687785e-06 -0.004961222095727033 -8.193568937609031e-07 1.1341303409155698e-06 0.9999999999990214 0.495003556686614
1625007201418773 0.9999888659811834 0.004718888686714955 9.983404678200854e-07 -0.011984693643645024 -0.004718888676447978 0.9999888659312497 -1.0047883469839763e-05 0.00897716997643764 -1.0457441958623294e-06 1.0043060539009725e-05 0.9999999999490219 0.495026917737387
1625007201668764 0.9999631727438268 0.00858214154829532 5.587092053738293e-07 -0.006045450145330864 -0.008582141547308216 0.9999631727424675 -1.7457732312872785e-06 0.005382502170389301 -5.736711026293099e-07 1.7409140177689006e-06 0.9999999999983202 0.4950028629997801
1625007201918145 0.9999819000616756 0.006016605792810175 1.2419887164826123e-06 -0.019249197945459196 -0.006016605781883836 0.9999819000253484 -8.621298036124084e-06 0.02369018317172375 -1.2938371882267082e-06 8.613669434687993e-06 0.9999999999620655 0.495019635707228
1625007202167527 0.9999587352337095 0.009084482757257753 7.748930043023265e-07 -0.00039213668949994506 -0.00908448275420997 0.9999587352266261 -3.849935018096728e-06 0.02824141478011006 -8.098356968081364e-07 3.842736649302663e-06 0.9999999999922891 0.495006719615867
1625007202416902 0.9999864013530464 0.005215084536704901 1.6204106744562164e-07 0.012673582526274619 -0.005215084538053261 0.9999864013040746 9.897215373900206e-06 0.014770453342076831 -1.1042404904580791e-07 -9.89792584304998e-06 0.9999999999510096 0.494981212121936
1625007202666910 0.9999933972804946 0.0036339222200573356 -1.5751400539421868e-06 0.015318444307491458 -0.003633922216462977 0.9999933972791516 2.2788025934616042e-06 0.016150686672053487 1.58341064511519e-06 -2.2730636107362595e-06 0.9999999999961633 0.495001947936732
1625007202916914 0.9999789446608369 0.0064892396061955095 -1.4490113753592045e-06 -0.013495635401601933 -0.006489239606025737 0.9999789446618805 1.2182017602164356e-07 0.012774948910995112 1.449771386249067e-06 -1.1241462905021894e-07 0.9999999999989431 0.495003791825009
1625007203167536 0.999925472453435 0.012208584481396275 1.2259428049456333e-06 -0.1235489839746807 -0.012208584457997895 0.9999254723002925 -1.7559514143867054e-05 0.04226493090271815 -1.4402282501293766e-06 1.7543238450123353e-05 0.9999999998450806 0.495042821783848
1625007203417542 0.9997329475759922 0.023109165115962192 4.053234055273255e-06 -0.21458604375944143 -0.023109165083847985 0.9997329475545336 -7.798641691372024e-06 0.050338974543022275 -4.232371727742383e-06 7.70289219031477e-06 0.9999999999613765 0.4950119049283045
1625007203668798 0.9994928533559194 0.03184393300946182 4.324241564680632e-06 -0.3043986834750211 -0.03184393300403295 0.9994928533645767 -1.3185618281598188e-06 0.05933175523153787 -4.3640367346548426e-06 1.1801922652773564e-06 0.9999999999897813 0.495006219464045
1625007203919427 0.998941930828196 0.04598933346856347 6.17417325110793e-06 -0.5603662610133245 -0.045989333589792666 0.9989419306170092 2.118717485372286e-05 0.04077699751291276 -5.193256497832633e-06 -2.1448703470506773e-05 0.9999999997564919 0.494961333057594
1625007204169432 0.997628352812626 0.06883073179350764 4.7858560676558536e-06 -0.899506210289893 -0.06883073192256384 0.99762835214994 3.6433046390514024e-05 0.017128765011988515 -2.2667924578814107e-06 -3.6676054034609184e-05 0.9999999993248645 0.4949353227414313
1625007204418807 0.9950512965867209 0.09936255406103127 3.053061876935305e-06 -1.3785683838734442 -0.09936255409968205 0.995051296430391 1.7684836322502447e-05 0.01874236534110955 -1.2807426735743832e-06 -1.790067933858664e-05 0.9999999998389628 0.494963233864279
1625007204668192 0.9920098654686026 0.1261603218094021 3.417704638456734e-06 -2.033519659907953 -0.12616032180957384 0.9920098654744542 -1.6614222462816186e-07 0.04116000311459398 -3.411357275159719e-06 -2.6636399113633025e-07 0.999999999994146 0.4949922835194595
1625007204917572 0.9889371751039259 0.14833497111897256 6.194212896292971e-06 -2.698118455613514 -0.14833497118445965 0.9889371750412164 1.1957067999059858e-05 0.03764477952371362 -4.352036066965418e-06 -1.2743607441026288e-05 0.9999999999093303 0.494946507094078
1625007205166949 0.9853685024252125 0.17043742065719525 8.11072806029542e-06 -3.4497880364569253 -0.17043742082723223 0.9853685019577262 3.0481384926591142e-05 0.029965191468641707 -2.796887333618734e-06 -3.141776818865952e-05 0.9999999995025508 0.494903847378748
1625007205416324 0.9828356986190572 0.1844830331143662 3.268191142706749e-06 -4.329589066230892 -0.1844830331255709 0.9828356986160058 3.541797435712325e-06 0.04783265562475376 -2.558693391341648e-06 -4.083930771945294e-06 0.9999999999883875 0.4949528265695354
1625007205666956 0.9813015084819893 0.19247688026281087 3.6104506125149363e-06 -5.35490495602467 -0.19247688019726295 0.9813015084054 -1.3732536029910827e-05 0.05443418092635808 -6.186136325231805e-06 1.2780830051460128e-05 0.9999999998991913 0.494978405275709
1625007205917585 0.9803745630319557 0.19714389706896487 2.4760219572862595e-06 -6.367752366306276 -0.19714389702298152 0.980374562962436 -1.2671712108422932e-05 0.04921578376374585 -4.925579651861394e-06 1.1934891603414639e-05 0.9999999999166487 0.4949762965939943
1625007206168217 0.9834911022489121 0.18095649141096387 3.349793270024183e-06 -7.36897859592571 -0.18095649142585882 0.9834911017458304 3.1549691446968637e-05 -0.16942913757513095 2.4146295955904633e-06 -3.163500765400843e-05 0.9999999994966982 0.4948843159602470
1625007206418875 0.9865472590200066 0.1634763154449661 -2.533216187957355e-06 -8.45761915869309 -0.16347631535435841 0.9865472588053825 2.1436308170767594e-05 -0.3626757858963737 6.003466162704063e-06 -2.073381022102195e-05 0.9999999997670339 0.4949140392246394
1625007206668847 0.9876695596060282 0.15655299730739994 -7.711759353404095e-06 -9.574293678748958 -0.15655299747387016 0.9876695591126197 -3.13368426377466e-05 -0.44287771572932616 2.7107933194757474e-06 3.2157744610110946e-05 0.9999999994792657 0.4949342060399777
1625007206918224 0.9884595129752038 0.1514852837342448 -4.306450187895493e-06 -10.711664530823262 -0.15148528378489426 0.988459512842576 -1.6290947571320842e-05 -0.5669655613597143 1.788912839670744e-06 1.675530593110865e-05 0.99999999985803 0.494923355143414
1625007207167606 0.9877467563976068 0.1560651954272987 1.1626173751450136e-07 -12.010104478621503 -0.15606519542442804 0.9877467563834423 -5.375065630214931e-06 -0.5657684458379572 -9.536978221376283e-07 5.291059230895285e-06 0.9999999999855478 0.494982852632315
1625007207416978 0.9866360668863654 0.16293947189031688 4.10800730062938e-06 -13.407834417196149 -0.16293947187543067 0.9866360668903175 -3.732039231532539e-06 -0.526690258346218 -4.661204667319946e-06 3.0128079688466385e-06 0.9999999999845983 0.4950353905680519
1625007207666988 0.9893909750414486 0.14527731583079007 3.0495795347456877e-06 -14.644095210061595 -0.1452773157429062 0.989390974859772 -1.9857829485139212e-05 -0.8068689502633813 -5.90211863463418e-06 1.9204122547599233e-05 0.9999999997981837 0.495025441329768
1625007207917617 0.9934888068016154 0.11392976234346612 -3.167194997372862e-06 -15.966129015822249 -0.11392976226526129 0.9934888040641582 -7.3939957114858e-05 -1.2552003994471714 -5.277388971615686e-06 7.381935754226612e-05 0.999999997261426 0.494942596589721
1625007208168248 0.995732290674275 0.09228870627119894 -1.0569488666966802e-06 -17.48478615320225 -0.09228870622569522 0.9957322896699051 -4.482948609212517e-05 -1.6114338696703794 -3.0848171591519435e-06 4.473571131981637e-05 0.9999999989946002 0.4949451747664994
1625007208418873 0.9952425115136685 0.0974286573232569 2.4330613759240907e-06 -19.203457702179126 -0.09742865733404366 0.9952425115040177 4.798800543343764e-06 -1.5497215515833498 -1.9539454207223756e-06 -5.013020208089404e-06 0.999999999985526 0.4950390447621465
1625007208668882 0.9949183323540245 0.10068521186872685 7.389455990474391e-06 -20.956063950024298 -0.10068521208755912 0.9949183315236589 4.0777806130507155e-05 -1.5191042344455572 -3.2461831751255955e-06 -4.1314595816124734e-05 0.9999999991412833 0.4951847764799487
1625007208918888 0.9962740324847275 0.0862441429568841 1.4246548571631425e-07 -22.58118899290087 -0.08624414292818769 0.9962740321078142 2.749523492239571e-05 -1.8519073597360436 2.229368307394409e-06 -2.7405075384023716e-05 0.9999999996219961 0.495045445300761
1625007209167636 0.9977394439059967 0.06720120587387686 -1.0082608682478682e-06 -24.153859658314037 -0.06720120587833528 0.9977394438918289 -5.356228298915199e-06 -2.3036970544871718 6.460366373620724e-07 5.4118765905914905e-06 0.9999999999851474 0.4949595618803308
1625007209417022 0.998727605382267 0.0504298546974081 -6.070027414970895e-07 -25.765651930697075 -0.05042985470105951 0.998727605312998 -1.1762736955630982e-05 -2.7445532609186603 1.303727891752009e-08 1.1778381172521968e-05 0.999999999930635 0.4949512607537981
1625007209667021 0.9994107521329849 0.034324168139992346 4.963612600375317e-07 -27.382369764469058 -0.034324168128564106 0.9994107520190009 -1.512826283327524e-05 -3.1906649132201763 -1.0153338173248723e-06 1.510231134936077e-05 0.999999999885445 0.494970063985163
1625007209917026 0.9998133861429529 0.019318200524306627 3.953833249769979e-06 -29.036804227167558 -0.019318200452308587 0.9998133859989603 -1.7502737155394248e-05 -3.6338723234726404 -4.291216795229604e-06 1.7423089958869617e-05 0.999999999839011 0.495050556834730
1625007210167655 0.9999774811684086 0.00671097075035668 5.043848360825193e-06 -30.72564793571528 -0.006710970676221409 0.999977481075422 -1.4574099508839772e-05 -4.039788374535924 -5.141541134311569e-06 1.4539922198735308e-05 0.9999999998810778 0.495091458994103
1625007210418279 0.9999878876186 -0.00492185003517859 2.4675969536109714e-06 -32.407327759879315 0.004921850061620348 0.9999878875629068 -1.0826536634931934e-05 -4.438218360492265 -2.414280475286026e-06 1.0838550642033345e-05 0.9999999999383486 0.4950235833355779
1625007210668914 0.9998892603027525 -0.014881771670970692 9.564031694505563e-07 -34.1019053098853 0.014881771672412124 0.9998892603020361 -1.5180940813147845e-06 -4.8072849859234035 -9.337053281613421e-07 1.5321589416337843e-06 0.9999999999983906 0.4950109268868233
1625007210918914 0.9996724852513533 -0.025591448317509563 -1.4705343775982005e-06 -35.824172027558745 0.025591448321482187 0.9996724852485527 2.7493240874999027e-06 -5.220874127129287 1.3996935706068088e-06 -2.786056747847927e-06 0.9999999999951397 0.4949441043031721
1625007211168295 0.9994253658093809 -0.033895990429410196 2.713298555470248e-06 -37.54336370497109 0.03389599043998016 0.9994253658049025 -3.949317656794937e-06 -5.56062265646518 -2.577873367847107e-06 4.0390181857457735e-06 0.9999999999885207 0.49505827194366
1625007211418296 0.9991380693913171 -0.04151045984269864 3.795612154622191e-06 -39.304823383865866 0.041510459912103156 0.9991380691847442 -2.0528866771153005e-05 -5.869645110675408 -2.940177899829848e-06 2.066872991875386e-05 0.9999999997820797 0.4950128720548249
1625007211667677 0.9988067614959187 -0.04883700606238864 5.163801012223927e-06 -41.08678726469838 0.048837006156647905 0.9988067613033504 -2.005329390454834e-05 -6.194907719783531 -4.178296529056353e-06 2.0281550123998745e-05 0.9999999997856006 0.4950659779393926
1625007211917058 0.9985904664877002 -0.05307617369701994 4.829955777673192e-06 -42.86775557047095 0.0530761737454717 0.998590466441318 -1.0527059408344168e-05 -6.416506285597421 -4.264411759251013e-06 1.0768576737384903e-05 0.9999999999329265 0.49510735795083
1625007212166438 0.9982603781044198 -0.05895945631590118 3.9397122401291e-06 -44.71012069232516 0.05895945636748389 0.9982603780024328 -1.4596511312451682e-05 -6.702200953587545 -3.0722562589678966e-06 1.4803402193728846e-05 0.9999999998857105 0.4950444695678904
1625007212416439 0.9981223487497941 -0.061251750280285844 3.4004689862074776e-06 -46.60486889311225 0.0612517503010372 0.9981223487339449 -6.3765273186524365e-06 -6.8539793969482625 -3.003510632339528e-06 6.572839101424876e-06 0.9999999999738887 0.495078945983758
1625007212666447 0.9979047370437195 -0.06470035368927561 3.994374410360595e-06 -48.523425757175595 0.06470035368277513 0.9979047370506254 1.7358707752441066e-06 -7.065495759051319 -4.098316598778958e-06 -1.4737962324233823e-06 0.999999999990516 0.4951682871111665
1625007212917070 0.9977097856738417 -0.0676401030380379 5.424789431892939e-06 -50.49361473802244 0.06764010294838141 0.9977097855775308 1.5288467655424815e-05 -7.270907698971797 -6.4464790284182045e-06 -1.4886520472162057e-05 0.9999999998684175 0.495340935085281
1625007213167701 0.9976522879830076 -0.0684829340959249 4.201295935937012e-06 -52.511901717046435 0.06848293405943863 0.997652287959932 8.288002333917188e-06 -7.361961876368726 -4.7590192205154775e-06 -7.980827418713841e-06 0.9999999999568292 0.4952460181288455
1625007213418326 0.9976287661649829 -0.06882474049195524 3.7571751888697398e-06 -54.550055526411285 0.06882474040621292 0.9976287659871981 1.9510136034354863e-05 -7.448451793589781 -5.09104609680843e-06 -1.920528633267267e-05 0.9999999998026194 0.495312805200568
1625007213668956 0.9976417529557049 -0.06863623495844545 2.822198615314367e-06 -56.604321419813274 0.06863623489905418 0.9976417528108077 1.747079415330272e-05 -7.493745783084864 -4.014672705788149e-06 -1.7235888617575187e-05 0.9999999998434035 0.49524568887734
1625007213919587 0.9976667958696658 -0.06827125613317196 1.7091943570397356e-06 -58.615259535792966 0.06827125609910478 0.9976667957556594 1.533144578685805e-05 -7.533312110092639 -2.751903519724056e-06 -1.517898554858544e-05 0.999999999881013 0.4951680509718217
1625007214170216 0.9978474397707857 -0.06557809799246311 2.0847972734095977e-06 -60.67130630846624 0.0655780979651877 0.9978474397118792 1.1201928380983177e-05 -7.436183286855566 -2.814910778669027e-06 -1.1041098515651206e-05 0.9999999999350855 0.495154278426580
1625007214419597 0.9980412035885404 -0.06256001863632178 2.351181014616971e-06 -62.73967192496096 0.06256001862809778 0.9980412035859579 3.4222615224521756e-06 -7.307464799586728 -2.560672274305466e-06 -3.2684680807977525e-06 0.9999999999913802 0.4951230206298826
1625007214668974 0.9982429186512316 -0.05925432768268756 3.363128026302831e-06 -64.77927335792303 0.05925432766553925 0.9982429186454521 4.988139053813719e-06 -7.156703263233655 -3.652787562784507e-06 -4.780094597676163e-06 0.999999999981904 0.495196636787158
1625007214918350 0.9983851864140021 -0.05680686168721187 3.477842382255203e-06 -66.8224898928016 0.056806861678925166 0.9983851864175569 2.4369347646067752e-06 -7.053286448024191 -3.6106609312605772e-06 -2.235434258095817e-06 0.9999999999909832 0.495192698398425
1625007215167104 0.9984328447806774 -0.05596297397573001 2.1731710289159083e-06 -68.81347968420788 0.055962973963420856 0.9984328447693289 5.363027763269996e-06 -7.052792570190496 -2.4698963157233155e-06 -5.2330059526218155e-06 0.9999999999832578 0.495124874755958
1625007215417109 0.9985723450011734 -0.05341602564493207 9.618345041593771e-07 -70.82526259105089 0.05341602564428982 0.9985723450014383 6.815216931560538e-07 -6.929870263684933 -9.968655165631511e-07 -6.291713387656771e-07 0.9999999999993054 0.4950127052330819
1625007215666487 0.9986784359579892 -0.05139437274727318 4.315120949750442e-07 -72.82144954658024 0.05139437274892182 0.9986784359407626 -5.867241994385065e-06 -6.8364172075065115 -1.2939860204161038e-07 5.881665351807459e-06 0.999999999982695 0.494936247559303
1625007215917120 0.9987815898977913 -0.04934912033746153 -9.6257797192558e-07 -74.81223859119189 0.049349120324087635 0.9987815898395411 -1.089057783025209e-05 -6.7370455039120785 1.498845593037281e-06 1.0829806264071128e-05 0.9999999999402347 0.4948000093719457
1625007216167748 0.9988653210496262 -0.047624262730478165 -1.2540153047157556e-06 -76.77978559793729 0.047624262715819286 0.998865321002271 -9.877868831787238e-06 -6.657641531370514 1.7230186203527467e-06 9.806939067649714e-06 0.9999999999504279 0.4947807098481860
1625007216418370 0.9990340560136537 -0.04394263217705931 -1.6519443055328673e-07 -78.78418097055494 0.04394263217178579 0.9990340559395724 -1.2186458340444748e-05 -6.421095581041768 7.005399183710708e-07 1.216742782622447e-05 0.9999999999257316 0.4948539652441910
1625007216668377 0.9991782414739632 -0.04053198443286839 8.367305294195944e-07 -80.77902495554724 0.04053198444044131 0.9991782413843944 -1.3381952553916744e-05 -6.198602843367725 -2.9364584630205005e-07 1.3404870169139748e-05 0.9999999999101119 0.4949284452151848
1625007216919008 0.9994033669930674 -0.034538529783025754 1.0557926717581355e-06 -82.79082296763619 0.034538529797449244 0.9994033667810456 -2.0589060279639328e-05 -5.750575861167762 -3.440468791058203e-07 2.0613241693394242e-05 0.9999999997874882 0.4949186809079727
1625007217169639 0.9998467974446317 -0.017503760659206218 5.163143237662809e-07 -84.84191358631085 0.017503760665426273 0.9998467973023686 -1.6868050852235117e-05 -4.377559506259047 -2.209808981147087e-07 1.6874504066129485e-05 0.9999999998576015 0.4949244100133161
1625007217419034 0.9999570966956828 0.00926308575569846 -2.826831996222734e-06 -86.85745751932915 -0.009263085818238441 0.9999570964351266 -2.297656049548903e-05 -2.125247228954549 2.613876864817705e-06 2.300175991254807e-05 0.9999999997320437 0.4946744936530391
1625007217668397 0.9987243766622188 0.05049375645020632 -4.239936399255069e-06 -88.76016261944459 -0.050493756528885714 0.9987243764435695 -2.1136987855754634e-05 1.442284568940568 3.1672419196339907e-06 2.1324115337045007e-05 0.9999999997676257 0.494622776703743
1625007217917778 0.9952731858065605 0.09711480629960065 -3.1012623914316907e-06 -90.49018978400916 -0.09711480634153943 0.9952731856203705 -1.9289692776518458e-05 5.576525720189816 1.213288522197168e-06 1.9499692479517048e-05 0.9999999998091451 0.494793562807755
1625007218167781 0.9887301842604357 0.14970845908455194 -2.936207763191674e-06 -91.9502080984975 -0.14970845911126304 0.9887301841599674 -1.4117220515888502e-05 10.345070406751788 7.896499124436984e-07 1.4397697181809745e-05 0.9999999998960416 0.494843266670409
1625007218417155 0.9786483557226962 0.20554171310140948 -3.790572692433276e-06 -93.06938024598976 -0.20554171313502184 0.9786483556164915 -1.4436931939191308e-05 15.532426043932476 7.422460095864261e-07 1.4907800508968903e-05 0.9999999998886036 0.4948467523589051
1625007218667163 0.9649536178841313 0.26242049332473716 -3.646225427961436e-06 -93.8495469232455 -0.2624204933472215 0.9649536177157918 -1.8065821695037537e-05 20.94160550581414 -1.2224034238125222e-06 1.8389524280377985e-05 0.9999999998301659 0.4950172395602941
1625007218917167 0.9477602030192709 0.3189836948294777 -1.8900592682168298e-06 -94.27850948631782 -0.3189836948282329 0.9477602029434827 -1.2166531733010065e-05 26.435303056427745 -2.0896022898399094e-06 1.2133852674165264e-05 0.9999999999242017 0.4951171430549033
1625007219167795 0.9274811410754954 0.37386994121735323 -1.0942989040014278e-06 -94.4349447591964 -0.3738699411930586 0.927481140972831 -1.448455412410802e-05 31.899956222593588 -4.400397802901102e-06 1.384327625391503e-05 0.9999999998945004 0.4953326637210961
1625007219418424 0.9043932824714542 0.42669988354167754 -1.948001740997405e-06 -94.25134126788033 -0.42669988353393307 0.9043932824016812 -1.1687963235391802e-05 37.27661222190278 -3.2254928627234585e-06 1.1401727551894617e-05 0.9999999999297986 0.4952195122795246
1625007219669057 0.8777899256832756 0.47904576646351493 -3.168655983586858e-07 -93.74309596595978 -0.4790457664621666 0.8777899256787919 -3.0436319692514343e-06 42.725232898247086 -1.1798975795121082e-06 2.823462603533992e-06 0.9999999999953182 0.4950606645827369
1625007219918432 0.8490395216703118 0.5283293391811635 1.0224246748979398e-07 -92.99203481363178 -0.5283293391782021 0.8490395216661701 -3.189456280768839e-06 47.992827357080095 -1.7718912248612723e-06 2.6539567397334414e-06 0.9999999999949085 0.4951237057585163
1625007220168433 0.8150594000757783 0.5793774023431362 7.726324747871763e-11 -91.71311680492789 -0.5793774023340352 0.8150594000629758 -5.6049009644203765e-06 53.597721005345356 -3.247415935299803e-06 4.568282452975203e-06 0.9999999999842928 0.495263198092740
1625007220417810 0.7738902276516538 0.633319757736974 -1.7377656358473574e-06 -89.65486079250424 -0.6333197577362927 0.7738902276364571 -5.2348813226927496e-06 59.68789686371738 -1.9705139275692585e-06 5.151784810056888e-06 0.9999999999847884 0.4951201796126568
1625007220667195 0.7232805286879143 0.6905543257527235 -1.7030399787401448e-06 -86.64505019874322 -0.6905543257350175 0.7232805286462917 -9.357555278738668e-06 66.36052520121835 -5.230124620085953e-06 7.9441791534689e-06 0.9999999999547682 0.4954429674385660
1625007220916574 0.6692648102892628 0.7430239657616846 -3.1659325114402817e-06 -83.20919711739802 -0.7430239657541842 0.6692648102439718 -9.043946514216163e-06 72.68780454684767 -4.601021783625431e-06 8.405158878082348e-06 0.9999999999540923 0.4953634404157954
1625007221166579 0.611717618317086 0.7910762007654061 -4.561819991257403e-06 -79.35790157669915 -0.7910762007662384 0.6117176182652031 -9.108727295453275e-06 78.71949113693567 -4.415151722698617e-06 9.180716194358387e-06 0.9999999999481106 0.495326204006047
1625007221416581 0.5531521456313866 0.8330802505027538 -1.851910320984363e-06 -75.32335060881464 -0.8330802504928727 0.5531521456339936 4.124222993275686e-06 84.2178345400048 4.460196891951522e-06 -7.38532883698405e-07 0.9999999999897808 0.49447624726349
1625007221667213 0.5028702361234109 0.8643619181886258 2.057061271970318e-06 -72.13021816288978 -0.8643619181440989 0.5028702360698466 1.1622297804418908e-05 88.51364776306957 9.011436736561252e-06 -7.62255306800196e-06 0.9999999999303455 0.494075525333986
1625007221917212 0.46395312409624784 0.8858597510952579 5.342919818065476e-06 -70.09261264597437 -0.8858597509228896 0.4639531238646789 2.3426676503176868e-05 91.60319346370032 1.8273885475984205e-05 -1.560195737010836e-05 0.9999999997113223 0.4931800606178882
1625007222168468 0.4376203944865852 0.8991598246641631 6.089684940692566e-06 -69.35341774158361 -0.8991598244231755 0.43762039418585025 2.7086395335863927e-05 93.59826221230588 2.1690028156814527e-05 -1.732915905420465e-05 0.9999999996146218 0.4928410820201787
1625007222418478 0.4205473449476768 0.9072705939408388 5.046250124197441e-06 -69.60957229598205 -0.9072705938397763 0.4205473447992264 1.8267662897416216e-05 94.85792406588878 1.4451526275958103e-05 -1.226073147677961e-05 0.9999999998204139 0.493578260458957
1625007222669104 0.41252882840774835 0.9109445459106347 2.4425041795817553e-06 -70.84734730495865 -0.9109445458272032 0.4125288283300054 1.4903382206244956e-05 95.42904749793861 1.2568551349034508e-05 -8.373060661423958e-06 0.9999999998859619 0.493722318656560
1625007222919102 0.41053389481929103 0.9118453384196089 -2.167784663535685e-06 -72.73539887522642 -0.9118453384158242 0.41053389482414715 2.7594472497297244e-06 95.54909007159887 3.4061381923498233e-06 8.438377131562897e-07 0.9999999999938434 0.4945676295606253
1625007223168489 0.41374663513492693 0.9103920704279881 -3.7595264719417903e-06 -75.19240236240289 -0.9103920704089906 0.4137466350875746 -9.37594703634039e-06 95.26417824911672 -6.980296407364096e-06 7.301909626053926e-06 0.999999999948979 0.495603202715061
1625007223417239 0.42123312739607116 0.9069523980696961 -4.185741312336014e-06 -78.08416137613365 -0.9069523979024054 0.4212331272182345 -2.1697716424712644e-05 94.61113651646497 -1.7915623041347505e-05 1.2936065067185998e-05 0.9999999997558444 0.4967201299357074
1625007223667248 0.43595160058698174 0.8999701116929012 -1.697886390295063e-06 -81.76021465522868 -0.8999701116670614 0.4359516005581804 -8.631610479839348e-06 93.28464424398658 -7.027995158231242e-06 5.291011408612973e-06 0.9999999999613065 0.4956692753038241
1625007223916617 0.45351159581055367 0.8912503758551551 -1.084995947745231e-06 -85.68352173540436 -0.8912503758486545 0.4535115958016935 -4.560834892236722e-06 91.62301570916709 -3.572787568226951e-06 3.0353945564357116e-06 0.999999999989011 0.4953300674169953
1625007224167252 0.47098645500151554 0.8821404418814897 -5.5075597646095904e-08 -89.61892425787 -0.8821404418635623 0.470986454991544 -6.405054631393765e-06 89.87764527241917 -5.6242178623334575e-06 3.0652783869814586e-06 0.9999999999794862 0.4955795128101244
1625007224417878 0.4898115697517667 0.8718283237742822 5.169822078124098e-08 -93.66702324853486 -0.8718283237740319 0.4898115697516694 -7.314976394544538e-07 87.88623905135016 -6.63062747526129e-07 3.1322403388578805e-07 0.9999999999997313 0.4950810701927353
1625007224668512 0.5092829794995722 0.8605991208387646 -1.1623693583599584e-06 -97.73061276820205 -0.8605991207580477 0.5092829794694652 1.3074670860599982e-05 85.69996634468453 1.1844025177984576e-05 -5.658373284074553e-06 0.9999999999138511 0.4937780039635429
1625007224919135 0.5292614271768762 0.8484588037714847 -1.7677696417529101e-06 -101.8529698012624 -0.8484588036479919 0.5292614271333571 1.608564494178004e-05 83.33039578182408 1.4583619348665262e-05 -7.0136316835957495e-06 0.9999999998690638 0.493475160126586
1625007225169142 0.5478359790589938 0.8365857636994924 -4.645204240481061e-06 -105.76990682132599 -0.8365857635417322 0.5478359790509488 1.7156709804949412e-05 81.00533883067187 1.6897869187757465e-05 -5.512951177107668e-06 0.999999999842035 0.493123007201261
1625007225419151 0.5647871260930406 0.8252366340450428 -5.2287327869456536e-06 -109.46713576123499 -0.8252366338328911 0.5647871260743453 1.9965168016730374e-05 78.76821985075709 1.9429109016063426e-05 -6.961128021838676e-06 0.9999999997870266 0.4928652936151709
1625007225667900 0.5821758836296661 0.8130628760923467 -6.182726717105956e-06 -113.17203670429028 -0.8130628760026956 0.5821758836586777 1.2256849230248422e-05 76.36545256423197 1.3565023476957608e-05 -2.108696464991304e-06 0.999999999905772 0.493372012053735
1625007225917898 0.5961664721766174 0.8028608456119553 -5.7887699298531486e-06 -116.46494358190617 -0.8028608456014245 0.5961664722015735 4.545747243543478e-06 74.33833174972858 7.1006730233724875e-06 1.937554623288424e-06 0.9999999999729132 0.494003464160519
1625007226167907 0.6082838007246274 0.7937196090304912 -3.7753493163642066e-06 -119.55160574252419 -0.7937196090357768 0.6082838007294263 1.5733998758401658e-07 72.50544536524741 2.4213676646747153e-06 2.900861417710991e-06 0.9999999999928613 0.4945525185968805
1625007226417909 0.6182447200546308 0.7859856653404882 -1.2683831689031018e-06 -122.4542847964712 -0.7859856653286283 0.6182447200344524 -6.723285773967128e-06 70.94636404437802 -4.50023504518093e-06 5.153566920087034e-06 0.9999999999765945 0.4953514006172343
1625007226668542 0.6243816350570147 0.7811194363228189 1.355660809871481e-07 -124.93887653957567 -0.7811194362990292 0.6243816350393346 -7.698158837465748e-06 69.94019980121348 -6.097826463161016e-06 4.700695701114017e-06 0.9999999999703602 0.495583412962666
1625007226919168 0.6176291190038755 0.7864694980448584 1.154332894801668e-06 -126.29730954466169 -0.786469497968383 0.6176291189630688 -1.3116035300102139e-05 70.98806256327498 -1.102831130764104e-05 7.192997714978817e-06 0.9999999999133189 0.496109141009837
1625007227169175 0.6117038392364692 0.7910868555725433 1.2155636955498732e-06 -127.70409378273385 -0.7910868555222899 0.6117038392136468 -1.0435897595934475e-05 71.90026162451971 -8.999266393641546e-06 5.42206216372426e-06 0.9999999999448075 0.495930753071867
1625007227418552 0.6073448273179404 0.7944383303485224 -9.80133512493785e-07 -129.16139089832492 -0.794438330328636 0.6073448272929519 -7.931632178062097e-06 72.56639807040101 -5.705913605621432e-06 5.595891406711743e-06 0.9999999999680644 0.4954733230659697
1625007227667935 0.6037618295931099 0.7971647590814356 -1.6688572897513862e-06 -130.69762448198904 -0.7971647590815745 0.6037618295863646 -3.272327248685558e-06 73.10680006213236 -1.600991632258777e-06 3.306060506027355e-06 0.9999999999932536 0.495046552258614
1625007227917315 0.6026592412874299 0.7979986459156739 -2.3190507603508267e-06 -132.41096392906442 -0.7979986459168742 0.6026592412764704 -4.083111937857969e-06 73.24894346113133 -1.8607204258222861e-06 4.311324509143215e-06 0.9999999999889755 0.495018450930835
1625007228166688 0.6049990610571975 0.7962261840162331 -2.150487947308644e-06 -134.4125042253245 -0.7962261840177575 0.6049990610489141 -3.495709567328822e-06 72.8157499069729 -1.4823323003078383e-06 3.827175818032887e-06 0.9999999999915778 0.4949929652582087
1625007228416690 0.6159891381107337 0.7877546456379307 -1.7946525829293013e-06 -137.16586617843805 -0.7877546456372636 0.6159891381010381 -4.02699354977079e-06 70.89535579383616 -2.066796379041114e-06 3.89433019541696e-06 0.9999999999902813 0.4950673048944565
1625007228666696 0.6368811491409254 0.7709619976795603 -8.022584016510031e-07 -140.74930451917393 -0.7709619976797191 0.6368811491395152 -1.4814783403722184e-06 67.13345709256834 -6.31220248063453e-07 1.5620363678393333e-06 0.9999999999985811 0.4950120701614430
1625007228917956 0.6739802148303196 0.7387493959450842 -2.4118601301178894e-06 -145.5220147962032 -0.7387493959489494 0.6739802148252214 -2.6416591897061753e-06 60.073469003748336 -3.259781220637037e-07 3.562186242432555e-06 0.9999999999936025 0.4948338311871034
1625007229167957 0.72734875520673 0.6862680149069486 -3.5586655193908306e-06 -151.21504993282485 -0.686268014911628 0.7273487551732546 -7.411997362510076e-06 48.95283214904675 -2.498225780864002e-06 7.833305376961561e-06 0.9999999999661993 0.494858537428218
1625007229418582 0.7918754417291947 0.6106826383464354 -2.489323252852446e-06 -156.86566900279732 -0.6106826383461789 0.7918754416986727 -7.4060470188903206e-06 33.623410556689045 -2.5515103828360857e-06 7.384853246315871e-06 0.9999999999694771 0.494891467919035
1625007229669213 0.8588611385181018 0.5122084973286201 -2.3482128899002714e-06 -161.2238949295211 -0.5122084973119766 0.8588611384296272 -1.3211320997940715e-05 14.670696210112691 -4.750162080196995e-06 1.2549464789351922e-05 0.9999999999099736 0.494856226661140
1625007229919822 0.9205205405068628 0.39069417003802254 -1.0105338258960803e-06 -163.13713958951365 -0.39069417001617385 0.9205205404210662 -1.3268331073195832e-05 -7.452942349780905 -4.253642452913818e-06 1.2608580965532122e-05 0.9999999999114653 0.4947785955436156
1625007230169847 0.9698403034202804 0.24374122724601271 1.8380327357504607e-07 -161.34825962765328 -0.24374122722583424 0.969840303349159 -1.2158244068015616e-05 -32.63563749115745 -3.1417251529022846e-06 1.174675468053901e-05 0.9999999999260718 0.4946782276398346
1625007230419854 0.9969595116760046 0.07792131974475608 2.3968961487172127e-06 -154.89339829442977 -0.0779213197055217 0.9969595115901643 -1.3528436463071124e-05 -59.25153773990838 -3.443762037050736e-06 1.330053409888781e-05 0.9999999999056184 0.494613237806573
1625007230669232 0.9944791775038256 -0.10493410067121577 5.040318525426459e-06 -142.74260799311512 0.10493410072120575 0.9944791774508652 -1.0965844309879685e-05 -86.53089941703733 -3.861800810507294e-06 1.1434205121763746e-05 0.9999999999271729 0.4948068057183988
1625007230917994 0.955227499649227 -0.2958723100579852 7.252918127773167e-06 -124.39300636321377 0.29587231013380305 0.9552274995504925 -1.4013144120961092e-05 -112.62041785606372 -2.7820855253991803e-06 1.5531678262600196e-05 0.9999999998755138 0.4943567356973495
1625007231167988 0.8737042235111435 -0.48645753128286295 8.64520528801302e-06 -99.61405693939 0.48645753135967396 0.8737042233696712 -1.5723192948489117e-05 -135.87826569699325 9.531325357155836e-08 1.7942945308720047e-05 0.999999999839021 0.4937545100424172
1625007231417365 0.7514344593394845 -0.6598077395922732 9.438169344082946e-06 -69.76348243640814 0.6598077396559692 0.7514344592096712 -1.4146278662773476e-05 -153.853111287839 2.241658471131715e-06 1.6857378440074137e-05 0.9999999998554021 0.4935018708657372
1625007231667371 0.5930159272707994 -0.8051907288596585 1.2624298222213163e-05 -36.29865078371826 0.8051907289535171 0.5930159271383058 -1.2859499139498657e-05 -165.2259784015468 2.8679395701932813e-06 1.779085569455797e-05 0.9999999998376303 0.493339552950176
1625007231917999 0.40538751049454386 -0.9141449371288842 1.595093215822324e-05 -0.8153206800866091 0.9141449372558376 0.4053875103372279 -1.2242228077021872e-05 -169.16910033105523 4.724862140617021e-06 1.954431024004505e-05 0.9999999997978481 0.4929310808230442
1625007232168627 0.2005839409779409 -0.9796765192944584 1.2752245619971647e-05 34.38845746247889 0.9796765193693233 0.20058394090624726 -6.68535488111422e-06 -165.43146666571505 3.991589518328764e-06 1.383405043203742e-05 0.9999999998963431 0.4934340747998215
1625007232419254 -0.011157806306692133 -0.9999377496816233 1.0855465303145486e-05 67.6157537142084 0.9999377497311736 -0.011157806352937508 -4.208903345556134e-06 -154.4118120959784 4.329764519716055e-06 1.0807827419242954e-05 0.9999999999322222 0.493583394514241
1625007232670513 -0.21886758150953142 -0.9757545704200253 8.14668182316583e-06 97.28475580452955 0.9757545704434084 -0.21886758153848335 -2.839451986965064e-06 -136.96471678807168 4.553652801979377e-06 7.32769803371918e-06 0.9999999999627849 0.493783917994897
1625007232920517 -0.4110102100897391 -0.9116307405786238 5.641435043307255e-06 121.93040943068313 0.911630740595374 -0.41101021008924876 1.2995886731471526e-06 -114.54443645300736 1.133942417808367e-06 5.677049820144021e-06 0.999999999983243 0.494421580859170
1625007233171145 -0.5748231623556973 -0.818277661927587 2.7358637323005566e-06 140.33223426169965 0.8182776619321022 -0.5748231623511827 2.2990440847691184e-06 -89.59644155832797 -3.0861857599109624e-07 3.560239969441828e-06 0.9999999999936151 0.494785075735716
1625007233420532 -0.7064364262595719 -0.7077765011997524 8.992761682200413e-07 152.67521465260947 0.7077765011965683 -0.7064364262511142 4.155215263281217e-06 -64.22306235136318 -2.305682278291975e-06 3.5718819608918218e-06 0.9999999999909632 0.495090123407246
1625007233670528 -0.8079593081908528 -0.5892382848266766 2.056659985777975e-07 159.8859997366632 0.589238284821926 -0.8079593081828332 4.312702059441386e-06 -39.65313991751636 -2.3750394065513724e-06 3.605674052635748e-06 0.9999999999906795 0.4950950327845647
1625007233919908 -0.8796477217018907 -0.475625783258027 -1.621400387244468e-06 162.86403926596336 0.4756257832373294 -0.8796477216872484 6.933785506382358e-06 -17.83017397104673 -4.724148319009232e-06 5.328108794346267e-06 0.9999999999746467 0.4953410123246243
1625007234169287 -0.9256282365294755 -0.37843409958741697 -2.561630251855586e-06 162.93743296032014 0.3784340995610949 -0.9256282365147322 7.333311788418845e-06 -0.20045340442954943 -5.146292536283442e-06 5.81851222087851e-06 0.9999999999698308 0.4953719511701563
1625007234419287 -0.9529367348952409 -0.3031692254758352 -3.05722707339078e-06 161.5326331028794 0.3031692254573236 -0.9529367348910125 5.3507347216638235e-06 12.889043689865325 -4.535522086441024e-06 4.172054511075195e-06 0.9999999999810116 0.495378552653121
1625007234668670 -0.9677036649180827 -0.2520904934521794 -3.593841156017815e-06 159.7256733936757 0.2520904934224065 -0.96770366490597 7.167221576401142e-06 21.507758514732355 -5.284561681656217e-06 6.0297733964745205e-06 0.9999999999678579 0.4953725894002633
1625007234918049 -0.9737951060884317 -0.22742711217329045 -2.122599280303427e-06 158.16826548378887 0.2274271121340266 -0.9737951060295614 1.1705550770396493e-05 25.606458501072343 -4.729136399341013e-06 1.0916071429768974e-05 0.9999999999292379 0.494985729864997
1625007235167437 -0.97325232991199 -0.22973876972328833 2.163434892391138e-06 157.2077803991957 0.22973876971770685 -0.9732523296917084 2.0881196063503e-05 25.27153641605591 -2.6916522448299534e-06 2.081969759074215e-05 0.9999999997796478 0.49406640280740
1625007235417428 -0.9676861852451345 -0.25215758335949157 6.147169173953569e-06 156.65092077069622 0.25215758343440525 -0.967686184949112 2.3935772861519293e-05 21.676046821909356 -8.705595442269063e-08 2.4712372055179403e-05 0.9999999996946456 0.4934368286512857
1625007235666809 -0.9595025552782676 -0.28169992247302295 9.536003784319878e-06 156.10409024648777 0.28169992263441374 -0.9595025547390938 3.216651963467789e-05 16.89177541825841 8.851390574105569e-08 3.355014931224129e-05 0.9999999994371906 0.4928683346009911
1625007235917437 -0.9473942033009192 -0.32006909149482393 1.4807498600226545e-05 155.42499222813686 0.3200690918357838 -0.9473942024270151 4.070459756867167e-05 10.621945780967067 1.000254762835842e-06 4.330272241368707e-05 0.999999999061937 0.492152164938858
1625007236168067 -0.9323686249888652 -0.3615089859337158 1.494378645091325e-05 154.4745236655961 0.36150898624256955 -0.9323686242036029 3.826640887655284e-05 3.7842856065853625 9.946694534310521e-08 4.108071211808008e-05 0.9999999991561834 0.4924347535697408
1625007236418698 -0.9156134613554143 -0.4020596834050466 1.9046205364870925e-05 153.13307399514855 0.4020596838557458 -0.9156134602581967 4.482852808476459e-05 -2.9935261878984876 -5.847818103583017e-07 4.870331507492008e-05 0.9999999988138233 0.492098259687285
