1611676772951936 0.9999727208254475 0.007386311999347236 0.0 0.0 -0.007386311999347236 0.9999727208254474 0.0 0.0 0.0 0.0 1.0 0.494999999999999
1611676773201935 0.9999873894698924 0.0050220363749791195 7.043146495923049e-06 -0.006913045838259088 -0.005022036321183348 0.9999873894658186 -7.63502691883044e-06 0.0012303943282235292 -7.081401061009777e-06 7.599559699592413e-06 0.9999999999460505 0.495025104239708
1611676773451943 0.9999797593138837 0.006362464430351572 2.5859908250744266e-06 -0.02134864795927097 -0.006362464393061361 0.9999797592169096 -1.4181195058564448e-05 0.006522521314085453 -2.676165831742199e-06 1.4164454746932596e-05 0.9999999998961033 0.495039115533556
1611676773701941 0.9999938624614021 0.0035035747205267513 1.2131162930978001e-06 -0.010743475087629151 -0.0035035747179521536 0.999993862459904 -2.1179433533439726e-06 0.006851857824636122 -1.2205292203428998e-06 2.1136801108151894e-06 0.9999999999970215 0.495011788369003
1611676773951325 0.9999986443451689 0.0016466033713296582 1.711480850928606e-06 -0.02365966506634051 -0.0016466033766202911 0.9999986443418369 3.0944744737194734e-06 0.004333316353852558 -1.7063831586485028e-06 -3.0972884088352828e-06 0.9999999999937477 0.4950063680962706
1611676774201323 0.9999963737183293 0.0026930553503139434 9.161834419489982e-07 -0.031451343709433165 -0.002693055348310309 0.9999963737163756 -2.181161382558377e-06 0.009109149395963835 -9.220541079412914e-07 2.1786861403393033e-06 0.9999999999972018 0.495017270304056
1611676774451325 0.9999997480481202 0.0007098593739801468 1.0642562452920948e-06 -0.033525926894136304 -0.0007098593694127227 0.9999997480395054 -4.2858913241962315e-06 0.013728071100993777 -1.067298357276235e-06 4.285134772100259e-06 0.9999999999902496 0.4950179283986194
1611676774701327 0.999995599713889 0.002966572015117804 1.0517052688578587e-06 -0.02149544662853928 -0.0029665720151372667 0.9999955997144419 1.6967290925455065e-08 0.011468699873622937 -1.0516503063662689e-06 -2.0087175683343214e-08 0.9999999999994471 0.495004782873996
1611676774951959 0.9999846464997341 0.005541368195081567 1.0468445294831223e-06 -0.02653268944089837 -0.005541368196649632 0.9999846464991468 1.50100233057002e-06 0.011034282003335555 -1.0385108501816588e-06 -1.5067802359162462e-06 0.9999999999983258 0.4949997419306212
1611676775201956 0.999935211653075 0.011382991436842788 1.909524361900523e-07 -0.01321644587772881 -0.011382991437476151 0.9999352116461251 3.7310495744299734e-06 0.0068136433913918056 -1.4846955934026708e-07 -3.7329814558501994e-06 0.9999999999930216 0.494993130895345
1611676775451966 0.9999213831393385 0.012539040536659612 -9.483825049445486e-07 -0.005680516326466202 -0.0125390405362265 0.9999213831396874 4.612406079022714e-07 0.0075450295792690615 9.540914607714057e-07 -4.493125399413224e-07 0.9999999999994442 0.4950013377310935
1611676775701967 0.9999488220094972 0.010116983716960038 -2.378424006913623e-07 -0.016249940552041035 -0.010116983716492917 0.9999488220077456 1.8892846640659645e-06 0.0025916504206316944 2.569440905784951e-07 -1.8867817265826912e-06 0.9999999999981872 0.4949951256937600
1611676775951976 0.999983265667893 0.005785186418404547 -2.175333872393621e-07 -0.021500987099713906 -0.005785186419034003 0.9999832656633714 -3.0139235329045108e-06 0.007287107564576329 2.0009363747441272e-07 3.0151315681114296e-06 0.9999999999954348 0.4950093744014534
1611676776201344 0.9999506124606082 0.009938442164444963 -2.1831126826916388e-06 0.0009805581034663736 -0.009938442176918416 0.9999506124461678 -5.77907548074988e-06 0.01590439522749927 2.125569856671983e-06 5.800486805607458e-06 0.9999999999809184 0.495008572133176
1611676776451347 0.9999872015474881 0.00505932197704085 3.514092720486795e-07 -0.021719273954797898 -0.005059321977834549 0.9999872015449106 2.2957623868441245e-06 0.012737109970421493 -3.3978977345576987e-07 -2.297510897296667e-06 0.9999999999973033 0.4949908983472117
1611676776700732 0.9999993808548906 0.0011127822586343417 1.8021202754229897e-06 -0.032936840180664236 -0.0011127822658007983 0.9999993808485839 3.980584274360553e-06 0.010013780368368693 -1.7976896360822243e-06 -3.982587177293468e-06 0.9999999999904539 0.4949927556841610
1611676776950734 0.9999659640977976 0.008250493440218854 -1.312442983502824e-06 0.0067405733364936885 -0.008250493447618744 0.9999659640821437 -5.7364879485176345e-06 0.021244210651685046 1.2650694571148338e-06 5.74712100422345e-06 0.9999999999826854 0.495015867431128
1611676777201375 0.9999763930462657 0.0068711969314593 -8.227228713376326e-07 0.015184748792919877 -0.0068711969310702595 0.9999763930464941 4.747398269554741e-07 0.02036818262072969 8.25965480201058e-07 -4.690755289268484e-07 0.999999999999549 0.4949917468958242
1611676777451985 0.9999758725011334 0.006946539647373965 -5.402821100137378e-07 0.0032724158590411597 -0.0069465396468427155 0.9999758725008037 9.789807269316636e-07 0.02174428642865587 5.470696027922359e-07 -9.752040154798802e-07 0.9999999999993752 0.494997378535116
1611676777702611 0.9999961404176483 0.0027783353892654947 1.9694114175062085e-07 -0.011545227641488612 -0.0027783353893067815 0.9999961404176458 2.0979172568731126e-07 0.023144875427396135 -1.9635750986465235e-07 -2.1033808452307456e-07 0.9999999999999589 0.4949995512867066
1611676777951999 0.9999949272541395 0.003185194398190869 6.333293118940949e-07 -0.014618530563861637 -0.0031851943988875143 0.9999949272537306 1.1020591052691852e-06 0.01984864614087627 -6.298158266880209e-07 -1.1040707917827808e-06 0.9999999999991924 0.494998489291496
1611676778201997 0.9999731911505083 0.007322361289908718 -1.7821941872217008e-06 0.021705465943331302 -0.007322361288925373 0.9999731911519483 5.576503056302324e-07 0.016365813632742372 1.786229725663108e-06 -5.445854859446726e-07 0.9999999999982567 0.494997652365881
1611676778451997 0.9999970707870546 0.002420416274848154 3.664724710031861e-07 -0.02022535602083958 -0.002420416274824718 0.9999970707871197 -6.432279204440753e-08 0.015487527988001988 -3.6662708546083056e-07 6.343558769630153e-08 0.9999999999999309 0.495001263071089
1611676778701377 0.9999863236948404 0.005229954203809887 2.6690739217541996e-07 -0.005478848824298254 -0.005229954205698982 0.9999863236655995 7.650674391998645e-06 0.0011734259865165632 -2.2689106516239786e-07 -7.651965672496321e-06 0.9999999999706981 0.494980625469055
1611676778950765 0.9999876933087123 0.004961172107193555 4.598364810686433e-07 -0.01827055487128608 -0.0049611721122458105 0.9999876932400176 1.172812406640267e-05 -0.017677802485088195 -4.016455799838719e-07 -1.1730261059952679e-05 0.99999999993112 0.4949743396285553
1611676779200757 0.9999493448656788 0.01006517259019401 -1.0940923922247203e-06 -0.01978589567558369 -0.01006517259581875 0.9999493448523692 -5.263208862630101e-06 -0.011609903058142697 1.0410618652348557e-06 5.273954482853479e-06 0.9999999999855511 0.495020349312304
1611676779450765 0.9999821569281657 0.005973761211450352 -2.2304002937764373e-07 -0.01918332830322771 -0.005973761214051305 0.9999821568236003 -1.4461880262265712e-05 0.0042748220271446626 1.3664423027930687e-07 1.4462954605806308e-05 0.9999999998954023 0.4950319295598083
1611676779700768 0.9999860288563727 0.0052860275660745176 1.5490902181869516e-06 -0.022454872775258972 -0.005286027553440471 0.9999860288252422 -8.04942916939171e-06 0.011000917409389509 -1.5916180800608325e-06 8.041128176102537e-06 0.9999999999664038 0.495011523738305
1611676779950765 0.9999507852412639 0.009921042876645414 1.177704935199135e-06 -0.0029341446356507227 -0.00992104287567698 0.9999507852416265 -8.253020249415317e-07 0.016678229493393506 -1.185834831513587e-06 8.135773467463016e-07 0.9999999999989662 0.494998007812278
1611676780201400 0.9999419417492122 0.010775580195806683 1.6068270942986656e-07 0.018801357745605134 -0.010775580196558967 0.9999419417323071 5.81535033206755e-06 0.011748011453478693 -9.80096066004625e-08 -5.8167441524342024e-06 0.9999999999830782 0.494984106508174
1611676780451401 0.9999799527660977 0.006331987336596629 2.2181510735330824e-07 -0.005165264330592713 -0.0063319873360245475 0.9999799527630232 -2.491173524230788e-06 0.02282039805122687 -2.3758473978271241e-07 2.4897190526472964e-06 0.9999999999968727 0.495009740551578
1611676780702028 0.9999830781018466 0.005817517079005561 1.6610712819177108e-06 -0.03538863519961616 -0.005817517068608607 0.9999830780840859 -6.196862687493192e-06 0.03233533155148642 -1.697093527933954e-06 6.187094514292933e-06 0.99999999997942 0.495016910856408
1611676780952657 0.9999895706879243 0.004567111696825143 1.974008356127428e-06 -0.028404688274989 -0.004567111711892997 0.9999895706601798 7.697247778786913e-06 0.014929429870982152 -1.938833578164043e-06 -7.706183018487534e-06 0.9999999999684281 0.494979528137771
1611676781202652 0.9999858294706152 0.005323612926141321 1.0704775676686484e-06 -0.016256043025672864 -0.0053236129323213175 0.9999858294540107 5.855635189485765e-06 0.008538770429409008 -1.0392892632339482e-06 -5.861251020271316e-06 0.9999999999822831 0.4949906868299509
1611676781452040 0.9999957477860367 0.002916231619044186 8.697157665354616e-07 -0.021321951808739994 -0.0029162316158657625 0.9999957477798226 -3.6336754543214436e-06 0.01336563091701159 -8.803087075676914e-07 3.63112371054887e-06 0.9999999999930202 0.495013136823502
1611676781702042 0.9999568265063059 0.00929220751310359 -8.59544479169769e-07 0.013543120462877405 -0.00929220751440562 0.9999568265055027 -1.5234300830493484e-06 0.010473277031301177 8.453513411694731e-07 1.5313513769219588e-06 0.9999999999984703 0.495001459787065
1611676781952048 0.999985804508955 0.005328299709666853 7.410717233872128e-07 -0.01751283138113731 -0.005328299707726143 0.9999858045058689 -2.59653331352766e-06 0.01390406063007521 -7.548963112101092e-07 2.5925478022209487e-06 0.9999999999963547 0.4950072353600304
1611676782201424 0.9999773740272458 0.00672691819316175 1.7214652125391688e-06 -0.03917917507926035 -0.0067269181785218546 0.9999773739937692 -8.373301834271214e-06 0.026637009004421383 -1.7777527791052458e-06 8.361532224559023e-06 0.9999999999634623 0.4950208604819345
1611676782451428 0.9999856115275058 0.005364394508750609 2.6985383289320613e-06 -0.029078246377797674 -0.005364394516640866 0.999985611526826 2.9252182116155516e-06 0.017973862799194724 -2.6828074765804204e-06 -2.939652146414996e-06 0.9999999999920808 0.494993508899716
1611676782700804 0.999969531447035 0.0078061622868483 2.390879082095585e-06 -0.03927414786041759 -0.007806162288387173 0.9999695314496795 6.349977927817596e-07 0.019382054241358707 -2.385849339658947e-06 -6.536420354464409e-07 0.9999999999969404 0.495003635651166
1611676782950803 0.9999495365865781 0.010046107190544128 2.893286059466666e-06 -0.022443836550293236 -0.01004610722500054 0.999949536516584 1.2151533402249905e-05 0.0015416465663528063 -2.7710644470910246e-06 -1.2179986456409377e-05 0.9999999999219849 0.494979787057437
1611676783200804 0.9999426019530534 0.010714139918403098 1.7128388636463448e-06 -0.025762604660176637 -0.010714139930383936 0.9999426019288602 7.145668107010402e-06 -0.0034817540413927283 -1.6361808620940807e-06 -7.1636095548962295e-06 0.9999999999730029 0.4949932806345214
1611676783450811 0.9999573851283338 0.009231896701527144 -2.8922600103702256e-06 0.010222445190342834 -0.009231896739524114 0.9999573850422239 -1.3411769791551757e-05 0.006712150015445466 2.768320683538113e-06 1.3437899296492827e-05 0.99999999990588 0.4950136590181614
1611676783701439 0.9999771984250786 0.006752971737685833 6.391982066842702e-07 -0.009294594599078018 -0.00675297173716683 0.9999771984249578 -8.106335842530738e-07 -0.004618666695453943 -6.446578176439215e-07 8.062986131082754e-07 0.9999999999994673 0.4949998992416085
1611676783951445 0.999985029265619 0.005471858409226622 2.820626165054801e-06 -0.022375508181118407 -0.005471858366781692 0.9999850291596807 -1.4842304042595277e-05 0.01400748126369846 -2.90179892410517e-06 1.4826647775556131e-05 0.9999999998858753 0.4950150870033855
1611676784202071 0.99998796008654 0.004907102614929773 4.863589933588225e-06 -0.044410661670644336 -0.004907102591818131 0.9999879600871872 -4.752562998264132e-06 0.010493682651163013 -4.88685269071673e-06 4.728639643058875e-06 0.9999999999768796 0.495003873358325
1611676784452070 0.9999802606077316 0.006283183321699067 8.230580634935828e-08 0.0008325816348878771 -0.006283183322212612 0.9999802605552044 1.0249491346409448e-05 -0.01061522240139304 -1.7904748595053063e-08 -1.0249806170171865e-05 0.9999999999474709 0.494976851985448
1611676784702701 0.9999801714304933 0.006297359999485726 8.032470508796889e-07 -0.016276803535315274 -0.006297360001935781 0.9999801714260418 3.0850564911811013e-06 -0.004833331218145955 -7.83803412294116e-07 -3.0900536547808294e-06 0.9999999999949187 0.494996382489429
1611676784952080 0.9999781919887288 0.006604203364459065 6.530020389268292e-06 -0.054503730942860484 -0.006604203387934448 0.9999781920034867 3.579993402211025e-06 -0.003360518332571567 -6.506234978149111e-06 -3.6230409124611015e-06 0.9999999999722715 0.4949969819148831
1611676785202089 0.9999815526127135 0.006074078486264749 1.6053757732944537e-06 -0.02509200820008905 -0.006074078485064033 0.9999815526137267 -7.517418238881368e-07 -0.0009548103908522277 -1.6099122971506866e-06 7.419767777723535e-07 0.999999999998429 0.495001247645289
1611676785451460 0.9999896400771261 0.004551893617795866 -8.242845415427594e-07 -0.010367773412758408 -0.004551893621619421 0.9999896400664139 -4.6977696859089004e-06 0.0012966969392651708 8.028922541601889e-07 4.701473072934836e-06 0.999999999988626 0.4950096622538278
1611676785701468 0.9999835775691854 0.005731019952832332 -1.8273521049921867e-08 -0.002424497567377612 -0.005731019952759608 0.9999835775653415 2.772907659902011e-06 -0.004355142281195181 3.416481008043748e-08 -2.7727573961102595e-06 0.9999999999961555 0.4949950838969220
1611676785951469 0.9999843889329395 0.005587654541495101 2.2152916452799277e-06 -0.0130002740687963 -0.005587654551330457 0.9999843889253984 4.4587190471469775e-06 -0.006123124505956068 -2.1903432804685315e-06 -4.471027726239236e-06 0.9999999999876064 0.494988057284537
1611676786201473 0.999981651616605 0.006057756420502852 3.8786731209358364e-06 -0.029185867410412954 -0.006057756431540295 0.9999816516200267 2.8402842353651104e-06 -0.0030787815546898427 -3.861396203513551e-06 -2.8637281777914e-06 0.9999999999884446 0.4949928686264183
1611676786451474 0.9999794360264328 0.006413074299729808 -2.2482463213922812e-07 -0.009381343008766254 -0.006413074302436496 0.9999794359072729 -1.543796742878739e-05 0.014702558013076853 1.258151766689986e-07 1.543909177993864e-05 0.9999999998808096 0.495010629405932
1611676786702101 0.999980764119054 0.006202529811022203 3.6855799889762946e-06 -0.03777762039292705 -0.006202529780059597 0.9999807640911437 -8.353875080777568e-06 0.017858099987678993 -3.737324252730084e-06 8.330854467011208e-06 0.9999999999583149 0.4950070972737810
1611676786952116 0.9999753599849415 0.007019929453813459 -3.349285012299218e-06 0.023072902082715188 -0.007019929474273326 0.9999753599715774 -6.136592429806135e-06 0.01938836392321877 3.3061240398834097e-06 6.159952968666262e-06 0.9999999999755624 0.495003217242488
1611676787202107 0.9999659785858086 0.008248734788540714 -6.563629660262561e-06 0.0578477293476079 -0.008248734851285824 0.9999659785608416 -9.590569465868815e-06 0.02519501955105281 6.48429629215397e-06 9.64438482188437e-06 0.99999999993247 0.4950053204071699
1611676787452109 0.9999422838572796 0.010743786623486589 1.021863639726915e-06 0.005115722807688109 -0.01074378662993697 0.9999422838364007 6.531547612312895e-06 0.014681066793862944 -9.5163110781238e-07 -6.542149321503417e-06 0.9999999999781475 0.494980685614774
1611676787702114 0.9999358191858985 0.011329497001360933 2.1188989834460975e-06 -0.014818156185527738 -0.011329497012991805 0.9999358191725534 5.560124231270968e-06 0.012263711601205875 -2.0557695799552437e-06 -5.583773437687562e-06 0.9999999999822979 0.494983042886140
1611676787952122 0.9999311898959721 0.011730961565940506 3.425122706618072e-06 -0.04277238438743413 -0.01173096158804131 0.9999311898804174 6.505394502333875e-06 0.011409742596915044 -3.3485724906444887e-06 -6.545126848381641e-06 0.9999999999729745 0.4949820131929455
1611676788201496 0.9999291076191141 0.011907129088020432 3.2696371931490055e-06 -0.06565481471091492 -0.011907129107647832 0.9999291076059201 6.0505607018801416e-06 0.009955179940662173 -3.1973605934154614e-06 -6.089063755433931e-06 0.9999999999763503 0.49498781679003
1611676788450871 0.9999483602058239 0.010162525225245377 -7.050815474163331e-07 -0.02193428409482199 -0.010162525224339925 0.9999483602052679 1.276063648518394e-06 0.005381082301946124 7.180131661686848e-07 -1.2688323438462045e-06 0.9999999999989375 0.494998393686815
1611676788700880 0.9999674509466132 0.008068273866748792 -1.3824696175797726e-06 -0.005457632451896727 -0.008068273868508688 0.9999674509467454 -1.2722122344203642e-06 0.0030123449720513944 1.3721600627817914e-06 1.283324968608719e-06 0.9999999999982354 0.4950057260416265
1611676788950879 0.9999786401741673 0.006535992006647115 1.295938197288583e-06 -0.008843644071524355 -0.00653599201272094 0.9999786401637365 4.739340227425434e-06 -0.007282264040931316 -1.2649342264209663e-06 -4.747709237660541e-06 0.9999999999879299 0.4949863823091155
1611676789200879 0.9999822474431033 0.005958587850932571 5.218275932161244e-06 -0.030388922144679174 -0.005958587824162603 0.9999822474437161 -5.130645493289329e-06 0.0016541520370104482 -5.2487546963395234e-06 5.099460855792183e-06 0.9999999999732232 0.4950033768667951
1611676789450884 0.999981177752879 0.006135481865773321 -8.324005702314781e-08 0.008541022421539684 -0.006135481865905595 0.9999811777514452 -1.6949946007422308e-06 -0.0029520213972686455 7.283888162295317e-08 1.6954734149991501e-06 0.9999999999985603 0.495000640671829
1611676789701512 0.9999840490021868 0.0056481618745439005 2.52952725206542e-06 -0.017778698189544705 -0.00564816188102338 0.999984049002068 2.561770204378913e-06 -0.0055962487648950135 -2.5150176107874008e-06 -2.5760165209958158e-06 0.9999999999935196 0.494991975123814
1611676789951521 0.999984359467838 0.005592925650240428 -3.691548422255327e-07 0.0034947616380296177 -0.00559292565305344 0.999984359434934 -8.11859595607317e-06 0.006037432736047541 3.2374236486885846e-07 8.12053363251719e-06 0.9999999999669762 0.4950055861819756
1611676790202145 0.9999866030506855 0.0051762634500101545 3.6897717787716116e-06 -0.03352925325383552 -0.00517626343444602 0.9999866030486887 -4.215320268025449e-06 0.009093786336774023 -3.711541955320646e-06 4.1961645648628025e-06 0.9999999999843086 0.4950006607466441
1611676790452146 0.9999825182905022 0.005912960723661464 -2.575512190469844e-06 0.013072406667562892 -0.00591296073577494 0.9999825182826013 -4.72139287851707e-06 0.011929358025241383 2.547549755447951e-06 4.736539242965495e-06 0.9999999999855378 0.4950024288502355
1611676790702146 0.9999589857169255 0.009056869269006134 -8.882773855009934e-07 -0.00022090850259024603 -0.009056869262733611 0.9999589856940649 6.828043918230344e-06 0.005187607905767458 9.500816545533112e-07 -6.819718858769911e-06 0.9999999999762945 0.494990782964076
1611676790952154 0.9999614527916775 0.008780257880595518 -2.7525579976704064e-07 -0.0023738866336580457 -0.008780257879662273 0.9999614527865205 3.225758173826605e-06 0.002075978924173565 3.035681780504512e-07 -3.2232170129566333e-06 0.9999999999947595 0.494994617960773
1611676791202159 0.9999767824280623 0.006814293973809964 -4.747035411070671e-07 0.003489063149688397 -0.006814293975661338 0.9999767824201051 -4.01424396522573e-06 0.004217934615290289 4.4733828117968046e-07 4.01738553371698e-06 0.9999999999918305 0.495012608438550
1611676791451535 0.999952147477389 0.009782778306291326 -1.3173209521973414e-06 0.013447105115114983 -0.009782778306075466 0.9999521474782445 1.7019142260941748e-07 0.003587137860283733 1.318922860027783e-06 -1.5729621968756773e-07 0.999999999999118 0.494999448352361
1611676791701535 0.9999566852378509 0.009307396901425168 2.969203479514443e-06 -0.030428700508037684 -0.009307396914128435 0.9999566852329231 4.29361112281009e-06 -8.057915668248566e-05 -2.9291125263033796e-06 -4.321060701377926e-06 0.9999999999863747 0.4949871437090485
1611676791951541 0.9999402432888962 0.010932055914647777 1.609133277700107e-06 -0.030452811158144303 -0.010932055922448182 0.9999402432779951 4.921365602051371e-06 -0.0014206299317280407 -1.5552364772354386e-06 -4.938662652418416e-06 0.9999999999865956 0.494994800220562
1611676792202171 0.9999393980819897 0.011009094027123618 -3.146059664944619e-06 0.014053032500027964 -0.011009094028648124 0.9999393980868124 -4.6767754226640006e-07 -2.723643208196122e-05 3.1407203016797568e-06 5.022844667825166e-07 0.999999999994942 0.494996850932220
1611676792452169 0.9999450929513369 0.010479077869088126 -2.7061260885705974e-06 0.024203052476168 -0.010479077863492565 0.999945092952907 2.0736979430439284e-06 -0.005159943827205108 2.727707945406215e-06 -2.0452263764240805e-06 0.9999999999941886 0.49499179866490
1611676792702801 0.9999407033827153 0.010889890351093005 2.095023515876644e-06 -0.007512272173536392 -0.010889890347223577 0.9999407033832416 -1.8495763042484789e-06 0.0034555087119825727 -2.1150409712240395e-06 1.8266520542716148e-06 0.9999999999960951 0.49499585910493
1611676792952807 0.99994990495528 0.01000937446608243 7.009698760283209e-07 -0.0055625910180603436 -0.010009374465241406 0.9999499049548223 -1.193170461924419e-06 0.0026054499168988057 -7.12877650867603e-07 1.1860944200213802e-06 0.9999999999990428 0.4949988537898552
1611676793202811 0.9999694616746265 0.007815095386073558 -1.7811596778501229e-07 -0.005370493273332654 -0.007815095386778902 0.9999694616650419 -4.3805753079202364e-06 0.0040487980812140625 1.4387591454307122e-07 4.381833525774088e-06 0.9999999999903897 0.495006749651957
1611676793452184 0.9999541588696906 0.009574975402081425 -1.739678010600182e-06 0.0023997658022573798 -0.009574975405716262 0.9999541588689783 -2.093211817838001e-06 0.007636791116191808 1.7195558101292661e-06 2.10977323681236e-06 0.9999999999962963 0.49500151915776
1611676793701563 0.999952446837873 0.009752130172939216 4.220016937124105e-06 -0.04867014909472934 -0.009752130175284198 0.9999524468466113 5.35465832705986e-07 0.012404251496141567 -4.214594329517083e-06 -5.765945241265163e-07 0.9999999999909526 0.495000574387415
1611676793951568 0.999958564427104 0.009103264523618539 1.2905509663700056e-06 -0.021300812230396326 -0.009103264527333104 0.9999585644236915 2.9022488048045305e-06 0.008598912788080962 -1.2640775530661923e-06 -2.9138767753020366e-06 0.999999999994956 0.494994557315885
1611676794201570 0.9999651687364478 0.008346335158603384 1.0369764509171085e-06 -0.02332017757612675 -0.008346335167555374 0.999965168696847 8.951235518108145e-06 0.0015059751382374032 -9.62230319961129e-07 -8.959578688304837e-06 0.9999999999594003 0.4949764681163
1611676794451568 0.9999673112509668 0.008085568969900895 1.3085060257951818e-06 -0.024047879092425926 -0.008085568980454283 0.9999673112175269 8.271605809356223e-06 -0.002845161016392979 -1.2415826130661315e-06 -8.28191543666116e-06 0.9999999999649345 0.494982211414944
1611676794701574 0.9999659192357155 0.008255928305473082 3.55701580109217e-06 -0.037208533251929875 -0.00825592830973307 0.9999659192413053 1.184622020158235e-06 0.002126480158067155 -3.5471144208352906e-06 -1.2139481147878018e-06 0.9999999999929723 0.494998649018696
1611676794951591 0.9999602924315141 0.00891142846224376 9.006189345438669e-07 -0.015657922297898853 -0.008911428446231422 0.9999602922968245 -1.6445807754782582e-05 0.01484624384128462 -1.0471388123464338e-06 1.6437128930589104e-05 0.9999999998643623 0.4950142480604764
1611676795202201 0.9999586897285616 0.009089490272698472 8.29386543449835e-07 -0.014860133928850711 -0.009089490280025526 0.9999586896855417 9.305431100442967e-06 -0.007899251157691457 -7.447706557621416e-07 -9.312585391504197e-06 0.9999999999563607 0.494971963577903
1611676795452207 0.999962233549802 0.008690884189577395 -1.965228115156944e-06 0.015046241881225907 -0.008690884185125664 0.9999622335492122 2.2625435594951573e-06 -0.006523406769155029 1.9848173995197607e-06 -2.2453785413154725e-06 0.9999999999955096 0.494991508199802
1611676795702833 0.9999715858628736 0.007538399342299401 -1.1374907620740394e-07 0.00031592554346681674 -0.007538399342461214 0.9999715858617592 -1.4965754338750902e-06 -0.004146755939741244 1.0246406085829417e-07 1.497390395940187e-06 0.9999999999988738 0.49500204028538
1611676795952842 0.9999856854666769 0.005350594195909729 1.121881957745907e-06 -0.007991999868828705 -0.005350594187193287 0.9999856854382165 -7.633613424342859e-06 0.002894593405062193 -1.1627102661823275e-06 7.627501417664271e-06 0.9999999999702349 0.495012302802313
1611676796202220 0.9999693851320568 0.007824883106229039 8.702621289253312e-07 -0.005931032324990746 -0.00782488310560396 0.9999693851321816 -7.193387444845245e-07 0.0010703740380266133 -8.758642275565702e-07 7.125070225954275e-07 0.9999999999993627 0.494998206682833
1611676796452219 0.999975189872921 0.007044120544526543 1.4618404974035644e-06 -0.018156126850050934 -0.007044120543391379 0.9999751898736932 -7.802173890841793e-07 0.0054917156521194135 -1.467300174298904e-06 7.699006511147862e-07 0.9999999999986273 0.494998178254536
1611676796701597 0.999973562276552 0.007271500881757011 4.542805614498883e-06 -0.044817086436754 -0.007271500895021961 0.9999735622825391 2.9103349600285036e-06 0.009534592700397847 -4.521523009868648e-06 -2.9432910324974725e-06 0.9999999999854468 0.494994728624429
1611676796951604 0.9999782767195893 0.006591364405916391 1.398792408557466e-06 -0.0234229179081915 -0.006591364415724647 0.9999782766951039 7.127187862478097e-06 -8.625250226588261e-05 -1.3517841297762939e-06 -7.136252987100153e-06 0.9999999999736235 0.494984441796687
1611676797201606 0.999988242622399 0.004849186990488825 -5.143554323279569e-07 -0.008734464073606217 -0.004849186990009915 0.9999882426221028 9.28241087442145e-07 0.003005751128210969 5.188505994631649e-07 -9.257359680925683e-07 0.9999999999994371 0.495002700622513
1611676797450981 0.9999957621265456 0.0029113101260291735 2.576851138820007e-07 -0.009236794374347166 -0.002911310125513974 0.999995762124625 -1.9775433580905653e-06 0.0026597197498052323 -2.634412638482163e-07 1.976784776235245e-06 0.9999999999980116 0.4950089755674043
1611676797701608 0.9999979950706052 0.002002456959447369 4.320058372433648e-06 -0.03772351256881827 -0.0020024569021631225 0.9999979949926157 -1.3223881243850459e-05 0.016228970145426264 -4.346529963722242e-06 1.321520400022606e-05 0.9999999999032332 0.4950232797563326
1611676797952236 0.9999962415345798 0.002741697101678034 3.3888753165216e-06 -0.0320026800102694 -0.002741697090476998 0.9999962415348896 -3.3054691691063545e-06 0.01608007844941304 -3.397925174800168e-06 3.2961654760268526e-06 0.999999999988795 0.495006737632592
1611676798202869 0.9999945541069843 0.0033002656177155525 9.96674253220127e-07 -0.027000340279752393 -0.0033002656035612064 0.9999945540111429 -1.3884119466151474e-05 0.03557740151121183 -1.0424901074516968e-06 1.3880754564997402e-05 0.999999999903119 0.495009444463047
1611676798452872 0.9999835780777564 0.005730931187744348 5.445612927666032e-07 -0.007811964913230089 -0.005730931192153387 0.9999835780419839 8.472871356599474e-06 0.01514936740077072 -4.959949072975284e-07 -8.475853059082567e-06 0.9999999999639573 0.4949727865631381
1611676798702873 0.9999844039422386 0.00558496794641529 1.7580157672988187e-06 -0.01466033377201725 -0.005584967969703293 0.999984403852082 1.3532976441487834e-05 0.004803733208093789 -1.6824071093828797e-06 -1.3542583842186458e-05 0.9999999999068843 0.494960470312959
1611676798952877 0.9999851758762046 0.005444999686168002 2.005227282762584e-06 -0.01740816730165254 -0.005444999707339256 0.9999851758207637 1.070843062972862e-05 -0.0021811731867610266 -1.94689015550032e-06 -1.0719190348618988e-05 0.9999999999406546 0.4949725145393721
1611676799202876 0.9999918788940111 0.004030154301643109 -3.131280350849936e-07 -0.006750521520588622 -0.004030154302302804 0.9999918788917769 -2.1355884127442208e-06 0.002564017723789327 3.045187413108143e-07 2.1368330237069177e-06 0.9999999999976708 0.495004471972524
1611676799452258 0.9999855490330061 0.005376031857454134 -2.0958500510871456e-06 0.011919758787108551 -0.005376031872434325 0.9999855490091388 -7.208677141498016e-06 0.0030298033384067776 2.0570656860191273e-06 7.219840325833148e-06 0.9999999999718214 0.495016064569113
1611676799701636 0.9999803247915339 0.006272959393539079 -2.8342937167497624e-06 0.018750530335299574 -0.006272959427108999 0.9999803247234014 -1.1994760091745562e-05 0.007902709288611011 2.7589953082517777e-06 1.2012303501856879e-05 0.9999999999240465 0.4950340668492671
1611676799951020 0.9999671979700712 0.008099566750371788 -3.2939955647405644e-07 0.00997956003249416 -0.008099566755837662 0.9999671977003954 -2.3223980276544255e-05 0.015966144212401313 1.4128457295367468e-07 2.3225886476597012e-05 0.9999999997302693 0.4950348083884502
1611676800201011 0.9999361867101739 0.011297012907721218 2.1555574011900243e-06 -0.011014419248809486 -0.011297012896115365 0.9999361866984633 -5.322426401005115e-06 0.009665393621801379 -2.215547367713207e-06 5.297735399718832e-06 0.999999999983513 0.4950009493933071
1611676800451016 0.9999315477056904 0.0117004225731638 -3.504198482358822e-06 0.029836810124117274 -0.011700422614298553 0.9999315476398505 -1.1957745674424708e-05 0.020791461838656475 3.364047934296793e-06 1.1997927742493238e-05 0.9999999999223668 0.495009239960893
1611676800701650 0.9999369528773893 0.011228992289551066 -4.5854646958529044e-07 -0.0029301888749187635 -0.011228992285348129 0.9999369528429195 8.321054072981602e-06 0.0006883307997051023 5.519546115617042e-07 -8.31538043971433e-06 0.9999999999652751 0.494965212990744
1611676800951649 0.999944162595088 0.010567481908251372 -3.986772868635408e-06 0.025976860841901057 -0.01056748193267834 0.999944162583825 -6.156519223830942e-06 0.013436109902379244 3.921491352032513e-06 6.198305610047126e-06 0.9999999999731017 0.495001260640387
1611676801201658 0.9999200390293291 0.012645771426256077 -3.2229683427822553e-06 0.021649086973223153 -0.012645771421696013 0.9999200390335564 1.4313313853704433e-06 0.010324216600098008 3.2408109206605783e-06 -1.390460013764502e-06 0.9999999999937821 0.49499500850168
1611676801452279 0.9999248407885217 0.01226021068947331 -2.380455435963984e-06 0.03205782089904983 -0.01226021068933978 0.9999248407913544 7.06686558635702e-08 0.009686998063948547 2.3811429354325466e-06 -4.147845928171698e-08 0.9999999999971645 0.494993426437887
1611676801702911 0.9999380915730264 0.011127129738047444 -1.689429404332968e-06 0.025218154622313728 -0.011127129734957048 0.9999380915728174 1.827752431256804e-06 0.003068471098679377 1.709662452851128e-06 -1.8088407778228857e-06 0.9999999999969027 0.494990622892616
1611676801952917 0.9999505707889319 0.009942634266236225 7.103583861779584e-07 -0.007376208739770638 -0.009942634266810522 0.9999505707888507 8.095875003154309e-07 -0.00031752371880779145 -7.022738413026953e-07 -8.166103166779662e-07 0.9999999999994202 0.494992438786643
1611676802202915 0.9999731364852145 0.007329823031448454 1.3422885543939517e-07 -0.011244647953349689 -0.007329823030639895 0.9999731364713591 -5.266821360807396e-06 0.0020433479466732503 -1.7283011809711238e-07 5.265696001729512e-06 0.9999999999861215 0.495002867543483
1611676802452291 0.9999906625951707 0.004321425659779366 -7.112076050444347e-07 -0.009350751737414639 -0.00432142566314399 0.9999906625838921 -4.79937999823018e-06 0.001625272030275181 6.904608003292454e-07 4.802408615283192e-06 0.9999999999882303 0.4950041088862877
1611676802702295 0.99998761505784 0.004976918886161959 -2.664849968299384e-06 0.013863834011387743 -0.004976918912300244 0.9999876150123199 -9.893439549709532e-06 0.01543193558426191 2.6155781180274325e-06 9.90657976226066e-06 0.9999999999475095 0.495022175261561
1611676802951683 0.9999915495345453 0.0041110646558320365 -2.1591301169092596e-06 0.019569883510870172 -0.004111064664293514 0.999991549529122 -3.929231837577436e-06 0.012265567994565043 2.1429585451159227e-06 3.938074957277513e-06 0.9999999999899498 0.4950047608776715
1611676803201053 0.9999923278496957 0.003917172217217744 -1.155271913231903e-06 0.01736592475435171 -0.00391717221508724 0.9999923278486774 1.840672664416413e-06 0.004794072224045799 1.1624732816356369e-06 -1.836133143463768e-06 0.9999999999976388 0.4949982955211652
1611676803450429 0.9999952502596058 0.0030821170132269557 3.2730198350240844e-06 -0.016680837254406253 -0.0030821170582573517 0.999995250169004 1.3843316120318434e-05 -0.009351239735410192 -3.230337568606398e-06 -1.3853338198457125e-05 0.9999999998988252 0.494964669353897
1611676803701056 0.9999891055474385 0.004667844565661319 3.3633370412424594e-06 -0.03359751649163366 -0.0046678445797705935 0.999989105544211 4.199462738320716e-06 -0.0020695521289572417 -3.34369796020158e-06 -4.2151165220603495e-06 0.9999999999855265 0.494992520136965
1611676803951061 0.9999848780162315 0.005499430112441765 -2.251394365780949e-06 0.008633928871851451 -0.005499430119892893 0.999984878013224 -3.316866496800258e-06 0.0012528053121260987 2.2331194447386408e-06 3.329197725193307e-06 0.9999999999919651 0.495003102821923
1611676804201694 0.9999860779706733 0.005276728087372972 1.8138139816102003e-06 -0.02400266329116033 -0.005276728058756356 0.9999860778533408 -1.5435465735247664e-05 0.017721791935841245 -1.895237485017284e-06 1.5425679839145308e-05 0.9999999998792284 0.495018699245260
1611676804452316 0.9999720279158915 0.007479530970931753 -4.02302769942209e-08 0.00418830223981482 -0.007479530970338496 0.9999720278813123 8.316680358619765e-06 -0.0022418166247271934 1.0243401997872345e-07 -8.316146820153206e-06 0.9999999999654159 0.4949722121997169
1611676804702319 0.9999692419958233 0.007843153645324173 -9.807312491652148e-07 0.012981269804850818 -0.00784315363880996 0.9999692419753698 6.478398727444513e-06 -0.0034400565363087152 1.0315121604075076e-06 -6.470507438978117e-06 0.9999999999785345 0.49498480265380
1611676804952948 0.9999771837247852 0.006755148229995119 7.313184572548531e-08 -0.007005599395584079 -0.006755148229811328 0.9999771837222029 -2.274264244516739e-06 0.0018025466124855906 -8.849316921518401e-08 2.2737183378247016e-06 0.9999999999974114 0.4950069435294560
1611676805202327 0.9999589150794262 0.009064664920553045 -9.068465959091527e-07 -0.018046553566595264 -0.009064664922120423 0.9999589150783104 -1.7394907381531642e-06 0.0009826466029377132 8.910414375159496e-07 1.7476395318459586e-06 0.9999999999980762 0.495000176360207
1611676805452330 0.9999547507150806 0.009512965875590812 5.989907627467219e-07 -0.10571570291315588 -0.00951296587332328 0.9999547507085063 -3.6809706048574295e-06 0.003181845638243069 -6.339806065934629e-07 3.675105864893529e-06 0.999999999993046 0.4949976890793057
1611676805701706 0.9998883753094538 0.014941115036593925 5.014829420131737e-07 -0.23449783616509368 -0.014941115043528717 0.9998883751197203 1.9479969581446527e-05 -0.0144779108329565 -2.103744976146996e-07 -1.948528785024264e-05 0.9999999998101399 0.4949933895553202
1611676805951718 0.9997418916971305 0.02271893429280877 2.86526439996034e-06 -0.46115055238210245 -0.0227189343621141 0.999741891333253 2.7067087546323354e-05 -0.02877144373884447 -2.2495894669285088e-06 -2.7125197060186517e-05 0.9999999996295816 0.494996178179432
1611676806201711 0.99947885885311 0.03228019039591595 3.384663601403442e-06 -0.7520581317155041 -0.03228019043943214 0.9994788587634719 1.3705073742510486e-05 -0.02809876852415139 -2.940497323837222e-06 -1.3807189050319648e-05 0.9999999999003577 0.495012146994788
1611676806451720 0.9990024357573061 0.044655720208183876 1.1938425209174923e-06 -1.108242008982475 -0.044655720215834124 0.9990024357301368 7.417977302812466e-06 -0.03160659839894308 -8.613964673316622e-07 -7.463889291514589e-06 0.9999999999717744 0.495013126340395
1611676806701722 0.9981526566666367 0.06075585557651608 5.18154505513492e-07 -1.5298266792756514 -0.060755855578208534 0.998152656657027 4.387038129914947e-06 -0.023788498767151323 -2.506590412078753e-07 -4.410414684586461e-06 0.9999999999902429 0.49501696339213
1611676806952352 0.9969231424019914 0.07838525460987437 9.225350146224469e-07 -2.0165554027630104 -0.07838525461437558 0.996923142378405 6.868268138461973e-06 -0.008548028927629162 -3.813255589701342e-07 -6.919448597482295e-06 0.9999999999759881 0.4950177997351289
1611676807202353 0.99521521814516 0.09770705997207037 1.2898096736017726e-06 -2.570870360959086 -0.09770705997808113 0.9952152181274362 5.980518562943232e-06 0.02141874582548965 -6.992993297644533e-07 -6.077926597393215e-06 0.9999999999812852 0.495019731554038
1611676807452357 0.9934273406567923 0.11446448720093189 1.7801219666811866e-06 -3.170211759610696 -0.11446448720948577 0.9934273406402524 5.837180154848825e-06 0.055945397337221855 -1.1002719982536158e-06 -6.002575106265977e-06 0.9999999999813796 0.495020128419640
1611676807702357 0.9917305272204769 0.12833768493579648 1.4431631103585516e-06 -3.802264112737376 -0.1283376849436516 0.9917305271331783 1.316127895743611e-05 0.08427187882525353 2.5785916001708744e-07 -1.3237654331962933e-05 0.9999999999123492 0.495011698927226
1611676807952366 0.9899929071284747 0.14111712803962784 2.6317160017302255e-06 -4.512702520812377 -0.14111712806064167 0.989992906799754 2.553149787980499e-05 0.10888251123163094 9.975514809258339e-07 -2.56473820134653e-05 0.9999999996706086 0.495015263570720
1611676808201740 0.9879464418711117 0.15479608511698945 4.9428003839915585e-06 -5.253617734863513 -0.1547960851948573 0.987946441243365 3.5223351557116844e-05 0.1398212263669905 5.692148766015903e-07 -3.55639109910498e-05 0.9999999993674424 0.495011510305630
1611676808451742 0.9860293477918681 0.16657168205542877 5.304353646371669e-06 -6.040743575249974 -0.16657168211738343 0.986029346635295 4.783645400479691e-05 0.16270419448447773 2.737950246897873e-06 -4.8051702652554486e-05 0.9999999988417689 0.4950137679477490
1611676808701748 0.9843142900005029 0.17642386028353751 4.607402206450884e-06 -6.903204476138501 -0.17642386032101812 0.9843142891195261 4.174109686381587e-05 0.17530265124231872 2.8289936136593613e-06 -4.189921380675633e-05 0.9999999991182265 0.495008565360523
1611676808951751 0.9835397451343721 0.18069191937414594 3.4160219747762204e-06 -7.797750155627591 -0.18069191938452558 0.9835397445449338 3.416708421143585e-05 0.16489027379963783 2.8139226451574416e-06 -3.422193286465868e-05 0.9999999994104709 0.495005489713221
1611676809201759 0.9839592613261472 0.1783933071739766 1.9497317325453732e-06 -8.727788082911657 -0.17839330717376933 0.9839592610868605 2.1789265266199883e-05 0.10195388214071328 1.9686024968599077e-06 -2.1787568448088568e-05 0.9999999997607134 0.494985854497963
1611676809452380 0.9852860740391227 0.17091328884065804 9.714093886787796e-08 -9.672350436568248 -0.1709132888292031 0.9852860739661804 1.2151670398758042e-05 -0.005722744819445114 1.9811703384853185e-06 -1.1989474297578368e-05 0.999999999926164 0.494983664190674
1611676809702385 0.9869046090364596 0.16130496786360787 -1.6972464455230764e-06 -10.625156751853542 -0.16130496786188467 0.9869046090375783 1.1083113819034525e-06 -0.13439759137726967 1.8537964716043177e-06 -8.200233277011179e-07 0.9999999999979456 0.494982914579404
1611676809952394 0.9886085962406288 0.15050928018826537 -3.75645579514759e-06 -11.611153421497011 -0.15050928022531324 0.9886085961533965 -1.3245226462812894e-05 -0.2770863559102326 1.7201349893084551e-06 1.3659726198247055e-05 0.9999999999052267 0.4949658717499289
