0.9999727208254474142 0.007386311999347235611 0 -0 -0.007386311999347235611 0.9999727208254474142 -0 0 -0 0 1 0.4949999999999998845
0.9999873894721247325 0.005022036321194581036 7.081401061009535909e-06 0.006922643217405960447 -0.005022036374990309325 0.9999873894680509911 7.599559699592629643e-06 0.001199423217467297234 -7.043146495939012418e-06 -7.635026918847265227e-06 0.9999999999460500444 0.495025046129313584
0.9999797593161160458 0.006362464393075585936 2.6761658317410303e-06 0.02139103996441658884 -0.006362464430365754285 0.9999797592191418394 1.416445474693281158e-05 0.006393571239033566181 -2.585990825081370179e-06 -1.418119505859589311e-05 0.9999999998961029979 0.4950389677775687836
0.9999938624636345308 0.003503574717959997628 1.220529220342918444e-06 0.01076801932135768025 -0.003503574720534551913 0.9999938624621366179 2.113680110815178407e-06 0.006815221499943274058 -1.213116293100489447e-06 -2.117943353348711723e-06 0.9999999999970211606 0.495011760822597735
0.9999986443474014886 0.001646603376623988896 1.706383158648508943e-06 0.02366761291592426111 -0.001646603371333313012 0.9999986443440694872 -3.0972884088352781e-06 0.0042928192176174872 -1.711480850932420257e-06 3.094474473726386042e-06 0.9999999999937473349 0.4950063410094487359
0.9999963737205616043 0.002693055348316342537 9.220541079412407955e-07 0.03147621753427915642 -0.002693055350319932973 0.9999963737186079449 2.178686140339323208e-06 0.009025494641439481616 -9.161834419510935693e-07 -2.181161382563225097e-06 0.9999999999972013498 0.4950172216189455687
0.9999997480503528546 0.0007098593694143285216 1.067298357276288175e-06 0.03353619177900767773 -0.0007098593739817105844 0.9999997480417379681 4.28513477210024401e-06 0.01370639016715340455 -1.064256245294417124e-06 -4.285891324205811421e-06 0.9999999999902490222 0.4950178338765945929
0.9999955997161213972 0.002966572015143911518 1.05165030636626845e-06 0.02152989533849875708 -0.002966572015124404552 0.9999955997166742883 -2.008717568333143838e-08 0.01140487167442525394 -1.051705268860206506e-06 1.696729092550468225e-08 0.9999999999994465538 0.4950047604614410957
0.999984646501966612 0.005541368196662024848 1.03851085018170028e-06 0.02659394115327233868 -0.005541368195093917225 0.999984646501379304 -1.506780235916216589e-06 0.01088633933127601365 -1.046844529485417999e-06 1.501002330573400319e-06 0.9999999999983253396 0.4949997307166744687
0.9999352116553072989 0.01138299143750158386 1.484695593402022538e-07 0.01329322274187209364 -0.01138299143686817734 0.9999352116483575248 -3.732981455850200688e-06 0.006660911456237373664 -1.909524361905432328e-07 3.731049574438300148e-06 0.9999999999930211381 0.49499315379021952
0.9999213831415709741 0.01253904053625451605 -9.540914607714043841e-07 0.005774204897310656129 -0.01253904053668758803 0.9999213831419198062 -4.493125399413238509e-07 0.007472985777954212032 9.483825049466667364e-07 4.612406079032994909e-07 0.9999999999994436672 0.4950013465981945027
0.9999488220117299653 0.01011698371651552873 -2.569440905784532886e-07 0.01627520141180609572 -0.01011698371698260476 0.9999488220099781444 -1.886781726582696489e-06 0.002426183453447486749 2.378424006919351944e-07 1.889284664070177439e-06 0.9999999999981867838 0.4949951344541527742
0.9999832656701259648 0.0057851864190469433 -2.000936374742097528e-07 0.02154268552259357497 -0.005785186418417441641 0.9999832656656039154 3.015131568111441052e-06 0.007164090919520998101 2.175333872400505343e-07 -3.013923532911224789e-06 0.9999999999954342078 0.4950093571135908976
0.9999506124628406711 0.009938442176940624068 -2.125569856671850389e-06 -0.0008234969390886099933 -0.009938442164467129608 0.9999506124484000003 5.800486805607503127e-06 0.015916226259050828 2.183112682696643472e-06 -5.779075480762733117e-06 0.9999999999809179307 0.4950084780703616349
0.9999872015497206501 0.005059321977845865348 3.397897734558274696e-07 0.02178360531500288938 -0.005059321977052121805 0.9999872015471430453 -2.297510897296657258e-06 0.0126259249080918623 -3.514092720494062681e-07 2.295762386849258352e-06 0.9999999999973028242 0.4949909199549004102
0.9999993808571232545 0.001112782265803304591 1.79768963608217538e-06 0.03294885278860865824 -0.001112782258636804992 0.9999993808508166326 -3.982587177293489464e-06 0.009975151285134516502 -1.802120275427061768e-06 3.980584274369418993e-06 0.9999999999904534143 0.4949927361839847606
0.9999659641000301358 0.008250493447637185368 -1.265069457114931175e-06 -0.006565694923686591147 -0.008250493440237252271 0.9999659640843761022 5.747121004223425226e-06 0.02130194555770912462 1.312442983505656104e-06 -5.736487948530462806e-06 0.9999999999826848507 0.4950157367087804072
0.9999763930484981689 0.006871196931085621351 -8.259654802011225129e-07 -0.01504484537947212673 -0.006871196931474618345 0.9999763930487266528 -4.690755289267340818e-07 0.02047180700083067045 8.227228713394038088e-07 4.747398269566477246e-07 0.9999999999995486943 0.4949917440723482498
0.9999758725033659479 0.006946539646858246493 -5.470696027924295771e-07 -0.003121560154088493921 -0.006946539647389453516 0.9999758725030364337 -9.752040154797711644e-07 0.02176601103652746338 5.402821100147490097e-07 9.789807269339569856e-07 0.9999999999993746114 0.4949973980540161023
0.9999961404198811632 0.002778335389313007012 1.963575098646515595e-07 0.01160958450511799002 -0.002778335389271675924 0.9999961404198783876 -2.10338084523075086e-07 0.02311260546610401437 -1.969411417510612804e-07 2.097917256877789594e-07 0.9999999999999583666 0.494999553868559039
0.9999949272563721792 0.003185194398894647914 6.298158266880180861e-07 0.0146819899622001749 -0.003185194398197958247 0.999994927255963284 -1.10407079178278208e-06 0.0198014360787390209 -6.333293118955114579e-07 1.102059105271643882e-06 0.9999999999991919797 0.4949985019071341252
0.99997319115274097 0.007322361288941742381 -1.786229725663776823e-06 -0.02158593182412450392 -0.00732236128992504523 0.9999731911541809293 -5.445854859424755757e-07 0.01652404057923416783 1.782194187224993809e-06 5.576503056336691746e-07 0.9999999999982561727 0.4949976228080644192
0.9999970707892872346 0.002420416274830143339 3.666270854608301893e-07 0.02026296452217948157 -0.002420416274853536519 0.9999970707893522937 6.343558769630267702e-08 0.01543856024158858642 -3.66472471004004496e-07 -6.432279204454997533e-08 0.9999999999999306111 0.4950012546628177468
0.9999863236970729652 0.005229954205710680461 2.268910651627631123e-07 0.005485023164756663502 -0.005229954203821540575 0.9999863236678318001 -7.65196567249630599e-06 0.001140968235157615619 -2.669073921756504018e-07 7.650674392015738442e-06 0.9999999999706977727 0.4949806329697065688
0.9999876933109445032 0.004961172112256905832 4.016455799843937957e-07 0.01818282620480912021 -0.004961172107204609577 0.9999876932422498976 -1.173026105995265503e-05 -0.01777403447408785336 -4.598364810691477069e-07 1.172812406642887337e-05 0.9999999999311196541 0.4949741238655329112
0.9999493448679110941 0.0100651725958412399 -1.041061865234783684e-06 0.01966752239351536591 -0.01006517259021645974 0.9999493448546017405 5.273954482853491235e-06 -0.01180585269685163578 1.094092392227233919e-06 -5.2632088626418367e-06 0.9999999999855505584 0.4950204320580942063
0.9999821569303979363 0.005973761214064662005 -1.36644230279997967e-07 0.01920845513653140352 -0.005973761211463664463 0.9999821568258324689 1.446295460580629133e-05 0.004167308752551750727 2.230400293774502063e-07 -1.446188026229800753e-05 0.999999999895401892 0.4950318719647147647
0.9999860288586053247 0.005286027553452294844 1.591618080060919964e-06 0.0225134980768867364 -0.005286027566086298063 0.9999860288274748932 8.041128176102516935e-06 0.01088604708830249665 -1.549090218190322169e-06 -8.049429169409696918e-06 0.999999999966403319 0.495011400385945155
0.9999507852434963429 0.009921042875699150054 1.185834831513588025e-06 0.003100052648210833376 -0.009921042876667540353 0.9999507852438588307 8.135773467462989363e-07 0.01664870162282532443 -1.177704935201762374e-06 -8.253020249433764815e-07 0.9999999999989657162 0.4949979905916329637
0.9999419417514449071 0.0107755801965830466 9.800960660042276124e-08 -0.01867362601893908167 -0.01077558019583071958 0.9999419417345394301 -5.816744152434199894e-06 0.01194704572658228728 -1.606827094302649044e-07 5.815350332080531741e-06 0.9999999999830777586 0.4949841778396540382
0.9999799527683305156 0.006331987336038705401 2.375847397825105822e-07 0.005309776859566173006 -0.006331987336610744345 0.9999799527652555309 2.489719052647314157e-06 0.02278846661220091177 -2.218151073540053458e-07 -2.491173524236330726e-06 0.9999999999968721687 0.4950096825547252721
0.9999830781040790484 0.005817517068621617417 1.697093527933683089e-06 0.03557698779003046902 -0.005817517079018525578 0.9999830780863182556 6.18709451429300291e-06 0.03213197310253375349 -1.66107128192168998e-06 -6.196862687506954913e-06 0.9999999999794196848 0.495016651685565634
0.9999895706901570369 0.004567111711903217366 1.93883357816394324e-06 0.02847353609063944802 -0.004567111696835319049 0.9999895706624124525 -7.70618301848755389e-06 0.01479573238001814263 -1.974008356131934167e-06 7.697247778804074044e-06 0.9999999999684275886 0.4949795869665725156
0.9999858294728476427 0.005323612932333224648 1.039289263233850826e-06 0.01630178421616423207 -0.005323612926153184662 0.9999858294562432581 -5.861251020271329951e-06 0.008449207284941225374 -1.070477567671134912e-06 5.855635189498820199e-06 0.9999999999822826169 0.4949907194193761684
0.9999957477882696066 0.002916231615872295901 8.803087075677328268e-07 0.02136127418310737255 -0.002916231619050674469 0.9999957477820551333 3.631123710548857958e-06 0.01330519178732959135 -8.697157665373619655e-07 -3.633675454329566693e-06 0.9999999999930198058 0.4950130697096444266
0.9999568265085381213 0.00929220751442638368 -8.453513411694151425e-07 -0.01344563434569871936 -0.009292207513124314117 0.999956826507734986 1.531351376921989725e-06 0.01059942837023959694 8.595444791717450102e-07 -1.52343008305271728e-06 0.9999999999984700016 0.4950014321900881864
0.9999858045111876814 0.005328299707738060748 7.548963112102077714e-07 0.01758704145926296564 -0.005328299709678727993 0.9999858045081015945 2.592547802220919459e-06 0.01381183297065153096 -7.410717233887683312e-07 -2.596533313533485145e-06 0.9999999999963541386 0.495007186277604927
0.9999773740294785052 0.006726918178536895471 1.777752779106306516e-06 0.03935835361720407821 -0.006726918193176747301 0.9999773739960018393 8.361532224558795588e-06 0.02637699034259156222 -1.721465212541949856e-06 -8.373301834290128721e-06 0.9999999999634620051 0.4950205699785442115
0.9999856115297384163 0.00536439451665286695 2.682807476580408127e-06 0.02917557484964401412 -0.005364394508762563955 0.9999856115290586267 -2.939652146415005319e-06 0.01781616188886773339 -2.69853832893809724e-06 2.925218211622072491e-06 0.9999999999920802241 0.4949934830045044087
0.9999695314492673681 0.007806162288404620668 2.385849339659043332e-06 0.03942543169903896944 -0.007806162286865704972 0.9999695314519120304 -6.536420354460849175e-07 0.01907455977124626958 -2.390879082100828245e-06 6.349977927835335269e-07 0.9999999999969400033 0.4950035540574752035
0.9999495365888105836 0.01004610722502299186 2.771064447091292706e-06 0.0224595631253393449 -0.01004610719056653681 0.999949536518816684 -1.217998645640930946e-05 0.001310066734645956837 -2.893286059472856395e-06 1.21515334022770995e-05 0.999999999921984295 0.4949797408157512457
0.9999426019552857259 0.01071413993040787327 1.63618086209407056e-06 0.02572463183557228625 -0.01071413991842699517 0.9999426019310926339 -7.163609554896229512e-06 -0.003761124285021356581 -1.712838863650177814e-06 7.145668107026352541e-06 0.9999999999730025957 0.4949932116145086547
0.9999573851305660899 0.00923189673954474474 -2.768320683537918006e-06 -0.01016141404288371797 -0.009231896701547734688 0.9999573850444565259 1.343789929649286105e-05 0.006812888479205710286 2.892260010376874838e-06 -1.341176979158165527e-05 0.9999999999058793998 0.4950135393837902242
0.9999771984273110315 0.006752971737181927454 6.446578176439126722e-07 0.009263512047600567373 -0.006752971737700889064 0.9999771984271902392 8.062986131082818977e-07 -0.004680928399497717024 -6.391982066857057916e-07 -8.106335842548768504e-07 0.9999999999994669819 0.4949998970443028057
0.9999850292678515995 0.005471858366793930749 2.901798924105134383e-06 0.02245325659117610242 -0.005471858409238815162 0.9999850291619131193 1.482664777555613117e-05 0.01389217536170119817 -2.820626165061132999e-06 -1.484230404262840635e-05 0.9999999998858748462 0.4950148159306522189
0.9999879600887725539 0.004907102591829109149 4.886852690716776087e-06 0.04446403955856605833 -0.004907102614940705987 0.9999879600894198139 4.728639643058823736e-06 0.01027796932908600115 -4.863589933599033683e-06 -4.752562998274790892e-06 0.9999999999768790504 0.4950036074797454777
0.9999802606099640334 0.006283183322226661496 1.790474859481870256e-08 -0.000899253726152313658 -0.006283183321713073193 0.9999802605574371617 -1.024980617017186451e-05 -0.01061485501656943796 -8.230580634977610828e-08 1.024949134643232607e-05 0.9999999999474703527 0.4949767432273440293
0.9999801714327259949 0.006297360001949862257 7.838034122941660787e-07 0.01624643154278570742 -0.006297359999499763973 0.9999801714282743337 -3.090053654780815808e-06 -0.004937265836975047138 -8.032470508814321088e-07 3.085056491188002928e-06 0.9999999999949183982 0.4949963545015199085
0.9999781919909613848 0.006604203387949213883 6.506234978149310838e-06 0.0544835693451240291 -0.006604203364473788286 0.9999781920057190243 -3.623040912460733456e-06 -0.003722192163993224417 -6.530020389282669617e-06 3.579993402219384521e-06 0.9999999999722710697 0.4949966139600495696
0.9999815526149459233 0.006074078485077615344 1.609912297150748216e-06 0.02508654263349528735 -0.006074078486278289453 0.9999815526159594459 7.419767777722175834e-07 -0.001106836324853219993 -1.605375773297974344e-06 -7.517418238899506531e-07 0.9999999999984285903 0.4950012080801804437
0.9999896400793586437 0.004551893621629605861 -8.028922541602815387e-07 0.01037317099055209448 -0.004551893617806006438 0.9999896400686463238 4.701473072934818117e-06 0.001251817778543428848 8.242845415445065819e-07 -4.697769685919404482e-06 0.9999999999886255431 0.4950096647026091534
0.9999835775714182029 0.005731019952772425582 -3.416481008055274811e-08 0.002399481432515740854 -0.005731019952845105292 0.9999835775675741667 -2.772757396110257417e-06 -0.004370338104379541122 1.827352104984743058e-08 2.772907659908202805e-06 0.9999999999961550756 0.4949950718629155255
0.9999843889351722748 0.005587654551342954856 2.190343280468636964e-06 0.01296694140992607318 -0.005587654541507554133 0.9999843889276307518 -4.471027726239181819e-06 -0.00619788306318590828 -2.215291645284767254e-06 4.458719047156982663e-06 0.9999999999876059142 0.4949880011777125777
0.9999816516188375637 0.006057756431553839617 3.861396203513404336e-06 0.02916859275181255678 -0.006057756420516353588 0.99998165162225916 -2.863728177791593197e-06 -0.003256943464762354894 -3.878673120944638808e-06 2.840284235371255206e-06 0.9999999999884441326 0.4949927466736441239
0.9999794360286655692 0.006413074302450837323 -1.258151766673040919e-07 0.009475376408221708804 -0.00641307429974410665 0.9999794359095056651 1.543909177993864893e-05 0.01464973493313621519 2.248246321414241066e-07 -1.543796742882183059e-05 0.9999999998808091206 0.4950104044784765511
0.9999807641212866693 0.006202529780073467655 3.737324252729965453e-06 0.03788950910622211621 -0.006202529811036030898 0.9999807640933763286 8.330854467011259015e-06 0.01762756348634554604 -3.685579988984640393e-06 -8.35387508079616861e-06 0.9999999999583144561 0.4950068088363681618
0.9999753599871739063 0.007019929474289018922 -3.30612403988465524e-06 -0.0229378651607854353 -0.007019929453829110849 0.9999753599738099297 6.159952968665589132e-06 0.01955290553487723862 3.349285012305453323e-06 -6.136592429820514249e-06 0.9999999999755619928 0.4950030209741795306
0.999965978588041593 0.00824873485130426555 -6.484296292154866003e-06 -0.05764114401149056377 -0.008248734788559110992 0.9999659785630742315 9.644384821883761393e-06 0.02567610697959196026 6.563629660276325602e-06 -9.590569465890839594e-06 0.9999999999324696853 0.4950046990480847509
0.9999422838595120044 0.01074378662996097571 9.516311078121996678e-07 -0.004957226259760176383 -0.01074378662351055044 0.9999422838386329282 -6.542149321503438359e-06 0.01473194345575710301 -1.021863639729375874e-06 6.531547612327449787e-06 0.9999999999781471471 0.4949807867216159951
0.9999358191881309033 0.01132949701301711777 2.055769579955274599e-06 0.0149571643992698726 -0.01132949700138620279 0.9999358191747855784 -5.583773437687546706e-06 0.01209227837683813506 -2.118898983450796405e-06 5.560124231283391651e-06 0.9999999999822973829 0.4949830796669619226
0.9999311898982043978 0.01173096158806751811 3.348572490644359516e-06 0.0429049459505972744 -0.01173096156596667265 0.9999311898826496181 -6.545126848381700369e-06 0.01090395657379025253 -3.425122706625844722e-06 6.505394502348331467e-06 0.9999999999729739519 0.4949819409037798934
0.999929107621346791 0.01190712910767444295 3.197360593415558353e-06 0.0657702805523132511 -0.01190712908804699224 0.9999291076081526786 -6.089063755433878003e-06 0.009169699827755639979 -3.269637193156207834e-06 6.050560701893704243e-06 0.9999999999763499181 0.494987662345325985
0.9999483602080566635 0.01016252522436263475 -7.180131661686447415e-07 0.02198748138221890552 -0.01016252522526804418 0.9999483602075001087 -1.268832343846226297e-06 0.005157268638588740489 7.050815474179473492e-07 1.276063648521220458e-06 0.9999999999989370725 0.4949984160183522053
0.9999674509488457597 0.008068273868526721834 -1.372160062781698053e-06 0.005481080008271736748 -0.008068273866766782418 0.9999674509489778762 1.283324968608817638e-06 0.002968848503002979606 1.382469617582950631e-06 -1.272212234423104166e-06 0.9999999999982348564 0.4950057297534217193
0.9999786401763999244 0.006535992012735553948 1.264934226420471617e-06 0.008796484478457442316 -0.006535992006661686844 0.999978640165969157 -4.74770923766067112e-06 -0.007342260531361082497 -1.29593819729196963e-06 4.739340227435878928e-06 0.9999999999879293222 0.4949863363291976959
0.9999822474453358145 0.005958587824175928457 5.248754696339525984e-06 0.03040083722516371059 -0.005958587850945853276 0.9999822474459487687 5.099460855792179129e-06 0.00147557185963619465 -5.218275932172888761e-06 -5.13064549330078671e-06 0.9999999999732228639 0.4950032097888916738
0.9999811777551117498 0.006135481865919316206 -7.283888162282978448e-08 -0.008559009789367886395 -0.006135481865786997571 0.9999811777536777857 1.695473414999154159e-06 -0.002898723284985454257 8.324005702345696734e-08 -1.69499460074600878e-06 0.9999999999985598187 0.4950006449638217898
0.9999840490044192842 0.005648161881036011141 2.515017610787352478e-06 0.01774805099619241114 -0.00564816187455648936 0.9999840490043006014 -2.576016520995861067e-06 -0.005697851571954144941 -2.52952725207111419e-06 2.56177020438458567e-06 0.9999999999935191841 0.4949919158126019902
0.9999843594700703608 0.005592925653065947134 -3.237423648692663031e-07 -0.003461100319956614962 -0.005592925650252890922 0.999984359437166459 8.120533632517169131e-06 0.00606090395871921022 3.691548422259487734e-07 -8.118595956091315889e-06 0.999999999966975861 0.4950055358600433664
0.9999866030529178662 0.005176263434457596159 3.711541955320493761e-06 0.03357771311362005989 -0.005176263450021689576 0.9999866030509212411 4.196164564862933815e-06 0.008922185363889396925 -3.689771778779999742e-06 -4.215320268034727023e-06 0.9999999999843081078 0.4950004986903623894
0.9999825182927347678 0.005912960735788163995 -2.547549755447614061e-06 -0.01300290135728642861 -0.005912960723674642871 0.9999825182848338656 4.736539242965674454e-06 0.01200879070522108648 2.575512190475929299e-06 -4.721392878527427953e-06 0.9999999999855373467 0.4950023388517477696
0.9999589857191580888 0.00905686926275385204 -9.500816545531149093e-07 0.0002674126471137775146 -0.009056869269026331104 0.9999589856962973755 -6.819718858769935708e-06 0.005182018702235446916 8.882773855031731998e-07 6.828043918245562435e-06 0.9999999999762941849 0.494990818569784774
0.9999614527939097997 0.008780257879681896416 -3.035681780502796303e-07 0.00239187249265345207 -0.008780257880615097849 0.9999614527887529247 -3.22321701295664811e-06 0.002053460089078634233 2.752557997678267362e-07 3.225758173833792437e-06 0.9999999999947591922 0.4949946253082112002
0.9999767824302950858 0.006814293975676575035 -4.473382811790330581e-07 -0.0034604613337721646 -0.006814293973825157578 0.9999767824223378954 4.017385533717051293e-06 0.004243600843553150224 4.747035411087736048e-07 -4.014243965234614324e-06 0.9999999999918299798 0.4950125898464166063
0.9999521474796215781 0.009782778306097328694 -1.318922860027781734e-06 -0.01341202232889099864 -0.009782778306313145641 0.9999521474804768939 -1.572962196875751913e-07 0.003718438393360127582 1.317320952200283116e-06 1.701914226097899646e-07 0.9999999999991175947 0.4949994312482711156
0.9999566852400835204 0.009307396914149237976 2.929112526303495246e-06 0.03042808238702935167 -0.009307396901445925616 0.9999566852351555735 -4.321060701377843263e-06 -0.0003659265287331669829 -2.969203479520955232e-06 4.293611122819756969e-06 0.9999999999863741218 0.4949870530073249286
0.9999402432911288496 0.01093205592247261174 1.555236477235584877e-06 0.03043623082648417438 -0.01093205591467216221 0.9999402432802275698 -4.938662652418368504e-06 -0.001755901486216086306 -1.609133277703553281e-06 4.921365602062405533e-06 0.9999999999865951672 0.4949947442198558978
0.9999393980842220531 0.01100909402867272791 -3.140720301679747443e-06 -0.0140540353544367589 -0.01100909402714817485 0.9999393980890450839 5.022844667825622216e-07 0.0001277250038865771235 3.14605966495164961e-06 -4.676775422673983954e-07 0.9999999999949416019 0.4949968067307753961
0.99994509295356937 0.01047907786351598251 -2.727707945406227335e-06 -0.02425714520424071194 -0.01047907786911150309 0.9999450929551395584 -2.045226376424063115e-06 -0.004907047208652697869 2.706126088576625722e-06 2.073697943048574795e-06 0.9999999999941880935 0.4949917224653545
0.9999407033849477822 0.01088989034724791201 2.115040971224090766e-06 0.007550503768715193138 -0.01088989035111729425 0.9999407033854739169 1.826652054271553629e-06 0.003374400176959816647 -2.095023515881268875e-06 -1.849576304252668508e-06 0.9999999999960947905 0.4949958369733860608
0.9999499049575126808 0.01000937446526377686 7.128776508675745685e-07 0.005588744157315756432 -0.01000937446610475519 0.9999499049570549358 1.186094420021396947e-06 0.002550228455650168074 -7.009698760299142752e-07 -1.193170461927066087e-06 0.9999999999990423216 0.4949988467814265269
0.9999694616768589617 0.007815095386796370308 -1.43875914542972673e-07 0.005401899791131400778 -0.007815095386090981436 0.9999694616672742953 4.381833525774089519e-06 0.004008872557640773965 1.781159677855083032e-07 -4.380575307930011191e-06 0.9999999999903892434 0.4950067328677059675
0.9999541588719230711 0.009574975405737661677 -1.719555810129255978e-06 -0.002327384889907882243 -0.009574975402102779351 0.999954158871210641 2.109773236812366441e-06 0.007660463076551437232 1.739678010604074998e-06 -2.093211817842666613e-06 0.9999999999962957409 0.4950014989956931788
0.9999524468401053134 0.009752130175305991425 4.21459432951708855e-06 0.04879088877727886381 -0.009752130172960964474 0.9999524468488437678 -5.765945241264552987e-07 0.01192873859076534239 -4.22001693713351798e-06 5.354658327072421614e-07 0.9999999999909521264 0.4950003756361364693
0.999958564429336616 0.009103264527353450639 1.264077553066288896e-06 0.02137883350835230456 -0.009103264523638842157 0.9999585644259239015 -2.913876775301992542e-06 0.008403207205747033337 -1.290550966372789982e-06 2.902248804811052193e-06 0.9999999999949554796 0.4949945547797885981
0.9999651687386801324 0.008346335167574027436 9.622303199604064545e-07 0.02333241095955062086 -0.008346335158621995612 0.9999651686990793653 -8.959578688304911884e-06 0.0013068498845403018 -1.036976450920144277e-06 8.951235518128043683e-06 0.9999999999593998101 0.4949764573940970136
0.9999673112531994867 0.008085568980472357392 1.241582613065728731e-06 0.02402470281304405764 -0.008085568969918925999 0.9999673112197593472 -8.281915436661215884e-06 -0.003043608197349436436 -1.308506025798504725e-06 8.27160580937462566e-06 0.9999999999649339388 0.4949821563967419791
0.9999659192379483086 0.008255928309751523961 3.54711442083538804e-06 0.03722657704134516715 -0.008255928305491490662 0.9999659192435377264 -1.213948114787514671e-06 0.001818615800457538349 -3.557015801100016835e-06 1.18462202016116718e-06 0.9999999999929719552 0.4949985191829522901
0.9999602924337461785 0.008911428446251335247 1.047138812347435839e-06 0.01579012014823082816 -0.008911428462263630904 0.9999602922990569187 1.64371289305890329e-05 0.01471425648966648118 -9.006189345448746674e-07 -1.644580775481935711e-05 0.9999999998643619437 0.4950139897330403382
0.9999586897307942701 0.009089490280045839365 7.447706557618382791e-07 0.01478808852669409937 -0.009089490272718745573 0.9999586896877743492 -9.312585391504218856e-06 -0.008038605348634588962 -8.293865434519895362e-07 9.305431100463715425e-06 0.9999999999563603525 0.4949718777255707747
0.9999622335520343963 0.008690884185145089647 -1.984817399519923801e-06 -0.01510335027859622918 -0.008690884189596776929 0.9999622335514445348 -2.245378541315327187e-06 -0.006393506700881125895 1.965228115161166938e-06 2.262543559500351337e-06 0.9999999999955091479 0.4949914638687896162
0.9999715858651062605 0.007538399342478065319 -1.024640608592311377e-07 -0.000347227188884551962 -0.007538399342316207813 0.9999715858639914856 1.497390395940122338e-06 -0.004143515329043792605 1.137490762067213879e-07 -1.496575433878502473e-06 0.9999999999988734567 0.4950020464548232635
0.9999856854689093133 0.005350594187205254086 1.162710266182011577e-06 0.008007948817631909202 -0.005350594195921650614 0.9999856854404488571 7.627501417664313309e-06 0.002855565729161943945 -1.121881957748727034e-06 -7.633613424359853955e-06 0.9999999999702344766 0.4950122717252913307
0.9999693851342894568 0.007824883105621453783 8.758642275566153035e-07 0.005939659850181380069 -0.007824883106246486794 0.9999693851344142459 7.125070225953717452e-07 0.001024284323725324413 -8.702621289272285465e-07 -7.193387444861859842e-07 0.9999999999993623989 0.4949982007510034809
0.9999751898751537693 0.007044120543407129259 1.467300174299103969e-06 0.01819508701223393823 -0.007044120544542249902 0.9999751898759258184 7.699006511144038278e-07 0.005364066555238683823 -1.461840497406625335e-06 -7.802173890863018966e-07 0.9999999999986268762 0.4949981474277629356
0.9999735622787843115 0.007271500895038217338 4.521523009869603584e-06 0.04488747050452709247 -0.007271500881773222333 0.9999735622847715222 -2.943291032495998696e-06 0.009206996230461958822 -4.542805614508075962e-06 2.910334960036480102e-06 0.9999999999854461974 0.4949945527707717008
0.9999782767218217128 0.006591364415739383621 1.351784129775488569e-06 0.02342250967606873333 -0.006591364405931084483 0.9999782766973364101 -7.136252987100301833e-06 -0.0002441719501611094097 -1.398792408561392097e-06 7.127187862493851062e-06 0.9999999999736230993 0.4949844084050936677
0.9999882426246315958 0.004849186990020763408 -5.188505994631854283e-07 0.008748679996051670488 -0.004849186990499630354 0.9999882426243354994 -9.257359680925562579e-07 0.002962902497106813943 5.143554323290843779e-07 9.282410874442290015e-07 0.9999999999994366728 0.4950027079049156287
0.9999957621287783871 0.002911310125520496627 2.634412638482611028e-07 0.009244628904830902438 -0.002911310126035651386 0.9999957621268577013 1.976784776235238106e-06 0.002633795831463193841 -2.576851138825312847e-07 -1.977543358094987191e-06 0.9999999999980112575 0.4950089679265243792
0.9999979950728377087 0.002002456902167615467 4.346529963722067817e-06 0.03775808638272425133 -0.002002456959451817588 0.999997994994848094 1.321520400022611314e-05 0.01615993972960595715 -4.320058372443467193e-06 -1.322388124387992532e-05 0.9999999999032328502 0.4950229021306804533
0.9999962415368123247 0.002741697090483139615 3.397925174800169742e-06 0.0320483284295296697 -0.002741697101684134174 0.999996241537122188 3.296165476026846717e-06 0.01599390798212382142 -3.388875316529161915e-06 -3.30546916911373897e-06 0.999999999988794519 0.4950065760217499111
0.9999945541092170043 0.003300265603568597154 1.0424901074519721e-06 0.02711812415576887736 -0.003300265617722898583 0.9999945540133754474 1.388075456499737629e-05 0.03549497056707293097 -9.966742532220770167e-07 -1.388411946618249226e-05 0.9999999999031187192 0.4950089235436531676
0.999983578079988833 0.005730931192166203829 4.959949072977417645e-07 0.007898902111927202929 -0.005730931187757121355 0.9999835780442165589 -8.475853059082551517e-06 0.01510015346856307186 -5.445612927676053199e-07 8.472871356618403167e-06 0.9999999999639567205 0.4949729106498450548
0.9999844039444710786 0.005584967969715783076 1.682407109383322044e-06 0.01468776654975405098 -0.00558496794642773537 0.9999844038543141966 -1.354258384218639573e-05 0.004715077750502410028 -1.758015767302299983e-06 1.353297644151810067e-05 0.9999999999068837075 0.4949605095025807477
0.9999851758784372713 0.005444999707351435084 1.946890155500057248e-06 0.01739699641061647969 -0.00544499968618013773 0.9999851758229963972 -1.071919034861903194e-05 -0.002281234022758782311 -2.005227282767322016e-06 1.070843062975247853e-05 0.9999999999406540274 0.4949724562457237242
0.9999918788962435245 0.004030154302311821611 -3.045187413108524778e-07 0.006760649347824928233 -0.004030154301652086324 0.9999918788940095338 2.136833023706911739e-06 0.002537848999687629219 3.131280350856543186e-07 -2.135588412748994215e-06 0.999999999997670419 0.4950044686094620117
0.9999855490352385079 0.005376031872446349405 -2.057065686019008271e-06 -0.01190431649634028817 -0.005376031857466115338 0.9999855490113714884 7.219840325833179251e-06 0.003097414494670906824 2.095850051091941922e-06 -7.208677141514076253e-06 0.9999999999718209853 0.4950160177322631694
0.9999803247937661954 0.006272959427123024276 -2.758995308252318511e-06 -0.01870195383668429162 -0.006272959393553061494 0.9999803247256338068 1.201230350185674847e-05 0.00802612161549319178 2.834293716755547232e-06 -1.199476009177246704e-05 0.9999999999240459791 0.4950339188760550235
0.9999671979723034898 0.008099566755855765882 -1.412845729522426914e-07 -0.009849983772589108663 -0.008099566750389851702 0.9999671977026279857 2.322588647659700863e-05 0.01605794822107527858 3.29399556476223154e-07 -2.322398027659609005e-05 0.9999999997302688737 0.4950344341702430651
0.9999361867124063608 0.01129701289614061001 2.215547367713099874e-06 0.01112400315694849449 -0.01129701290774641834 0.9999361867006958393 5.297735399718876322e-06 0.009542969188772664271 -2.1555574011949439e-06 -5.32242640101695465e-06 0.9999999999835124109 0.4950008741995866046
0.9999315477079228076 0.01170042261432469727 -3.364047934296590625e-06 -0.02959316407060526982 -0.01170042257318990031 0.9999315476420828075 1.199792774249328741e-05 0.02114508098585019327 3.504198482366844514e-06 -1.195774567445134507e-05 0.9999999999223662117 0.4950088867493462885
0.9999369528796218098 0.01122899228537321999 -5.519546115616738603e-07 0.002937460197855836126 -0.01122899228957611496 0.9999369528451519384 -8.315380439714329058e-06 0.0006512685100726799342 4.585464695863445182e-07 8.321054073000177446e-06 0.9999999999652746663 0.4949652200448222961
0.9999441625973204406 0.01056748193270195223 -3.921491352032664587e-06 -0.02583536565598553228 -0.01056748190827494494 0.9999441625860575611 6.198305610047025824e-06 0.01371293784082022217 3.986772868644154089e-06 -6.156519223844785989e-06 0.9999999999731011835 0.4950010743435597216
0.9999200390315612363 0.01264577142172426498 -3.240810920660604565e-06 -0.02151840239325897297 -0.01264577142628428574 0.9999200390357887436 -1.390460013764434284e-06 0.01059647220046873103 3.222968342789421189e-06 1.431331385373705418e-06 0.9999999999937816408 0.4949949535016572311
0.9999248407907541658 0.01226021068936717848 -2.381142935432545797e-06 -0.03193782547146986617 -0.01226021068950066024 0.9999248407935867888 -4.147845928170923513e-08 0.01007928510376548091 2.38045543596929848e-06 7.066865586373575033e-08 0.9999999999971640463 0.4949933508088370515
0.9999380915752585919 0.01112712973498190989 -1.709662452851152358e-06 -0.02518329639696560013 -0.01112712973807226252 0.99993809157504987 -1.808840777822861329e-06 0.003347991453480576255 1.689429404336714459e-06 1.827752431260907981e-06 0.9999999999969023667 0.4949905858951964555
0.9999505707911644503 0.009942634266832742207 7.022738413027112696e-07 0.007373034737642677507 -0.009942634266258401285 0.999950570791083293 -8.166103166779517106e-07 -0.0003912511855648674662 -7.103583861795280355e-07 8.095875003172524011e-07 0.9999999999994197974 0.4949924332895413448
0.9999731364874467898 0.007329823030656282268 1.728301180920492121e-07 0.01125940881285146002 -0.007329823031464796981 0.9999731364735916506 5.265696001729675303e-06 0.001963478310213016137 -1.342288554447591142e-07 -5.266821360819025484e-06 0.999999999986121102 0.4950028552653085168
0.9999906625974033236 0.004321425663153659856 -6.904608003292449825e-07 0.0093573461370091357 -0.004321425659788991069 0.9999906625861244569 4.802408615283189775e-06 0.001587225487938310033 7.112076050460228153e-07 -4.79937999824089429e-06 0.9999999999882298596 0.4950041077304891957
0.9999876150600723879 0.004976918912311376932 -2.615578118027144893e-06 -0.01378815358574301403 -0.004976918886173049318 0.9999876150145524667 9.906579762260729667e-06 0.01550564761395363013 2.664849968305618679e-06 -9.89343954973154107e-06 0.9999999999475089885 0.4950219856156181653
0.999991549536777935 0.004111064664302713743 -2.142958545115834226e-06 -0.01952035436780144573 -0.004111064655841193197 0.9999915495313546066 3.938074957277558443e-06 0.01234786676704030008 2.159130116914167279e-06 -3.929231837586160967e-06 0.999999999989949373 0.4950046704245113505
0.9999923278519283754 0.003917172215096006126 -1.162473281635605103e-06 -0.01734758773618539848 -0.003917172217226467731 0.9999923278509098568 -1.836133143463787104e-06 0.004861151878406775456 1.155271913234513617e-06 1.840672664420502896e-06 0.9999999999976384446 0.4949982842819488638
0.999995250261838331 0.003082117058264254635 3.230337568606321138e-06 0.01665353531225909761 -0.003082117013233815622 0.9999952501712368047 -1.385333819845713676e-05 -0.00940946452388036203 -3.273019835031466744e-06 1.384331612034932498e-05 0.9999999998988247096 0.4949644852549402452
0.9999891055496711312 0.004667844579781036535 3.34369796020145712e-06 0.03358914522295124161 -0.004667844565671717787 0.9999891055464434908 -4.215116522060443527e-06 -0.002228444018243153513 -3.363337041250089925e-06 4.199462738329993367e-06 0.9999999999855260224 0.494992398439021819
0.9999848780184638075 0.005499430119905190407 -2.233119444738653463e-06 -0.008628013995524699484 -0.005499430112454020518 0.9999848780154563244 3.329197725193294969e-06 0.001301916018854056955 2.251394365785960122e-06 -3.316866496807672566e-06 0.9999999999919645388 0.4950030792241795208
0.9999860779729058402 0.005276728058768159237 1.895237485017031508e-06 0.02409678038018575608 -0.005276728087384731022 0.9999860778555733631 1.542567983914533539e-05 0.01760252568290286007 -1.813813981614502606e-06 -1.543546573528209391e-05 0.999999999879228052 0.4950183821049974342
0.9999720279181241178 0.007479530970355216177 -1.02434019986002988e-07 -0.004205003523149628344 -0.007479530970948430023 0.9999720278835447784 -8.31614682015311126e-06 -0.00221454364164165628 4.023027698703086269e-08 8.316680358638367689e-06 0.9999999999654153315 0.494972193369629665
0.9999692419980558133 0.007843153638827494653 -1.031512160406619917e-06 -0.01300836200171259956 -0.007843153645341660596 0.9999692419776023966 -6.470507438978256363e-06 -0.003341339436229396383 9.807312491682924755e-07 6.478398727458842648e-06 0.9999999999785340599 0.4949847676259868656
0.9999771837270177155 0.006755148229826431205 8.849316921506340038e-08 0.007017659828207592661 -0.00675514823001017832 0.9999771837244354478 2.273718337824705433e-06 0.001756307129092975596 -7.3131845725769212e-08 -2.274264244521812398e-06 0.9999999999974109599 0.4950069389163747613
0.9999589150816586836 0.009064664922140681577 -8.910414375160003896e-07 0.01805427842193943477 -0.009064664920573260037 0.9999589150805426874 1.74763953184593153e-06 0.000819885351805291619 9.068465959111263229e-07 -1.739490738157073893e-06 0.9999999999980756504 0.4950001910154059326
0.9999547507173127681 0.009512965873344539011 6.339806065935730991e-07 0.1057415019613363177 -0.009512965875612027292 0.9999547507107386934 3.675105864893508232e-06 0.002177850956570452461 -5.98990762747948466e-07 -3.68097060486566564e-06 0.999999999993045563 0.494997614040853573
0.9998883753116860618 0.01494111504356209277 2.103744976145358015e-07 0.2342554484198614562 -0.01494111503662725639 0.9998883751219523885 -1.948528785024263195e-05 -0.01798959897258767607 -5.014829420144564629e-07 1.94799695814900106e-05 0.9999999998101394283 0.4949929898354130664
0.9997418916993623395 0.02271893436216484291 2.249589466928587964e-06 0.4603789825930700297 -0.02271893429285947244 0.9997418913354851888 -2.712519706018650634e-05 -0.039254293547486864 -2.865264399966656491e-06 2.70670875463837948e-05 0.9999999996295813043 0.494994077918629094
0.9994788588553412678 0.03228019043950423189 2.940497323837232541e-06 0.7507606252627102572 -0.03228019039598799267 0.9994788587657034151 -1.380718905031964271e-05 -0.05236753950416375009 -3.384663601410985853e-06 1.370507374254108731e-05 0.9999999999003572615 0.4950092163859851069
0.9990024357595365112 0.04465572021593384316 8.613964673316524876e-07 1.105725477372012433 -0.04465572020828355998 0.9990024357323671333 -7.463889291514586945e-06 -0.0810681085851192168 -1.193842520920166815e-06 7.417977302829027564e-06 0.9999999999717739119 0.4950115688029596006
0.9981526566688649904 0.06075585557834419642 2.50659041207878043e-07 1.525555397646853661 -0.06075585557665171693 0.9981526566592556771 -4.410414684586458993e-06 -0.1166926652558321481 -5.181545055146457848e-07 4.387038129924741679e-06 0.9999999999902424719 0.4950160663396712124
0.9969231424042173106 0.07838525461455063403 3.813255589701393601e-07 2.009680898293696671 -0.07838525461004935968 0.9969231423806308445 -6.919448597482292279e-06 -0.166593361790761868 -9.22535014624501318e-07 6.868268138477309201e-06 0.9999999999759876523 0.4950158806701197567
0.995215218147381675 0.09770705997829927381 6.992993297644519164e-07 2.560662415960532012 -0.09770705997228849859 0.9952152181296581857 -6.077926597393212699e-06 -0.2298789314340226597 -1.289809673604652946e-06 5.980518562956584752e-06 0.9999999999812846374 0.4950165437065195961
0.9934273406590100608 0.1144644872097413391 1.100271998253616421e-06 3.155779343550710436 -0.1144644872011874037 0.9934273406424704023 -6.002575106265973469e-06 -0.3073019474806095719 -1.7801219666851592e-06 5.837180154861857292e-06 0.9999999999813790064 0.4950148116101931173
0.9917305272226908386 0.128337684943938185 -2.578591600170953263e-07 3.781636523355962787 -0.1283376849360829963 0.9917305271353926699 -1.323765433196292987e-05 -0.4044053317279665549 -1.443163110361781343e-06 1.31612789574654932e-05 0.9999999999123487804 0.4950073207222406846
0.9899929071306849959 0.1411171280609567202 -9.975514809258222092e-07 4.482908181072879472 -0.1411171280399428907 0.9899929068019642786 -2.564738201346528806e-05 -0.5290394014871208084 -2.631716001736089905e-06 2.553149787986199227e-05 0.9999999996706081529 0.4950061671898359772
