0.9999727208254474142 0.007386311999347235611 0 -0 -0.007386311999347235611 0.9999727208254474142 -0 0 -0 0 1 0.4949999999999998845
0.9999819800834935934 0.006003262065467462709 1.8844139084709676e-05 0.05671612634368477374 -0.006003262028148528308 0.9999819802591981555 -2.036338321118869089e-06 0.002144961570389420508 -1.885602419080338306e-05 1.923175321851771475e-06 0.9999999998203756846 0.495013113883900957
0.9999804907297976664 0.006246443976575961551 9.983639949230454347e-06 0.3334517268053554528 -0.006246443885434132225 0.9999804907384852726 -9.134373420517671689e-06 -0.001835266545510406055 -1.004050252762000631e-05 9.071832968843458744e-06 0.9999999999084449032 0.494961847685086942
0.9999554416252565137 0.00944005698110461991 9.511276777658791555e-06 0.6870370470338293956 -0.009440056783232727428 0.9999554414593783136 -2.063835994110046224e-05 -0.01622813261909680435 -9.705680262886090342e-06 2.054765333646225037e-05 0.9999999997417966524 0.4949238022635206735
0.9999723666830664381 0.007434100401147226457 4.870820882591868678e-06 1.072010164871187499 -0.007434100334322456781 0.9999723666029870506 -1.359680054477332272e-05 -0.02736169922252281589 -4.971766265674496896e-06 1.356021464891349028e-05 0.9999999998957008751 0.4949273355941781749
0.9999999508270503989 0.0003135482624676406396 5.96796532888796908e-06 1.577551787433305597 -0.000313548226071657353 0.999999950826274131 -6.098513509841083299e-06 -0.0356199626096780908 -5.969877213735619779e-06 6.096641965016965936e-06 0.999999999963595565 0.4949517630826819059
0.9999996621232529748 0.0008219900948282869149 9.375305371467554508e-06 2.236155226969780863 -0.0008219900505812762371 0.9999996621560870436 -4.7224022624892486e-06 -0.04294057046375369252 -9.379183971961216701e-06 4.714694259162921253e-06 0.9999999999449010746 0.4949549861378181315
0.9999762152643484336 -0.006897017636000079069 7.453221867609936436e-06 2.981790517266018181 0.006897017659969220844 0.9999762152868548748 -3.195037658849313507e-06 -0.04284244389598161618 -7.431008363785042455e-06 3.24636666856777694e-06 0.9999999999671204121 0.4949546784883687711
0.9998603312203059312 -0.01671280909622462063 8.146519086116566814e-06 3.75126018698930519 0.01671280925332840894 0.9998603310584849302 -1.961405889906930598e-05 -0.07601232788744392843 -7.817575248436495891e-06 1.974747064696290606e-05 0.9999999997744611901 0.4948897409523976831
0.99978507949029638 -0.02073149299620982711 5.381679058694668366e-06 4.652885433275807614 0.02073149300915248447 0.999785079501726015 -2.360397202882642743e-06 -0.05727225442806937322 -5.331587867469995763e-06 2.471460146895513755e-06 0.9999999999827328123 0.4949545274551797047
0.9996228239994094933 -0.0274628792240639609 2.53035274990853089e-06 5.592305738905048784 0.02746287916788740097 0.9996228238028829205 2.005973866097502601e-05 -0.01289981741120876414 -3.080296541193575848e-06 -1.998268183715112443e-05 0.9999999997956018349 0.4949820475886889115
0.9993856499243860547 -0.03504743484478184401 6.184316013075104487e-06 6.602236400415877782 0.03504743486100164035 0.9993856499397391069 -2.534108994674793273e-06 -0.005196897584977291235 -6.091702658279361373e-06 2.749296577250399727e-06 0.9999999999776660875 0.4949272978534992595
0.9993343694383234332 -0.03648037844589872847 7.070018313742565737e-06 7.694432382616411381 0.03648037849885582551 0.9993343694331655591 -7.512000260738546579e-06 0.03515477304738134912 -6.791271681047434448e-06 7.764916987864844223e-06 0.9999999999467921175 0.4949291445152594893
0.9991162993563758032 -0.04203118246181317824 7.969655559089298819e-06 8.847740186195446555 0.04203118257420637022 0.9991162992781779106 -1.450258364922180335e-05 0.06138415016290531268 -7.353052029190931712e-06 1.482474175457438424e-05 0.9999999998630796361 0.4949034363729130082
0.9988863411564837813 -0.04718132492801919292 5.593024257290785426e-06 9.966326934911986513 0.04718132500194036072 0.9988863410716987135 -1.391717533186006615e-05 0.09150746862639011492 -4.930164764477762488e-06 1.416556264170194368e-05 0.9999999998875149787 0.4948917682677965724
0.9989970787593143164 -0.04477540192951847547 3.82606843657350732e-06 11.17280495082275316 0.04477540193110045308 0.9989970787665161112 -3.287737028331162297e-07 0.1530911616692647026 -3.807510216609497137e-06 4.99757720766645402e-07 0.9999999999926263428 0.4949188866474567017
0.9991460435994636846 -0.0413180776018008955 5.00626842680860503e-06 12.45814807758594966 0.04131807762355135111 0.9991460436017584046 -4.321989670767262228e-06 0.1824087086930659962 -4.823416987243264637e-06 4.525148267488082359e-06 0.9999999999781286064 0.4949064244737863549
0.9988223284080318676 -0.04851758664586874187 7.864532060717774537e-06 13.79780889112290687 0.048517586802214345 0.9988223282088434241 -2.108524815312258157e-05 0.1870825346610713869 -6.832264868940426627e-06 2.144198477227773458e-05 0.9999999997467805546 0.4948677060004044725
0.9981853949116364921 -0.06021559057915144841 6.207800542326446228e-06 15.08810215773297791 0.06021559071297365867 0.9981853946277819967 -2.427136836374795036e-05 0.2123720113496223028 -4.7350210539254356e-06 2.460113179189807054e-05 0.9999999996861816953 0.4948701973024652867
0.9981332851874011869 -0.0610732754807527603 5.028998369106220426e-06 16.47091070681379321 0.06107327554534521669 0.9981332850995073835 -1.388742341193162075e-05 0.2528437275921618377 -4.17146022716130179e-06 1.416863695605325548e-05 0.9999999998909241405 0.4948919456832414077
0.9980916373624922899 -0.06175016932617705817 4.18095713444962204e-06 17.97498961333917933 0.06175016934302372112 0.9980916373620799531 -4.027773894273469839e-06 0.2946386456804795384 -3.924262632084558274e-06 4.278262252129491061e-06 0.9999999999831481468 0.4949045162468393433
0.998110544468047034 -0.06144380359437632416 4.877182897276257865e-06 19.53915687763684161 0.06144380356733991633 0.9981105444664059023 5.51230600628541592e-06 0.3548584832559847912 -5.206664724664950505e-06 -5.202218081305793061e-06 0.9999999999729135558 0.4949084853520929195
0.9976007238844866176 -0.06923002008262962859 5.17103486512511764e-06 21.0722679828834849 0.06923002010406183182 0.997600723888028007 -4.087304597319513823e-06 0.4043086564208134837 -4.875663945342791417e-06 4.435488872693759377e-06 0.9999999999782769322 0.4948854525068884236
0.9970758806484231185 -0.07641785279075591353 2.500878705033712545e-06 22.6169524578915393 0.0764178527787061912 0.9970758806418560383 4.603449815830908632e-06 0.4941878927470936822 -2.845351587555748201e-06 -4.398876998441760851e-06 0.9999999999862767552 0.4949039075624745432
0.9970661191510332699 -0.07654511115862212833 1.021992346720622698e-06 24.12846586772081992 0.07654511114524109594 0.9970661191057553774 9.663478395064086063e-06 0.5858594006810496913 -1.758685970829632482e-06 -9.556898383097090825e-06 0.9999999999527861005 0.4949113822771399884
0.997113424823396044 -0.0759263988100539744 1.710800695623727613e-06 25.73292530939451694 0.07592639877425594319 0.9971134247052380051 1.562039787446453161e-05 0.7038884914947608484 -2.891862899189778145e-06 -1.544541348587222886e-05 0.9999999998765379816 0.4949160758886655964
0.9968933972256135423 -0.07876264697146832805 3.500774199472865154e-06 27.3524115760113169 0.07876264696792156794 0.9968933972313889225 1.139931919450784731e-06 0.8004354898266806684 -3.579682739995710489e-06 -8.606603613997220125e-07 0.9999999999932223105 0.494889171991978627
0.9966541156828573333 -0.08173477647370391841 3.073743964487951249e-06 28.90310134259388164 0.08173477646607772706 0.996654115685011277 2.530056240592619194e-06 0.9210814028512346319 -3.270253154059616671e-06 -2.270359189244355432e-06 0.9999999999920752281 0.4948821140976918942
0.9968879374885590838 -0.07883172005244906688 2.368914872661611975e-06 30.46105774259436672 0.0788317200456101902 0.9968879374878298893 2.853690385151738805e-06 1.036385737583947142 -2.586503983050526232e-06 -2.65806388823130764e-06 0.9999999999931221684 0.4948706352781179763
0.9976676625739259174 -0.06825858955781217985 2.844278106590288805e-06 32.13852644877970732 0.06825858956149691292 0.9976676625769832496 -1.219088327398955918e-06 1.134442762216665734 -2.754431040546175092e-06 1.410391413943773807e-06 0.9999999999952117191 0.4948739573317166851
0.9975488114165977915 -0.06997405815005008911 5.438665573625043046e-06 33.9634857143294866 0.06997405819022430029 0.9975488113997671435 -7.58521133320796115e-06 1.229019563911395219 -4.894566359660184415e-06 7.947184051111316825e-06 0.9999999999564425091 0.4948544546993205451
0.997450356820287154 -0.07136375596237913566 4.031934895960034284e-06 35.6938288245671842 0.07136375597994522313 0.9974503568174966084 -4.395017100695783402e-06 1.337042807510842257 -3.708009972815720335e-06 4.67154539336258759e-06 0.99999999998221345 0.4948485341116753977
0.9974250608386378003 -0.0717164416863781129 2.262040779594378601e-06 37.26529425178256361 0.07171644169252279488 0.9974250608369327198 -2.763487874502204718e-06 1.423906760980583774 -2.058028645199798629e-06 2.91859757702808623e-06 0.9999999999936228789 0.4948460852389986453
0.9972186098660532627 -0.07453216848041814557 -8.095977663160472554e-07 38.92975277848588433 0.07453216848431519492 0.9972186098403217347 7.168992712412842295e-06 1.542737262029638901 2.730253863790807499e-07 -7.209394023935794357e-06 0.999999999973974818 0.4948733878891573568
0.9972470198047476142 -0.07415107167337189886 7.903941072867131932e-06 40.86274397047113638 0.07415107181583489859 0.9972470196331755243 -1.958428632865793137e-05 1.626849746725341106 -6.429985859044835897e-06 2.011645687837928788e-05 0.9999999997769914994 0.4948183673535803684
0.9976015498809316373 -0.06921811594280673219 1.013527191503648092e-05 42.7315563064120596 0.06921811618729678539 0.9976015495720892412 -2.617404982957663277e-05 1.691294681177083259 -8.299244551978442934e-06 2.681281710565123097e-05 0.9999999996060974228 0.4947774581254634207
0.997534843358229506 -0.07017290275859829063 2.633900535624372366e-06 44.32607584111367771 0.0701729027686168183 0.9975348433532750247 -3.926299953953919334e-06 1.76105373821114819 -2.351887693342264012e-06 4.101449455733426941e-06 0.9999999999888231628 0.4947891393469222576
0.9969262194505890129 -0.07834611009061009934 2.803316562352650793e-06 46.03405263104907164 0.07834611011399025826 0.9969262194071588645 -9.528303695345932768e-06 1.816542595676516436 -2.048194252015364798e-06 9.718644728856751006e-06 0.9999999999506762327 0.4947692933902128054
0.9968239993490719542 -0.07963613678210207381 6.509701958388062447e-06 47.95992366334030521 0.0796361369369550931 0.9968239989466568529 -2.863540801782772828e-05 1.87574310943641831 -4.208613868392242052e-06 2.906286945990048018e-05 0.9999999995688183541 0.4947533812050167179
0.9965450131476736306 -0.08305442037325466709 5.403548185898483214e-06 49.92860201205454018 0.08305442040291950712 0.9965450131445707793 -5.518601744963249637e-06 1.985415191950180791 -4.926534728744771455e-06 5.948323611190222073e-06 0.9999999999701730813 0.4947746562375329171
0.996317723777342179 -0.08573793376503663355 1.752234737601171515e-06 51.76913258950127528 0.08573793374454320715 0.9963177237347157211 9.566793040790735525e-06 2.085179322881988817 -2.566019593290828237e-06 -9.381332480412208955e-06 0.9999999999527028338 0.4947713523556127591
0.996546519457876423 -0.08303634474593953041 -3.139806173444919557e-06 53.46557700542734182 0.08303634480131921736 0.9965465190679828611 2.78882703558144277e-05 2.178929060174636057 8.132228810613487905e-07 -2.805267678481463098e-05 0.9999999996061927909 0.4947828899485827714
0.9970201015762383268 -0.07714218704501371593 -5.749069713230800676e-06 55.18332614118026669 0.07714218721434984438 0.9970201007697400142 4.01885081489525853e-05 2.270736144111112242 2.631708652131065834e-06 -4.051224628899260575e-05 0.9999999991759157547 0.4947968663511779219
0.997599960144386011 -0.06924102476617162438 -3.388556657000763017e-06 56.93785554340545474 0.06924102484677306657 0.9975999593165377766 4.064533496922260829e-05 2.360113017481688669 5.660993379324567466e-07 -4.078241168103378955e-05 0.9999999991682370082 0.4947986598921716439
0.9981254999647332093 -0.0612003784432792533 8.850148098782976045e-07 58.73663586435392148 0.06120037839535369395 0.9981254995836839061 2.770053278124943549e-05 2.434128590793739555 -2.57863893854167479e-06 -2.759444489032404052e-05 0.9999999996159484317 0.494785245291403164
0.9986195432623817814 -0.05252625835303504492 -3.077503238033952855e-07 60.57831709588572977 0.05252625833964067598 0.9986195428367540261 2.918188280320761842e-05 2.504831074628045773 -1.225489627684868616e-06 -2.915776344948775676e-05 0.9999999995741613024 0.4947907617069354225
0.999040395640333978 -0.04379826341744175178 -1.629034409512724054e-06 62.38364154461174849 0.04379826344528039983 0.9990403952871990123 2.656703603371468286e-05 2.555934144835100508 4.638811379907304891e-07 -2.661289106834259854e-05 0.9999999996457692442 0.4947754074595414608
0.9994201035530873023 -0.03405079444039521563 -3.76118728686529024e-06 64.18166356424620744 0.03405079453373673765 0.9994201031526875889 2.842754148181250381e-05 2.593622627872512076 2.791025814772473171e-06 -2.853912786702069855e-05 0.9999999995888639859 0.4947792675944245322
0.9997507564275504022 -0.02232543406516974277 -4.30987127937006162e-06 65.9708566516831354 0.0223254341663882 0.9997507561202132464 2.507143208849224868e-05 2.606678093423210996 3.749066466319910724e-06 -2.516140294270528967e-05 0.9999999996764239452 0.4947810216458975452
0.9999567876828108215 -0.009296384529885111034 -1.994771290639865399e-06 67.77275628625197612 0.009296384556672979832 0.9999567875883791368 1.386853891696443976e-05 2.59120551080842576 1.865757821122066536e-06 -1.388648378628220109e-05 0.9999999999018420738 0.4947715081137836202
0.9999703091643218356 0.00770589312331146966 1.793067029850780404e-06 69.5756049871212241 -0.007705893132708552598 0.9999703091518419296 5.294277825630107593e-06 2.548429505627810787 -1.752216653079434205e-06 -5.307937817009297772e-06 0.9999999999843774967 0.4947613208730314294
0.9994662145915441664 0.0326693415424827785 3.932244538891438447e-06 71.40339246886814806 -0.03266934153297610527 0.9994662145965677036 -2.458058500276558839e-06 2.460748735882842375 -4.010448716830786719e-06 2.328282584683761991e-06 0.99999999998924749 0.4947470324596810465
0.9981590378262954477 0.06065092888350177153 5.786622513870530099e-06 73.25780365964266139 -0.06065092883660080231 0.9981590378141563802 -7.96290874973444861e-06 2.319455659897025956 -6.258927372924689873e-06 7.597285305640503061e-06 0.9999999999515533089 0.4947348306937311979
0.9953771720600337325 0.09604314300974622909 4.981139687330553036e-06 75.09417638039602139 -0.09604314300513500102 0.9953771720722693894 -1.15737468318389264e-06 2.126065338927745518 -5.069270637884925817e-06 6.736200278426147289e-07 0.9999999999869241263 0.4947423431214581502
0.9903213155791978917 0.1387937026941110097 2.044022075286953552e-06 76.90328910503404813 -0.1387937027005307355 0.990321315574460681 3.43200984492597859e-06 1.853656612937438553 -1.547897276601499168e-06 -3.682489896938553251e-06 0.9999999999920213822 0.4947508910188353481
0.9839834358430334937 0.1782599169434829489 -2.716206815174365208e-07 78.71167403648009042 -0.1782599169239533765 0.9839834357556211941 1.3381368662622534e-05 1.512224511561402363 2.652631917811033911e-06 -1.311862603280749646e-05 0.9999999999104324244 0.4947626023390648276
0.9751744735590656132 0.2214379057882921442 -1.061666173658108328e-06 80.48054080073805494 -0.2214379057332915568 0.9751744734037396389 1.812251989127323078e-05 1.097469050500863741 5.048322604157815639e-06 -1.743752566045334625e-05 0.9999999998352233632 0.494770220139079786
0.9631474760475940977 0.2689738637577647196 7.753324225360193825e-07 82.24607622160073106 -0.2689738637288814349 0.963147475893112226 1.771204412955613842e-05 0.5928045857500184868 4.017317478831091509e-06 -1.726785475638938875e-05 0.9999999998428409365 0.4947757678227376332
0.9466907220879854368 0.3221438757885953796 2.581345001911272179e-06 83.96090286403290293 -0.3221438757902947425 0.946690721973496796 1.491104224163969227e-05 0.0002028165297924245617 2.359765576247213242e-06 -1.49477098304899386e-05 0.9999999998854984806 0.4947756096395622416
0.9263210297934161286 0.3767351188254375871 2.877672863529907963e-06 85.65092886012824636 -0.376735118834320426 0.9263210297356598844 1.042064043786238357e-05 -0.6991616863286258532 1.260172323407857055e-06 -1.073697880971583894e-05 0.9999999999415644103 0.4947703580261568757
0.9021610703616547156 0.4313993545258691942 6.388235193544433987e-06 87.315134244180868 -0.4313993545645244398 0.9021610701509245045 1.96896669924830318e-05 -1.4906746811299878 2.7308925328026446e-06 -2.051913158830448675e-05 0.9999999997857534906 0.4947859440797605646
0.8723277344413844503 0.4889215925767071425 6.233007595272791193e-06 88.92055959340825666 -0.4889215925972703602 0.8723277342234140308 1.997563408228589859e-05 -2.388519610669272542 4.329293435259127922e-06 -2.047275162318222162e-05 0.9999999997810615771 0.4947895907793776749
0.8361214063830515464 0.5485444318922558793 5.501150608159788879e-06 90.45615098843833835 -0.5485444318940755348 0.8361214062045339013 1.807736353389263178e-05 -3.392911127738459598 5.316607327571431353e-06 -1.813249615677276305e-05 0.999999999821472918 0.4947976734777915775
0.7941912312240390071 0.6076679094631899369 7.596977452276469237e-06 91.91093121256665199 -0.6076679094705637052 0.7941912309658969438 2.1419164107389532e-05 -4.491319820535863094 6.982285801142777248e-06 -2.162735172095729208e-05 0.9999999997417524655 0.4948139805997988638
0.7459260839768671048 0.6660287360326597739 4.889373662184029451e-06 93.27257572441570233 -0.6660287360119659938 0.7459260838344150546 1.624772916466390931e-05 -5.701154559165053648 7.174343170706020355e-06 -1.537606834942911315e-05 0.9999999998560524794 0.4948219120153117268
0.6926138484607141654 0.721308572608314158 -2.104239372540454665e-06 94.48183148495672867 -0.72130857258303549 0.6926138484564102749 6.845220543098546988e-06 -6.977626182373387387 6.394941589020269024e-06 -3.223288645737647868e-06 0.9999999999743574008 0.4948124743416056903
0.6360213844933607641 0.7716714316673425333 -4.225532017396350457e-06 95.61314224997852307 -0.7716714316630792769 0.6360213845058528825 2.923041393780951167e-06 -8.352994878701911929 4.943156261140089088e-06 1.40160550719845836e-06 0.9999999999868001144 0.4948192754868453447
0.5762626610076305722 0.8172645504771450797 -8.00169724733004792e-06 96.63313511223817898 -0.8172645505050170067 0.5762626610235281888 -3.835528921591051588e-07 -9.815746650585762012 4.297615166456436733e-06 6.760530714389204159e-06 0.9999999999679125562 0.4948275155670740499
0.5157798705303422437 0.8567211478317001694 -3.983721230092167993e-06 97.52977193203216189 -0.856721147820841078 0.5157798705445214571 4.455301486850484635e-06 -11.32074149289841891 5.871674224093229242e-06 1.114983400781431563e-06 0.9999999999821398422 0.4948459200988359341
0.4537027458307543726 0.8911530835947528706 -5.237376942339948662e-06 98.30692660571288854 -0.8911530835928864747 0.4537027458507076338 3.556779661007599366e-06 -12.88180019878682714 5.545847462368840415e-06 3.053583913590401298e-06 0.9999999999799593642 0.4948521308245920625
0.4037875148142996418 0.914852798361344588 -1.458565218989109905e-05 98.98555999688078089 -0.9148527984634378107 0.4037875148454833085 -8.704063171857056248e-07 -14.5025276268768426 5.093210595167976161e-06 1.36951839270313271e-05 0.9999999998932502798 0.4948504588226165235
0.3751613565737337286 0.9269595222228572684 -2.638864313127752434e-05 99.5940635398767995 -0.9269595225974671671 0.3751613563793756989 -1.215300112038479286e-05 -16.15608932792847696 -1.365340961984361884e-06 2.902054042572961874e-05 0.9999999995779715878 0.4948553048699373957
0.3560712908319246806 0.934458792800591187 -2.012911859616880797e-05 100.1832087338538031 -0.9344587930173889889 0.3560712907507964653 -7.601250439887295672e-06 -17.83288624983498494 6.434593038163941299e-08 2.151641892394719002e-05 0.9999999997685196096 0.4948690622468440159
0.3480539175024711662 0.9374745171923695164 -1.132913019654237249e-05 100.7500952938132599 -0.9374745172523266667 0.3480539175253556383 5.166276331555445952e-08 -19.50125474547752091 3.991580671157448931e-06 1.060278943473133666e-05 0.9999999999358238911 0.4948864546029712042
0.3419916637891865507 0.939702985998412621 2.569781151875962371e-06 101.3136824839303216 -0.939702985956472614 0.3419916637444680996 1.077092524505560058e-05 -21.16157389129323718 9.242626883155197223e-06 -6.098397666778021498e-06 0.9999999999386917082 0.4949221167747216432
0.3398436107339257717 0.9404819615568994484 1.521996985301873445e-05 101.8874438607539048 -0.9404819615918571518 0.3398436104359253696 1.91947948215874387e-05 -22.84278499865625278 1.287994877991294158e-05 -2.083733548220112895e-05 0.9999999996999560103 0.4949563789608412145
0.3431158974259831407 0.9392930746883579873 2.7897763134682143e-05 102.4658907861368817 -0.9392930749942159929 0.3431158967837328877 2.538576211601910177e-05 -24.51986368821350482 1.427250453504619821e-05 -3.491443427051630792e-05 0.9999999992886385858 0.4949878924845529382
0.349150234535888393 0.9370667594899743102 4.455025860126701976e-05 103.0804867388269059 -0.9370667604649929316 0.3491502334734672974 2.998832137646384384e-05 -26.21900015796843419 1.254632594285118164e-05 -5.221699594729692633e-05 0.9999999985579874906 0.4950294199123155825
0.3591485003651315178 0.933280426113410444 3.035260686296358833e-05 103.7043928405147 -0.9332804265672550725 0.3591484998598282186 2.090717619491124583e-05 -27.91593525146002719 8.611165086346420815e-06 -3.583627485776680284e-05 0.9999999993208044113 0.495023802737829699
0.372426664794013873 0.9280616246399602254 1.494246700135769833e-05 104.3650800919325263 -0.9280616247358092208 0.372426664619076031 1.325415384962819422e-05 -29.66006019113003944 6.735698408417670138e-06 -1.880373051572501521e-05 0.9999999998005246749 0.4950372400483001867
0.3897108752150517663 0.9209372582941679486 5.193464556537002883e-06 105.0604310023318391 -0.920937258293029859 0.3897108751691617523 8.052094191595036572e-06 -31.40140723622738506 5.391523930845870979e-06 -7.920843684459751805e-06 0.9999999999540957196 0.495045838558120288
0.4066388886058849295 0.91358897444973719 6.283382462517139837e-06 105.8102803224429636 -0.9135889744483643993 0.4066388885372566042 9.889552157596105499e-06 -33.15973052878992178 6.479918152612952201e-06 -9.761905438172685569e-06 0.999999999931357797 0.4950706997401215781
0.4223343210898313771 0.9064401365741551198 6.265033063917110019e-06 106.5943040956483543 -0.9064401365720533565 0.422334321018640102 1.015844640599361168e-05 -34.92391566736689867 6.562085062421323135e-06 -9.969137992288206924e-06 0.9999999999287774166 0.4950875635457581692
0.436638985634123955 0.8996368135031903579 4.057280198990844374e-06 107.3930414732789131 -0.8996368134837604558 0.4366389855798650799 9.940034779182732716e-06 -36.65525737439519105 7.170854504554208104e-06 -7.990285332781146612e-06 0.9999999999423666575 0.4951038624892254991
0.4520546869542785284 0.8919902241643283825 -4.157481865937639398e-07 108.2237917325404766 -0.8919902241291576273 0.4520546869405007717 8.681770387367037037e-06 -38.38948587343062968 7.931995230307476656e-06 -3.553791676529069537e-06 0.999999999962226771 0.4951182772404539856
0.4663906935308292367 0.8845788381836835468 -5.260161851812002045e-06 109.0643936315444336 -0.8845788381485135687 0.4663906935595296122 7.944761245846664979e-06 -40.08432501482984378 9.481058206799776941e-06 9.476651519617137449e-07 0.999999999954605423 0.4951338638118081281
0.480648076964228621 0.8769135795723577154 -8.626466763497643017e-06 109.8974139195008632 -0.8769135795480497153 0.4806480770257586799 7.609152005858068298e-06 -41.70798168634757985 1.08188633843689481e-05 3.907341569486815425e-06 0.9999999999338422541 0.4951470834792668918
0.4978826490593368237 0.8672444106016410359 -6.935565377123498473e-06 110.7683325639814456 -0.8672444105811294435 0.4978826491000729604 6.566238959318322071e-06 -43.33668240653195625 9.147631699112548012e-06 2.745613860108329061e-06 0.9999999999543910389 0.4951554695896468461
0.5157084124473809705 0.8567641643514576355 -4.047610796809450725e-06 111.679663345979634 -0.8567641643294725551 0.515708412463178556 6.145013430614840299e-06 -44.96772218654158593 7.352214235100631497e-06 2.988127610891855518e-07 0.9999999999729275446 0.4951662931402688872
0.5363387289918547518 0.844002824508698013 2.640861371151198923e-06 112.6188929994074783 -0.844002824495824977 0.5363387289585608286 8.02605709788776742e-06 -46.54590393304778217 5.357618629126365335e-06 -6.53357971905070871e-06 0.9999999999643038873 0.4951860136633095544
0.5569366110939822923 0.8305550019124736671 4.853211374096986477e-06 113.598377054727834 -0.8305550019132471595 0.556936611042284202 8.936115251239868965e-06 -48.11253484858509211 4.719004124222172694e-06 -9.007708726469300148e-06 0.9999999999482959145 0.4951981036992760266
0.5779848970323632207 0.8160474610948234009 6.73896743654883099e-06 114.6301593055312509 -0.8160474611087131791 0.5779848969545237081 1.061717596879855707e-05 -49.66643496916517364 4.769098093941469041e-06 -1.163588462619048477e-05 0.9999999999209306933 0.495212561556386599
0.5995328150667410538 0.8003501756052403548 8.309176818249078058e-06 115.6819537493630037 -0.8003501756363931019 0.5995328149686531827 1.169571791569320792e-05 -51.15795005562053888 4.379045719737268762e-06 -1.366221781210156524e-05 0.9999999998970836579 0.4952226686112736753
0.6226298774309472206 0.7825164763000900248 7.172651985919370993e-06 116.7919068756044823 -0.782516476320755161 0.6226298773438774248 1.129291072950900854e-05 -52.63804442662727467 4.370981285003571869e-06 -1.264402198124951769e-05 0.9999999999105113613 0.4952299936221128407
0.6426825830557574282 0.7661325586425717926 5.176688282577299093e-06 117.9296319505657351 -0.7661325586413463284 0.642682582978158945 1.133217734480251002e-05 -54.07396018989692266 5.354982627445386181e-06 -1.124902244682323778e-05 0.9999999999223916358 0.495239162193724769
0.6625865651713395144 0.7489853427475060554 2.465698601359510287e-06 119.0928263317354521 -0.7489853427342740844 0.6625865651300840709 8.976144405426312057e-06 -55.47389569678135501 5.089261827128484987e-06 -7.794244802092029653e-06 0.9999999999566743236 0.4952464804066313286
0.6814105138473929291 0.7319014357211616195 3.125192804559025971e-06 120.3130522476795079 -0.7319014357171490515 0.681410513808160756 8.313043487999496927e-06 -56.86317334122810507 3.954789229375151337e-06 -7.951928335343117824e-06 0.9999999999605629908 0.4952554394290438755
0.6958368453241146057 0.7181998918538934351 5.715998801982803206e-06 121.5744524780059237 -0.7181998918728150771 0.6958368452723975306 8.801526357360045893e-06 -58.23361498662984559 2.343852704052660967e-06 -1.022965605607165085e-05 0.9999999999449300514 0.495267199204844577
0.7103650946823450996 0.7038333838520914876 5.872803463027266289e-06 122.8585662771614153 -0.7038333838732866443 0.7103650946287043411 8.992390189301417906e-06 -59.5751603229265001 2.157309828105220706e-06 -1.052135524244893321e-05 0.9999999999423233588 0.4952747446691803668
0.7233718040166252639 0.6904587121040498543 5.965096051709560387e-06 124.1784836365251152 -0.690458712123198648 0.7233718039448692183 1.062788317328571626e-05 -60.89462707548477738 3.023132236589597986e-06 -1.1806563561492188e-05 0.99999999992573263 0.4952844150122008848
0.7340885922574305056 0.6790537082492852372 5.712373208932857655e-06 125.5490941124185156 -0.679053708269201084 0.7340885921977400308 9.655026149056234285e-06 -62.22167980793548026 2.362893302706843401e-06 -1.096665276451286631e-05 0.9999999999370744463 0.4952905764702890679
0.7446040148394299507 0.667506450202937085 4.970770539551028685e-06 126.894862336281065 -0.6675064502099700148 0.7446040147623186334 1.140851202831794665e-05 -63.48027158939970604 3.913999665908067684e-06 -1.181284525729347739e-05 0.9999999999225683833 0.4952961988848601504
0.7552236583829549099 0.6554671813274101089 4.857822131547568068e-06 128.2742060232233996 -0.6554671813306568451 0.7552236582954867661 1.230684050843245314e-05 -64.7290118607390923 4.397987857572078818e-06 -1.247856009188507364e-05 0.999999999912471349 0.4953055577055874292
0.7648564862912764495 0.6442007104559519526 5.33307513511612984e-06 129.6592011828203113 -0.6442007104590712352 0.7648564861790517755 1.400337172125887768e-05 -65.94272958901107984 4.941944903239963592e-06 -1.414614048192610999e-05 0.9999999998877316942 0.4953148869124099907
0.7760640399750661222 0.6306541095040412159 5.047391581292116258e-06 131.0501714429317985 -0.6306541095176568801 0.7760640399055427352 1.078016365664748555e-05 -67.13095546094439214 2.881455409628064122e-06 -1.154925560205692929e-05 0.9999999999291556696 0.4953163072301599024
0.7905085616951041949 0.6124509889608830138 3.131516024751075234e-06 132.4343152207346748 -0.6124509889642469895 0.7905085616588722885 7.935306675858989491e-06 -68.26851195916044901 2.384496192800053907e-06 -8.19082795325903418e-06 0.9999999999636119963 0.4953110455045125482
0.8082063683792783948 0.5888993683954456548 4.105591833692100077e-06 133.8330644910469687 -0.5888993684037371334 0.8082063683198530413 1.015609354977053089e-05 -69.34874495852986342 2.662751611112987907e-06 -1.062599992256507593e-05 0.9999999999399987738 0.4953176180096666159
0.8301082806915289769 0.5576022258856890845 4.112292375272111424e-06 135.2474917508534418 -0.5576022258980505297 0.8301082806413998538 9.292513175201401151e-06 -70.36936852004893694 1.76787807743252386e-06 -1.000681551716513068e-05 0.9999999999483688562 0.4953172141398466399
0.8582899364121036045 0.5131650660602964376 5.592093195822531869e-06 136.6500599862757213 -0.5131650660837787647 0.8582899362925915376 1.457129759914473762e-05 -71.26374924217327589 2.677843582264593954e-06 -1.537606496419269281e-05 0.99999999987820265 0.49532171126024932
0.8897739153152950387 0.4564015552010090571 6.068190394364135517e-06 138.0890754613741933 -0.4564015552387136188 0.8897739151863230944 1.522885000205864655e-05 -72.06492439099062608 1.551153299573042954e-06 -1.631976502555347979e-05 0.9999999998656293743 0.4953219082097526926
0.9192026936203088194 0.3937847229272296024 5.703176111000733677e-06 139.478422442751679 -0.3937847229613637423 0.9192026934198088695 1.934537259122576445e-05 -72.70523221599125918 2.375537343480468427e-06 -2.002814221981351383e-05 0.9999999997966149134 0.4953281095276886314
0.9492767306465174082 0.3144418684499967198 4.578954758823169606e-06 140.8439273127409308 -0.3144418684829122235 0.9492767305206678552 1.546604724037890671e-05 -73.21381132972709338 5.16477589142951387e-07 -1.612137385043456786e-05 0.9999999998699170556 0.495320902107409422
0.9773899129612340086 0.2114449290868762599 2.70361289381767554e-06 142.1685649314113391 -0.2114449291039158796 0.9773899128996708097 1.097481011203090631e-05 -73.55894170688449663 -3.219160249225730824e-07 -1.12983339368216738e-05 0.999999999936121764 0.4953110100858504339
0.9952963528566785012 0.09687708701200180295 2.120328954181939341e-06 143.4292208898411047 -0.09687708702963952756 0.9952963527957200407 1.106443915023598616e-05 -73.72541136147182783 -1.038465040528049777e-06 -1.121780722526027272e-05 0.9999999999365409842 0.4953064482171097849
0.9994070832694543771 -0.03443082779173322477 3.263481752227502091e-06 144.6401626526783559 0.03443082775009187468 0.9994070832034964713 1.205635350872058681e-05 -73.7236139986043213 -3.676657010536515329e-06 -1.193684071693939479e-05 0.9999999999219968405 0.4952978823768205974
0.9841128129105832789 -0.1775442802533087061 4.097125752487331456e-06 145.7856496079450892 0.1775442801884185018 0.9841128128471099412 1.283581682006829586e-05 -73.55494161557693644 -6.310959807650980191e-06 -1.19044705542355978e-05 0.9999999999092274994 0.4952919156464258843
0.947416219011820937 -0.3200039186263423652 4.400356358909216727e-06 146.8387672636868331 0.3200039185209003212 0.9474162189209551777 1.609417069116825344e-05 -73.22647938696205472 -9.31916667167762591e-06 -1.383974706661818336e-05 0.9999999998608070095 0.4952900016134001993
0.88723668382493448 -0.4613144988737042929 2.543331954290978203e-06 147.7725720340827991 0.4613144987191922231 0.8872366836466912821 2.157113590012262435e-05 -72.75169655334043739 -1.220761515643943407e-05 -1.796542717679154751e-05 0.9999999997641085825 0.4952808766333706703
0.8028370217241349582 -0.5961985546350191401 1.570805903512964194e-06 148.6353984565764677 0.5961985544645851398 0.8028370215524363029 2.19404777207804281e-05 -72.13497111560489827 -1.434198223814446339e-05 -1.667811557953723521e-05 0.9999999997580738542 0.4952718989254274451
0.6915499472546611237 -0.7223286443503397214 2.304009206998989415e-06 149.3457263711885048 0.7223286442394002416 0.6915499471982348156 1.560837086546712089e-05 -71.41660003574639859 -1.286771081321460575e-05 -9.129716201938303102e-06 0.9999999998755348951 0.4952555337621552534
0.5607687168125332633 -0.8279724912260814085 4.419711970397611898e-06 149.9290465848272049 0.8279724911520519592 0.5607687168232748931 1.140506101743541794e-05 -70.59165174995202108 -1.192151299355980845e-05 -2.736201501611249887e-06 0.99999999992519506 0.4952442159236176145
0.4114236806603115415 -0.9114442138549138095 4.955054586800233963e-06 150.3629220487674729 0.9114442137799948496 0.4114236806900456456 1.168994236275715155e-05 -69.67159802937935353 -1.269335712295389334e-05 -2.932632814893510611e-07 0.9999999999193960321 0.4952354705225539555
0.2474687537750634436 -0.9688958746400664346 3.565170681742337163e-06 150.6410226351049744 0.9688958745519087312 0.2474687538006471454 1.307208542970900315e-05 -68.66331410911732291 -1.354775799148495674e-05 2.193464750823154163e-07 0.999999999908204984 0.4952275519264875414
0.07041085133487250125 -0.9975180760326113338 2.174438672283139379e-06 150.7380293889270604 0.9975180759451617307 0.07041085135761797342 1.326613851880521249e-05 -67.60123263965144247 -1.338631704980108095e-05 1.234961773601208913e-06 0.9999999999096402803 0.49521550221982652
-0.1152024424115433709 -0.9933420343790710927 5.439553746653933057e-07 150.636577860624584 0.9933420342837757655 -0.1152024423928658531 1.392555421763966781e-05 -66.48264171959016267 -1.377017336869206473e-05 2.14459159623617246e-06 0.9999999999028911235 0.4952065339068382754
-0.2961984960290423574 -0.9551264057449969647 -1.004732094512167203e-06 150.3179821687728577 0.9551264056455001095 -0.296198496013083179 1.416078391385261701e-05 -65.34368535376498244 -1.382293877746020209e-05 3.234756743807320476e-06 0.9999999998992311623 0.4951921864785232552
-0.4610269673361768739 -0.8873861253032608865 -3.210233214076833703e-06 149.7738985148384359 0.8873861252395125465 -0.4610269673423185166 1.085272278908953462e-05 -64.2360667269513641 -1.111055970794799041e-05 2.154681461839334133e-06 0.9999999999359558966 0.4951880068481242514
-0.6029179328612690458 -0.7978032127263671169 -1.184087171016806184e-07 149.0284231538961421 0.7978032126860317153 -0.6029179328322660236 9.967248070188910515e-06 -63.18011803942308546 -8.023293271381664319e-06 5.914965747880017743e-06 0.999999999950319518 0.4951795709373497667
-0.7183449033949531604 -0.6956871421531862776 3.385289750893605671e-06 148.0995783806083921 0.6956871421469127403 -0.7183449033400370887 9.954216796742809637e-06 -62.2271516875534445 -4.493214996815565888e-06 9.505663455367043509e-06 0.9999999999447262145 0.4951728421004943925
-0.7939021456331589732 -0.6080455436529541569 2.254415506445669022e-06 147.0110523387906198 0.6080455436507561373 -0.7939021456023946932 7.52348380442335147e-06 -61.36836103275503262 -2.784835492378268397e-06 7.343697237199473424e-06 0.9999999999691568942 0.4951732998822324094
-0.8442338280189709554 -0.5359750401118146268 2.793884560164513226e-06 145.8044904604302019 0.5359750401142253651 -0.8442338279776043786 8.664169916096348852e-06 -60.57635979726148179 -2.285086961160106985e-06 8.812037724081519849e-06 0.999999999958562702 0.4951665734560243282
-0.88274902322415294 -0.4698448275622494896 3.469368739700946421e-06 144.4913382158266018 0.4698448275704035781 -0.8827490231584723679 1.096963385967524543e-05 -59.84615466874686263 -2.091443863272576449e-06 1.131349853203785935e-05 0.9999999999338153867 0.4951600025184441645
-0.9135622658615307756 -0.4066988890678822077 5.208534972927083064e-06 143.0967248390859083 0.4066988890991703465 -0.9135622657411692771 1.488605149660403179e-05 -59.18793652706295205 -1.295819595216758887e-06 1.571764032229263424e-05 0.9999999998756381459 0.4951523485345746822
-0.9332465760165330471 -0.3592364518612332636 3.130778021524456915e-06 141.5705189759983398 0.3592364518600539292 -0.9332465758634190811 1.721729399710194341e-05 -58.56784828891961325 -3.263291737794463272e-06 1.719267025907928774e-05 0.9999999998468813711 0.4951538479004314874
-0.9435964714313467283 -0.3310977183469581697 3.159515235708645854e-06 139.9958357527214616 0.3310977183463856832 -0.9435964712510180874 1.872636183182211335e-05 -57.98246723837855399 -3.218948248177360552e-06 1.871623723287778025e-05 0.9999999998196700268 0.4951480795680515135
-0.9499035685297617659 -0.3125431337941679266 3.844150855920412788e-06 138.4196909649082272 0.3125431338119018521 -0.9499035683643411998 1.783141690955747082e-05 -57.43389990042378201 -1.921514305533772904e-06 1.813958950968565527e-05 0.9999999998336313034 0.4951510774588916419
-0.9522438504544831206 -0.3053385813363823642 4.619323646445722698e-06 136.8310005316629372 0.305338581368566675 -0.9522438502726174869 1.865595299889820025e-05 -56.89151297251228101 -1.29765968741498311e-06 1.917547424665669745e-05 0.9999999998153084046 0.4951419684236255114
-0.9541574433265964661 -0.2993051508588188137 4.008130689642021801e-06 135.2006913597203095 0.2993051508731505717 -0.9541574430787592709 2.191888588866587034e-05 -56.33599303271312664 -2.7360477172100391e-06 2.211372228087945066e-05 0.9999999997517480255 0.4951308472947240635
-0.9552497806326969432 -0.2958003661185433786 2.748156522547391067e-06 133.5654941414815084 0.2958003661180932942 -0.9552497804609685339 1.832773820823821996e-05 -55.79762455301874979 -2.796175757285907133e-06 1.832047360843240032e-05 0.9999999998282703695 0.4951257206718694404
-0.9547599509261260886 -0.2973775985326073679 8.678676491656898586e-07 131.90508598741269 0.2973775985076288486 -0.9547599507990257584 1.607202345248107106e-05 -55.25327743973355155 -3.950854463841065846e-06 1.560300872010573578e-05 0.9999999998704683923 0.4951284718752231306
-0.9506391992968810101 -0.3102984253302175643 7.061588563724381875e-08 130.2270358346593184 0.3102984252921284769 -0.9506391991765748006 1.588642409602259567e-05 -54.68028584470139464 -4.862402152152501925e-06 1.512416948044744368e-05 0.9999999998738082763 0.4951228185004908355
-0.9440625437189493763 -0.3297664530370871261 6.914381705453681272e-07 128.5809792973183221 0.3297664529965741442 -0.9440625435656583297 1.779410894102821186e-05 -54.07714892482833591 -5.21513931243494775e-06 1.702676486304638553e-05 0.9999999998414453861 0.4951082213307210766
-0.9348373922001710357 -0.3550761188030784887 1.535677081424596384e-06 126.9428020118331375 0.3550761187684504105 -0.9348373920282857519 1.866331284923413263e-05 -53.42877057020151454 -5.191288332717098289e-06 1.799244497154788597e-05 0.9999999998246612565 0.4950954152869076474
-0.9246330571009393484 -0.3808591730739409598 1.958923034741629771e-06 125.2877815744827501 0.3808591730418292576 -0.9246330569266799637 1.87229680667870767e-05 -52.71870486816460044 -5.319529141509086491e-06 1.805794900866089094e-05 0.9999999998228065179 0.4950910606589245533
