0.9999806747146977592 0.006216928271891146787 0 -0 -0.006216928271891146787 0.9999806747146977592 -0 0 -0 0 1 0.4949999999999999956
0.9999789356589809941 0.006490627000695189247 1.304706253358742489e-06 0.002715675535435813168 -0.006490627002374287947 0.9999789356589932066 1.28683333995187787e-06 0.0001340973226010455546 -1.296326415359303522e-06 -1.295274595294105691e-06 0.9999999999983208987 0.4950094054774583086
0.9999808854706507821 0.006182935828564266323 3.255815236699239168e-07 0.0008990244606536784006 -0.006182935828987106905 0.9999808854698377658 1.314003540500350796e-06 0.0003681032532193039735 -3.174509007665549269e-07 -1.315991473608123774e-06 0.9999999999990837329 0.4950057101387024816
0.9999800296500671593 0.0063198341179858189 -7.156775946061332244e-08 -0.002677158656279745187 -0.006319834117949544965 0.999980029649946478 4.968012400754634357e-07 0.000748104006916825489 7.470603165379519239e-08 -4.963390224129422289e-07 0.9999999999998739897 0.495004045679231286
0.9999806824842586428 0.0062156786044364528 1.881267116053469038e-07 -4.213360655488270059e-05 -0.0062156786042210279 0.9999806824836448005 -1.125069086753947542e-06 -0.0006051142060923388535 -1.951161453550050688e-07 1.123878018031099701e-06 0.9999999999993494093 0.494999767578564065
0.9999801559603438417 0.006299816460279297065 5.711821474648908198e-07 0.001452965132535341498 -0.006299816459439683096 0.9999801559594462264 -1.460108438998972567e-06 -0.001485976790066337403 -5.803692280798919957e-07 1.456481121855707167e-06 0.9999999999987708721 0.4949994836835646672
0.9999803590132663178 0.006267502629207026207 8.513551766315285408e-07 0.001445787084643102016 -0.006267502628107375455 0.9999803590128056863 -1.288283337862117361e-06 -0.003300214428043066368 -8.594127743846527441e-07 1.282922163897817086e-06 0.9999999999988077315 0.494999672769079635
0.9999803790562613592 0.006264303953234891774 8.427570918272200986e-07 0.00389681246402859326 -0.006264303954090386269 0.9999803790560947148 1.016281420454463942e-06 -0.001881956981155581861 -8.363742604200641384e-07 -1.021540766634743144e-06 0.9999999999991284749 0.4950057626789127196
0.9999792361697036336 0.006444162588235272798 4.746316231217234721e-07 0.006251193761586715941 -0.006444162587246577562 0.9999792361677090069 -2.056046160268623831e-06 -0.00694006918990734082 -4.878712636955375736e-07 2.052944865526732816e-06 0.9999999999977736698 0.494994904169965555
0.9999752303485610616 0.007038372792768301731 -6.95949944021050559e-08 0.03334444284263895358 -0.007038372792915943178 0.9999752303456447278 -2.415682538333623393e-06 -0.01103082693557193295 5.259079630407326611e-08 2.416112538234291426e-06 0.9999999999970797804 0.4949961530999985593
0.9999712895966212933 0.007577597455331622385 -1.227966987159940711e-06 0.06406847822884823018 -0.0075775974519179971 0.9999712895935891632 2.761145112598493445e-06 -0.00733650320063137986 1.248854577907629998e-06 -2.751760799495616188e-06 0.9999999999954340968 0.4950050566208548664
0.9999580718030879334 0.009157217800448850045 -4.885589437026349055e-07 0.1173050792791890257 -0.009157217803219189559 0.9999580717851421774 -6.006462938683182923e-06 -0.01632233978869733135 4.335359699585442443e-07 6.010684939179531601e-06 0.9999999999818418583 0.4949859968999657522
0.9999457925267837277 0.01041210882642657105 -4.397377776084966655e-08 0.1890462607601142986 -0.01041210882647655364 0.9999457925016177473 -7.094381214513602702e-06 -0.02504839437320506915 -2.989607520925547208e-08 7.094454505793488646e-06 0.9999999999748339086 0.4949817188932461587
0.9998647170295671405 0.0164483324201889318 -1.487070674287948054e-06 0.2399035947951211611 -0.01644833242335898629 0.9998647170283194718 -2.145226542628809469e-06 -0.02454335343807193329 1.451584099658237799e-06 2.169396162797602842e-06 0.9999999999965932806 0.4949902354561202533
0.999585407986210539 0.02879257091677671354 -1.810046787922788004e-06 0.3565588960429290633 -0.02879257093876241846 0.9995854078947477017 -1.359633174233060872e-05 -0.04653469202027641499 1.417823010915323959e-06 1.364281071231714942e-05 0.9999999999059318023 0.4949698918736052944
0.9991026603235677594 0.04235415123333427512 -3.147445697384391802e-06 0.4868270409279272792 -0.0423541512991117905 0.9991026600106968081 -2.509013414048540016e-05 -0.08132101703979938145 2.081950032645249518e-06 2.520092715890688602e-05 0.9999999996802894087 0.4949458172566645331
0.9986577245409420378 0.05179526232800037849 -4.161063827112736728e-06 0.6951957770599238584 -0.05179526244843502686 0.9986577238294866987 -3.776028574562638365e-05 -0.1315526093992450407 2.199674624518574052e-06 3.79251244337330118e-05 0.9999999992784232017 0.4949465782962917948
0.9972398079433922868 0.07424799960117182962 -3.237801281269614859e-06 0.9706428398368536214 -0.07424799964705451616 0.9972398077884025991 -1.768597642277369087e-05 -0.16803421525890333 1.915715957005905411e-06 1.78775599995271391e-05 0.9999999998383614086 0.4949840615741916139
0.9952830801548459005 0.09701335144115028064 -1.367954783761293152e-06 1.3610796413974664 -0.09701335144588377202 0.9952830801473984135 -3.97207445530038735e-06 -0.226519351291498916 9.7615799560183158e-07 4.086048376674864682e-06 0.9999999999911756143 0.4949970588792049209
0.9934198969955760905 0.1145290716604807496 -3.468352785450867958e-07 1.794839148665925199 -0.1145290716535931758 0.9934198969611778285 8.369089316032867255e-06 -0.2791309555872162895 1.30305709668365985e-06 -8.274297123811661238e-06 0.9999999999649190618 0.4950156910955880729
0.991674275165437602 0.128771627214161799 1.397758591685519237e-06 2.335782360838949856 -0.1287716272198384526 0.9916742750332022682 1.620988999126197905e-05 -0.3423175383360574364 7.012526730562016066e-07 -1.625492255590805466e-05 0.9999999998676428747 0.495021941110978414
0.9895990394452010008 0.1438531929567715695 2.740449511314237979e-06 2.965154595614324151 -0.1438531928928340198 0.9895990393202465096 -1.652921665083119016e-05 -0.4600886524515486187 -5.089726795998522728e-06 1.596307450828000449e-05 0.9999999998596375006 0.4949780578837786882
0.9872471851359593265 0.1591948348431396487 -1.619564022515435069e-06 3.53703035827077672 -0.1591948348442368266 0.9872471849442219227 -1.951559242474521834e-05 -0.5702281556261471485 -1.507871490858048737e-06 1.952453991467438196e-05 0.9999999998082593766 0.4949857836459467531
0.9839614330251450491 0.1783813283812539785 -2.504978748614788517e-06 4.130256390556878543 -0.178381328378064391 0.9839614330278502186 1.445513079507656363e-06 -0.6814594620020886229 2.722655022506371857e-06 -9.754876844322157384e-07 0.9999999999958177899 0.4950198235753405784
0.9831231387505874331 0.1829450572507186346 -9.108096041044263001e-06 4.773726593730290624 -0.1829450574206936408 0.9831231384672952656 -2.403720716397664747e-05 -0.8935081161446146725 4.556891724571893343e-06 2.529781570706885846e-05 0.9999999996696276039 0.4948411411892931766
0.9804395331207719222 0.1968205318218709532 -1.222749140003251544e-05 5.48138895023040007 -0.1968205321845351297 0.9804395319635013095 -4.770764888401639293e-05 -1.153095542021167486 2.598471120012429825e-06 4.918108636277097472e-05 0.9999999987872343343 0.494770583206682768
0.9773953324999185011 0.2114198760346297501 -5.206587021077762367e-06 6.456078902636556371 -0.2114198760986009673 0.9773953321745997291 -2.521882100930839129e-05 -1.442621959328711068 -2.428661605652308532e-07 2.574953392854174698e-05 0.9999999996684512116 0.4948489981198663235
0.9756223066933903398 0.2194564072502196983 1.15178686870571941e-06 7.47725405469933424 -0.2194564072532154131 0.975622306682429441 4.625941875538208555e-06 -1.797638572330302109 -1.085163774992475005e-07 -4.765939091369723956e-06 0.9999999999886369784 0.4948365157769928357
0.9774025820952967347 0.2113863583933415502 -9.388870709645675807e-07 8.271869474841883729 -0.211386358333997687 0.9774025819086999967 1.976690529994177555e-05 -2.070467570414003866 5.096124775342206378e-06 -1.912175636137822141e-05 0.9999999998041939619 0.4948703954296535534
0.9756484271020453569 0.2193402532492245982 3.222369682109610914e-07 9.203059179248356259 -0.2193402531901069152 0.9756484268028005058 2.469723034456246588e-05 -2.372058249128607965 5.102706767238027225e-06 -2.416649347764388198e-05 0.999999999694971442 0.4948811723007920937
0.9735686935063507796 0.2283943935806534431 2.737804739237025021e-06 10.29515261393875925 -0.228394393512399041 0.973568692749119613 3.889867128782487337e-05 -2.681729711170196762 6.218797458894587452e-06 -3.849582783779407987e-05 0.9999999992396988446 0.4948926470105105002
0.9730714569876771636 0.2305036649526846504 6.441470420579619487e-06 11.3752881707526452 -0.2305036650155563582 0.9730714560644122546 4.253602510648235059e-05 -2.97883369781417473 3.536698678214357808e-06 -4.287537446486209831e-05 0.9999999990745970235 0.4948726077754517783
0.9728360680951037009 0.2314951069154090046 9.47180663269202678e-06 12.45692604545568649 -0.231495106849750637 0.9728360642534777947 8.714733978028044734e-05 -3.231693419622370556 1.095966765391138093e-05 -8.697275226529127188e-05 0.999999996157812987 0.4948795553029249339
0.9766572364653460792 0.2148037299917912035 6.612068110567340465e-06 13.50135237277621769 -0.2148037300915200398 0.9766572358593162972 3.441862877009995266e-05 -3.503219340013879801 9.355256768400298359e-07 -3.503549975130153173e-05 0.9999999993858192937 0.4948261821350184442
0.9808495620720446562 0.1947668775240834205 2.197709021718108338e-06 14.61905121702429078 -0.1947668774808609116 0.9808495619991608461 -1.283131639833627531e-05 -3.785590799466397538 -4.654737360781330807e-06 1.215755014634442865e-05 0.9999999999152636709 0.4948016953738376134
0.9838692943227902443 0.178888824942883079 1.249912185337661994e-06 15.90117978773155194 -0.1788888249312432788 0.9838692941172716422 2.025175448590958355e-05 -4.032210442723342503 2.393062343519381854e-06 -2.014867471695256062e-05 0.9999999997941521057 0.4948531590619328346
0.9843895849142026977 0.1760032530931613381 3.911671489893899686e-06 17.33636663381517096 -0.1760032531340244843 0.9843895847774397634 1.643694257852928314e-05 -4.3196706676064478 -9.576533089957602709e-07 -1.686882198954996854e-05 0.9999999998572628446 0.4948303838208245042
0.9836152868461107701 0.1802802469529257989 6.593041186328908322e-06 18.69034463586155326 -0.1802802470483156894 0.9836152854399518031 5.268124282349646436e-05 -4.550586375275480044 3.012371377598708708e-06 -5.300667086511419348e-05 0.9999999985906092848 0.4949243460864081179
0.9854207821219593821 0.1701348939686156692 4.320513580049196623e-06 19.9456186922156995 -0.1701348940234193585 0.9854207817834205185 2.583070124294296698e-05 -4.797922148088163752 1.371797473451260065e-07 -2.618917994164793943e-05 0.9999999996570539951 0.4949092641054106956
0.987224566144013771 0.1593350430963898223 6.743012644518571553e-06 21.31529997724797809 -0.1593350431754007868 0.9872245660618635954 1.350893680963072229e-05 -5.037577896503083075 -4.504420703185590689e-06 -1.441075249180122697e-05 0.9999999998860201744 0.4949048104016313676
0.987870410487555306 0.1552805591103491867 6.910808932150622547e-06 22.7114081946687314 -0.1552805591718970923 0.9878704104563916788 9.498227994826861361e-06 -5.273396761890143836 -5.352093502795049167e-06 -1.045613266346848899e-05 0.9999999999310121845 0.4949151042488569296
0.9882925874947112721 0.1525705130795623754 6.624231385852272547e-06 24.25717233539233675 -0.15257051316031639 0.988292587403000633 1.41602637695728136e-05 -5.528993219893775013 -4.38624006721445456e-06 -1.500514610227088227e-05 0.9999999998778031918 0.4949230490015453787
0.9897713587283171188 0.1426627401669653961 3.374421791332636822e-06 25.81653913985758209 -0.1426627401997795364 0.9897713586381050588 1.343884549009146477e-05 -5.782742676994596209 -1.422683518728414329e-06 -1.378278861980910863e-05 0.9999999999040053433 0.4949271136931665538
0.9910694207420168711 0.1333469282383559495 1.307975547455051017e-06 27.34800878445227568 -0.1333469282394829092 0.9910694205676847668 1.862687620647813887e-05 -6.008788555018230504 1.187542156877014198e-06 -1.863494193365303238e-05 0.999999999825664343 0.4949353309339704077
0.9929507558299209835 0.1185276191371419791 8.380394481935446079e-07 28.91062749292929013 -0.1185276191393409562 0.9929507557733224798 1.061037057621347356e-05 -6.229488823164695432 4.254900591097280189e-07 -1.063490630382595127e-05 0.9999999999433588638 0.4949293541753292391
0.9950531222340035509 0.09934426973964685659 2.11906918002595285e-06 30.53798702925984543 -0.0993442697557761073 0.9950531221862820574 9.811035558431446593e-06 -6.423710077238308003 -1.133916240771477288e-06 -9.973018945017689927e-06 0.9999999999496265168 0.4949324396858297836
0.9965358525493617226 0.08316426255798445299 4.374499545779729132e-06 32.222056015094104 -0.0831642625982110667 0.9965358525054448524 9.998752304975612207e-06 -6.594200579463132428 -3.527806772195030527e-06 -1.032791718162975227e-05 0.9999999999404443063 0.4949356211720635224
0.9971536110282884779 0.0753967902610532259 5.81449965872806485e-06 33.94253628579203053 -0.07539679028105113201 0.9971536110382679396 3.300117562576049251e-06 -6.760517787361093767 -5.549131059379101517e-06 -3.729118755698945291e-06 0.9999999999776504334 0.4949310134222139612
0.997176371694923902 0.07509516444389321976 3.567131946154379972e-06 35.7125664268268892 -0.07509516444853296668 0.9971763717002507521 1.184867922369399301e-06 -6.92710297711713352 -3.468081839967653579e-06 -1.449396655872102672e-06 0.9999999999929358729 0.4949422959715574777
0.9973846838636721834 0.07227580781852016578 7.59057114671974248e-07 37.46528108428410775 -0.07227580782248062274 0.9973846838171348539 9.635086705872862191e-06 -7.084111982645351802 -6.068826524781678901e-08 -9.664749374282392038e-06 0.9999999999532944717 0.4949451152318435354
0.9972759960791419687 0.07376033924924106644 6.519822767646693062e-07 39.24062054054123649 -0.07376033924763279737 0.9972759958819502613 1.984871744911350272e-05 -7.237164245985064248 8.138418583510495794e-07 -1.984273989887571971e-05 0.9999999998028016313 0.4949597145041653157
0.9974027283323372295 0.07202636682036553384 -3.178674878950386618e-07 41.07679264366142036 -0.07202636680143884029 0.9974027281538486722 1.894405698509362229e-05 -7.397278508815558595 1.681513497092164021e-06 -1.88719592823382696e-05 0.9999999998205107987 0.494961760985565935
0.9975807438424975082 0.06951733248974290014 -6.266449601024203631e-07 42.88104970754743306 -0.06951733248304008128 0.9975807438144893569 7.563435785196097424e-06 -7.558219466330769798 1.150918825650864416e-06 -7.501575210560627349e-06 0.9999999999712009258 0.4949573764441304591
0.9977123057467665035 0.06760292126387412726 5.42387708873152557e-07 44.6802385445488639 -0.06760292126585561168 0.9977123056925455424 1.040287941470136873e-05 -7.705111880900433974 1.621181463905007669e-07 -1.041574780082579342e-05 0.9999999999457429567 0.4949599209202859007
0.9977461883666332021 0.06710099553711336429 1.256225084045707302e-07 46.5117144826696105 -0.06710099553712829679 0.9977461883600824422 3.617467702931192481e-06 -7.859220394645141994 1.173963052571464402e-07 -3.617744007514816221e-06 0.999999999993449018 0.4949528456950688104
0.9978602202242990993 0.0653833380604011416 -4.750596456898409993e-07 48.330759636210054 -0.06538333806211930888 0.9978602202013719946 -6.764385690878963078e-06 -8.016258063527816446 3.176500625917329045e-08 6.780972380596388416e-06 0.9999999999770087244 0.4949412162214419375
0.9978402217173666378 0.06568783695557132984 1.169559440079837122e-06 50.16032192424087555 -0.0656878369542494428 0.9978402217174936473 -1.134966091078665074e-06 -8.173518286415424328 -1.241586918541927953e-06 1.055688986155362545e-06 0.9999999999986719512 0.4949457625478971279
0.9978722210997453823 0.06519992606939778446 4.884596657880060503e-07 51.99047396260134946 -0.06519992606219934816 0.9978722210582409158 -9.165686679171501126e-06 -8.342140590331782235 -1.085022425454496194e-06 9.11433659035547102e-06 0.999999999957875807 0.4949459697697206062
0.9979190303149281238 0.06447952338622277291 -1.196660516335223495e-06 53.78194791001016029 -0.06447952339496768048 0.9979190302653221378 -9.965429141612350671e-06 -8.510500462533086008 5.516041806276899126e-07 1.002185148542879583e-05 0.9999999999496290704 0.4949484960491715158
0.9981410848141499814 0.06094567095275595786 -6.190260668824983507e-07 55.57772697212877233 -0.06094567095578881655 0.9981410847414690091 -1.204596283192171574e-05 -8.675968037987480841 -1.162739371820740557e-07 1.206129736767054719e-05 0.9999999999272557449 0.4949475121661673915
0.9984318088169717997 0.05598145357624914609 4.390200762316925559e-07 57.36877114845808023 -0.05598145357380288067 0.9984318088076314934 -4.372433165790746527e-06 -8.828367377223015566 -6.831067731008427406e-07 4.340999372636242312e-06 0.9999999999903445014 0.4949460709476634634
0.9986526906977895024 0.05189222835044041832 1.060095557893417212e-06 59.15628132017034346 -0.05189222835931196071 0.9986526906291537387 1.171706889851182607e-05 -8.964677619465330594 -4.50642466334857339e-07 -1.175629310336311759e-05 0.9999999999307932486 0.4949604728120108321
0.9987236945567770086 0.05050724630133174298 2.037479657911921366e-06 61.00840961610222024 -0.0505072463211485162 0.9987236944943705952 1.126068128969345722e-05 -9.111315836961255243 -1.466133207987579112e-06 -1.134921670782550671e-05 0.9999999999345228208 0.4949542819067261346
0.9987635250737754156 0.04971338831867571501 2.513099363897940094e-06 62.9142673259507319 -0.04971338835150461433 0.9987635249573433294 1.535016720100763424e-05 -9.251411249696420924 -1.746883156434499999e-06 -1.545612178879360462e-05 0.9999999998790283229 0.4949601041259322765
0.9986624177119279855 0.05170469462497664231 2.395304598885173271e-06 64.82434531830750757 -0.05170469465679690402 0.9986624175848127782 1.601053521291702296e-05 -9.397473355259657879 -1.564280847608346134e-06 -1.611296829748905249e-05 0.9999999998689625968 0.4949579124481870984
0.9985602285936067135 0.05364205315287601944 2.619293098162839344e-06 66.777753178395443 -0.05364205320505189417 0.9985602282070471514 2.780771754462762417e-05 -9.536661772460288233 -1.123858851253581833e-06 -2.790818504776108489e-05 0.9999999996099350197 0.4949705092077982815
0.9984524924027978754 0.05561133344429843028 3.069342588004445545e-06 68.73976142085544438 -0.05561133350498562167 0.9984524920728978792 2.571867034913932659e-05 -9.690689070389510107 -1.634343203488578008e-06 -2.584956074568665915e-05 0.9999999996645645428 0.4949690759902165005
0.9983446643111455465 0.05751461762599598126 1.741881644846933751e-06 70.68525361044498823 -0.05751461765125527592 0.9983446640227153779 2.400071392591029279e-05 -9.844040910880925921 -3.586063612923611388e-07 -2.406116834438786365e-05 0.9999999997104658256 0.4949683517262666865
0.998169187597456542 0.06048365838969040065 1.032335738459604408e-06 72.62963651925474551 -0.06048365839849859787 0.9981691874562103051 1.679212635815569718e-05 -10.01079011537969876 -1.479649095700347597e-08 -1.68238225671116618e-05 0.999999999858479427 0.4949611695090909702
0.9980898699816940223 0.06177872968923690811 3.774070809438705034e-07 74.57789250158729999 -0.0617787296853393661 0.9980898698033621175 1.888402392523285214e-05 -10.17153648991319059 7.899448252399182948e-07 -1.887126871430181633e-05 0.9999999998216255737 0.4949649427575054661
0.9979278779747154937 0.06434244604543050416 -7.040470750271315095e-08 76.49845875625982217 -0.0643424460258594233 0.9979278776969946474 2.359691151992685917e-05 -10.33350593572465748 1.588541826647795567e-06 -2.354348582874526684e-05 0.9999999997215903713 0.494969247109942001
0.997721667927298439 0.06746460812770448123 8.81935054191622331e-07 78.42865091546191536 -0.06746460813052562733 0.9977216676764020242 2.238406918037436498e-05 -10.50939278904007779 6.302067425070629499e-07 -2.239257024047075736e-05 0.9999999997490878201 0.4949716025370892725
0.9971368357074333888 0.0756183236743837861 1.508639709328552425e-06 80.35498517016196729 -0.07561832368934344462 0.9971368354770890896 2.143322468026704301e-05 -10.69383593543197719 1.164242956232480425e-07 -2.148593864255854768e-05 0.9999999997691704223 0.4949742086926147699
0.9957316195314940277 0.0922959471565812789 2.427025436013210918e-06 82.28949921025247249 -0.09229594718090507188 0.9957316194425449574 1.336186610826498685e-05 -10.91129094839157254 -1.183419879587948838e-06 -1.352883719139466472e-05 0.9999999999077849866 0.494966739719594262
0.99255767013772489 0.121775496082668036 2.612340034449098267e-06 84.21521301915011293 -0.1217754961106388423 0.9925576698896311223 2.219249414968217871e-05 -11.16906878056449059 1.096038468370457179e-07 -2.234544929145835721e-05 0.9999999997503344895 0.494983806494100953
0.988890099735596162 0.1486484801169414005 2.465551126441551612e-06 86.13251460428804762 -0.1486484801288647239 0.9888900993652343097 2.711140511166905583e-05 -11.48299659523755878 1.591910065267435132e-06 -2.717670053247611214e-05 0.9999999996294464122 0.4949901237309457525
0.9836518156406868219 0.1800808307018199328 1.660014415782656406e-06 88.0180631528457269 -0.1800808306695964311 0.9836518151870998761 3.011153523576039974e-05 -11.84284799259882348 3.789634085641489791e-06 -2.99182030813018806e-05 0.9999999995452698576 0.4950012480877615251
0.9766124505049618154 0.2150072592239156144 1.395115998116009424e-06 89.87259467079617536 -0.2150072591325819238 0.9766124498552244404 3.61981274884641839e-05 -12.25997557599896481 6.420372527580271302e-06 -3.565150205712697286e-05 0.9999999993438746237 0.4950177909280370492
0.9664128297388233646 0.2569946351924601857 8.526846044441467631e-07 91.69016665123291432 -0.2569946351394757911 0.9664128294606725289 2.378187548762735899e-05 -12.75756629322776448 5.287769073916884737e-06 -2.320224495530248741e-05 0.9999999997168477206 0.4950099888878534138
0.9515860864388575591 0.3073823679035564971 4.631420047768311943e-07 93.4809015778804735 -0.3073823678597757958 0.9515860862756307936 1.837873966932508332e-05 -13.34393522359941642 5.208581030924741863e-06 -1.763131464169526426e-05 0.9999999998310037386 0.4950143940825875721
0.9335559455482895785 0.3584317180818140103 2.567272977996230269e-06 95.23650950933148351 -0.3584317180490956267 0.9335559453056455625 2.197928913737812363e-05 -14.01947396633036824 5.481381415896478254e-06 -2.14390881173284898e-05 0.9999999997551599629 0.495031930050642055
0.9125125009861496661 0.4090488180330838497 3.460094489556200731e-06 96.92293071183775055 -0.4090488180079970282 0.912512500747009625 2.165484348885098685e-05 -14.78357872757966973 5.700508658320040975e-06 -2.117566295162400021e-05 0.9999999997595477863 0.495042801673976185
0.888683737670395546 0.4585206804395598468 3.413389431754007655e-06 98.56323260421642374 -0.4585206803922467489 0.8886837374089965325 2.279565047962724543e-05 -15.63696163332649469 7.418853491537545935e-06 -2.182323351555463827e-05 0.9999999997343534952 0.495056788939549075
0.8629123456739057341 0.5053536223975845232 3.928137793654464145e-06 100.1461386006995298 -0.5053536223215652212 0.8629123453442176794 2.571473145816417788e-05 -16.56908315224638173 9.605394095006757461e-06 -2.417465790394054734e-05 0.9999999996616611986 0.4950735441467509768
0.8342403256276696988 0.5514010147722141486 2.654241398290020235e-06 101.6577067090290001 -0.5514010146642964738 0.8342403253470515034 2.437750712790473037e-05 -17.57439883081593379 1.122750696028447635e-05 -2.180025088455518056e-05 0.9999999996993460538 0.4950860897475661271
0.8032070540116439394 0.5956999482847361582 1.315877001488309281e-06 103.1089803692584326 -0.5956999481884608372 0.8032070538378993652 1.988818271573115936e-05 -18.65975093923418626 1.079046772565996571e-05 -1.675819651035669082e-05 0.9999999998013643365 0.4951035333757290435
0.7690818776436804116 0.6391502683095021675 1.481662221866542026e-06 104.4954090952695225 -0.6391502682217808928 0.7690818774952122849 1.851210146801863049e-05 -19.8191022427176371 1.06924950568499861e-05 -1.518432656267418236e-05 0.9999999998275533875 0.4951206791016807274
0.7280999374159319304 0.6854709921535357964 7.293570276532644066e-06 105.8270404470160884 -0.6854709921047500432 0.7280999371115844943 2.373329275016426384e-05 -21.06400645148004358 1.095803566886307506e-05 -2.227973981950913968e-05 0.9999999996917673384 0.4951494510481545541
0.6753700462740624966 0.7374790170131334532 7.959015863210430086e-06 107.0404382875005069 -0.7374790169331584266 0.6753700459251162913 2.554684950058943278e-05 -22.38199719356713047 1.3464984548421997e-05 -2.312318412392543523e-05 0.9999999996420062542 0.4951703307083671346
0.6137923809609414638 0.7894674869848479215 8.388110270376056775e-06 108.1497265021002363 -0.7894674868749416152 0.6137923805960171508 2.630344186625313628e-05 -23.79561012048699098 1.561715397764687946e-05 -2.27669925453388956e-05 0.9999999996188843054 0.4951969258514306582
0.5492959377350535854 0.8356278913292723987 4.753370967152333284e-06 109.1288105906362915 -0.8356278911821120037 0.5492959375089921936 2.273514563795579163e-05 -25.28015285016128288 1.638711444677894196e-05 -1.646037250003172368e-05 0.9999999997302593258 0.4952197812337840732
0.4899737370063353969 0.8717371949425061217 -2.241571060330334122e-07 109.9864555412786729 -0.8717371947892792461 0.4899737369250011243 1.862527057613749313e-05 -26.81862150703634029 1.634617222198859863e-05 -8.930487340138912249e-06 0.9999999998265244328 0.4952416564397455478
0.4350427282792528327 0.9004098092257933894 -4.85257525567807322e-06 110.7468339399969324 -0.9004098091296668382 0.4350427283041077287 1.322982034365132233e-05 -28.41871135874833598 1.402333759024979959e-05 -1.38623077719399755e-06 0.9999999999007120888 0.4952633376372772012
0.3932229852549870008 0.9194431378877900851 -7.774542021368779218e-06 111.4354099184575801 -0.9194431378438167046 0.3932229853173868639 9.603706832873392887e-06 -30.08053378917356824 1.188719096888962403e-05 3.371851041089729613e-06 0.9999999999236626191 0.4952886573241657153
0.361415439343929612 0.9324048904281697636 -2.262078903314977473e-05 112.0501148142082002 -0.9324048906744308862 0.3614154394151371519 -9.994494964745039305e-07 -31.75809458277496944 7.243610810084142159e-06 2.145295080429377823e-05 0.9999999997436503918 0.495308596356420161
0.3371963759993566456 0.9414343330031327284 -2.565306910540148189e-05 112.627547597314944 -0.9414343333353978327 0.3371963760329219073 -3.135652690554561802e-06 -33.47421537886307163 5.698110837201778442e-06 2.520801073489816586e-05 0.999999999666043804 0.4953472588343857397
0.3204790021353349228 0.9472556194401183793 -2.513345600649180838e-05 113.1622692505695369 -0.9472556197431928338 0.3204790022246782333 -4.972696377911751068e-07 -35.18183396803171092 7.583703444643697731e-06 2.396717192302918426e-05 0.9999999996840310823 0.4953776336044788953
0.3122372762035844351 0.9500041490539080646 -1.146993891380762145e-05 113.6910558528982733 -0.9500041490333887007 0.3122372763172959753 9.976807820659234645e-06 -36.90671101206683602 1.305935130991280605e-05 7.781358258147500344e-06 0.9999999998844519844 0.4954148836077761353
0.3127609964705319601 0.9498318582977411939 -7.186962717228235712e-06 114.2222737262342633 -0.9498318582068095983 0.3127609965420151128 1.340437851728531271e-05 -38.64672921866319655 1.49797073779500422e-05 2.63403937043361055e-06 0.9999999998843350779 0.4954504531736798612
0.3133579564727819178 0.9496350831058483211 7.209952966601048925e-06 114.7653732638764268 -0.9496350829794987236 0.3133579562764180482 2.037203565987233362e-05 -40.38434507452818423 1.708670365043496892e-05 -1.32305637472847063e-05 0.9999999997664983376 0.4954856113269823781
0.3120213822246324376 0.9500750793976587838 2.333228024051855494e-05 115.3013540439515054 -0.9500750795052318454 0.3120213815951547454 2.70704875498818281e-05 -42.10867838740164615 1.843882529187537882e-05 -3.061398894735784275e-05 0.9999999993613969407 0.4955112643677238582
0.3106390930595188116 0.9505279342772757767 4.895651204655581486e-06 115.8249276298939492 -0.9505279341535431969 0.3106390929236070853 1.8537229927611407e-05 -43.84885147602106059 1.60993742208307958e-05 -1.041184151844655242e-05 0.9999999998162019121 0.4955431612050862356
0.3118168529201663097 0.9501422263142392799 -3.437620649948522918e-06 116.3424610186091286 -0.9501422261949452608 0.3118168529357425722 1.51260068547890639e-05 -45.58006103311875989 1.544376588090759427e-05 -1.450315317553386198e-06 0.9999999998796933465 0.4955679997419347727
0.3163007491582318087 0.9486589672129470685 -3.261703198965065716e-06 116.8714580819014515 -0.9486589670902271232 0.316300749170128348 1.536072932042563809e-05 -47.2983270352520222 1.560377277815587496e-05 -1.764366203982358431e-06 0.9999999998767046261 0.4956005910866708164
0.3226052055112946793 0.9465336133819369779 -1.083428925280489491e-05 117.3978320327310598 -0.9465336133209121261 0.3226052056327808337 1.24306828912110943e-05 -49.01727952434885793 1.526125730610921455e-05 6.24481594545645043e-06 0.9999999998640479726 0.4956260509526670965
0.331427275945526123 0.9434807685492575535 -1.180098796173614196e-05 117.9196581038203107 -0.9434807684920726301 0.3314272760820117236 1.251794675505813221e-05 -50.6611691416718628 1.572161132035575039e-05 6.985216197644455534e-06 0.9999999998520188171 0.4956539676189525845
0.3451170607601858897 0.93855964875707798 -9.973631192834679147e-06 118.4264703166999482 -0.9385596486780370951 0.3451170608703952869 1.310619600520684777e-05 -52.19528445666065863 1.57430170026647535e-05 4.837675945327350023e-06 0.9999999998643771537 0.4956797059361593982
0.3613744134308920497 0.9324207919761233754 -3.214131227510242218e-06 118.9225203395459545 -0.9324207918250001503 0.361374413431217234 1.708556073453909626e-05 -53.6125605111063237 1.709243685848756795e-05 -3.177361704397387048e-06 0.9999999998488765529 0.4957063076516535771
0.3756481338875922171 0.9267623640982480815 -1.697779054405244182e-07 119.3849896336741807 -0.9267623639210241793 0.3756481338193276565 1.948857375848584873e-05 -54.87912434482759494 1.812505344265990791e-05 -7.163502591518290015e-06 0.999999999810083251 0.4957281460195172018
0.3882447554893713182 0.9215562976996120037 -2.723084751505648261e-06 119.8012592393637874 -0.9215562975395833467 0.3882447554743175822 1.772160226918438928e-05 -55.99774165713385798 1.738867754997876588e-05 -4.37084323839533831e-06 0.9999999998392650191 0.4957418235744394663
0.3998046434303681451 0.9166003748054363243 5.317178569283713018e-07 120.1641124140362109 -0.9166003746441631073 0.3998046433490020646 1.89997298698736715e-05 -56.94153410747238553 1.720257625177670611e-05 -8.083553012763696982e-06 0.9999999998193636053 0.4957577292302595695
0.4079949109626619941 0.912984201696808273 9.101870432301710959e-06 120.481985922400284 -0.912984201570441245 0.4079949106722741137 2.346358465967986046e-05 -57.73941677676086925 1.770836529548574517e-05 -1.788288704352355364e-05 0.999999999683307994 0.4957803851456675237
0.4163996180284761928 0.9091816969020481976 1.12376279537001395e-05 120.770042582818391 -0.9091816968084892592 0.4163996176879567468 2.408303742805250196e-05 -58.44767808837619327 1.721651285175207586e-05 -2.024521323705416373e-05 0.9999999996468615926 0.4957980525682094686
0.4236084696672856031 0.9058453865310115427 1.135146598694143703e-05 121.0634592247816528 -0.9058453864584504744 0.4236084693436327764 2.311965127942552467e-05 -59.15709667307746855 1.613425231813883705e-05 -2.007635319152966823e-05 0.9999999996683129888 0.4958102498252204837
0.4287410574919707784 0.9034274210584526399 2.2418135964984349e-05 121.3770350314507027 -0.9034274212110326996 0.4287410568866520943 2.731176565025678787e-05 -59.85113168130197892 1.50626226989082645e-05 -3.196283405006809515e-05 0.9999999993757471284 0.4958501903439497815
0.4297967149573370116 0.9029256798761758906 2.083890016868322805e-05 121.6772857872630595 -0.9029256799944698209 0.4297967144050375832 2.637028082133739562e-05 -60.52329039771137786 1.485391291481711599e-05 -3.01498381746584592e-05 0.9999999994351741472 0.495870515783384036
0.4297804392600313439 0.9029334271141188362 1.521971008380536697e-05 121.9801342887436419 -0.9029334271237000609 0.4297804388691803257 2.345841809458049999e-05 -61.20104995850434193 1.464025616553586645e-05 -2.382435421883379368e-05 0.9999999996090314092 0.4958732528734148826
0.4262359427291202429 0.9046120278381332147 1.478620089530872017e-05 122.2886606326574963 -0.9046120278353126931 0.4262359423436430927 2.350198474721945467e-05 -61.88010525789503191 1.495776780810873137e-05 -2.339316580062202579e-05 0.9999999996145125802 0.4958928564982736931
0.4232478119140548056 0.9060139566507710018 8.137124395584086038e-06 122.6111953125966068 -0.9060139565641074366 0.4232478116913153121 2.029279662434976315e-05 -62.60732098892457742 1.494153686724555656e-05 -1.596123003757041165e-05 0.999999999760994962 0.4958997453043411108
0.417254241651511093 0.9087897984787043359 2.662938670042847414e-06 122.9604628391058299 -0.9087897983722637019 0.417254241553396521 1.680575204566386768e-05 -63.40926247811123773 1.416177355979000052e-05 -9.432322822222752174e-06 0.9999999998552377978 0.4959029529423762406
0.4131413522010563 0.9106669111701363173 -1.886435574552903226e-06 123.338148812063082 -0.9106669110653040633 0.4131413521834473856 1.445833260136319345e-05 -64.28810703213669342 1.394608963483164624e-05 -4.255420623898009833e-06 0.999999999893699032 0.4959098142000588072
0.4073147680752925992 0.9132878405490177931 -3.913442321804233409e-06 123.744853639249186 -0.9132878404509887638 0.4073147680895066736 1.352010794993532627e-05 -65.24408072773346134 1.394175304532339538e-05 -1.932840347170735031e-06 0.9999999999009459017 0.4959236847439416063
0.4035388937091802242 0.9149624917167303861 -4.209027923929118513e-06 124.1763078324455165 -0.9149624916208363157 0.403538893728230319 1.333490886655801576e-05 -66.2726345196475819 1.389944791545503004e-05 -1.530051695143696572e-06 0.9999999999022322061 0.4959439989324236353
0.4033578570667828989 0.9150423154771587519 -5.561086564184086483e-06 124.6359227547589086 -0.9150423153992403025 0.403357857105027362 1.194447920699189412e-05 -67.3741401909957176 1.317281187043949191e-05 2.707299891156130649e-07 0.9999999999132018758 0.4959694741699225418
0.4023760411858646746 0.9154744788495039476 -7.553370471620372542e-06 125.1186868056206976 -0.9154744787872833856 0.4023760412489715832 1.0963156742982246e-05 -68.53836550207091705 1.307578551428458019e-05 2.50360628645260251e-06 0.9999999999113778903 0.495989869424856511
0.4003291749377602682 0.9163714048440712023 -8.943613479609893044e-06 125.6274935049498538 -0.9163714047900490822 0.4003291750185198339 1.06928052303005121e-05 -69.77884099948089158 1.337897035659125502e-05 3.915029752592964705e-06 0.9999999999028377218 0.4960055311376874165
0.3988333358917873217 0.9170234294571629752 -3.207055144634368054e-06 126.1494884651635573 -0.9170234293495265199 0.3988333358950575391 1.432085705441086163e-05 -71.03088846800166323 1.441164195053558415e-05 -2.770690484994470677e-06 0.9999999998923139177 0.4960340427166438637
0.4000005547231222924 0.9165148968827151466 -3.93614887385915911e-06 126.6695491511561187 -0.9165148967739682462 0.4000005547369649417 1.427430439531081262e-05 -72.29627139313920736 1.465707435401172268e-05 -2.102190597599031072e-06 0.9999999998903754683 0.4960565874480837856
0.4061618916263989298 0.9138011368900831322 -3.330126851621444979e-06 127.2178836512086946 -0.9138011367800613627 0.4061618916301921178 1.445975517489146178e-05 -73.59780818448506068 1.456591133939114404e-05 -2.829927811655044866e-06 0.9999999998899128384 0.4960791905637391697
0.4188491110138308771 0.908055847494728785 -5.982169915882156341e-06 127.7901470727087485 -0.9080558474200656205 0.4188491110561904374 1.165755064277157871e-05 -74.931257479305998 1.309133358008899073e-05 5.493896490536056666e-07 0.9999999999141575557 0.4961012309563140876
0.4409602650888694853 0.8975266260978239652 -7.77453871700662592e-06 128.3885912045275575 -0.8975266260430823095 0.4409602651504725968 1.021659910655751082e-05 -76.25897818387451821 1.259793238037646321e-05 2.472741253381960711e-06 0.9999999999175887 0.4961238313020898683
0.4740244336262823266 0.8805116900355122178 -6.190413248490059215e-06 129.0253487055280175 -0.880511689956681276 0.4740244336666843417 1.178309618754250314e-05 -77.55127360879436083 1.330956107222229008e-05 -1.347442657056288573e-07 0.9999999999114188576 0.4961452877115515303
0.5205327760292099981 0.8538416885272450685 -3.807899838568719989e-06 129.699649130800907 -0.8538416884146459163 0.5205327760253209979 1.452007595072793875e-05 -78.76430054435644479 1.437998284110993585e-05 -4.306831815310010564e-06 0.9999999998873336793 0.4961657862151816478
0.5817489977996913586 0.813368368917872453 -2.273224157029138742e-06 130.4284728223531999 -0.813368368790022056 0.5817489977538700119 1.632358439587261177e-05 -79.886714775269553 1.459953308998572592e-05 -7.647260238300708135e-06 0.9999999998641866394 0.4961875089427559837
0.6524466976695184606 0.7578346169854907055 -9.097378891862104105e-07 131.229369277937451 -0.757834616867225308 0.6524466975880161002 1.692425935236501597e-05 -80.90966324951828881 1.341934508553288236e-05 -1.035274626025198689e-05 0.9999999998563708914 0.4962043052476867167
0.7267947830119106944 0.686854674138924759 1.553649374630305166e-06 132.0845502957428153 -0.6868546740094797487 0.7267947828270076016 2.118978634337182891e-05 -81.78493486009865876 1.342511953412635226e-05 -1.646775750223640638e-05 0.9999999997742895497 0.4962226520362864046
0.8025079871602749382 0.596641375145361752 3.29367405142490297e-06 133.0048821251988045 -0.5966413750181520648 0.8025079868467184241 2.580521018737381731e-05 -82.52627556198115144 1.275325635977154211e-05 -2.26740295006209471e-05 0.9999999996616214526 0.4962412404145765121
0.8722495664952583105 0.4890610327334673491 3.569486946328279221e-06 133.9893124244063358 -0.4890610326142542652 0.8722495660664452144 2.962111081357611219e-05 -83.12460030376705333 1.137304760518533165e-05 -2.758269803812418103e-05 0.999999999554924246 0.4962576687059718217
0.9319039752650879471 0.3627050880206139083 3.364240341605136035e-06 135.0036617222144173 -0.3627050879594962973 0.9319039748371055198 2.921182078712611697e-05 -83.5593297655945122 7.460127083187803337e-06 -2.844283900527293409e-05 0.9999999995676757125 0.4962644604602606813
0.9750188928375153052 0.222121945339437854 3.280601413335103517e-06 136.0636751371037576 -0.2221219453413611211 0.9750188924239756583 2.85714205391999648e-05 -83.83896893395009897 3.147691154763755892e-06 -2.858636838874540562e-05 0.9999999995864558011 0.4962624560539385388
0.9977972031839840161 0.06633808342928920743 2.716754316773906751e-06 137.1095619998920654 -0.06633808348216807538 0.9977972026788369808 3.175584389856692921e-05 -83.93164215232657455 -6.041480357320008296e-07 -3.186611650140395188e-05 0.9999999994920928392 0.4962640101244737978
0.9950329700299163083 -0.09954591177963126314 1.907478199071786211e-06 138.1100893251781088 0.09954591166340659436 0.9950329694989114016 3.291674927539750621e-05 -83.84799761555689201 -5.174731516117813134e-06 -3.256336913892420048e-05 0.9999999994564245931 0.4962490099197034987
0.9626929928592429242 -0.2705960116130228799 1.034985263973767976e-06 139.0577733866504104 0.2705960114492378943 0.9626929923963445379 3.132041562915457235e-05 -83.59921240350513472 -9.47155261217244884e-06 -2.987188177528618267e-05 0.9999999995089802196 0.4962356045438660601
0.8992549669368767873 -0.4374248557656199021 1.26708800945126525e-07 139.9313535363058918 0.437424855583365968 0.899254966570487313 2.860796995984963792e-05 -83.18998127385353314 -1.262778065199251323e-05 -2.567043350142118817e-05 0.9999999995907840056 0.4962206994635346424
