0.9999727208254474142 0.007386311999347235611 0 -0 -0.007386311999347235611 0.9999727208254474142 -0 0 -0 0 1 0.4949999999999998845
0.9999664589102658097 0.008190302475027328236 1.436607199601362372e-06 0.003178770005288600754 -0.008190302483527823682 0.9999664588931402864 6.014514244054571128e-06 0.001450605853871589097 -1.387298323306968757e-06 -6.026078758207268982e-06 0.9999999999808806272 0.494988098984494973
0.9999167875615367906 0.01290030823516436984 -1.512206943520487123e-06 0.02140961608005155503 -0.01290030822394448717 0.9999167875368433211 7.208256616680498905e-06 0.003995500563237814814 1.605069841249340524e-06 -7.188148864400536533e-06 0.9999999999728769184 0.4949856528350550233
0.9999157962348893536 0.01297691944165865058 -1.996148510309661943e-06 0.009920758846944837187 -0.01297691943533433104 0.9999157962320046611 3.149230035888470287e-06 0.007106202040305444577 2.036847731562607919e-06 -3.123061000462987986e-06 0.9999999999930486716 0.4949817946245379519
0.9999582929281851662 0.009133039273836907057 -6.95562960628490036e-08 -0.01771045542855720356 -0.009133039273521279325 0.9999582927497651097 -1.889010582639166671e-05 -0.01593016922455333176 -1.029706833384154482e-07 1.888995323577504135e-05 0.9999999998215792774 0.4949646782441277648
0.9999836773370099907 0.005713585542169486581 1.426795437500099802e-06 0.0410099483548974561 -0.005713585530971061581 0.9999836773081908214 -7.733106192265549206e-06 -0.02397415471144390825 -1.470955912094365537e-06 7.724827849611899823e-06 0.999999999969081399 0.4949963593110243698
0.9999758732440287012 0.006946432715478759352 -2.14569241317710057e-06 0.009982129456395776382 -0.006946432700822845717 0.9999758732235566328 6.763938271147064578e-06 -0.01563539451255644558 2.192625886626993341e-06 -6.748870171314554353e-06 0.9999999999748223622 0.4950159581621939031
0.9999673344754080873 0.008082696242394819819 -2.415174512983184232e-06 0.02289985660562729106 -0.008082696207838935623 0.9999673343807337078 1.399050460346316862e-05 -0.0004392178236489388131 2.528176618799815398e-06 -1.397052647441361509e-05 0.9999999998992161743 0.4950291780709594747
0.9999761057105226447 0.006912887250367936824 -3.37507404336947075e-07 0.03845908174102965343 -0.006912887248412704841 0.9999761056955437377 5.486151671229217076e-06 -0.0001023628389332650001 3.754244877731572022e-07 -5.483687432901433479e-06 0.9999999999848938614 0.4950110605668530672
0.9999622757762244296 0.008686024581513731788 1.906828762108026603e-06 0.04645070550499717787 -0.008686024570008547829 0.9999622757603736645 -5.96123141612998676e-06 -0.009894660863200314613 -1.95853623105964446e-06 5.944443771823542882e-06 0.9999999999804136674 0.4949945362113213898
0.9999181255847862104 0.01279617607757613414 -2.651726380593239787e-06 -0.005918625715813084429 -0.01279617606762180858 0.9999181255814448832 3.737464397023764912e-06 0.001639241202613261721 2.699334524545656948e-06 -3.703226436662643341e-06 0.9999999999894996217 0.4950123046216046707
0.9999738439905829779 0.007232657572939118866 -1.167169565689352522e-06 0.009424581824973009628 -0.007232657571877440343 0.9999738439908565368 9.11270706282290141e-07 0.002974569530101192801 1.173729946165680152e-06 -9.028051332809873473e-07 0.9999999999989034327 0.4950057987629894463
0.9999426683733395604 0.01070793949775119928 -5.921034148749911865e-07 0.02823951571405824978 -0.01070793949636546921 0.9999426683708937391 2.295951329454819071e-06 0.01008535182699287283 6.166543765472142517e-07 -2.289479491288292419e-06 0.9999999999971888043 0.495009415185953372
0.9999120511790582366 0.01326234930587139559 -1.000030413115061225e-07 0.01151970280322063035 -0.01326234930623705795 0.9999120511596402139 -6.231608380702487715e-06 0.001322519377809274399 1.734847907770331326e-08 6.23238659335839637e-06 0.9999999999805783135 0.4949943688898958971
0.9999822043963937368 0.005965809583693752922 2.961853325236272595e-06 0.04828916466077286945 -0.005965809546263718156 0.9999822043230104374 -1.248932726980356632e-05 -0.01778355119358947939 -3.036309565370629344e-06 1.24714351618440011e-05 0.9999999999176218957 0.4949870726417004985
0.9999669837295113162 0.008125973977623606945 2.256293920426264111e-07 0.01146293528141506882 -0.008125973977320375546 0.9999669837286760954 -1.31372498135903387e-06 -0.01757334240827804206 -2.362972376137979529e-07 1.311848148491422936e-06 0.9999999999991113775 0.4950100354802036695
0.9999385209731448398 0.01108847483377386686 -1.46051348559625035e-06 0.01439194527891548246 -0.01108847482539677097 0.9999385209584881196 5.624076486984327364e-06 -0.01214859986326491045 1.522786125216117933e-06 -5.607535857217780685e-06 0.9999999999831180597 0.4950167855365860681
0.9998897862296064476 0.01484639302917616435 -3.157146050186452058e-06 -0.0001325172165617716268 -0.01484639300354749676 0.9998897862030333705 7.991808194355354197e-06 -0.00414814021692973961 3.275447614599872696e-06 -7.944055156011328486e-06 0.9999999999630815317 0.4950184973534002553
0.9999584051631994486 0.009120742558499581043 -9.406344473344631991e-07 0.03337334333211154636 -0.009120742554736483571 0.9999584051559529119 3.930140197220550319e-06 0.0006290402491833641365 9.764411187489210742e-07 -3.921397439048204621e-06 0.9999999999918344207 0.4950074188208467008
0.9999851742979036784 0.005445290165125581811 1.281251473446878659e-06 0.03380812868318368303 -0.005445290162383650129 0.9999851742964626089 -2.133868587042154387e-06 -0.003806291701327177163 -1.292852011623128498e-06 2.126860164898233376e-06 0.9999999999969022557 0.4950005098769045819
0.9999551795726382419 0.009467779466662619089 2.368446796687959346e-07 0.01945411658829000398 -0.009467779467816685515 0.999955179557694751 5.469903743102465208e-06 0.006092866480212003576 -1.850462218419878957e-07 -5.471900972874299574e-06 0.9999999999850117671 0.4950131651391914134
0.999970936436060498 0.007624059640118457243 -1.572486607932404175e-07 0.01559766379593517313 -0.007624059640060031756 0.9999709364360052088 3.687252153143056044e-07 0.00319207891296481713 1.600552736192627939e-07 -3.675156256771545172e-07 0.9999999999999193978 0.4950011651193343409
0.9999775803973440791 0.006696170907150114128 -2.970555200203351856e-07 0.04277927203681025636 -0.006696170907751090862 0.9999775803952404285 -2.070556439955734571e-06 0.00184358311679469586 2.831840603578348215e-07 2.072499153434263476e-06 0.9999999999978120835 0.4949991652974329304
0.9999977368601981054 0.002127504682371019612 7.354966088193353593e-07 0.1008446416190554307 -0.00212750467797928047 0.9999977368429476821 -5.921178859134894043e-06 -0.003260565972119616567 -7.480922800229744281e-07 5.919600686203443961e-06 0.9999999999821991281 0.4949924654974798832
0.9999939827674064752 0.003469067768541279385 -1.719227175263614698e-07 0.1639952653492504908 -0.003469067769141436896 0.9999939827608556042 -3.623145965827534105e-06 -0.004850241552335442068 1.593527441354933047e-07 3.623720576073692102e-06 0.9999999999934213735 0.4949956567140121333
0.9999981592761608695 -0.001918708412749616041 2.132936574251392867e-06 0.2757852099741178176 0.001918708444173725016 0.9999981591684153903 -1.482967656991798773e-05 -0.02730164010515114328 -2.104478822681246971e-06 1.483374175599471559e-05 0.999999999887765445 0.4949781371290664644
0.9999626767828048157 -0.008639736231110216325 1.207116286256996201e-06 0.4843104665970352496 0.00863973623017407627 0.9999626767832383578 7.786093610179388013e-07 -0.02042150010368423349 -1.213798212300458259e-06 -7.681511344992370803e-07 0.9999999999989680477 0.4950072349790437531
0.9998432753661062877 -0.01770380475346593555 -2.158788903784983192e-06 0.7295450945844523805 0.01770380478765352233 0.9998432752232094822 1.70058405015286368e-05 0.005394342386871646584 1.85738248816830481e-06 -1.704139404473233792e-05 0.9999999998530703094 0.4950198335673675065
0.9995915513985228484 -0.02857849483886740205 -2.769750594856596658e-06 1.065136645134793003 0.02857849489217326872 0.9995915511668492792 2.162828855306188038e-05 0.03499848830610408773 2.150515360670806703e-06 -2.169860981207774459e-05 0.9999999997622726067 0.4950349719361762379
0.9989546441093452023 -0.04571235078385328665 -6.465684090181737779e-07 1.468384349857670079 0.04571235078138582292 0.9989546441038098523 -3.420933236924195538e-06 0.05672568588560253366 8.022714150539321704e-07 3.38780098229624083e-06 0.9999999999939394035 0.4949986368198101006
0.9981878375142495541 -0.060175086498500098 2.399355722156153018e-06 2.005307988215244031 0.06017508653158163551 0.9981878373589705422 -1.765702872108613816e-05 0.09218975208248236797 -1.332494468756090193e-06 1.776941275422876069e-05 0.9999999998412359981 0.4949880171983969679
0.9979876722686937818 -0.06340824868766033184 5.572167550215522676e-07 2.568076937365479484 0.06340824868952175952 0.9979876722587324167 -4.467353475825617939e-06 0.149524498441143544 -2.728283921166841673e-07 4.493695835117043109e-06 0.9999999999898658842 0.4950088596870600988
0.9974448416171129983 -0.07144080016916798392 2.198638522082441066e-06 3.223738796561969266 0.07144080019701544437 0.9974448414595529222 -1.775303208050421882e-05 0.1921732076369319087 -9.247298348252688884e-07 1.78647427671236152e-05 0.9999999998399976553 0.4949893536211461553
0.9967548810879229837 -0.08049662718309906484 6.463623037830884122e-06 3.969991515511673619 0.08049662734869009184 0.9967548805904226095 -3.173154529496793712e-05 0.2343425292178988595 -3.888365437701998667e-06 3.214887251222049795e-05 0.9999999994756650912 0.4949573958838803245
0.9966060518449687544 -0.08231875482946733602 5.616228326459363074e-06 4.741005885497298067 0.08231875498883113595 0.9966060510443159881 -4.001469268351116296e-05 0.2711030506061826717 -2.303207457605458385e-06 4.034120581467096891e-05 0.9999999991836409086 0.4949420554802129169
0.9969095280733685227 -0.07855821292718180582 4.522582844432422743e-06 5.501204531522323471 0.07855821304169877117 0.9969095273722488049 -3.742147792628950623e-05 0.3035105963604600166 -1.568841494961666447e-06 3.76611139258969119e-05 0.9999999992895893808 0.4949356308325733034
0.9976720715156879304 -0.0681941177750073485 4.5515795664678819e-06 6.355116206281074653 0.06819411789400359192 0.9976720708854053266 -3.552630313894330078e-05 0.3253927645904123311 -2.118298911509985914e-06 3.575399139948351186e-05 0.9999999993585821922 0.4949335473574107414
0.9980878008969876758 -0.0618121484724154166 2.017803851656792811e-06 7.273126247174966252 0.06181214849933362038 0.9980878007235040039 -1.862922233210402876e-05 0.3512480305866246821 -8.624331518739010136e-07 1.871832434119190388e-05 0.9999999998244401 0.4949537334777246445
0.9983815716328550138 -0.05687035619733171038 3.483024777226884479e-06 8.239628269737224286 0.05687035627951463057 0.9983815711275844107 -3.180706899384418227e-05 0.3463291859691994268 -1.668508406091032528e-06 3.195367239112008794e-05 0.999999999488089264 0.4949371078271261326
0.999008663087872395 -0.04451618893273045358 7.210194584677272786e-07 9.227825029418161407 0.04451618893769667545 0.999008662835814909 -2.244309991751118006e-05 0.3420971348289602587 2.787765910816613156e-07 2.245294828258129183e-05 0.9999999997478934421 0.494929403877887919
0.9996443454804936346 -0.02666800598369658756 2.821578381260721871e-06 10.30636731462526257 0.02666800604426073154 0.9996443451898360255 -2.420412809462057415e-05 0.3293319299390668475 -2.175099040479685399e-06 2.427076565639883703e-05 0.9999999997030991628 0.4949332111500636122
0.9997574550584036324 -0.02202342055680493391 2.086790415087300864e-06 11.44697335293087193 0.02202342056649382943 0.9997574550491331591 -4.739668500554464585e-06 0.3167498527485612669 -1.981900561921051188e-06 4.784477180880408917e-06 0.9999999999865901712 0.4949435423386665533
0.9998043661634763435 -0.01977951974049482059 1.231813453763625185e-06 12.61742692059889492 0.01977951971884640489 0.9998043660425121049 1.562865365447473125e-05 0.3107952736456838227 -1.540699732698779106e-06 -1.560123148250195456e-05 0.9999999998771137433 0.4949568906234111942
0.9997872129517603179 -0.02062834989761275217 9.410758611986180834e-07 13.82478037696997752 0.020628349883827269 0.9997872128698951366 1.285106530652516785e-05 0.3008637152659096037 -1.205971884067003109e-06 -1.282891792413982853e-05 0.9999999999169820741 0.4949597585695255098
0.9997768465307974584 -0.02112479924518634658 1.318495647400922445e-07 15.09271106811957885 0.02112479924183912131 0.9997768464511747055 1.262413588894340468e-05 0.2951497477480852782 -3.985024783396951692e-07 -1.261853347363884851e-05 0.999999999920306637 0.4949670322505227982
0.9997566446975284515 -0.02206017640918046807 1.472506237940585569e-06 16.42350940764545086 0.02206017639899887986 0.9997566446770159709 6.605488313100505507e-06 0.2866234147368993401 -1.617866133165233333e-06 -6.571397085136505079e-06 0.9999999999770994297 0.4949633579661036342
0.9997246312699393789 -0.02346618039079270343 3.504732819366119641e-06 17.84501173894953396 0.0234661803532986539 0.999724631223062099 1.03813087644652346e-05 0.2904380956127500801 -3.747377389535630113e-06 -1.029620738422502138e-05 0.9999999999399724615 0.4949635714124587249
0.9997383031920543672 -0.02287630046346971271 3.163811969675711006e-06 19.30322830881917184 0.02287630045600237694 0.9997383031944064857 2.376630164804141296e-06 0.2854892762151368668 -3.21735251593035019e-06 -2.303631895071753042e-06 0.9999999999921707072 0.4949653990165619466
0.9997232816388263998 -0.02352360834105690635 1.46453778590241733e-06 20.80646855323185562 0.02352360834115914748 0.9997232816398954336 -5.260915576441019497e-08 0.2844606742605547134 -1.462894964232636063e-06 8.704581112143900779e-08 0.9999999999989259702 0.4949657377821448101
0.999718485286726799 -0.02372657113445345717 6.685498906583895636e-07 22.35760572882144714 0.02372657113141256671 0.9997184852780361952 4.238815102113188075e-06 0.2902652091525732558 -7.689342320678808395e-07 -4.221759416759495611e-06 0.9999999999907924764 0.4949743192906211897
0.9997445504369383285 -0.02260163430424063161 -8.087017350788988187e-07 23.94153685910078266 0.02260163431222974098 0.9997445503671200662 1.182766895349170664e-05 0.3007294828603359615 5.41170504159120906e-07 -1.18429255615094213e-05 0.9999999999297258801 0.4949837412385706403
0.999769954214392631 -0.02144851163862675908 -9.335530094610785215e-07 25.57284259179967734 0.02144851164558595966 0.9997699541808610091 8.223181639958689984e-06 0.3034760590565114824 7.569632423830926512e-07 -8.241313254273335191e-06 0.9999999999657536165 0.4949857163466882537
0.999790262539298924 -0.02048001302808490076 -4.4907583985834792e-07 27.23425962104735376 0.02048001303113545016 0.9997902625040635538 8.398370327537371641e-06 0.3102307470649027232 2.769829180935821916e-07 -8.40580595372311536e-06 0.9999999999646326243 0.494990562877547835
0.9997903004506314417 -0.02047816218151012058 8.580251300171082428e-07 28.94889439391826613 0.02047816218456744233 0.9997903004440150676 -3.720346130795297897e-06 0.3098409034641678717 -7.816593510905325765e-07 3.73713675365910301e-06 0.9999999999927111638 0.494982219682248259
0.9997856770851479835 -0.02070265430046370689 1.593718590547567811e-06 30.72626766235832463 0.02070265429606464244 0.9997856770827848738 2.72897481933352205e-06 0.3218358081486280553 -1.649874042409364605e-06 -2.695395732470362304e-06 0.9999999999950061058 0.4949873641826995629
0.9997808707984845444 -0.02093347522523852228 1.628187151066922603e-06 32.55281291968790214 0.02093347523293826937 0.9997808707878114154 -4.865204555873918755e-06 0.3237540352319160375 -1.525984728663126803e-06 4.898222062885824249e-06 0.9999999999868391942 0.494985306777430023
0.9997873389017366552 -0.02062224461500353212 1.027302407279778414e-06 34.40844584879329204 0.02062224462340313952 0.9997873388617946055 -8.976417818512767686e-06 0.3269942521126059098 -8.419700559606967774e-07 8.995694165186150757e-06 0.9999999999591840938 0.4949837977049114102
0.9997827866469671809 -0.02084177358442046435 7.163555884555377867e-07 36.30783897815849315 0.02084177359174908123 0.9997827865689562499 -1.249782299205131451e-05 0.3295235966887765655 -4.557231893017752682e-07 1.251003841899938188e-05 0.9999999999216454549 0.494983404627932333
0.9997830582660920395 -0.0208287399097509679 -3.235882851794239985e-07 38.23275770121198747 0.020828739905719134 0.9997830582207353212 -9.537618088225605884e-06 0.3363938115838865373 5.221746518792538756e-07 9.528809044591657091e-06 0.9999999999544643137 0.4949903086167493083
0.9998299965390141653 -0.01843849296895613485 -2.470972743552461941e-07 40.23052169207282702 0.01843849296647678479 0.9998299965088247587 -7.779536796850919852e-06 0.341313758173974191 3.904982014864435522e-07 7.77365814731535514e-06 0.999999999969708675 0.4949939387587710682
0.9998223873789534588 -0.01884658315321825414 1.237504621523807865e-06 42.2601911916052515 0.01884658317749367956 0.9998223870913952593 -2.399230305935336606e-05 0.3358854908031653763 -7.851118900833369718e-07 2.401136445730413344e-05 0.99999999971141873 0.4949821847595556323
0.9998382245950337976 -0.01798679066587352549 1.557294340088387369e-06 44.34227554994242837 0.01798679068951979446 0.9998382244546192288 -1.6803524640932201e-05 0.3427478370374038019 -1.254800927781927997e-06 1.682881697126570192e-05 0.9999999998576080129 0.4949920504918437492
0.9998420010073012509 -0.01777562993111873879 2.121328846742484677e-06 46.47540521363622901 0.01777562997399670386 0.9998420007606271254 -2.227658252974718209e-05 0.3430948211871886477 -1.725013391219373677e-06 2.23107708087795853e-05 0.9999999997496267223 0.4949885849646857849
0.9998633868671573666 -0.01652899274145828989 1.929421468252461617e-06 48.64462335737951548 0.01652899278011343495 0.9998633866237678358 -2.211690248102305873e-05 0.342072555312680604 -1.563587762899186693e-06 2.214577241520488901e-05 0.9999999997535597984 0.4949881288411925873
0.9998862670343731107 -0.0150815447973661719 2.1963346942642547e-06 50.85231386072074145 0.01508154484592708934 0.9998862667458958686 -2.408834102780753252e-05 0.3359171508778398541 -1.832795503667309437e-06 2.411872550953362662e-05 0.9999999997074637825 0.4949883620615133095
0.9999183414428525207 -0.01277929762034993658 8.59031812689593496e-07 53.05262233775819425 0.01277929763836925699 0.999918341104915287 -2.600186268184564431e-05 0.3215270274487264102 -5.266761232061465047e-07 2.601071723047109334e-05 0.9999999996615823727 0.494986267249967804
0.9999414070276158029 -0.0108250872274853454 -6.180513930556244712e-07 55.24179139753061207 0.01082508720863518091 0.9999414067149567931 -2.5021417210529572e-05 0.3010339489275560831 8.888742032535272224e-07 2.501326067109270186e-05 0.9999999996867731111 0.4949848397195241168
0.9999588319329529851 -0.009073832453446938409 -2.474598339808230792e-06 57.40119674839793618 0.0090738323935459584 0.9999588316667484822 -2.322924219523046172e-05 0.2763843191752206607 2.68527471641905231e-06 2.320583180165356922e-05 0.999999999727139155 0.4949888018742100715
0.9999701911356752015 -0.007721194059219941251 -2.147935520516997045e-06 59.52256769340585407 0.00772119399262612225 0.9999701907047263694 -2.945359186198584424e-05 0.2448956463522257709 2.375288390580093445e-06 2.943612925702460953e-05 0.9999999995639359263 0.4949843276155883043
0.9999716223612575838 -0.007533556457398071955 -1.237133972600456332e-06 61.61227325483657324 0.007533556421816193366 0.999971622008211769 -2.661086159578929681e-05 0.2114241799197184579 1.437573293434431349e-06 2.660078642378838767e-05 0.9999999996451655049 0.4949861741634123957
0.9999702827969471075 -0.007709314177034550311 -3.818707584413782422e-07 63.60411105738791093 0.007709314167185278739 0.9999702825715135468 -2.124033077574506468e-05 0.1749862224629116503 5.456077933987327276e-07 2.123675561087441183e-05 0.999999999774351056 0.494985807440382064
0.9999379146916939076 -0.01114301414592315 5.494313949095300075e-08 65.52637982754788482 0.01114301414368513814 0.9999379143647799673 -2.557029977752440248e-05 0.1363765649112635425 2.29990483825209079e-07 2.556932446975969015e-05 0.9999999996730781771 0.4949816441271054357
0.99988197433658077 -0.01536350867769686705 -3.523519218803700288e-07 67.32449778397641182 0.01536350866195722135 0.9998819739500754977 -2.781235287448854471e-05 0.1021760029500840689 7.796056599093451446e-07 2.780365694128541945e-05 0.9999999996131742064 0.4949773824507649467
0.9998280999251594192 -0.01854105176796553081 -1.271037101279291959e-06 69.0136279473286578 0.01854105173414771421 0.9998280996661049747 -2.282300170291643151e-05 0.07332571670567290811 1.693981065651406907e-06 2.279551206256477238e-05 0.9999999997387473138 0.4949721720755019261
0.9997628050157880697 -0.02177920352817653768 -1.695329760190631174e-06 70.63662823704535754 0.02177920350894212154 0.9997628049610324252 -1.063942710211372052e-05 0.05388214365313518522 1.926645884662233554e-06 1.059998055150825493e-05 0.9999999999419639796 0.4949827308250075997
0.999752350045681526 -0.02225395635916098402 -2.595040837823989781e-06 72.17923173487447741 0.02225395638073943486 0.999752350011527624 8.606083957544513225e-06 0.03937734194430862061 2.402878759175944869e-06 -8.661702586856741078e-06 0.9999999999596003164 0.4950022658481149085
0.9997281689487120815 -0.02331497825187267559 -1.342668488806991489e-06 73.76574792592313656 0.02331497826631595202 0.9997281688773331787 1.199367076444281641e-05 0.02302909299407729718 1.062671336691233944e-06 -1.202171479894551845e-05 0.9999999999271743656 0.4950084496533989076
0.9996995790566102214 -0.02451023533679293903 5.965523576180375686e-08 75.4575129272448919 0.02451023533566891455 0.9996995790288922823 7.448357820363895949e-06 0.01010519148223934863 -2.421983171277314247e-07 -7.444658013813272866e-06 0.9999999999722589683 0.4950021339602168613
0.9996587564077266119 -0.02612222692558176587 -1.96249398942517238e-07 77.0017808590599202 0.02612222692629691603 0.9996587563884341554 6.210700105774523067e-06 -0.003392589534485959506 3.394511255907652633e-08 -6.213707215493223819e-06 0.9999999999806941098 0.49500236163371375
0.9996519409831362557 -0.02638175298902928692 3.266113188870274617e-07 78.55715578824911915 0.02638175298543112002 0.9996519409491171348 8.265045795108924052e-06 -0.01203489320646461587 -5.445440354709713921e-07 -8.253552492258022422e-06 0.99999999996579092 0.4950025347290117894
0.9996318373362694798 -0.0271328175080346734 1.493718969937985204e-07 80.20536208936951539 0.02713281750592495822 0.9996318373032906379 8.128371232017114097e-06 -0.01661357776592363097 -3.698625171092514506e-07 -8.121325788790898821e-06 0.9999999999669534345 0.4950034270165923345
0.9996500951192091033 -0.02645160354925274807 -2.484109132215547705e-07 81.8447299064159921 0.02645160355017098577 0.9996500950250631901 1.37200252116460295e-05 -0.01816031091906323419 -1.145926745770382384e-07 -1.372179537485397778e-05 0.9999999999058494238 0.4950099131220018767
0.9996497188704217551 -0.02646581877647071271 -1.005134065066305451e-06 83.56445584735286047 0.02646581879377851027 0.9996497185226442816 2.637054008401869265e-05 -0.01181263546594324247 3.068640503197873467e-07 -2.638790467747997983e-05 0.999999999651791982 0.4950182342066890007
0.9996667515297581463 -0.02581445114325564907 -5.8813718993285797e-07 85.39381305557566293 0.02581445114925320569 0.9996667510750507635 3.015207675711934268e-05 -0.0005586073537374426851 -1.904181184678467199e-07 -3.015721106242400391e-05 0.9999999995452529822 0.4950274880925733534
0.9997137699759914842 -0.02392442520159105204 1.181718323744018628e-06 87.30242955000649374 0.02392442517500038487 0.9997137697985973848 1.890384828322232675e-05 0.003339038261707183604 -1.633643784544397099e-06 -1.887016550266003241e-05 0.9999999998206238194 0.4950252799631939538
0.9997579788997483785 -0.0219996278778640357 1.326066982714376549e-06 89.29228312503055065 0.02199962785147240377 0.9997579787496623238 1.740744208981760203e-05 0.01148158066725027057 -1.708703294606649158e-06 -1.737405614140461859e-05 0.9999999998476110097 0.4950299829033548704
0.9997804097594300554 -0.02095548288113054797 8.468650401354470462e-07 91.37635562629158414 0.02095548287084019259 0.9997804097023583747 1.073624636887955676e-05 0.01881138726631616243 -1.071662303779839721e-06 -1.071614232811413007e-05 0.9999999999420077224 0.495032054221954787
0.9998074695324897787 -0.01962202508414804744 9.322132379745817066e-07 93.53706637164457049 0.01962202507339010429 0.9998074694789336192 1.041071839740649095e-05 0.02773179939655570636 -1.13631313601201541e-06 -1.0390422105397043e-05 0.9999999999453736965 0.4950368892077903205
0.9998348270180780206 -0.01817467147677468559 8.208161295281084205e-07 95.73464867457050786 0.01817467148009203198 0.9998348270093935231 -4.233121439350075033e-06 0.02541332590847029255 -7.437449613917611137e-07 4.247340305558837573e-06 0.9999999999907032144 0.4950337397760205538
0.9998794002480203558 -0.01553013076434595421 5.778305383116382703e-07 97.98290456756103595 0.01553013077032111729 0.9998794001711320822 -1.240589884903574865e-05 0.01916193962169915679 -3.850956206728017846e-07 1.24133764845345382e-05 0.9999999999228796899 0.4950286176363304924
0.9999120741643927612 -0.01326061615266674841 1.321457015508739212e-06 100.3501811972874123 0.01326061616146433086 0.9999120741414295743 -6.887314864199809809e-06 0.0155399818609721907 -1.230010786529374661e-06 6.904232625541821543e-06 0.9999999999754091151 0.4950436265915666989
0.9999373692000012026 -0.01119185752876705915 2.160775324654058071e-06 102.7541761792470254 0.01119185753997498957 0.9999373691884464455 -5.246507014196563215e-06 0.004429685569960036678 -2.101921834515328863e-06 5.270361510874485183e-06 0.9999999999839024323 0.4950482200000876354
0.9999489339458411674 -0.01010591420889063972 9.005050016579465328e-07 105.2092616215693113 0.01010591421293220542 0.9999489339356131268 -4.602638648418370959e-06 -0.01092152312512366386 -8.539451450961138454e-07 4.61150403611894931e-06 0.9999999999890021307 0.4950530468892028746
0.9999564064288851695 -0.009337303893084718948 2.667104431000453937e-07 107.6876318501990397 0.009337303896834618644 0.9999564061163855877 -2.49994556776570614e-05 -0.04313307206515712422 -3.327130133204721267e-08 2.500085621856783564e-05 0.9999999996874777697 0.4950467426715162711
0.9999561306800848204 -0.009366787994809095894 4.540304087223585326e-07 110.1978928351852147 0.009366788004607523588 0.9999561301543444802 -3.242617662939149641e-05 -0.0733561821539270853 -1.502813685086959124e-07 3.242900692166146993e-05 0.9999999994741682885 0.4950480002569501714
0.9999516685138600813 -0.009831614074072654932 1.810623754482758231e-06 112.7502831269510892 0.009831614126951280022 0.9999516680038288419 -3.197267263148365161e-05 -0.1030172383521218427 -1.49619326519313875e-06 3.198892869878267048e-05 0.9999999994872347253 0.4950606440628707583
0.9999577015580699557 -0.009197559014014171017 2.262347936800016858e-06 115.3319643904524128 0.009197559063660969841 0.9999577012953898558 -2.301179928041140516e-05 -0.1283653938723930132 -2.050599860512673706e-06 2.303163399592711444e-05 0.9999999997326691759 0.4950606952597012
0.9999529267455092851 -0.009702798170658255214 1.726858174740738822e-06 117.9409788626916367 0.009702798187755426115 0.9999529266949730433 -1.018421224381060829e-05 -0.1494285211172093064 -1.627961529890258747e-06 1.020048819616426251e-05 0.9999999999466496758 0.4950647435000054553
0.9999490607460665981 -0.01009335995766992913 2.378060682239266465e-07 120.5417012363606517 0.01009335995873736694 0.9999490607334675651 -5.023129167951628656e-06 -0.1703289084243687357 -1.870937037512068152e-07 5.025273555746360412e-06 0.999999999987355559 0.4950697794351617276
0.9999429503268483233 -0.01068157730531583798 -3.755579172393372296e-07 123.1720592911433272 0.01068157730118071864 0.9999429502801039371 -9.680539970646770474e-06 -0.1941333373721653988 4.789399278190722564e-07 9.675976148081450332e-06 0.9999999999530728712 0.4950698302493162228
0.9999450165931916823 -0.01048636220621821345 5.949152362228440051e-07 125.8294721298248362 0.0104863622145069408 0.9999450164610694802 -1.626069363615081952e-05 -0.2201295194153048695 -4.243670024847337796e-07 1.626603806447160486e-05 0.9999999998676177837 0.4950679008030210992
0.9999400673812824936 -0.01094813444115240106 8.660884045230063191e-08 128.503608387867672 0.01094813444120983949 0.9999400672668523615 -1.512787394416277513e-05 -0.2421948323019724736 7.901834800167735518e-08 1.512791549629074313e-05 0.9999999998855697569 0.4950690954451197889
0.9999383371545528254 -0.01110503896900118595 -5.63380940727849775e-07 131.1970392871806723 0.01110503896439199965 0.9999383371257772879 -7.613621098399853257e-06 -0.2589629076394207585 6.478957600326954153e-07 7.606895253560193288e-06 0.9999999999708574228 0.4950791063700141215
0.999946850376400076 -0.01031001566167666708 -1.267168784029401539e-06 133.9019171166960973 0.01031001567250814342 0.9999468503378294848 8.861126585080203794e-06 -0.2701887764342436049 1.175743080564329581e-06 -8.873720149560594765e-06 0.9999999999599371581 0.4950944220884622715
0.9999422877248567154 -0.01074342661819082702 -2.512349968437044077e-06 136.6049531124679675 0.01074342666073518741 0.9999422875729729876 1.75825962746426971e-05 -0.2811293349227206861 2.323307641788917946e-06 -1.760857279064076945e-05 0.9999999998422699488 0.4950987659915221384
0.9999368940269938166 -0.01123423139394799132 -3.296703766307715664e-06 139.3104878233963291 0.01123423143685179683 0.9999368939435254733 1.329776141745032008e-05 -0.2897131817258719599 3.147105595548458893e-06 -1.333395818236672701e-05 0.9999999999061504052 0.4951043894565856363
0.9999395229829221021 -0.01099774337613270044 -4.421702879098862631e-06 142.010005557161719 0.01099774341123793166 0.9999395229603507129 7.994956290752670247e-06 -0.3036518324360780174 4.333508990009401106e-06 -8.043101533349616733e-06 0.999999999958264385 0.4951013358044412671
0.9999262011907414927 -0.01214875176721591336 -2.232471659551779299e-06 144.6931621354951005 0.01214875176363184456 0.999926201191977615 -1.612045367788480009e-06 -0.3194230524082788403 2.251891244815119276e-06 1.5848046567486217e-06 0.9999999999962084773 0.4950969844194531011
0.9999238784728513574 -0.01233844644471796502 -1.172087168615892062e-06 147.3893122252284229 0.01233844644175798207 0.9999238784704496119 -2.499941335480827679e-06 -0.3304358267479162725 1.202843339830624786e-06 2.485289301373547241e-06 0.9999999999961880492 0.4951003552129484842
0.9999092268625209279 -0.01347360517363137451 -1.026286118827632783e-06 150.0485298570928023 0.01347360516534750613 0.9999092268335805223 -7.691034281172430372e-06 -0.3438516801877596341 1.129818918868379005e-06 7.676508367908508554e-06 0.9999999999698971909 0.4950983181144602563
0.9998899749193683739 -0.01483367953606533167 -3.065738399973822124e-06 152.6931028493058591 0.01483367942317050624 0.9998899743460872847 -3.404679236445813694e-05 -0.3708780629496598591 3.570440297266960333e-06 3.399757018276248891e-05 0.9999999994157083849 0.4950866816423599159
0.9998707988933043245 -0.01607437455157348719 -2.339569051249027769e-06 155.3357531926618265 0.01607437443021627471 0.9998707978874340485 -4.495392826213763548e-05 -0.3958342452387232924 3.061873054435301397e-06 4.491051305592073429e-05 0.9999999989868351147 0.4950779859578589015
0.9998564646290549751 -0.01694255396193945079 -2.639484595261169918e-06 157.9894477506954047 0.0169425538322802785 0.9998564637027708146 -4.317015836852868769e-05 -0.4167828822142713441 3.370518471119926677e-06 4.311924231398883228e-05 0.9999999990646850634 0.4950851394641280212
0.9998265528586888218 -0.0186242904662945151 -2.360325338951417783e-06 160.6518624821062531 0.01862429037155454228 0.999826552241454225 -3.526124243174984599e-05 -0.4336411427365583493 3.016631567063136036e-06 3.521116708556703352e-05 0.9999999993755366301 0.4950742998975969922
0.9998231682329522529 -0.01880511268265778677 -1.961314607367931962e-06 163.336477567425959 0.01880511264685484976 0.9998231680926203957 -1.690584150783263582e-05 -0.4439506080333768256 2.278884038914891528e-06 1.686596927587790179e-05 0.9999999998551726277 0.4950840836643964904
0.999821727539439431 -0.01888155549484739695 -2.092452058792229731e-06 165.9965850083434873 0.01888155547292188693 0.9998217274915860431 -1.004471100797054174e-05 -0.4583562537542059667 2.281738800441664827e-06 1.000341156300101933e-05 0.999999999947362439 0.495090162862815486
0.9998438702124459176 -0.01767017823829215503 -1.362779079150668658e-06 168.6595472059233316 0.01767017824902522571 0.9998438701786253047 8.313147969475187093e-06 -0.4631589008233205074 1.215671502354552773e-06 -8.335930588691441983e-06 0.9999999999645169391 0.4951058295781999852
0.9998976277858316886 -0.01430852718199298115 -6.171055716935482207e-07 171.3307626741856495 0.01430852719185054904 0.9998976275618847165 2.116475650035474625e-05 -0.472535669789724333 3.142059034059406658e-07 -2.117141968922229704e-05 0.9999999997758358683 0.4951165316060596733
0.9999500224162244377 -0.009997633144837793362 -1.877712862056562004e-06 173.9465924572059521 0.009997633162632349121 0.9999500223705749535 9.719288106240492247e-06 -0.505126730079572317 1.780449141503818578e-06 -9.737575044084522297e-06 0.9999999999510046367 0.4951119659614481305
0.9999878297467342803 -0.00493359377669637042 -3.618763984793337185e-06 176.4718150484852401 0.004933593738647438359 0.9999878296988785609 -1.044897926384866442e-05 -0.5596800956022242035 3.670270962414953551e-06 1.043099858578762206e-05 0.9999999999388614613 0.4950980457516269695
0.999999362242503631 -0.001129382722030937381 -3.389067633831286276e-06 178.9325757020320395 0.001129382696092569608 0.999999362219047172 -7.645725890438302301e-06 -0.6156964357704224344 3.397700423066582338e-06 7.641893459977750183e-06 0.9999999999650283078 0.4951036305655439618
0.9999996134405749748 0.0008792673562502665739 -3.138397371852706146e-06 181.251663988922985 -0.0008792673112404540735 0.9999996133430891776 1.431433040793332377e-05 -0.6667558539345777024 3.150982281824183789e-06 -1.431156538437518913e-05 0.9999999998926250022 0.4951240219527255348
0.9999978537027085501 0.002071853203872804292 -4.063346334580621883e-06 183.4518148863351144 -0.002071853088242517696 0.9999978533119564528 2.825760525668561207e-05 -0.7253480404526470027 4.121883221828916916e-06 -2.824912595081202231e-05 0.9999999995924983009 0.4951343884086878977
0.9999970496886549931 0.002429114545137519773 -4.329517640109891773e-06 185.5386746892232281 -0.002429114334099987706 0.9999970485417200017 4.810024335393661503e-05 -0.7763879047061125194 4.446345862475887487e-06 -4.808958454988354099e-05 0.9999999988338107437 0.4951447487981263107
0.9999995226281902516 0.0009771003285659310336 -4.535666126081935812e-06 187.528418343416206 -0.0009771001678061770005 0.9999995220151859376 3.531139297277548314e-05 -0.839282667037433483 4.57016673177882605e-06 -3.530694431597893187e-05 0.9999999993662663789 0.4951398417545254671
0.9999999124856490118 -0.0004183537920448780322 -3.321338061697364947e-06 189.4090353677548251 0.0004183538431455832425 0.9999999123725662464 1.539981393343245263e-05 -0.9042637068039797166 3.314895200101020295e-06 -1.540120208027027292e-05 0.9999999998759070419 0.4951214253548968935
0.9999991937480293691 -0.001269841267123306399 -2.946223116289985384e-06 191.2199491165987695 0.001269841304440038569 0.9999991936716917662 1.269884031625912813e-05 -0.9616415543594745152 2.930095229188688094e-06 -1.270257131359926115e-05 0.9999999999150294139 0.495126825837072515
0.9999969377330000242 -0.002474777529959948808 -1.74138213447084905e-06 193.0027475888278161 0.002474777572104289343 0.9999969374310763159 2.463065534218483564e-05 -1.010352579083502622 1.680421408979186373e-06 -2.463488944999264e-05 0.9999999996951489667 0.4951432443066391409
0.9999911370335938798 -0.00421020793211020726 -2.379238858464631614e-06 194.7069367627637462 0.004210208021266597864 0.9999911362833239226 3.879996043046412087e-05 -1.053689138019751503 2.215861868395248434e-06 -3.880963363824471848e-05 0.9999999992444509322 0.4951472326578396088
0.9999875091576333475 -0.004998151368630463984 -3.720333634023118086e-06 196.3926809576629751 0.004998151509273577459 0.999987508410862147 3.880668422805906592e-05 -1.098730307990440469 3.526325479257445298e-06 -3.882479429105150325e-05 0.9999999992400999682 0.4951605539650138499
0.9999760065187781599 -0.006927218663474278733 -5.529696207429090032e-06 198.1917379224596232 0.00692721891844772647 0.9999760054038928647 4.750538778972809059e-05 -1.131565303466744776 5.200483315689174963e-06 -4.754255338627963055e-05 0.9999999988563300635 0.4951700559074752039
0.9999610838953366665 -0.00882216913242401049 -5.375411769623708523e-06 199.8038604650186301 0.008822169317644646194 0.9999610832791749893 3.546691824633208217e-05 -1.171783214676975771 5.062307424849666841e-06 -3.551296080481318722e-05 0.9999999993566011103 0.4951826488170098517
0.9999632949237919899 -0.008567892655900076135 -4.777338390474455035e-06 201.3888546388725445 0.008567892904632624582 0.9999632934351707636 5.473293365941081534e-05 -1.189105702154845012 4.308217130457095175e-06 -5.477185640660851981e-05 0.999999998490741282 0.4952222257670193528
0.9999453092449974712 -0.01045841832974321421 -2.683118241395280398e-06 203.0760559957700764 0.01045841844252915452 0.9999453081810542043 4.618019285430358014e-05 -1.214255695167101745 2.199999721359933787e-06 -4.620572839798950984e-05 0.9999999989300950576 0.4952200086772977627
0.9999306893042948507 -0.01177355459173660274 -1.394863210627446149e-06 204.7354196004705784 0.01177355464093885785 0.999930688375251453 4.31131653295433961e-05 -1.234647359476636286 8.871713247618635803e-07 -4.312659962428732295e-05 0.9999999990696544216 0.49521815503439226
0.9999199336872558463 -0.01265409881099224983 -6.229635796618664897e-07 206.4639112479694347 0.01265409882460323716 0.9999199331518568989 3.272240471746303009e-05 -1.25541642607380366 2.088411583035796535e-07 -3.272766779787435149e-05 0.9999999994644278578 0.4952143090388781976
0.9999243066803276125 -0.01230369454565493487 -3.553282076945225372e-06 208.2028485641282032 0.01230369470083900359 0.9999243055530236957 4.757356799903615153e-05 -1.260251327846626745 2.967682464116328435e-06 -4.761368549560635694e-05 0.9999999988620646985 0.4952213263063922621
0.9999589086883361455 -0.009065369495209564532 -3.602736190049739921e-06 209.9807390467992718 0.009065369642855718516 0.9999589077547422766 4.332913517773625791e-05 -1.27510281458470276 3.209793525236748964e-06 -4.336001486202703287e-05 0.9999999990548029682 0.4952276951984790343
0.9999846581573704762 -0.005539263808584352251 -2.928861731847148371e-06 211.7922804783060826 0.005539263916413748705 0.9999846574319039005 3.818762450442551382e-05 -1.29499456157193138 2.717285469233684032e-06 -3.820326237400734705e-05 0.9999999992665633552 0.4952253289155962857
0.9999897850331449511 -0.004519937076065574759 -6.5233031316530371e-07 213.6803039536333984 0.004519937089924671789 0.9999897847666820994 2.309156646260829228e-05 -1.325838774536185927 5.479512220600256968e-07 -2.309427907499961684e-05 0.9999999997331767698 0.4952211830128036008
0.9999913699337513728 -0.004154522700687137554 1.175243479574237994e-06 215.6452721754723711 0.004154522684291692657 0.9999913698416872387 1.362512894673124859e-05 -1.357235930793120104 -1.231839244545993899e-06 -1.362012878527033392e-05 0.9999999999064871359 0.4952200531421325769
0.9999930390775623179 -0.003731191986637030344 2.238886943706885874e-06 217.6950723107795511 0.003731191975340812476 0.9999930390674670599 5.028611884593723436e-06 -1.389420783959169237 -2.257634075333589777e-06 -5.020223163818387222e-06 0.9999999999848500076 0.4952182691033126249
