1631215692723547 0.9999727208254475 0.007386311999347236 0.0 0.0 -0.007386311999347236 0.9999727208254474 0.0 0.0 0.0 0.0 1.0 0.494999999999999
1631215692973548 0.9999664589080333 0.00819030248350956 1.387298323303501e-06 -0.003166095788984178 -0.008190302475009022 0.999966458890908 -6.026078758193901e-06 0.0014736094495153452 -1.4366071996017327e-06 6.0145142440544864e-06 0.9999999999808811 0.4949881122663647
1631215693222929 0.9999167875593045 0.01290030822391571 -1.6050698412456724e-06 -0.0213570858314118 -0.012900308235135551 0.9999167875346112 -7.188148864384507e-06 0.004267800703855753 1.5122069435205722e-06 7.208256616680485e-06 0.9999999999728773 0.4949856492464529
1631215693472311 0.9999157962326569 0.01297691943530538 -2.036847731558045e-06 -0.00982871507285252 -0.012976919441629656 0.9999157962297722 -3.123061000456026e-06 0.007232798701319561 1.996148510309679e-06 3.149230035888462e-06 0.9999999999930491 0.4949817971968542
1631215693721681 0.9999582929259527 0.00913303927350091 1.029706833381369e-07 0.01756427688297102 -0.009133039273816493 0.9999582927475325 1.888995323573287e-05 -0.01608190524632445 6.955629606279993e-08 -1.8890105826391673e-05 0.9999999998215798 0.4949649803102722
1631215693971689 0.9999836773347772 0.005713585530958327 1.4709559120908046e-06 -0.04114552922889473 -0.005713585542156709 0.9999836773059584 7.724827849594705e-06 -0.023735625778984654 -1.4267954375003774e-06 -7.733106192265502e-06 0.9999999999690818 0.494996603203211
1631215694222327 0.9999758732417963 0.006946432700807358 -2.1926258866232118e-06 -0.010091584220508229 -0.00694643271546323 0.9999758732213241 -6.748870171299126e-06 -0.01556901788866199 2.1456924131759855e-06 6.763938271147421e-06 0.9999999999748228 0.4950158309743080
1631215694473576 0.9999673344731755 0.008082696207820912 -2.528176618794057e-06 -0.0229039101551783 -0.008082696242376753 0.9999673343785013 -1.3970526474382446e-05 -0.0002610267096263179 2.4151745129833003e-06 1.3990504603463155e-05 0.9999999998992166 0.4950291165690397
1631215694724201 0.9999761057082902 0.006912887248397293 -3.7542448777305873e-07 -0.03845905625054947 -0.006912887250352482 0.9999761056933113 -5.4836874328891405e-06 0.00016078841685165823 3.375074043362073e-07 5.4861516712292645e-06 0.9999999999848943 0.495011047017572
1631215694975454 0.999962275773992 0.00868602456998918 1.9585362310551035e-06 -0.0465339289907206 -0.008686024581494318 0.9999622757581412 5.944443771810328e-06 -0.00948787315758878 -1.906828762108197e-06 -5.961231416129936e-06 0.9999999999804141 0.4949946837595309
1631215695224833 0.9999181255825542 0.012796176067593262 -2.6993345245396244e-06 0.005937780947022477 -0.012796176077547548 0.9999181255792127 -3.7032264366543822e-06 0.0015615380712396781 2.6517263805932483e-06 3.737464397023762e-06 0.9999999999895002 0.495012326437588
1631215695474218 0.9999738439883507 0.007232657571861317 -1.1737299461636905e-06 -0.009403402275795622 -0.007232657572922951 0.9999738439886243 -9.028051332781518e-07 0.003042209606558623 1.1671695656887164e-06 9.112707062831059e-07 0.9999999999989038 0.495005790472999
1631215695724220 0.999942668371107 0.010707939496341586 -6.16654376545824e-07 -0.02813020860918276 -0.010707939497727272 0.9999426683686615 -2.2894794912831844e-06 0.010386027329127202 5.921034148750048e-07 2.2959513294548165e-06 0.9999999999971891 0.495009421619325
1631215695973607 0.9999120511768259 0.01326234930620747 -1.7348479077679576e-08 -0.01150115853236249 -0.013262349305841767 0.9999120511574079 6.2323865933444805e-06 0.0014782663825049374 1.0000304131149105e-07 -6.231608380702492e-06 0.9999999999805786 0.494994359486854
1631215696222975 0.9999822043941613 0.0059658095462504215 3.0363095653645104e-06 -0.048392895671325833 -0.005965809583680412 0.9999822043207779 1.2471435161815998e-05 -0.01748897756271346 -2.9618533252356145e-06 -1.2489327269803729e-05 0.9999999999176223 0.4949874377309384
1631215696472357 0.9999669837272787 0.008125973977302253 2.3629723761315013e-07 -0.011605240371617543 -0.008125973977605444 0.9999669837264439 1.3118481484885163e-06 -0.017478965310195514 -2.2562939204274688e-07 -1.3137249813590138e-06 0.9999999999991118 0.495010061152678
1631215696722361 0.9999385209709122 0.011088474825372036 -1.5227861252127863e-06 -0.014526523724533143 -0.011088474833749086 0.9999385209562557 -5.607535857205244e-06 -0.011991044080303352 1.4605134855961826e-06 5.624076486984348e-06 0.9999999999831186 0.4950166961839444
1631215696971742 0.9998897862273743 0.014846393003514376 -3.2754476145925615e-06 6.929628428883882e-05 -0.014846393029142998 0.999889786200801 -7.944055155993593e-06 -0.0041535828915632384 3.157146050186453e-06 7.991808194355358e-06 0.999999999963082 0.495018464602360
1631215697221742 0.9999584051609669 0.00912074255471614 -9.764411187468005e-07 -0.03336670120469611 -0.009120742558479195 0.9999584051537204 -3.921397439039435e-06 0.0009314626363743538 9.40634447334404e-07 3.9301401972205656e-06 0.9999999999918348 0.4950073898969048
1631215697471749 0.999985174295671 0.005445290162371515 1.2928520116201812e-06 -0.03382771385421531 -0.005445290165113402 0.9999851742942302 2.1268601648935218e-06 -0.0036210874028808513 -1.2812514734469403e-06 -2.1338685870421184e-06 0.9999999999969027 0.495000561314212
1631215697723016 0.9999551795704058 0.009467779467795569 1.850462218415159e-07 -0.019395467129949797 -0.00946777946664146 0.9999551795554622 -5.471900972862086e-06 0.0062740720177842085 -2.3684467966885472e-07 5.4699037431024635e-06 0.9999999999850122 0.4950132030667694
1631215697973636 0.9999709364338282 0.007624059640043033 -1.6005527361873888e-07 -0.015572953099740069 -0.007624059640101417 0.9999709364337729 -3.675156256764066e-07 0.003310721738131479 1.5724866079340765e-07 3.6872521531423456e-07 0.9999999999999198 0.495001163843582
1631215698224260 0.9999775803951114 0.006696170907736163 -2.831840603575086e-07 -0.0427661081706746 -0.006696170907135143 0.9999775803930079 2.0724991534295946e-06 0.002131024986578096 2.970555200200295e-07 -2.0705564399557795e-06 0.9999999999978124 0.4949991487712882
1631215698474267 0.9999977368579657 0.0021275046779745533 7.48092280021294e-07 -0.10085097996262446 -0.0021275046823662483 0.9999977368407154 5.919600686190229e-06 -0.0030430809879649586 -7.354966088193461e-07 -5.921178859134897e-06 0.9999999999821996 0.4949925589659550
1631215698723647 0.9999939827651741 0.0034690677691337135 -1.593527441351274e-07 -0.1640111832467865 -0.0034690677685335126 0.9999939827586231 3.6237205760656025e-06 -0.004279507952099802 1.7192271752637163e-07 -3.623145965827535e-06 0.9999999999934219 0.4949956460893774
1631215698973658 0.9999981592739281 -0.001918708444169418 2.104478822676623e-06 -0.2757312767706749 0.001918708412745356 0.999998159166183 1.4833741755961586e-05 -0.027823398871995843 -2.1329365742513188e-06 -1.4829676569918005e-05 0.9999999998877658 0.4949791301803665
1631215699223029 0.9999626767805724 -0.008639736230154769 1.2137982122977465e-06 -0.4841153533580025 0.008639736231090949 0.9999626767810061 -7.681511344975251e-07 -0.024605432833287783 -1.2071162862569987e-06 7.786093610179367e-07 0.9999999999989686 0.495007803697213
1631215699473035 0.999843275363874 -0.01770380478761397 -1.857382488164107e-06 -0.729527176720711 0.017703804753426432 0.9998432752209773 -1.70413940446943e-05 -0.0075306627816338345 2.1587889037850353e-06 1.700584050152864e-05 0.9999999998530706 0.495018350296105
1631215699722414 0.9995915513962912 -0.028578494892109455 -2.150515360665994e-06 -1.0657028602589274 0.028578494838803616 0.9995915511646176 -2.1698609812029304e-05 0.004533449528010687 2.7697505948566098e-06 2.162828855306189e-05 0.999999999762273 0.495032778613040
1631215699972415 0.9989546441071151 -0.045712350781283745 -8.022714150521468e-07 -1.4694428271992948 0.04571235078375125 0.9989546441015794 3.387800982288675e-06 -0.010455236173926205 6.465684090181682e-07 -3.4209332369241977e-06 0.9999999999939397 0.494997493351093
1631215700222419 0.9981878375120209 -0.06017508653144726 1.3324944687530877e-06 -2.0072209110422365 0.06017508649836576 0.9981878373567419 1.7769412754189086e-05 -0.0286380967426629 -2.399355722156181e-06 -1.7657028721086138e-05 0.9999999998412363 0.494991200769906
1631215700473058 0.9979876722664658 -0.06340824868938018 2.728283921160798e-07 -2.572390076452409 0.0634082486875188 0.9979876722565043 4.493695835107009e-06 -0.013611430529302714 -5.57216755021548e-07 -4.46735347582562e-06 0.9999999999898663 0.495009622678753
1631215700723676 0.9974448416148861 -0.07144080019685593 9.247298348231914e-07 -3.229230183343073 0.0714408001690085 0.997444841457326 1.786474276708373e-05 -0.038615461681023415 -2.1986385220824563e-06 -1.775303208050423e-05 0.9999999998399982 0.494993029721130
1631215700974937 0.9967548810856974 -0.08049662734851036 3.888365437693292e-06 -3.9759702796261953 0.08049662718291936 0.9967548805881974 3.214887251214872e-05 -0.0859729548939541 -6.463623037830912e-06 -3.173154529496795e-05 0.9999999994756654 0.4949756201023962
1631215701225565 0.9966060518427439 -0.08231875498864734 2.303207457600315e-06 -4.747230882953966 0.08231875482928357 0.996606051042091 4.034120581458091e-05 -0.12007079388302427 -5.6162283264593665e-06 -4.001469268351118e-05 0.9999999991836415 0.494957833542457
1631215701475296 0.9969095280711429 -0.07855821304152336 1.5688414949581803e-06 -5.508045686956442 0.07855821292700645 0.9969095273700233 3.766111392581283e-05 -0.12957355194566464 -4.522582844432409e-06 -3.7421477926289527e-05 0.9999999992895898 0.494949152319121
1631215701724946 0.9976720715134608 -0.06819411789385135 2.118298911505265e-06 -6.362510774362296 0.06819411777485512 0.9976720708831779 3.575399139940369e-05 -0.10872857389490757 -4.551579566467876e-06 -3.552630313894332e-05 0.9999999993585826 0.4949509128550247
1631215701974326 0.9980878008947595 -0.061812148499195606 8.624331518719672e-07 -7.28092955023498 0.061812148472277444 0.9980878007212757 1.8718324341150115e-05 -0.09898192038759634 -2.017803851656802e-06 -1.8629222332104036e-05 0.9999999998244404 0.494961865655330
1631215702224332 0.9983815716306261 -0.05687035627938765 1.6685084060873331e-06 -8.24598805998168 0.05687035619720478 0.9983815711253556 3.1953672391048754e-05 -0.12280610275982155 -3.483024777226861e-06 -3.18070689938442e-05 0.9999999994880897 0.494954790686868
1631215702473705 0.9990086630856421 -0.04451618893759728 -2.7877659108100524e-07 -9.233906144491053 0.0445161889326311 0.9990086628335848 2.245294828253117e-05 -0.06901848859785209 -7.210194584676942e-07 -2.2443099917511194e-05 0.9999999997478939 0.4949283794743402
1631215702723082 0.9996443454782622 -0.02666800604420118 2.1750990404748167e-06 -10.311483357856535 0.026668005983637073 0.9996443451876043 2.427076565634465e-05 0.054376548645303724 -2.8215783812607375e-06 -2.4204128094620584e-05 0.9999999997030997 0.494954320034104
1631215702973092 0.9997574550561716 -0.022023420566444643 1.981900561916628e-06 -11.451171881714536 0.022023420556755782 0.9997574550469012 4.784477180869727e-06 0.064573886462893 -2.086790415087301e-06 -4.739668500554468e-06 0.9999999999865907 0.4949659284770047
1631215703223097 0.9998043661612441 -0.01977951971880223 1.5406997326953785e-06 -12.621105143598832 0.01977951974045068 0.99980436604028 -1.560123148246712e-05 0.06116010474893412 -1.231813453763586e-06 1.5628653654474738e-05 0.9999999998771141 0.494977290190509
1631215703472476 0.9997872129495283 -0.020628349883781198 1.205971884064284e-06 -13.82804436780843 0.020628349897566723 0.9997872128676631 -1.282891792411119e-05 0.015610938667444469 -9.410758611986452e-07 1.285106530652517e-05 0.9999999999169824 0.4949766351147875
1631215703722473 0.9997768465285654 -0.02112479924179193 3.9850247833880134e-07 -15.095577859173222 0.021124799245139207 0.9997768464489426 -1.2618533473610674e-05 -0.023752853103199807 -1.318495647400962e-07 1.262413588894341e-05 0.9999999999203071 0.494972748188985
1631215703973122 0.9997566446952965 -0.022060176398949607 1.617866133161621e-06 -16.425834821813964 0.022060176409131237 0.9997566446747839 -6.571397085121833e-06 -0.07575510398786145 -1.4725062379405866e-06 6.605488313100509e-06 0.9999999999770999 0.4949894349624368
1631215704223733 0.9997246312677074 -0.023466180353246248 3.74737738952725e-06 -17.846911398607038 0.023466180390740332 0.9997246312208301 -1.0296207384202041e-05 -0.12840124275971068 -3.5047328193661357e-06 1.0381308764465233e-05 0.9999999999399729 0.495029128508598
1631215704474361 0.9997383031898223 -0.02287630045595128 3.2173525159231707e-06 -19.304706061526097 0.022876300463418653 0.9997383031921744 -2.3036318950666035e-06 -0.15617302634171337 -3.163811969675708e-06 2.376630164804148e-06 0.9999999999921712 0.4950271492998893
1631215704724362 0.9997232816365945 -0.023523608341106613 1.46289496422937e-06 -20.807401838712426 0.023523608341004407 0.9997232816376633 8.704581112124688e-08 -0.20506121535233252 -1.4645377859024182e-06 -5.260915576440803e-08 0.9999999999989264 0.494996194675764
1631215704973749 0.9997184852844947 -0.023726571131359564 7.689342320661694e-07 -22.35819835133454 0.023726571134400503 0.999718485275804 -4.221759416750068e-06 -0.24028791715998077 -6.685498906583843e-07 4.23881510211319e-06 0.9999999999907929 0.494990496841481
1631215705223124 0.9997445504347063 -0.02260163431217926 -5.411705041579155e-07 -23.942218249586766 0.022601634304190193 0.9997445503648879 -1.184292556148298e-05 -0.24047106120161588 8.087017350788967e-07 1.1827668953491712e-05 0.9999999999297264 0.4949679365701557
1631215705473132 0.9997699542121606 -0.02144851164553805 -7.569632423814218e-07 -25.573469151551166 0.0214485116385789 0.999769954178629 -8.241313254254934e-06 -0.24509724563686705 9.335530094610601e-07 8.223181639958695e-06 0.9999999999657541 0.49496433826433
1631215705722504 0.9997902625370669 -0.020480013031089705 -2.7698291809294517e-07 -27.234901243376036 0.020480013028039205 0.9997902625018317 -8.40580595370435e-06 -0.24759647259851383 4.490758398583671e-07 8.398370327537377e-06 0.9999999999646332 0.494980938044730
1631215705971885 0.9997903004483996 -0.020478162184521708 7.816593510887952e-07 -28.949168409109593 0.020478162181464428 0.9997903004417832 3.737136753650758e-06 -0.2830423745929051 -8.580251300171011e-07 -3.7203461307953017e-06 0.9999999999927116 0.4950059058421104
1631215706221885 0.9997856770829162 -0.02070265429601841 1.6498740424056718e-06 -30.72634435785121 0.02070265430041751 0.999785677080553 -2.6953957324643505e-06 -0.3143498001840881 -1.5937185905475792e-06 2.7289748193335182e-06 0.9999999999950067 0.4950372114860359
1631215706472517 0.9997808707962522 -0.020933475232891508 1.5259847286597025e-06 -32.552456189451114 0.020933475225191806 0.9997808707855792 4.898222062874893e-06 -0.3577579869521298 -1.6281871510669402e-06 -4.8652045558739145e-06 0.9999999999868396 0.495036733713035
1631215706723772 0.9997873388995046 -0.02062224462335708 8.419700559588388e-07 -34.40787144952872 0.020622244614957517 0.9997873388595626 8.995694165166064e-06 -0.3826502212494387 -1.027302407279757e-06 -8.976417818512773e-06 0.9999999999591844 0.4950162103269283
1631215706974406 0.9997827866447352 -0.02084177359170253 4.557231893008068e-07 -36.30682006125152 0.02084177358437396 0.9997827865667244 1.251003841897145e-05 -0.4272615473222838 -7.163555884554894e-07 -1.2497822992051326e-05 0.9999999999216458 0.495005295584921
1631215707224412 0.9997830582638599 -0.020828739905672612 -5.221746518781097e-07 -38.231470338057605 0.02082873990970449 0.9997830582185033 9.528809044570383e-06 -0.4600146158100491 3.235882851794023e-07 -9.537618088225611e-06 0.9999999999544649 0.494974728526005
1631215707474411 0.9998299965367823 -0.018438492966435602 -3.904982014855455e-07 -40.229975868681805 0.018438492968914994 0.9998299965065927 7.773658147298003e-06 -0.40053060979866556 2.470972743552725e-07 -7.779536796850923e-06 0.9999999999697091 0.494981342628580
1631215707724419 0.9998223873767212 -0.018846583177451588 7.851118900814988e-07 -42.25901515341157 0.018846583153176198 0.999822387089163 2.4011364457250533e-05 -0.4606224889606386 -1.2375046215238945e-06 -2.3992303059353376e-05 0.9999999997114193 0.4950264231321308
1631215707973798 0.9998382245928019 -0.01798679068947962 1.2548009277791048e-06 -44.34126637274682 0.01798679066583339 0.999838224452387 1.682881697122813e-05 -0.4548745090145227 -1.5572943400884102e-06 -1.6803524640932204e-05 0.9999999998576083 0.495055345024376
1631215708223797 0.9998420010050693 -0.017775629973956996 1.7250133912155783e-06 -46.474160019048945 0.01777562993107908 0.9998420007583949 2.231077080872977e-05 -0.4830779479320263 -2.1213288467424313e-06 -2.2276582529747202e-05 0.9999999997496272 0.495079531478398
1631215708473810 0.999863386864925 -0.016528992780076513 1.5635877628956474e-06 -48.643631203717774 0.016528992741421406 0.9998633866215355 2.2145772415155456e-05 -0.4620098408636355 -1.9294214682525116e-06 -2.211690248102306e-05 0.9999999997535602 0.4950744191144813
1631215708723187 0.9998862670321408 -0.0150815448458934 1.8327955036631698e-06 -50.85159551850589 0.01508154479733252 0.9998862667436633 2.411872550947978e-05 -0.43104056512362715 -2.196334694264304e-06 -2.4088341027807543e-05 0.9999999997074642 0.4950919589310
1631215708972568 0.9999183414406202 -0.012779297638340703 5.266761232049751e-07 -53.05239876593187 0.012779297620321432 0.9999183411026829 2.6010717230413024e-05 -0.3564616035386873 -8.590318126895902e-07 -2.600186268184566e-05 0.9999999996615829 0.495023480671174
1631215709222563 0.9999414070253833 -0.01082508720861099 -8.888742032514812e-07 -55.241813775378624 0.0108250872274612 0.9999414067127244 2.501326067103686e-05 -0.2969685189357536 6.180513930556857e-07 -2.502141721052959e-05 0.9999999996867737 0.4949431650023230
1631215709472570 0.9999588319307204 -0.009073832393525674 -2.6852747164131807e-06 -57.40134284612278 0.009073832453426706 0.9999588316645162 2.3205831801601755e-05 -0.24446441440141836 2.4745983398081075e-06 -2.322924219523049e-05 0.9999999997271396 0.494840336634681
1631215709722569 0.9999701911334428 -0.007721193992608861 -2.3752883905749884e-06 -59.522685455652294 0.007721194059202723 0.9999701907024937 2.943612925695887e-05 -0.21468237945512378 2.1479355205167993e-06 -2.9453591861985868e-05 0.9999999995639364 0.4948492637059061
1631215709973827 0.9999716223590247 -0.007533556421799352 -1.4375732934314163e-06 -61.612118331433734 0.007533556457381274 0.9999716220059793 2.6600786423728994e-05 -0.25272819188580714 1.2371339726002613e-06 -2.6610861595789324e-05 0.9999999996451661 0.4949043251718119
1631215710224464 0.9999702827947148 -0.007709314167168046 -5.456077933975598e-07 -63.60357021479464 0.00770931417701736 0.999970282569281 2.1236755610827e-05 -0.315352540876715 3.8187075844133266e-07 -2.1240330775745075e-05 0.9999999997743514 0.494957802013313
1631215710474463 0.9999379146894615 -0.011143014143660238 -2.2999048382469985e-07 -65.52383136174056 0.011143014145898293 0.9999379143625475 2.5569324469702604e-05 -0.5937806231163081 -5.4943139490957825e-08 -2.5570299777524416e-05 0.9999999996730786 0.4949817570006651
1631215710724460 0.9998819743343486 -0.0153635086619229 -7.796056599074791e-07 -67.31812193310435 0.015363508677662596 0.9998819739478434 2.7803656941223352e-05 -0.9321628002222317 3.523519218804952e-07 -2.781235287448856e-05 0.9999999996131748 0.4949508185880620
1631215710974474 0.9998280999229274 -0.018541051734106303 -1.6939810656475463e-06 -69.00312487374582 0.01854105176792416 0.9998280996638729 2.2795512062513883e-05 -1.2062608533292345 1.2710371012793705e-06 -2.282300170291643e-05 0.9999999997387476 0.494882779551617
1631215711223848 0.999762805013556 -0.021779203508893473 -1.9266458846579306e-06 -70.62104804679679 0.02177920352812793 0.9997628049588002 1.0599980551484587e-05 -1.4845348930321478 1.6953297601906329e-06 -1.0639427102113724e-05 0.9999999999419644 0.494862405143131
1631215711473856 0.9997523500434494 -0.02225395638068972 -2.402878759170582e-06 -72.16223404235193 0.02225395635911133 0.9997523500092956 -8.661702586837403e-06 -1.5669101704785446 2.595040837823989e-06 8.606083957544518e-06 0.9999999999596008 0.494815296658833
1631215711723234 0.9997281689464801 -0.02331497826626388 -1.062671336688832e-06 -73.74623355378469 0.023314978251820648 0.9997281688751013 -1.2021714798918683e-05 -1.6968299265027635 1.3426684888070216e-06 1.199367076444282e-05 0.9999999999271747 0.494909682875415
1631215711972610 0.9996995790543788 -0.02451023533561418 2.4219831712716513e-07 -75.43509147058973 0.024510235336738247 0.9996995790266605 -7.444658013796654e-06 -1.8393829292225656 -5.965523576182926e-08 7.4483578203639e-06 0.9999999999722595 0.495006710649290
1631215712221987 0.9996587564054947 -0.026122226926238577 -3.3945112559001915e-08 -76.97541588938549 0.026122226925523465 0.9996587563862025 -6.213707215479351e-06 -2.014852500904512 1.9624939894251629e-07 6.210700105774527e-06 0.9999999999806946 0.494987229000590
1631215712471999 0.9996519409809044 -0.02638175298537219 5.445440354697311e-07 -78.52949549053207 0.02638175298897041 0.9996519409468854 -8.253552492239596e-06 -2.08451026940399 -3.2661131888705176e-07 8.265045795108927e-06 0.9999999999657914 0.49502809289939
1631215712721998 0.9996318373340377 -0.027132817505864357 3.698625171084423e-07 -80.17538251318138 0.027132817507974118 0.9996318373010586 -8.121325788772767e-06 -2.1928089340822403 -1.4937189699378182e-07 8.128371232017114e-06 0.9999999999669538 0.495015272385991
1631215712972633 0.9996500951169774 -0.026451603550111915 1.1459267457676757e-07 -81.8156116097028 0.02645160354919372 0.9996500950228316 -1.3721795374823344e-05 -2.1830850970359768 2.4841091322154037e-07 1.3720025211646036e-05 0.9999999999058498 0.4949893327913744
1631215713223256 0.9996497188681901 -0.026465818793719408 -3.068640503190727e-07 -83.53487231601316 0.026465818776411656 0.9996497185204126 -2.638790467742107e-05 -2.2234233048179863 1.0051340650663357e-06 2.6370540084018706e-05 0.9999999996517923 0.4949339290475418
1631215713473887 0.9996667515275262 -0.025814451149195554 1.9041811846733612e-07 -85.36534118341174 0.025814451143198032 0.9996667510728191 -3.0157211062356675e-05 -2.2049677649014203 5.881371899327733e-07 3.0152076757119356e-05 0.9999999995452533 0.4949772477470412
1631215713724516 0.9997137699737595 -0.023924425174946952 1.6336437845407432e-06 -87.27752004918162 0.023924425201537657 0.9997137697963654 -1.8870165502617898e-05 -2.085331704362497 -1.1817183237440252e-06 1.8903848283222337e-05 0.9999999998206242 0.4951285098757776
1631215713974519 0.9997579788975163 -0.02199962785142326 1.708703294602829e-06 -89.27092425286781 0.021999627877814943 0.9997579787474302 -1.737405614136583e-05 -1.952926799909166 -1.3260669827143816e-06 1.7407442089817612e-05 0.9999999998476115 0.4951485902413318
1631215714224520 0.9997804097571982 -0.02095548287079339 1.0716623037774848e-06 -91.35668394136971 0.02095548288108379 0.9997804097001263 -1.0716142328090203e-05 -1.8960337044283821 -8.468650401354098e-07 1.0736246368879562e-05 0.9999999999420082 0.495109639598010
1631215714474529 0.9998074695302579 -0.01962202507334628 1.1363131360095048e-06 -93.5196012278639 0.019622025084104263 0.9998074694767015 -1.0390422105373843e-05 -1.8076653461014658 -9.32213237974556e-07 1.0410718397406496e-05 0.9999999999453741 0.495124374380215
1631215714723907 0.999834827015846 -0.01817467148005144 7.437449613901168e-07 -95.71929740763274 0.018174671476734138 0.9998348270071615 4.2473403055493525e-06 -1.7145345577107525 -8.20816129528093e-07 -4.233121439350081e-06 0.9999999999907037 0.495112212737510
1631215714973286 0.9998794002457883 -0.015530130770286426 3.8509562067196947e-07 -97.97138525014802 0.015530130764311305 0.9998794001688999 1.2413376484506827e-05 -1.5025215469296398 -5.778305383116115e-07 -1.2405898849035755e-05 0.9999999999228801 0.4950849973915608
1631215715223291 0.9999120741621603 -0.013260616161434704 1.230010786526631e-06 -100.3415632843539 0.013260616152637166 0.9999120741391972 6.904232625526407e-06 -1.3151632003137679 -1.3214570155087373e-06 -6.887314864199813e-06 0.9999999999754094 0.49517612800159
1631215715472695 0.9999373691977687 -0.011191857539949982 2.1019218345106333e-06 -102.74778913861748 0.011191857528742096 0.9999373691862142 5.270361510862722e-06 -1.145578083063165 -2.1607753246540623e-06 -5.246507014196565e-06 0.9999999999839029 0.4952702254401356
1631215715722712 0.9999489339436086 -0.010105914212909618 8.539451450942044e-07 -105.20377820475854 0.0101059142088681 0.9999489339333807 4.6115040361086545e-06 -1.074154454392711 -9.005050016579499e-07 -4.602638648418372e-06 0.9999999999890026 0.4951478386178939
1631215715972706 0.9999564064266525 -0.00933730389681375 3.327130133196969e-08 -107.68253459844864 0.009337303893063895 0.9999564061141532 2.500085621851202e-05 -1.0486309592441971 -2.667104431000493e-07 -2.499945567765707e-05 0.9999999996874782 0.495076542236133
1631215716222706 0.999956130677852 -0.009366788004586585 1.502813685083259e-07 -110.19237134212086 0.009366787994788208 0.9999561301521122 3.242900692158907e-05 -1.1055372097739178 -4.5403040872239384e-07 -3.242617662939151e-05 0.9999999994741686 0.495100411851482
1631215716473970 0.9999516685116274 -0.009831614126929311 1.4961932651896367e-06 -112.74382017151085 0.009831614074050725 0.9999516680015964 3.198892869871126e-05 -1.2115136933076138 -1.8106237544829209e-06 -3.197267263148366e-05 0.9999999994872351 0.495268085886412
1631215716724593 0.9999577015558373 -0.009197559063640415 2.050599860508102e-06 -115.32590436433321 0.009197559013993654 0.9999577012931573 2.303163399587569e-05 -1.1891211108064903 -2.2623479368000114e-06 -2.301179928041142e-05 0.9999999997326696 0.495324570077720
1631215716975225 0.9999529267432768 -0.009702798187733746 1.6279615298866654e-06 -117.9339763159852 0.009702798170636615 0.9999529266927407 1.0200488196141482e-05 -1.293773951072465 -1.726858174740698e-06 -1.0184212243810618e-05 0.99999999994665 0.4952699326288540
1631215717225222 0.9999490607438343 -0.010093359958714816 1.870937037508099e-07 -120.5338416481542 0.010093359957647418 0.9999490607312352 5.025273555735142e-06 -1.3869885246190339 -2.3780606822390616e-07 -5.023129167951632e-06 0.9999999999873561 0.495099300561038
1631215717474599 0.9999429503246162 -0.010681577301156849 -4.789399278179483e-07 -123.16295895200324 0.010681577305292017 0.9999429502778716 9.675976148059853e-06 -1.5097893450057027 3.7555791723939197e-07 -9.680539970646772e-06 0.9999999999530733 0.495025451299566
1631215717723980 0.9999450165909595 -0.01048636221448351 4.243670024838205e-07 -125.8202450285242 0.010486362206194822 0.999945016458837 1.626603806443529e-05 -1.539602784089134 -5.949152362228105e-07 -1.6260693636150826e-05 0.9999999998676181 0.495146338066294
1631215717973983 0.9999400673790497 -0.010948134441185373 -7.90183480015465e-08 -128.49325528734997 0.01094813444112798 0.9999400672646199 1.512791549625697e-05 -1.6490476083401733 -8.660884045234658e-08 -1.5127873944162782e-05 0.9999999998855702 0.495083888829878
1631215718223368 0.9999383371523204 -0.011105038964367188 -6.47895760031256e-07 -131.18607383171107 0.011105038968976414 0.999938337123545 7.60689525354321e-06 -1.7158914071252074 5.63380940727843e-07 -7.613621098399858e-06 0.999999999970858 0.4950071640896294
1631215718472751 0.9999468503741678 -0.010310015672485106 -1.1757430805617163e-06 -133.89201521148738 0.010310015661653673 0.9999468503355973 -8.873720149540784e-06 -1.6507096719193888 1.2671687840293907e-06 8.861126585080209e-06 0.9999999999599376 0.494922351562185
1631215718722756 0.9999422877226242 -0.01074342666071118 -2.3233076417837383e-06 -136.59405018739787 0.010743426618166865 0.9999422875707407 -1.760857279060146e-05 -1.7487271176904504 2.5123499684370377e-06 1.7582596274642704e-05 0.9999999998422704 0.4947506234801930
1631215718972752 0.9999368940247615 -0.011234231436826697 -3.1471055955414836e-06 -139.29844335241327 0.011234231393922933 0.9999368939412931 -1.3333958182336944e-05 -1.8547477565783603 3.2967037663076674e-06 1.329776141745034e-05 0.9999999999061508 0.494641271463456
1631215719223378 0.9999395229806897 -0.010997743411213354 -4.333508989999757e-06 -141.9980798759 0.010997743376108166 0.9999395229581183 -8.043101533331644e-06 -1.8654270485791626 4.421702879098835e-06 7.99495629075269e-06 0.9999999999582649 0.4944709820502173
1631215719474010 0.9999262011885091 -0.012148751763604701 -2.251891244810086e-06 -144.67860447563191 0.012148751767188815 0.9999262011897455 1.584804656745091e-06 -2.0772400039287704 2.2324716595517857e-06 -1.6120453677884734e-06 0.9999999999962088 0.4947744759582296
1631215719724650 0.9999238784706189 -0.012338446441730412 -1.2028433398279325e-06 -147.3740162561448 0.012338446444690444 0.9999238784682174 2.485289301368002e-06 -2.148964578409752 1.1720871686158995e-06 -2.499941335480826e-06 0.9999999999961884 0.4949284281595930
1631215719975265 0.9999092268602886 -0.013473605165317409 -1.1298189188658337e-06 -150.03027711852573 0.013473605173601312 0.9999092268313482 7.676508367891373e-06 -2.365511315228617 1.0262861188276563e-06 -7.691034281172434e-06 0.9999999999698976 0.4949469699512737
1631215720225274 0.9998899749171362 -0.014833679423137364 -3.570440297258997e-06 -152.67080305939868 0.014833679536032235 0.9998899743438548 3.3997570182686574e-05 -2.6358209801322423 3.065738399973814e-06 -3.4046792364458144e-05 0.9999999994157087 0.494631191452670
1631215720475259 0.9998707988910721 -0.01607437443018037 -3.0618730544284425e-06 -155.30932236908887 0.01607437455153762 0.999870797885202 4.491051305582047e-05 -2.892685946474829 2.3395690512490506e-06 -4.4953928262137656e-05 0.9999999989868356 0.4947323610398056
1631215720724636 0.9998564646268226 -0.01694255383224243 -3.3705184711125177e-06 -157.95971097862977 0.01694255396190165 0.9998564637005386 4.3119242313892555e-05 -3.093446454972783 2.639484595261054e-06 -4.3170158368528715e-05 0.9999999990646855 0.494686120870546
1631215720974019 0.9998265528564568 -0.018624290371512944 -3.0166315670565427e-06 -160.61592311035122 0.018624290466252955 0.999826552239222 3.521116708548841e-05 -3.425575447318748 2.3603253389512776e-06 -3.526124243174987e-05 0.9999999993755371 0.494710399652137
1631215721223393 0.9998231682307201 -0.018805112646812838 -2.2788840389097983e-06 -163.2992470761553 0.018805112682615827 0.9998231680903881 1.686596927584025e-05 -3.515424619163638 1.9613146073679383e-06 -1.6905841507832643e-05 0.9999999998551732 0.4947712347319427
1631215721472774 0.9998217275372073 -0.01888155547287971 -2.2817388004365797e-06 -165.9583390389537 0.018881555494805267 0.9998217274893538 1.0003411562978686e-05 -3.5925433206266164 2.0924520587922213e-06 -1.0044711007970547e-05 0.999999999947363 0.494747426996809
1631215721722778 0.9998438702102137 -0.017670178248985747 -1.215671502351831e-06 -168.6250309278235 0.01767017823825273 0.999843870176393 -8.335930588672833e-06 -3.443334975785328 1.3627790791506776e-06 8.313147969475189e-06 0.9999999999645175 0.494872133549725
1631215721972155 0.9998976277835997 -0.014308527191818585 -3.142059034053096e-07 -171.30646203036136 0.014308527181961062 0.9998976275596525 -2.1171419689175036e-05 -2.9239886523096477 6.171055716934788e-07 2.1164756500354756e-05 0.9999999997758364 0.49500080122443
1631215722222161 0.9999500224139923 -0.00999763316261001 -1.7804491414998235e-06 -173.93284983619438 0.009997633144815497 0.9999500223683426 -9.737575044062786e-06 -2.244160524409715 1.8777128620565836e-06 9.719288106240494e-06 0.999999999951005 0.4947804347110024
1631215722472788 0.999987829744502 -0.004933593738636404 -3.6702709624067157e-06 -176.46690792433654 0.004933593776685378 0.9999878296966461 1.043099858576435e-05 -1.4303083682422442 3.618763984793384e-06 -1.0448979263848654e-05 0.999999999938862 0.4944652839584424
1631215722724058 0.9999993622402711 -0.001129382696090026 -3.3977004230589633e-06 -178.93176791135429 0.0011293827220284383 0.9999993622168146 7.641893459960704e-06 -0.8177756189663123 3.3890676338313227e-06 -7.64572589043829e-06 0.9999999999650289 0.4945019233934594
1631215722974676 0.9999996134383421 0.0008792673112385131 -3.1509822818169154e-06 -181.25218174073322 -0.0008792673562482813 0.9999996133408566 -1.4311565384343288e-05 -0.5073940107160018 3.1383973718529408e-06 1.4314330407933278e-05 0.9999999998926254 0.4945456379900603
1631215723224681 0.9999978537004757 0.002071853088237913 -4.121883221819263e-06 -183.45292599925585 -0.0020718532038681574 0.9999978533097238 -2.824912595074902e-05 -0.3452752400410809 4.063346334581074e-06 2.8257605256685558e-05 0.9999999995924986 0.494368463348728
1631215723474679 0.9999970496864226 0.0024291143340945853 -4.44634586246498e-06 -185.5400154285251 -0.002429114545132076 0.9999970485394873 -4.8089584549776266e-05 -0.3257147311610103 4.329517640110875e-06 4.810024335393655e-05 0.9999999988338111 0.4943041108085507
1631215723724701 0.9999995226259575 0.000977100167804017 -4.570166731768024e-06 -187.52915114832348 -0.000977100328563728 0.9999995220129533 -3.5306944315900185e-05 -0.6560656685676233 4.535666126082539e-06 3.531139297277542e-05 0.9999999993662669 0.494259638905909
1631215723974066 0.9999999124834167 -0.00041835384314462806 -3.3148952000937976e-06 -189.4086421304019 0.0004183537920439653 0.9999999123703337 -1.540120208023585e-05 -0.9835112412222689 3.32133806169719e-06 1.53998139334325e-05 0.9999999998759075 0.4944784083622282
1631215724223444 0.9999991937457966 -0.0012698413044371815 -2.9300952291821477e-06 -191.218575263314 0.0012698412671204933 0.9999991936694591 -1.27025713135709e-05 -1.2044660508272724 2.9462231162899845e-06 1.2698840316259133e-05 0.9999999999150297 0.4945512374280780
1631215724472866 0.9999969377307674 -0.0024747775720987426 -1.6804214089752614e-06 -192.99965699659876 0.002474777529954446 0.9999969374288439 -2.463488944993765e-05 -1.4880005455582226 1.7413821344710235e-06 2.463065534218484e-05 0.9999999996951494 0.4947822669729899
1631215724722831 0.9999911370313616 -0.004210208021257178 -2.215861868390637e-06 -194.7007759280066 0.0042102079321008285 0.9999911362810914 -3.880963363815804e-05 -1.8734557044917537 2.3792388584642987e-06 3.8799960430464155e-05 0.9999999992444513 0.4946430948769120
1631215724972831 0.9999875091554009 -0.0049981515092624 -3.526325479249551e-06 -196.38473797275486 0.004998151368619325 0.9999875084086297 -3.882479429096483e-05 -2.080336154722417 3.7203336340231426e-06 3.880668422805907e-05 0.9999999992401003 0.4943872692121847
1631215725223464 0.9999760065165457 -0.0069272189184322415 -5.200483315677803e-06 -198.179146586821 0.006927218663458835 0.9999760054016605 -4.754255338617347e-05 -2.504479199540416 5.529696207428858e-06 4.750538778972816e-05 0.9999999988563306 0.494020359791080
1631215725474088 0.9999610838931042 -0.008822169317624931 -5.062307424838253e-06 -199.78574971346993 0.008822169132404335 0.9999610832769426 -3.5512960804733925e-05 -2.934458648445835 5.375411769623823e-06 3.5466918246332075e-05 0.9999999993566016 0.494067060935772
1631215725724100 0.9999632949215594 -0.008567892904613475 -4.3082171304471646e-06 -201.37127664838255 0.008567892655880966 0.9999632934329381 -5.477185640648626e-05 -2.9145672670439597 4.77733839047477e-06 5.473293365941081e-05 0.9999999984907417 0.49419503906941
1631215725974096 0.999945309242765 -0.010458418442505786 -2.1999997213547758e-06 -203.05225150781902 0.010458418329719884 0.9999453081788217 -4.620572839788637e-05 -3.3380665136663588 2.6831182413955294e-06 4.6180192854303594e-05 0.9999999989300956 0.4946190565150495
1631215726224112 0.9999306893020625 -0.011773554640912553 -8.871713247600902e-07 -204.70669349683985 0.011773554591710336 0.999930688373019 -4.312659962419104e-05 -3.6450467806573648 1.3948632106272401e-06 4.3113165329543416e-05 0.9999999990696549 0.494879347113222
1631215726473485 0.9999199336850234 -0.012654098824574961 -2.0884115830301275e-07 -206.43149438331974 0.012654098810964019 0.9999199331496245 -3.272766779780128e-05 -3.867946849873964 6.229635796619679e-07 3.272240471746303e-05 0.9999999994644282 0.495044609032050
1631215726722867 0.9999243066780953 -0.012303694700811515 -2.96768246410975e-06 -208.1715847209659 0.012303694545627486 0.9999243055507914 -4.761368549550006e-05 -3.8218437653915522 3.553282076945181e-06 4.757356799903618e-05 0.9999999988620651 0.494421567640449
1631215726972872 0.9999589086861035 -0.009065369642835459 -3.2097935252293916e-06 -209.9605529735707 0.009065369495189341 0.9999589077525095 -4.3360014861930234e-05 -3.1786248771566616 3.602736190049933e-06 4.332913517773625e-05 0.9999999990548034 0.4944159404203955
1631215727222870 0.9999846581551382 -0.005539263916401362 -2.717285469227345e-06 -211.78185922301782 0.005539263808572008 0.9999846574296715 -3.820326237392208e-05 -2.4681669264383825 2.928861731847424e-06 3.818762450442551e-05 0.9999999992665638 0.4945555654809339
1631215727472873 0.9999897850309123 -0.004519937089914558 -5.479512220589556e-07 -213.67212877943865 0.004519937076055505 0.9999897847644496 -2.3094279074948046e-05 -2.291658195819844 6.523303131651512e-07 2.309156646260831e-05 0.9999999997331772 0.495051177046891
1631215727724133 0.9999913699315189 -0.0041545226842823945 1.2318392445431879e-06 -215.637771864512 0.004154522700677885 0.9999913698394546 -1.362012878523993e-05 -2.2531341411369015 -1.1752434795742943e-06 1.3625128946731249e-05 0.9999999999064875 0.495454996281280
1631215727974754 0.9999930390753293 -0.00373119197533246 2.2576340753285855e-06 -217.68837163807893 0.0037311919866287197 0.9999930390652345 -5.020223163807162e-06 -2.2016757077324964 -2.2388869437068495e-06 5.0286118845937395e-06 0.9999999999848503 0.4956986768930492
1631215728225392 0.9999955276207101 -0.002990775085422916 8.562678858158868e-07 -219.79720131287766 0.0029907751012048156 0.9999955274393002 -1.9064551898172886e-05 -2.068756174442339 -7.992462692756716e-07 1.9067027538981246e-05 0.999999999817905 0.4953809057764970
1631215728474771 0.999996742755942 -0.00255234698848642 -3.527400952803761e-07 -221.957305219347 0.0025523469826774893 0.9999967426345047 -1.558934045456481e-05 -2.009967266182326 3.9252835243957583e-07 1.5588389361195192e-05 0.9999999998784241 0.495121756549283
1631215728724780 0.9999990929019602 -0.0013469198216031178 -1.3513985255405248e-07 -224.20444871507283 0.001346919820560317 0.999999092874288 -7.440799299660757e-06 -1.7850449840090639 1.451618900308646e-07 7.4406105275969585e-06 0.9999999999723084 0.4951889815933405
1631215728974150 0.9999997517651823 -0.0007046034217693623 1.1659148856405842e-06 -226.51451317301772 0.0007046034090972062 0.9999997517071849 1.0833819194012254e-05 -1.6936067111743616 -1.1735481422299741e-06 -1.0832994997102154e-05 0.9999999999406348 0.495501213127276
1631215729223532 0.9999999802271681 0.00019885122712115936 1.2729860287069662e-06 -228.89058280060678 -0.00019885123463902834 0.9999999802105228 5.908314120980856e-06 -1.531059200215154 -1.2718111280049384e-06 -5.908567139013425e-06 0.9999999999817359 0.4955311165537168
1631215729472909 0.9999999183436449 0.0004041167954307042 2.9488992731380756e-07 -231.3137701972231 -0.0004041167936204485 0.9999999183250037 -6.113130597399694e-06 -1.5229659496549446 -2.9736032197637267e-07 6.113010928265485e-06 0.9999999999812716 0.4953007479605684
1631215729722911 0.9999982114558182 0.0018913177570087324 -2.728694955053416e-07 -233.761091857426 -0.0018913177579732406 0.9999982114494491 -3.578902386675323e-06 -1.2256535827793087 2.6610016583051416e-07 3.5794120685807335e-06 0.9999999999935587 0.4951813160247443
1631215729972918 0.9999977039119983 0.0021429341613505076 -1.2958197321488615e-06 -236.20800874934022 -0.0021429341743361002 0.9999977038617622 -1.0104211303318855e-05 -1.208472800860037 1.2741640971951518e-06 1.0106964959570873e-05 0.9999999999481131 0.494939533477454
