1633462520781466 0.9999806747146978 0.006216928271891147 0.0 0.0 -0.006216928271891148 0.9999806747146978 0.0 0.0 0.0 0.0 1.0 0.49
1633462521030770 0.9999825181640403 0.005912982671067837 5.9561558679502786e-08 -0.0013567944874139154 -0.005912982671161409 0.9999825181625683 1.716336442282382e-06 -0.00032905871407654493 -4.9411849793783064e-08 -1.7166586240384016e-06 0.9999999999985254 0.4949949072201590
1633462521279754 0.9999806656026418 0.006218393570818398 -2.509591503298078e-07 -0.004952451824096233 -0.006218393571279274 0.9999806656009046 -1.8793186845155747e-06 0.0009586227858930641 2.392679549940658e-07 1.8808429117883803e-06 0.9999999999982025 0.495005600012992
1633462521528835 0.9999812235833333 0.006128007714217028 -3.340228595683092e-08 -0.0035565567943467943 -0.006128007714178797 0.9999812235827873 1.0456959915425116e-06 0.00010228992102219705 3.9809691883937175e-08 -1.0454716676552113e-06 0.9999999999994527 0.49499702202508
1633462521777948 0.9999804117050395 0.006259089709104553 -1.056359514402306e-08 -0.003955258437968809 -0.006259089709085315 0.9999804117041763 1.3139403915147217e-06 -0.0005493286472046606 1.8787459007054086e-08 -1.3138485351760077e-06 0.9999999999991367 0.49499649438782
1633462522027078 0.9999817313396253 0.006044583088456065 2.433574154538484e-07 -0.007502398560465164 -0.00604458308899398 0.9999817313370666 2.2737196702514548e-06 -0.003298691124745376 -2.296092821743724e-07 -2.275149126561994e-06 0.9999999999973854 0.494994878650448
1633462522276001 0.9999807506420237 0.006204703311269206 -3.541489578939279e-08 -0.006878083244006203 -0.006204703311253727 0.999980750641935 4.2282174687183275e-07 -0.002577168753589903 3.8037697566822364e-08 -4.225938689045769e-07 0.9999999999999101 0.4949984811002187
1633462522524960 0.9999802503066015 0.006284822550848932 -1.3603193565174247e-07 -0.006529905967069628 -0.006284822551002177 0.9999802503059406 -1.1567044466866885e-06 6.189386509801682e-06 1.2875956687086036e-07 1.1575365387080335e-06 0.9999999999993219 0.495002529759340
1633462522774049 0.9999807388310314 0.006206606537139711 6.909272003129632e-08 -0.005994212931743351 -0.0062066065371707375 0.9999807388309289 4.5761013620835237e-07 -0.0008538752833824737 -6.625118315742734e-08 -4.580301534317028e-07 0.999999999999893 0.4949968468515993
1633462523023470 0.9999806453833435 0.006221644193209677 -1.1160807756414878e-07 -0.00620298670980704 -0.006221644193172974 0.9999806453832965 3.266269487899193e-07 0.00022429937038780903 1.136380740937666e-07 -3.25926241303003e-07 0.9999999999999405 0.4949983724563920
1633462523272401 0.9999782575919576 0.00659426576436162 -3.8553644820409235e-07 -0.0028960134235443804 -0.006594265764880419 0.9999782575911034 -1.3601201302213306e-06 0.003486631483392727 3.7655907210353967e-07 1.3626328877390638e-06 0.9999999999990008 0.495002399706450
1633462523521517 0.9999808923391861 0.0061818245071276244 2.3513221207752267e-07 0.0011056213464875815 -0.006181824507230108 0.9999808923391175 4.3746638865845656e-07 0.004113249006786584 -2.3242337880966057e-07 -4.38911575770784e-07 0.9999999999998768 0.494997182704550
1633462523770570 0.9999803053869762 0.006276052547550954 5.977019826474701e-07 0.001103224125883359 -0.006276052549215131 0.9999803053831561 2.8242741730906796e-06 0.0018255385640681548 -5.799649180208706e-07 -2.827969759161405e-06 0.9999999999958331 0.494993300450550
1633462524019731 0.9999812367286522 0.006125862246001792 3.8072446895845843e-07 -0.0034885127645776465 -0.006125862246844155 0.9999812367261836 2.2520893164379836e-06 -0.0007859258227894704 -3.669213364057939e-07 -2.254379325530563e-06 0.9999999999973916 0.4949979856796460
1633462524268740 0.9999787552331751 0.006518364829226302 -1.7187802348342148e-07 -0.011489670590747026 -0.00651836482933304 0.9999787552329924 -6.276766305098431e-07 0.00011734585686265597 1.6778294670297557e-07 6.287836593307508e-07 0.9999999999997882 0.49500166637009
1633462524517792 0.9999675417370217 0.00805701370047997 -6.442864470615776e-07 -0.05098692826064442 -0.008057013703610848 0.9999675417246329 -5.014149766595373e-06 0.010097545485702245 6.038664612705769e-07 5.019178040747836e-06 0.9999999999872216 0.4950118201718118
1633462524766683 0.9999539572159584 0.009596011956291116 6.684881315564777e-07 -0.09996322847356622 -0.00959601195743331 0.99995395721468 1.7268285588666394e-06 0.012683961059861958 -6.518866850050384e-07 -1.7331638709799208e-06 0.9999999999982856 0.4949906564185071
1633462525016031 0.9998574953767612 0.01688161533003303 7.249510436290181e-07 -0.14283970920702269 -0.01688161533300401 0.9998574953676899 4.308773247970936e-06 0.016919030477257468 -6.521086822319655e-07 -4.320397572526068e-06 0.9999999999904545 0.4949880750947316
1633462525265348 0.9995906829986604 0.028608852730662986 2.339606169360733e-06 -0.22611388858309536 -0.028608852745586492 0.9995906829790804 6.6154383378792785e-06 0.020696196534319415 -2.14938842758098e-06 -6.6796639748930986e-06 0.999999999975381 0.494986801245715
1633462525514580 0.9990984740781075 0.042452786209956135 5.964556010825601e-06 -0.3612536273164412 -0.04245278633041703 0.9990984738534644 2.1776806116113934e-05 0.004639979599922822 -5.034692713257586e-06 -2.2010385782836755e-05 0.9999999997450975 0.4949720545380252
1633462525763721 0.998163354510025 0.060579844939291735 9.909225214527076e-06 -0.5095435915920895 -0.06057984522369839 0.998163354045228 3.1490008864411245e-05 -0.03030519463054854 -7.983365621996796e-06 -3.203247221150549e-05 0.9999999994550932 0.494943153044000
1633462526012861 0.9959291376554846 0.09013962913114328 5.164296855604745e-06 -0.6623447284177967 -0.09013962915568609 0.9959291376553988 4.734545892677336e-06 -0.01940990949760199 -4.7165035031391355e-06 -5.1807800115101155e-06 0.999999999975457 0.495017134175288
1633462526262147 0.9913702457539006 0.1310917069790644 1.389001563844744e-05 -1.006921280659918 -0.13109170725751298 0.9913702455811645 2.150392657478088e-05 -0.04113048899980091 -1.0951161773197805e-05 -2.3139218837043667e-05 0.9999999996723243 0.4949800294012800
1633462526511316 0.9847260725804728 0.17411077356688187 2.249325274615118e-05 -1.3981648243193685 -0.17411077485692544 0.984726069030101 8.395839895299599e-05 -0.13153806658929637 -7.531630567291729e-06 -8.659234212600663e-05 0.9999999962225203 0.494884872019355
1633462526760577 0.9754939741969639 0.220026148887476 1.0436773176996394e-05 -1.8791605900432633 -0.2200261491269726 0.9754939726585652 5.481726456595733e-05 -0.15958795714605678 1.8802222868331342e-06 -5.5770274277622854e-05 0.9999999984430705 0.494939875171398
1633462527009752 0.9644849688493146 0.26413773841216187 -2.830568785492473e-06 -2.398064443663133 -0.264137738347828 0.9644849687665656 1.419924218168384e-05 -0.181198252979735 6.480596763718332e-06 -1.2947295616076184e-05 0.9999999998951847 0.49490577364611
1633462527258590 0.9516721008511262 0.30711595922549684 -6.95512169463545e-06 -3.0725084345015827 -0.3071159592772378 0.9516721008237489 -8.288629714493999e-06 -0.16692643870410903 4.073424809195869e-06 1.0024086524729855e-05 0.9999999999414624 0.4949168896142122
1633462527507358 0.9408955602231365 0.3386968330899634 -2.2330977474129915e-06 -3.89989821208001 -0.3386968330742335 0.9408955602155276 5.473606458046371e-06 -0.18962653853742756 3.955004928998089e-06 -4.393748879800343e-06 0.9999999999825264 0.4948931086719152
1633462527756195 0.9329342994414374 0.3600466536334667 -1.1437833527465183e-05 -4.7488970796192564 -0.3600466538146836 0.9329342990202563 -2.803925212856606e-05 -0.14682871351783375 5.753083049821344e-07 3.0276933729946453e-05 0.9999999995414881 0.494957144160974
1633462528004926 0.9351349461019992 0.35429173371049005 -9.968192762484826e-07 -5.577291859269617 -0.35429173363458155 0.9351349458354626 -2.3521829845546586e-05 -0.23581685745718267 -7.401429336135998e-06 2.2349249914387943e-05 0.999999999722865 0.495007731544543
1633462528253991 0.9448446790078069 0.32751875143603043 2.4869895093986963e-06 -6.39322976744775 -0.3275187514176458 0.9448446789992746 -5.860990958641139e-06 -0.47778285431862555 -4.269403245643917e-06 4.723190422088447e-06 0.9999999999797318 0.495017320499928
1633462528502838 0.9546931303244076 0.2975920477867977 1.7919557039031896e-06 -7.4256630673874335 -0.29759204773275766 0.9546931302367737 -1.4237332264466916e-05 -0.7184083664299024 -5.947684663822018e-06 1.3059011539690818e-05 0.9999999998970437 0.49505570684402
1633462528751838 0.959211471125341 0.28268950043039615 -2.3956456957378464e-06 -8.504954594691725 -0.2826895003294413 0.9592114704762994 -3.6165634518030176e-05 -0.8565397468314015 -7.925714324119025e-06 3.536771537499462e-05 0.9999999993431539 0.4950012719952812
1633462529000848 0.9653687909559312 0.260889051983636 -1.0631651669175869e-06 -9.697256187855565 -0.26088905192358 0.965368790628671 -2.5774405250547062e-05 -1.0938614611424298 -5.697913679844226e-06 2.5159174586820306e-05 0.9999999996672748 0.495010516977986
1633462529249958 0.9730387134870434 0.23064184791153405 -6.723045276902372e-06 -10.70178602836756 -0.2306418480038651 0.9730387128456788 -3.53660019348028e-05 -1.4118474239375762 -1.6150967168490997e-06 3.5963104610779526e-05 0.9999999993520232 0.4949521166990198
1633462529499151 0.9796301872910365 0.2008100996253318 -5.861786697241303e-06 -11.785620146062083 -0.20081009968931632 0.979630186340584 -4.325328181376967e-05 -1.727919582668435 -2.9433126356449555e-06 4.354932653530293e-05 0.9999999990473964 0.4949588972347674
1633462529748053 0.9859678720978428 0.16693518250940353 -5.401057825473634e-06 -12.956032397877529 -0.16693518259565687 0.9859678714566467 -3.5563620343137e-05 -2.1307933736591895 -6.115499648815496e-07 3.5966213648203784e-05 0.9999999993530286 0.494954370681821
1633462529997241 0.9880123519414761 0.15437484369916632 -6.457398383029943e-06 -14.266719077494308 -0.15437484382827352 0.9880123514062212 -3.2550156563085736e-05 -2.272407082143856 1.3550640285774337e-06 3.315681660894884e-05 0.9999999994493947 0.494914791988147
1633462530246262 0.9904258264756493 0.13804594249441512 2.9365320352966034e-06 -15.674602568089322 -0.1380459425165635 0.9904258259423364 3.254107378277236e-05 -2.5886426314300266 1.5837460336618694e-06 -3.263489622832286e-05 0.9999999994662276 0.495118048516595
1633462530495553 0.9930574380225283 0.11763045855247524 2.5756272952898466e-06 -17.021624266280032 -0.11763045858002565 0.9930574378516613 1.8425897670738104e-05 -2.9320726600763436 -3.9029905047228904e-07 -1.8600946954086164e-05 0.9999999998269262 0.495067336743866
1633462530744309 0.9939406377936005 0.10991819016695505 3.2616810573322625e-06 -18.419952471866917 -0.10991819020342664 0.9939406376852398 1.4765817990096919e-05 -3.0910318452172705 -1.6188853602481977e-06 -1.5034864629497485e-05 0.9999999998856661 0.4950804837939427
1633462530993414 0.9946263083591361 0.10353022127605448 4.183905283255173e-07 -19.902412864459095 -0.10353022125538014 0.9946263082266685 -1.6369694388502636e-05 -3.228894509567414 -2.1109003088532043e-06 1.6238412634671206e-05 0.999999999865929 0.494962986795965
1633462531242369 0.9950726812483167 0.09914816705806362 2.813168195844522e-07 -21.50248882032165 -0.0991481670267976 0.9950726809982218 -2.2450040265348375e-05 -3.3422810697963192 -2.50581102456841e-06 2.231152971400709e-05 0.9999999997479583 0.4949486996950082
1633462531490829 0.9953516604277658 0.09630717564504483 8.549322937508227e-07 -23.18514345705953 -0.09630717560505665 0.9953516602037203 -2.131763241634538e-05 -3.4265651799453973 -2.9039992474106305e-06 2.1136204707500644e-05 0.9999999997724138 0.494962954328017
1633462531739808 0.9956616509882719 0.09304771221172628 1.113352806449275e-06 -24.91037357382739 -0.09304771218796835 0.9956616508974561 -1.365666844332642e-05 -3.5325577241239148 -2.3792444483915205e-06 1.3493826117813788e-05 0.999999999906128 0.494990373475589
1633462531989181 0.9958972184874411 0.09049160295790663 -9.241133902854882e-07 -26.632018702165066 -0.09049160296212629 0.9958972184639323 -6.8494190834606876e-06 -3.6250090423700865 3.0050704273842776e-07 6.904941915494413e-06 0.9999999999761158 0.494957662533425
1633462532238300 0.9954978746705421 0.09478386738517446 -2.776816380815575e-06 -28.377301133564035 -0.0947838674064588 0.9954978746322755 -8.936682274283217e-06 -3.5338494400788267 1.917261497801171e-06 9.159645606326608e-06 0.9999999999562126 0.4948999613079615
1633462532487494 0.9952489045508456 0.09736332976564158 -2.2486035546864646e-06 -30.13743212466823 -0.0973633297772343 0.9952489045353363 -5.802544878574835e-06 -3.4919262542600027 1.6729651340470864e-06 5.993907963455306e-06 0.999999999980637 0.4949299292907146
1633462532736686 0.9953891189506513 0.09591924660143222 -1.9561160018786863e-06 -31.85540537699598 -0.09591924659064376 0.9953891189409773 5.015480637625005e-06 -3.5834206807386537 2.4281777077668605e-06 -4.804725679866226e-06 0.9999999999855094 0.4949680980812828
1633462532985774 0.9962806525434875 0.08616763525385156 -2.2143994135501647e-07 -33.581868956383765 -0.08616763525267039 0.9962806525382398 3.2724725135052502e-06 -3.941233584831805 5.025975471943005e-07 -3.2412200950958237e-06 0.999999999994621 0.495020798094490
1633462533234886 0.9973803425313126 0.07233569194888778 4.0528701752953893e-07 -35.22821161389838 -0.07233569194957953 0.9973803425291639 2.0857003072357735e-06 -4.457701015585423 -2.533547294448908e-07 -2.1095532037043704e-06 0.9999999999977427 0.495039518642921
1633462533483805 0.9985345107077201 0.054118674437743 7.500389681041142e-07 -36.86798013121354 -0.05411867443147431 0.9985345106855527 -6.746168310268452e-06 -5.147901554121998 -1.1140334804990586e-06 6.695690758135043e-06 0.9999999999769633 0.495024504644439
1633462533733070 0.9994015966645298 0.03458971784319214 1.297831653111279e-06 -38.48613847626103 -0.0345897178223457 0.9994015965732749 -1.3620823299077896e-05 -5.915789440154997 -1.7681954609137623e-06 1.3567780922352146e-05 0.9999999999063944 0.49500745728572
1633462533982213 0.9998149987776598 0.019234557862411992 9.126025468877269e-07 -40.05037024993909 -0.019234557830945194 0.9998149984173509 -2.68798760616843e-05 -6.543149806803574 -1.4294562454183346e-06 2.6857349745351726e-05 0.9999999996383198 0.494908201831950
1633462534231041 0.9999566522346218 0.00931094245749819 -2.1873788706965395e-07 -41.641305598043566 -0.009310942459903878 0.9999566518017885 -2.9421622698492137e-05 -6.972231605501451 -5.5214630776513e-08 2.942238399284036e-05 0.9999999995671602 0.494843100738857
1633462534479932 0.9999491632450406 0.01008320005259 9.746785453912448e-08 -43.3666310607477 -0.010083200045627861 0.9999491628323349 -2.8731858966128927e-05 -6.9640749836026865 -3.8717198138872717e-07 2.8729415543843952e-05 0.9999999995872353 0.494857720279389
1633462534729144 0.9999057663397735 0.013728016528155628 6.632264689304152e-07 -45.135329319667704 -0.013728016509337656 0.9999057660772012 -2.293582284577847e-05 -6.833866355380889 -9.78027325614157e-07 2.2924556735377698e-05 0.9999999997367541 0.4949197783878726
1633462534978223 0.9998407296587266 0.01784699730416576 7.052462522189488e-07 -46.96250458574212 -0.017846997297418152 0.9998407296218293 -8.632542352989358e-06 -6.684158775382567 -8.591988874854534e-07 8.618580917084621e-06 0.9999999999624909 0.495012418991352
1633462535227204 0.9997510774862777 0.02231105243631959 1.4063543287286208e-06 -48.85988697656944 -0.022311052429230618 0.9997510774755659 -4.869514274300032e-06 -6.508991334485348 -1.5146482437755712e-06 4.8369248974147245e-06 0.9999999999871549 0.4950741432905360
1633462535476263 0.9996561009947275 0.026223648501114798 1.0375186226196762e-06 -50.78815494045551 -0.026223648502271792 0.9996561009946107 1.117684399781904e-06 -6.35482223222554 -1.0078520581644752e-06 -1.144507552905305e-06 0.9999999999988372 0.4950944176122336
1633462535725245 0.9995069671305629 0.03139781289144098 9.29963797230141e-07 -52.80049700910204 -0.031397812896965784 0.9995069671084755 6.683623495868418e-06 -6.135256269670229 -7.196541345316758e-07 -6.709527079119378e-06 0.9999999999772322 0.4951156870831800
1633462535974272 0.9993978243543519 0.03469853991898529 -1.0226451520777145e-06 -54.7965950061721 -0.03469853991591727 0.9993978243508348 2.8789792302510565e-06 -6.004681882665302 1.121925715818695e-06 -2.841761285451431e-06 0.9999999999953328 0.4949900775354566
1633462536223145 0.999318173235793 0.036921384566220045 3.9812729078568203e-07 -56.837328308504645 -0.03692138456832861 0.9993181731921378 9.340951472115294e-06 -5.935196219159255 -5.2974975409602334e-08 -9.349281972229567e-06 0.9999999999562941 0.495105488555322
1633462536471989 0.99927953076556 0.03795285734107817 3.2213925242611942e-06 -58.9414010374568 -0.03795285740245168 0.9992795305304554 2.180799822047433e-05 -5.941134737653972 -2.3913957639472607e-06 -2.1914547279851294e-05 0.9999999997570168 0.495336845592944
1633462536721355 0.9992513622545878 0.03868740135071872 2.6165029764023322e-06 -61.08011855098694 -0.03868740139547488 0.9992513620553656 2.0038195641851952e-05 -5.9607664463210845 -1.8393184458555717e-06 -2.012441999318997e-05 0.9999999997958122 0.495285133991215
1633462536970208 0.9992223509239141 0.039429600519898605 3.833362481342679e-06 -63.24766386310836 -0.03942960055449142 0.9992223508855801 9.411412819865459e-06 -5.974471247740054 -3.4592932225963703e-06 -9.555241994822685e-06 0.9999999999483653 0.4953055390410271
1633462537219522 0.9992080059067499 0.03979146798476071 2.2894600613751396e-06 -65.41844292071669 -0.039791467977534516 0.99920800590479 -3.1197485693675702e-06 -6.0056703539030964 -2.411786197849181e-06 3.0261767702169155e-06 0.9999999999925129 0.49515615642351
1633462537468574 0.9991744194095978 0.040626095003377966 -1.9097764495487277e-07 -67.56235611030398 -0.040626095000157514 0.9991744192451314 -1.8137252534885936e-05 -5.997505137012811 -5.460257670971976e-07 1.8130037447217237e-05 0.9999999998355018 0.4949194196993171
1633462537717819 0.9991057150217055 0.04228203169280688 -2.1591596639864888e-06 -69.71740039875098 -0.04228203173563816 0.9991057146600687 -2.6901060072580115e-05 -5.9283146458080305 1.019797284595719e-06 2.6968296516152215e-05 0.9999999996358355 0.4947415094657382
1633462537966938 0.9990895521065997 0.04266224165099634 -2.552107339732611e-06 -71.86749604271085 -0.04266224170558738 0.9990895517196603 -2.7839346967735222e-05 -5.946420002584083 1.3620948302534631e-06 2.792287931318343e-05 0.9999999996092288 0.494707023958455
1633462538215734 0.9989685056907728 0.0454084202882322 -1.6244053128399522e-06 -74.01198345134752 -0.045408420311994574 0.9989685054813251 -2.0468113588180028e-05 -5.797944088150274 6.933050433458011e-07 2.0520762524741503e-05 0.9999999997892088 0.4948141098695162
1633462538465060 0.9986077134123295 0.05275068445877284 -5.452762502534989e-07 -76.17165327075642 -0.052750684461197773 0.9986077133914503 -6.4607755129715054e-06 -5.3058398731559535 2.0370673898905273e-07 6.480543957314622e-06 0.9999999999789806 0.4949648525402870
1633462538714188 0.9977940494559018 0.06638550194181922 -3.05474039660862e-07 -78.34769757560557 -0.06638550194196063 0.9977940494179741 -8.704141787201935e-06 -4.303807112660813 -2.730286424914877e-07 8.70521992836311e-06 0.9999999999620723 0.4949847377555872
1633462538963031 0.9961783972870205 0.08734186153478063 2.639045445627614e-07 -80.53497258824285 -0.08734186152318804 0.9961783971957742 -1.3560600971354006e-05 -2.6907344637042794 -1.44730413858685e-06 1.348572782773582e-05 0.9999999999080202 0.4950395754437746
1633462539212151 0.9932097395907095 0.11633749687768759 -3.9509618762520664e-07 -82.70237108542165 -0.11633749686106187 0.9932097393787525 -2.061698815949039e-05 -0.3658658612396607 -2.00611541409575e-06 2.052295794256568e-05 0.9999999997873918 0.4950297390570644
1633462539461722 0.9889777889524161 0.1480639488594495 -2.16884595681291e-06 -84.79919479914668 -0.14806394886639404 0.9889777886256322 -2.5475700175345348e-05 2.262313601009675 -1.6270922896861544e-06 2.551602952833332e-05 0.9999999996731426 0.494960805680704
1633462539711156 0.9829190659007899 0.18403833805575104 -3.4875255156531585e-06 -86.75032877828569 -0.18403833808840414 0.982919065683141 -2.0688316348727463e-05 5.3242878240558325 -3.7948803660036154e-07 2.097677898053979e-05 0.9999999997799154 0.4948921083155663
1633462539960395 0.9735520484034789 0.22846533439688396 -5.106629243049356e-06 -88.51445556493614 -0.22846533445291053 0.973552048088228 -2.4785148584611483e-05 9.246807665125909 -6.909779010633136e-07 2.529631993252986e-05 0.9999999996798095 0.494874619007715
1633462540210077 0.9596801518445596 0.2810943010800362 -7.327770005457478e-06 -89.9719647066922 -0.2810943011732711 0.9596801514057449 -2.9043480264737687e-05 14.04746971380479 -1.1316413576468739e-06 2.9932245939467296e-05 0.9999999995513902 0.4948643423906442
1633462540459336 0.9409181841652163 0.33863397740125384 -7.3760853281872135e-06 -91.04190202451029 -0.3386339774664278 0.9409181836937893 -2.9956881971218503e-05 19.465930329990396 -3.204125282692468e-06 3.068476810049494e-05 0.9999999995240894 0.495043674138474
1633462540708432 0.9176359349530834 0.3974220562823613 -7.800484751283701e-06 -91.65106917645504 -0.3974220563396956 0.9176359345389212 -2.7845565293235784e-05 25.179848296669235 -3.908436702590417e-06 2.8652176032521126e-05 0.9999999995818885 0.495124096671662
1633462540957528 0.8887636402265633 0.45836578377114506 -8.766930558293208e-06 -91.7705903791995 -0.4583657838374864 0.8887636398629386 -2.5737017654515532e-05 31.30507490477903 -4.005239155738463e-06 2.689258649646348e-05 0.9999999996303734 0.495146362755421
1633462541206723 0.8554036221410881 0.5179620093560301 -9.462420122294657e-06 -91.43383129293687 -0.5179620094124316 0.855403621752029 -2.639535285580402e-05 37.50193139450263 -5.5776015597159995e-06 2.7479854581056604e-05 0.999999999606874 0.495284642416709
1633462541456016 0.8187500574216419 0.5741501052627254 -9.82989669005995e-06 -90.73186261222467 -0.5741501053002889 0.818750057017121 -2.6756228907279643e-05 43.555799187271774 -7.3138631681055214e-06 2.7550500173972205e-05 0.9999999995937388 0.495453284647317
1633462541705282 0.7771178387633044 0.629355118003061 -1.0815316656061336e-05 -89.50867064390631 -0.6293551179909647 0.777117838204924 -3.162359127637839e-05 49.736981960330006 -1.1497693520191269e-05 3.138193179688846e-05 0.9999999994414885 0.4958089838741366
1633462541954474 0.7279672200131333 0.6856119357933157 -9.047636371835515e-06 -87.55114469765634 -0.6856119356966465 0.7279672195018773 -3.0964013725225116e-05 56.296798582985836 -1.4642914697445934e-05 2.874395447843834e-05 0.9999999994796851 0.496175994376218
1633462542203470 0.6667398589929486 0.7452905207491324 -1.0455498717491822e-05 -84.39595130827927 -0.7452905206733068 0.6667398585132214 -2.9360651444288677e-05 63.59061784899215 -1.4911117468895298e-05 2.7368300687025825e-05 0.9999999995143174 0.4962275111953889
1633462542452602 0.6002117930968516 0.7998411112899526 -1.0755586018628051e-05 -80.57303422827644 -0.7998411113568327 0.600211792988927 -1.1758039180467635e-05 70.61763045828995 -2.948933555815245e-06 1.5660073654279957e-05 0.9999999998730329 0.495209475315341
1633462542701926 0.5315093340071142 0.8470524350778696 -9.47272475403978e-06 -76.3613859503916 -0.8470524351252708 0.5315093340109278 -2.3186388204325614e-06 77.0893442717326 3.070832966381888e-06 9.256272745452648e-06 0.9999999999524458 0.4947150334318465
1633462542950985 0.46746102873368917 0.8840136800280297 -1.1675124444156908e-05 -72.35980474515088 -0.8840136800957091 0.4674610287489007 -1.5580320138947854e-06 82.52018145383279 4.080344069241523e-06 1.1049288973494468e-05 0.9999999999306322 0.494564165663927
1633462543199526 0.4087588158727497 0.9126424438734265 -9.209452235925456e-06 -68.74436892260447 -0.912642443842392 0.40875881594873426 8.907402636406488e-06 87.05207426798499 1.189371850217449e-05 4.763957640896106e-06 0.9999999999179221 0.493886407635243
1633462543448272 0.362546101490455 0.9319658385554825 -7.577354319150991e-06 -66.2684151758473 -0.9319658384242476 0.3625461015670518 1.5699971245389825e-05 90.36406275069811 1.7378977135645944e-05 1.3698720025598838e-06 0.9999999998480473 0.4933998726040781
1633462543697565 0.3300202475410597 0.9439738535505465 -4.861705644617656e-06 -65.09186165462067 -0.9439738531870213 0.3300202475505877 2.6526668529989725e-05 92.57260425965848 2.6644942814526714e-05 -4.165014704305324e-06 0.99999999963635 0.4925713540893036
1633462543946283 0.31100396799279695 0.9504086131168363 -1.9580283591198147e-06 -65.22731742765572 -0.9504086124346519 0.31100396784641804 3.730403070383848e-05 93.81614921852831 3.6063026673825614e-05 -9.74077455514189e-06 0.9999999993022874 0.4917299389890754
1633462544195108 0.3020240268111301 0.9533003132344867 -3.685955881182634e-06 -66.39337467664475 -0.9533003128670948 0.3020240267985999 2.6863069797528864e-05 94.38066198313356 2.6721820090320574e-05 -4.599469618022675e-06 0.9999999996323945 0.4926002418082263
1633462544443967 0.301459469263128 0.9534789920915333 -5.429043016276998e-06 -68.43456008996641 -0.9534789918309139 0.3014594693079755 2.2347817011895496e-05 94.37347722139802 2.29448104665364e-05 -1.5604825938325478e-06 0.9999999997355504 0.492940578151642
1633462544693244 0.3049419473077394 0.9523709406814069 -1.0749087306967108e-05 -70.91034008689631 -0.9523709407072418 0.3049419473736875 5.110103658175024e-06 94.08434744632272 8.14456184381017e-06 8.678833429831624e-06 0.9999999999291718 0.494212471603554
1633462544942552 0.31442910413436764 0.9492809585756679 -1.2517462745866611e-05 -74.02186221999794 -0.9492809586331133 0.31442910400286284 -1.1415847755542322e-05 93.33388909022375 -6.900992304778462e-06 1.5472063817794586e-05 0.9999999998564957 0.495628812260679
1633462545191638 0.32827110914081603 0.9445835477968204 -1.1523770793023161e-05 -77.59104010242521 -0.9445835477628588 0.32827110889889577 -1.886232810798703e-05 92.19646251494272 -1.4034123787058998e-05 1.7077121668304855e-05 0.9999999997557074 0.496366437044093
1633462545440529 0.3469694754892822 0.9378764220027919 -1.1300448432534971e-05 -81.61390009246604 -0.9378764220707815 0.34696947545879053 -4.618196706009712e-06 90.58497839869294 -4.103871376526132e-07 1.2200797432519037e-05 0.9999999999254858 0.495046222958772
1633462545689664 0.36663590033015886 0.9303645073100577 -1.116130566093482e-05 -85.71414679706538 -0.9303645073377816 0.3666359003984802 4.784317420793869e-06 88.795427165282 8.54329447065038e-06 8.629980117463264e-06 0.9999999999262679 0.4941871559945189
1633462545938879 0.3867205333592473 0.9221969577852693 -1.1300482400606027e-05 -89.82149752407408 -0.9221969575489393 0.38672053351752367 2.100402059436147e-05 86.85021577311224 2.3739972476400044e-05 2.2985844417392663e-06 0.9999999997155653 0.492743861635165
1633462546187910 0.40747063905265635 0.9132183080596064 -1.1512470126040552e-05 -93.9472368318372 -0.9132183077033873 0.4074706392152724 2.5507368875819164e-05 84.73532669560679 2.7984789809094796e-05 1.1989458960695763e-07 0.9999999996084186 0.492369617581092
1633462546436994 0.42898034614388647 0.9033138228126047 -1.1649743712913753e-05 -98.13657869959715 -0.9033138226375884 0.4289803462929251 1.8001017032811125e-05 82.41807181021747 2.1258078602660465e-05 2.801292008389275e-06 0.9999999997701234 0.493008970664243
1633462546686357 0.448374079313122 0.8938460073411042 -1.257949493126777e-05 -102.06057731795059 -0.8938460072406434 0.4483740794633177 1.4253029006448204e-05 80.21418832036576 1.8380332529892375e-05 4.853442559239014e-06 0.9999999998193037 0.493240753578651
1633462546935287 0.46751287003574443 0.883986264697419 -1.3229243297221396e-05 -105.91449660167164 -0.8839862645645223 0.4675128702035371 1.59084936002041e-05 77.92396374283831 2.024773133915731e-05 4.257043864358797e-06 0.9999999997859534 0.49305827452765
1633462547184426 0.4905490263908171 0.8714135944243777 -1.2536921534562721e-05 -110.0990726223846 -0.8714135944513796 0.4905490264777292 4.9845356349350996e-06 75.0477685524476 1.0493566768006046e-05 8.479684755079393e-06 0.9999999999089899 0.493976744770360
1633462547433898 0.5145875340372437 0.8574378517737895 -1.2521365527485088e-05 -114.26857635434123 -0.8574378518303731 0.5145875340931132 1.5004227634791343e-06 71.88233209941771 7.729857881354366e-06 9.964193910019875e-06 0.999999999920482 0.49421361197804
1633462547683236 0.5347582273858413 0.8450051112879081 -1.1757131761007122e-05 -118.0578590899442 -0.8450051113604256 0.5347582273933994 -2.75515831073761e-06 69.08809859847486 3.9591000847750045e-06 1.1408180007431907e-05 0.9999999999270894 0.4945788968881744
1633462547932201 0.551458714294219 0.8342021854919128 -1.2134672838916313e-05 -121.49437054918366 -0.8342021855796066 0.5514587142524242 -6.8584212787819086e-06 66.66183120382183 9.70461061840664e-07 1.3904906784033709e-05 0.9999999999028559 0.494786437137476
1633462548181342 0.5669808093896987 0.8237310007811206 -1.1562980796237999e-05 -124.76035118174643 -0.8237310008621459 0.5669808093416829 -7.393563539134904e-06 64.31036500899818 4.6568071682400014e-07 1.3716794383958401e-05 0.9999999999058165 0.4948574109130713
1633462548430338 0.5767815767993647 0.8168984101681134 -1.128780425214318e-05 -127.58000341535065 -0.8168984102458928 0.5767815767343143 -8.682072595208822e-06 62.75660181283935 -5.817737655720918e-07 1.4228648870125462e-05 0.9999999998986036 0.494950259488491
1633462548679591 0.5875142077073415 0.8092138503739326 -1.0137869546972219e-05 -130.421802531268 -0.8092138504369693 0.5875142076743601 -6.285729178122192e-06 61.00116892801243 8.696432837613175e-07 1.1896659649307024e-05 0.9999999999288567 0.494928623704890
1633462548928467 0.5986926653904401 0.8009788338705325 -9.841727668731788e-06 -133.26753875289393 -0.8009788339308375 0.5986926653373987 -7.985274953315287e-06 59.12295187498842 -5.038660507253171e-07 1.2663741097669771e-05 0.999999999919688 0.4950487267614968
1633462549177605 0.6116292484965525 0.7911445267950438 -1.0176234765223363e-05 -136.20298510968004 -0.7911445268604393 0.6116292484412865 -8.227118626101757e-06 56.88378754921275 -2.847570509189399e-07 1.3082818821157213e-05 0.9999999999143794 0.494989874930476
1633462549426880 0.6285891411407135 0.7777375466977331 -9.71281817025994e-06 -139.37770442586375 -0.7777375467535065 0.6285891411319766 -4.3090941191691655e-06 53.85026446960111 2.7540277428886463e-06 1.0262673147286809e-05 0.9999999999435463 0.4948049115181293
1633462549675472 0.648309952907964 0.7613765197751418 -9.660955246842065e-06 -142.67479060160667 -0.7613765198339454 0.6483099528860999 -5.669198062682474e-06 50.189689026991175 1.946899150038093e-06 1.1031022013180334e-05 0.9999999999372631 0.494852883009284
1633462549924692 0.6710092805585318 0.7414489499015539 -9.590197126905954e-06 -146.05177835478182 -0.7414489499575545 0.671009280549079 -4.649102592579881e-06 45.776269898743664 2.988039039202739e-06 1.023023257554305e-05 0.999999999943207 0.4947746597405525
1633462550173794 0.700156551424558 0.7139893580250329 -1.1047118434126685e-05 -149.62321016745256 -0.7139893581083067 0.7001565513769157 -8.356994666509855e-06 39.81227149473589 1.7679070885344449e-06 1.3738729565736196e-05 0.9999999999040607 0.49466170884986
1633462550422528 0.7372251276895208 0.6756471793667316 -1.0710568848294045e-05 -153.36523901911545 -0.6756471794515172 0.7372251275878061 -1.225231602839918e-05 31.69346920915214 -3.8214227957700055e-07 1.6269280881236435e-05 0.9999999998675821 0.494752685436404
1633462550671837 0.7812550513683458 0.6242119388432309 -1.071377334484731e-05 -156.91529815857194 -0.6242119389310502 0.7812550511857129 -1.704449625960658e-05 21.159525274300194 -2.269188513899479e-06 2.0003764033746126e-05 0.9999999997973501 0.4947105388788798
1633462550920906 0.8296475235817088 0.5582875482304807 -1.0163856680367638e-05 -159.7578932405906 -0.558287548319032 0.829647523369692 -1.8874000682286753e-05 8.1855725842615 -2.1047010434674767e-06 2.1333122553734783e-05 0.999999999770234 0.494576313084646
1633462551170221 0.8750250553936445 0.48407763050819325 -8.52580723072676e-06 -161.429132966903 -0.4840776305810884 0.8750250552010578 -1.8416079901263128e-05 -5.806998509535647 -1.4545173791560064e-06 2.024168389882307e-05 0.9999999997940794 0.4945758493436074
1633462551419547 0.9168160097732814 0.39930990994131643 -6.619914615325191e-06 -161.6257529934657 -0.3993099099893495 0.9168160095345441 -2.1052773727766425e-05 -21.088854721378446 -2.3373374801726868e-06 2.1944917512982266e-05 0.9999999997564788 0.4945518520570621
1633462551668461 0.9528274080888319 0.3035126527100927 -6.1129402538426095e-06 -159.97940182330933 -0.30351265277107664 0.9528274078545564 -2.1137598085088644e-05 -37.56196243228608 -5.90951450287727e-07 2.199583750936245e-05 0.999999999757917 0.4942954878036920
1633462551917661 0.9805460414588619 0.19628922679146663 -4.7677395744733465e-06 -156.09485301518143 -0.19628922684872785 0.9805460411043129 -2.6373383546226636e-05 -55.07209066410937 -5.018228993985353e-07 2.6796172751078093e-05 0.9999999996408566 0.4938753966415344
1633462552166484 0.997322205019803 0.07313288839067783 -2.80030552927793e-06 -149.19416951086893 -0.07313288843974584 0.9973222046535842 -2.7039625048166254e-05 -74.05409708408193 8.153210033915561e-07 2.717201290787642e-05 0.9999999996305085 0.493655054823972
1633462552415707 0.9978549221599925 -0.06546414529222683 -2.608786263033959e-08 -138.6410408898862 0.06546414526710771 0.9978549217879905 -2.7307467107022056e-05 -94.01564014102372 1.8136918963854723e-06 2.7247182644895947e-05 0.9999999996271507 0.4935097843835644
1633462552664504 0.975719599596347 -0.2190234301218349 4.356273218035585e-06 -123.5169396271191 0.21902343015833714 0.9757195992160148 -2.729803399488e-05 -114.37174282514003 1.7284078827677905e-06 2.758935270223444e-05 0.9999999996179201 0.49349024246288
1633462552913518 0.9245983819875111 -0.38094334476630887 1.0104481565032227e-05 -103.43542138243068 0.38094334489713516 0.9245983815460782 -2.86133262128609e-05 -133.65330587482748 1.557468891029233e-06 3.0305070125594512e-05 0.9999999995395885 0.493283877255454
1633462553162436 0.84032008662292 -0.5420905383537885 1.5592147749503562e-05 -78.55896228722743 0.5420905385724787 0.8403200861365836 -2.869445909151166e-05 -150.20695900449599 2.452599836776626e-06 3.2564886120479675e-05 0.9999999994667566 0.492968157701740
1633462553411502 0.7242042084838457 -0.6895855741505857 1.8315583381214288e-05 -50.12222550199536 0.6895855743731799 0.7242042080012303 -2.697201006983129e-05 -162.2697005428262 5.3352864933391295e-06 3.216340528982682e-05 0.9999999994685251 0.492567552191444
1633462553660809 0.5771838992040941 -0.8166141966311936 1.89133646355785e-05 -18.79955220902032 0.8166141968266217 0.5771838988565461 -2.096985889249078e-05 -168.9322404604972 6.207794932115993e-06 2.754838699256095e-05 0.9999999996012747 0.492824067770516
1633462553909936 0.4030960574072906 -0.915157673917445 1.9247767139201705e-05 14.206303000345368 0.9151576741127089 0.4030960572318631 -1.243021964108526e-05 -169.32738227723397 3.616911848697382e-06 2.2625314337053515e-05 0.9999999997375064 0.4936168273998693
1633462554158769 0.21063881194702103 -0.9775639572702379 1.85867475171532e-05 47.01810825604462 0.9775639574443851 0.2106388118649625 -6.289407785518767e-06 -163.03195636841428 2.2332079502557645e-06 1.949452784272343e-05 0.9999999998074882 0.49408314937944
1633462554407871 0.006772286465097908 -0.9999770676519715 1.7434623795518145e-05 78.32856275185165 0.999977067796249 0.0067722863955553955 -4.044712988846496e-06 -150.02939865981662 3.926547968547314e-06 1.7461615936241505e-05 0.999999999839837 0.4939988367837936
1633462554656980 -0.19793585350946266 -0.9802149752013636 1.6859352996993204e-05 106.40847749838625 0.9802149753243461 -0.19793585359099028 -3.296212441224581e-06 -130.8454890060874 6.568067222799715e-06 1.587335165906528e-05 0.9999999998524485 0.4937308404556313
1633462554905844 -0.395405116251907 -0.918506828389248 1.555337767500467e-05 130.1070618761964 0.9185068284234594 -0.39540511639995185 -7.873077581594837e-06 -106.14994990902548 1.338136062916068e-05 1.1172828443154937e-05 0.9999999998480538 0.493091761423028
1633462555155016 -0.5746440663514323 -0.8184034437938948 1.3825728305881484e-05 148.07122703226705 0.8184034438189396 -0.5746440664579642 -5.265129250658425e-06 -77.34714086308453 1.2253872646220898e-05 8.289448376392682e-06 0.999999999890564 0.4934852249489758
1633462555404253 -0.7192415751928041 -0.6947600710272676 1.4769132625198333e-05 158.99944389619597 0.6947600710542491 -0.7192415753069448 -4.055378567228559e-06 -47.909456542290165 1.344008931670503e-05 7.344206763412217e-06 0.9999999998827132 0.4933912273084072
1633462555653759 -0.8216781424727133 -0.5699517786718695 1.3005030784505369e-05 163.54310500663706 0.5699517787293752 -0.8216781425352584 8.922304072860031e-07 -21.698233793555456 1.0177421231031166e-05 8.14536665179374e-06 0.9999999999150366 0.4938207416934463
1633462555903088 -0.8884274264714863 -0.4590171105119974 1.2175210993848513e-05 163.81377195634738 0.4590171105825924 -0.888427426510873 3.666420449797339e-06 -0.38842111480990715 9.133841649724048e-06 8.845978655725389e-06 0.9999999999191609 0.493922230222034
1633462556152436 -0.9282856271620136 -0.3718679796959092 8.892536596228084e-06 161.9016557000722 0.37186797978533964 -0.9282856270823674 1.2666218220243664e-05 15.286699992280758 3.5446529306408785e-06 1.5064717943589988e-05 0.9999999998802451 0.494264439811906
1633462556401546 -0.950487875940892 -0.31076164119789795 6.86496557464468e-06 159.33430947117517 0.3107616412702293 -0.9504878758030492 1.6254470593056636e-05 25.778461801342768 1.473800588207122e-06 1.758304519781756e-05 0.9999999998443319 0.4943697505987073
1633462556650542 -0.961750408351786 -0.2739272750102716 6.1957203578322165e-06 156.89739322262957 0.27392727507807013 -0.9617504081898774 1.7682600453798744e-05 31.90023799050831 1.1149900257734764e-06 1.870342500197089e-05 0.9999999998244695 0.4943361741106050
1633462556899947 -0.9664511322334964 -0.25685055766778603 5.301627852282826e-06 154.9538198556886 0.2568505577220685 -0.9664511319880995 2.1784182153095582e-05 34.67754009213788 -4.715150951419105e-07 2.2415073577383696e-05 0.999999999748671 0.494277261543412
1633462557149201 -0.9658931062268975 -0.25894112710190964 6.026195208955527e-06 153.63305135778947 0.2589411271705286 -0.9658931058804247 2.5886096228869446e-05 34.34496595777986 -8.823145267541288e-07 2.6563631674606986e-05 0.9999999996467976 0.494027735533575
1633462557398145 -0.9599747660793524 -0.28008650169792193 7.435037048666818e-06 152.9297834261017 0.280086501793983 -0.9599747656172654 2.981027988479286e-05 30.96654143678339 -1.2120090594206572e-06 3.0699569976902345e-05 0.9999999995280335 0.493760121024259
1633462557647267 -0.9508946964309403 -0.3095145815872415 9.063759653775803e-06 152.280080701002 0.30951458171726 -0.9508946958928168 3.201662116621254e-05 26.23721496169789 -1.2909301244776546e-06 3.324980104268855e-05 0.9999999994463922 0.4935850669741154
1633462557896515 -0.9401970004161366 -0.3406311793069263 9.499410574306951e-06 151.49908048345918 0.3406311794374498 -0.9401969999511979 2.9590309111357997e-05 21.213874931779774 -1.1480645653928445e-06 3.1056515295841176e-05 0.9999999995170876 0.493722575699475
1633462558145653 -0.9248733062125031 -0.3802753835554253 1.0728220190362111e-05 150.709884974198 0.38027538370468134 -0.9248733057462113 2.939556919765681e-05 14.757211459640274 -1.2561668792383425e-06 3.126685532126335e-05 0.9999999995104027 0.493719084354415
1633462558394642 -0.9056349236609492 -0.4240582329433367 1.0787433964405738e-05 149.61687474849933 0.4240582330769616 -0.9056349232556874 2.7149175381397614e-05 7.5372034199168025 -1.74335440762772e-06 2.916174156043517e-05 0.9999999995732767 0.493931694184414
