0.9999727208254474142 0.007386311999347235611 0 -0 -0.007386311999347235611 0.9999727208254474142 -0 0 -0 0 1 0.4949999999999998845
0.9999770638281466617 0.006772844590102365496 1.990048763273226794e-05 0.0120129518569142401 -0.006772844923315256803 0.9999770638840506098 1.672454705630285678e-05 0.002112245359571851468 -1.978675843479072284e-05 -1.685894637584940109e-05 0.9999999996621298237 0.4950149524025881376
0.9999347899728722178 0.01141997383806350914 1.295584314034850737e-06 -0.01199583248754525905 -0.01141997383144525979 0.9999347899612582857 -5.005591286459185803e-06 -0.00202677516964006087 -1.352663550467036713e-06 4.99046933275287088e-06 0.9999999999866325817 0.4949857383371443209
0.9999780963080832086 0.006618678542556084496 -8.028761411946222616e-07 0.01178361912039352713 -0.006618678545795406501 0.9999780962999730294 -4.101445155932850756e-06 -0.004103553830536597197 7.75712408189297943e-07 4.106669298232422678e-06 0.9999999999912665416 0.4949980588374075507
0.9999790148266780587 0.006478418561229255454 1.201888684896796254e-06 0.03356104022742506521 -0.006478418560363040368 0.9999790148271444634 -7.231915370429705335e-07 -0.003709440685048137187 -1.206548600531929615e-06 7.153900227794351414e-07 0.9999999999990160093 0.4950049644662832815
0.9999683188360428687 0.007959982374423755017 2.65506864622283931e-06 0.001765155384833193546 -0.007959982347264703967 0.9999683187889037983 -1.008747625048143109e-05 -0.02460462071050477026 -2.735280663587988397e-06 1.006602236793794773e-05 0.9999999999455965183 0.4949755034934756326
0.9999382480690357511 0.01111305765292361532 6.804237220034312803e-07 0.006551365373236069621 -0.01111305765198355305 0.9999382480683390861 -1.370087691023981564e-06 -0.02743079972913935183 -6.956075680241311072e-07 1.362441497413084145e-06 0.9999999999988297139 0.4950018845605639872
0.9999787594747271413 0.006517714443782129073 2.180467926809235462e-07 0.03653220733856268193 -0.006517714445775326347 0.9999787594150650882 1.092443308562936625e-05 -0.01071000711528427574 -1.468398259277004051e-07 -1.092562221166282641e-05 0.9999999999403044182 0.4950291779385024293
0.9999675976459692084 0.008050071951910455631 -1.39659559619710966e-06 -0.009332867351033006381 -0.008050071939825433412 0.9999675976113129305 8.453144524391723676e-06 -0.001280942936654683043 1.464598764804463284e-06 -8.441627927590038887e-06 0.9999999999632966929 0.4950146573444000331
0.9999900743200463848 0.004455475647324421903 -6.139882421744444069e-07 0.0006569719505930546929 -0.004455475643495238405 0.9999900743016294502 6.102833234426323011e-06 0.01467818611241371828 6.411731727681446218e-07 -6.100037049998414752e-06 0.9999999999811890472 0.4950129090764309736
0.9999789481783851741 0.006488697949112232251 1.099168220405558651e-06 0.01322504214224133959 -0.006488697946474145453 0.9999789481761578447 -2.386856934485103202e-06 0.01672783026577680937 -1.114632674605395446e-06 2.379674516224138626e-06 0.9999999999965470954 0.4949911475595387689
0.9999621180268444265 0.008704166443646367199 -1.448578573767907977e-07 -0.01672457546853052535 -0.008704166444470558608 0.9999621180003251952 -7.28307189461050291e-06 0.01178911352801015854 8.145929987988060808e-08 7.284056864377899168e-06 0.9999999999734676681 0.4949824903628179951
0.9999665873290295437 0.008174608616501103514 -1.316726493132859126e-06 -0.02481312288681966974 -0.008174608623801647364 0.9999665873139430561 -5.637957607511456404e-06 0.007541870890505329196 1.270594400925721008e-06 5.648532952035008187e-06 0.9999999999832396291 0.4949873958676334063
0.9999877870416515879 0.004942243358914589699 5.952487395005191981e-07 0.004302565112729132835 -0.004942243357489462321 0.9999877870390218026 -2.372271006384086874e-06 0.004312703039359996361 -6.069658103776559221e-07 2.369300169808265518e-06 0.9999999999970088371 0.4949972896919370147
0.9999507837222558759 0.009921196247815813191 -7.007924597168573143e-07 -0.02749211956136424218 -0.009921196249741288595 0.999950783718562719 -2.799749351120313872e-06 -0.00470139038414203389 6.729811065606853301e-07 2.806564257401846608e-06 0.9999999999958348873 0.4949907485711327881
0.9999747090493484869 0.007112050336592889814 1.978202658187270169e-06 0.04901571888482494227 -0.007112050334721375586 0.9999747090508658287 -9.514881113129120583e-07 -0.00858289292973252356 -1.984919658906635472e-06 9.373949703970667922e-07 0.999999999997590483 0.4949987008143439393
0.9999560082878466982 0.009379844690619828715 2.201878904627132357e-06 0.03337976979734008642 -0.009379844684095590968 0.9999560082859663135 -2.954881617594338868e-06 -0.01914106806304994093 -2.229498370852254709e-06 2.934098345154160659e-06 0.999999999993209987 0.4949933343491892401
0.9999399506955015671 0.01095878666415425924 3.998577725349617099e-07 0.009612293800511347366 -0.01095878666460342425 0.9999399506949280259 1.139017921021175738e-06 -0.02265366050803315975 -3.873515069505025692e-07 -1.14333147981259182e-06 0.9999999999992711386 0.4950048886697467898
0.9999815361914876632 0.006076781890083471187 4.530760284854998787e-07 0.04236044670595714989 -0.006076781894110761841 0.9999815361465177466 9.491809560528715706e-06 -0.01040944007178553135 -3.95388006515218499e-07 -9.494387549781084379e-06 0.9999999999548498941 0.4950269121739567235
0.9999811391648015801 0.006141768141742040554 9.956867780601155722e-07 0.03810982234942778685 -0.006141768152712013748 0.9999811391000584804 1.141666762947262288e-05 0.00698245686305716453 -9.255494729800277773e-07 -1.142256757892950223e-05 0.9999999999343339718 0.495033220919026351
0.9999690397921732199 0.007868891754561473453 1.380870280759831924e-06 0.01029378972223103129 -0.00786889175487729374 0.9999690397930991459 2.234435204512439695e-07 0.006698935842722767917 -1.379069275854576931e-06 -2.343025213600667839e-07 0.9999999999990214494 0.4949994288249207064
0.999968260181911428 0.007967347601475726487 1.786311653039722219e-06 0.01854167169840937462 -0.007967347589406268207 0.9999682601613920641 -6.664889295083609084e-06 0.0009512624509022698681 -1.839356445534618181e-06 6.650445586867255727e-06 0.9999999999761939318 0.4949859072752250677
0.9999464907091699661 0.01034484029102036851 -4.179372779827731314e-08 -0.004260511688057123242 -0.01034484029108509277 0.9999464906912272077 -5.990325935644436018e-06 -0.002410225296454973631 -2.017747365050899622e-08 5.990437746991023236e-06 0.9999999999820569085 0.4949882151124826435
0.9999741446625550756 0.00719096703804177409 1.296901156745908844e-06 0.04048293881931141341 -0.00719096703713921221 0.9999741446631579267 -6.992459037928796748e-07 -0.0006379858170917144774 -1.301895879175282415e-06 6.899018510855465108e-07 0.9999999999989143129 0.4950069870146674988
0.9999655337431910818 0.008302488580436426582 3.361414074987610489e-06 0.03113749944057386115 -0.008302488551178561355 0.999965533711875243 -8.626380360455371707e-06 -0.02032997459704723522 -3.432918643955290705e-06 8.598174939540978708e-06 0.9999999999571430598 0.4949827623872951055
0.9999503316255304863 0.009966658591829191324 8.589989535922844693e-07 0.01474835071874732936 -0.009966658592122444593 0.9999503316258395724 3.378115014301307131e-07 -0.02067499526106552146 -8.555894366077015836e-07 -3.463560721834356564e-07 0.9999999999995737854 0.4950109983620933352
0.9999971688322122354 0.002379565017367846029 3.47538108979003241e-07 0.02147472691818979457 -0.002379565020386221943 0.9999971687921288543 8.959506730473510051e-06 -0.01048872923903942066 -3.262173962376384245e-07 -8.960308354134041291e-06 0.9999999999598030431 0.4950307924482597044
0.9999915531261813761 0.00411019198762766283 -5.87415255530255484e-07 -0.02031943116927690737 -0.004110191984380765287 0.9999915531116482237 5.425657724356586421e-06 -0.005751351175684102715 6.097107886055544664e-07 -5.423197505035609019e-06 0.9999999999851083565 0.4950122040735713269
0.9999968600860621448 0.002505956931005129482 3.304371082282060591e-07 0.001866912164469387847 -0.002505956932191783122 0.9999968600794850726 3.641096072973722294e-06 0.00241655215430858954 -3.213116407413654579e-07 -3.64191270140743813e-06 0.9999999999933163464 0.4950124443301837651
0.99998302354739943 0.005826887546416286562 -8.690389586186221854e-07 -0.01983347670792707379 -0.005826887545103623042 0.9999830235466515838 1.505410814325626854e-06 0.008713129954739979796 8.777960649456081019e-07 -1.500321465506055914e-06 0.9999999999984889865 0.495004023604175114
0.9999829662214062553 0.005836717327758002977 3.257761162016584167e-07 0.0123544121806350455 -0.005836717327870633368 0.9999829662213989279 3.459235708475442869e-07 0.0154946321685082173 -3.237515089033843964e-07 -3.478191415644608051e-07 0.9999999999998868683 0.4950035954027209861
0.9999742856493727405 0.007171334761338630723 6.294756846434354956e-09 0.0149118478732535014 -0.007171334761340967395 0.9999742856486365516 1.213411527027229242e-06 0.02090074677650985771 2.40718528321913993e-09 -1.213425466746354344e-06 0.9999999999992635891 0.4950069045316750072
0.9999854149204242537 0.00540092109336563677 -5.141133895502832268e-08 0.001428759401486519309 -0.005400921093398903562 0.9999854149202003217 -6.710020159775348008e-07 0.02297226763740576813 4.778656017476126875e-08 6.712698979447386197e-07 0.9999999999997732925 0.494997702739959855
0.9999925063349136556 0.003871340359409794485 2.676574112385653815e-07 -0.005535639603873533827 -0.003871340357361470301 0.9999925063085238763 -7.270952419885962385e-06 0.01260156886437862472 -2.958037370507351479e-07 7.269861740865606019e-06 0.9999999999735306178 0.494982100300591088
0.9999984547298070847 0.001757993239283168812 -3.185099372094900888e-08 -0.00126181261450133129 -0.001757993239420036977 0.9999984547173919047 -4.98305345544450936e-06 0.005160797620937750824 2.309077021656224133e-08 4.983101749112165881e-06 0.9999999999875838208 0.4949899144958211927
0.9999827025681381487 0.00588171427531637963 -1.984580598851435559e-06 -0.01950936466413783626 -0.005881714268316428663 0.9999827025639718148 3.514748777342263787e-06 0.01032447105920527262 2.005219018753366393e-06 -3.503015245189867405e-06 0.9999999999918537386 0.4950109516608321991
0.9999737766706608966 0.007241959124244676249 -1.136028974180921234e-06 -0.0228819286640968983 -0.007241959125339660595 0.9999737766708347575 -9.627556300938992168e-07 0.002322033929641015033 1.12902694679924698e-06 9.70957458832351905e-07 0.9999999999988909982 0.4949917264786430904
0.9999952539508227822 0.003080921608469707265 3.231724947202909795e-07 0.01598773259967900887 -0.003080921608805189775 0.9999952539503302873 1.042851112620496429e-06 0.003432572542368247156 -3.199580184002810608e-07 -1.043841832320189661e-06 0.9999999999994038102 0.4950015634634519213
0.9999795454258437744 0.006395993380436790568 -9.12648971449039412e-07 -0.01519757856295984692 -0.006395993379065914933 0.9999795454251482196 1.497155399670805552e-06 0.001896167208993734463 9.222060996281877259e-07 -1.491287479215818299e-06 0.9999999999984625632 0.4950003689727107137
0.9999997340003899948 0.0007293835482578608833 1.0106839853954485e-06 0.0216514279256179859 -0.000729383547851872923 0.9999997340008202062 -4.019860239657970659e-07 -0.00261705176094020886 -1.010976918546848766e-06 4.012487407666442316e-07 0.9999999999994082511 0.4949978535247923084
0.9999899717758141682 0.004478431133446643224 -2.149827313952054466e-06 -0.01458602349222031663 -0.004478431118460068742 0.9999899717542074518 6.925969038190775507e-06 0.005243669989602240712 2.180823230325159994e-06 -6.916271729478472398e-06 0.9999999999737043677 0.4950133238303491834
0.9999859037289571262 0.005309646167132104494 -1.786980442944707274e-06 -0.02846225435841024873 -0.005309646164374890766 0.9999859037293762354 1.544157443319477607e-06 0.0005648378170470473147 1.79515418283515607e-06 -1.534647442602927613e-06 0.9999999999972108977 0.4950009165330176431
0.9999978566793277235 0.00207041999566637009 -1.576720991054913617e-07 0.004205202993491257042 -0.002070419995351194253 0.999997856677393715 1.973388855053740793e-06 -0.0001175077541004387486 1.61757504908065045e-07 -1.973058177981914916e-06 0.9999999999980402343 0.4950039775265833719
0.9999750943386302993 0.007057669655711993305 1.92632039339499206e-06 -0.006470670329993852971 -0.007057669631356146105 0.9999750942641413287 -1.237047579889658613e-05 -0.01392821886239199378 -2.013579148638306495e-06 1.235657237107502195e-05 0.9999999999216301338 0.4949921627355712284
0.9999545444572033315 0.009534622257916451626 1.350684808552096703e-07 -0.02282253463184185163 -0.009534622253672827077 0.9999545442793541516 -1.886216854872208146e-05 -0.02558330971031056583 -3.14905993297823589e-07 1.886002333166904071e-05 0.999999999822099972 0.4949655865624959517
0.9999676151201382091 0.008047901118379803889 -8.743103939765045221e-07 -0.004470458878198154892 -0.008047901104136331168 0.9999676150046877821 1.522783587257540454e-05 0.002633817344719495673 9.968341967865917341e-07 -1.522030635735516417e-05 0.9999999998836740511 0.4950424954352073414
0.9999661759645539494 0.008224775179020545057 -1.52113821009495011e-06 0.01142556185497941093 -0.008224775163688764074 0.9999661759175723086 9.824766777374588903e-06 0.005817687104579334981 1.601893256921397952e-06 -9.811923444343866521e-06 0.9999999999505798653 0.4950184841060822349
0.999967931276409483 0.008008521086656679444 -3.318938784857151367e-06 -0.01851769739392188432 -0.008008521043658480693 0.9999679312006934939 1.277228291585719359e-05 0.01515217060063260741 3.42111944753029226e-06 -1.274529353394599087e-05 0.9999999999129265404 0.4950500540099216917
0.9999636267431304404 0.008529078829952106006 -2.696375561231673992e-06 -0.02564720367339238388 -0.008529078819831323321 0.9999636267398470668 3.74294588652883358e-06 0.0156858265629854117 2.728201365784051561e-06 -3.719812143707272987e-06 0.9999999999893597336 0.4950194099892055166
0.9999546048509141416 0.009528286281676642475 -4.680311505403718474e-07 -0.02411380985944181279 -0.009528286282657585232 0.9999546048487235606 -2.140441285733176496e-06 0.01296740380366466494 4.476151668559111975e-07 2.144803654873450749e-06 0.9999999999975994758 0.4950010824666419285
0.999956111694577765 0.009368810247448044679 9.02447637219140912e-06 0.03752500848634356817 -0.009368810099777340888 0.9999561116043383935 -1.626895130398042842e-05 0.004752606309269833199 -9.176501020093251587e-06 1.618368868189597586e-05 0.9999999998269397672 0.4950031121116368338
0.9999509834064124192 0.009901048067405130923 5.826498800673928129e-06 0.05299674946810957465 -0.009901047950268391379 0.9999509832285012889 -1.980082253118001473e-05 -0.008018572609808354706 -6.022262100169069553e-06 1.974216351830161622e-05 0.9999999997869895019 0.4950231977301322028
0.999941476902111881 0.01081863083090928851 -3.932221010533312338e-09 0.03861705780532289495 -0.0108186308306360765 0.9999414768741432535 -7.479310781008697067e-06 -0.01235416133501419586 -7.698391132473422517e-08 7.47891560981918405e-06 0.9999999999720297073 0.49502750570614934
0.9999469674702560207 0.01029865192386703043 -4.221645992262070644e-06 0.09685358485420214603 -0.01029865187395685201 0.9999469674114850326 1.167844195187782015e-05 -0.004452099121976805553 4.34169431612276091e-06 -1.163434535214826541e-05 0.9999999999228956771 0.4950512120113918502
0.999940598243849732 0.01089954054172529059 1.394236690097066197e-06 0.2719226076275113591 -0.01089954054120779829 0.999940598244755785 -3.78210096879369516e-07 -0.01624476171309863562 -1.398276186274668466e-06 3.6299109120769458e-07 0.9999999999989562793 0.4950243684124520094
0.999943187626093577 0.01065933952112332883 1.836569939751193529e-06 0.4979713062153017233 -0.01065933952238903686 0.9999431876275348685 6.80777306184416073e-07 -0.02029859513925416983 -1.829208963410815853e-06 -7.003152521539920147e-07 0.9999999999980815346 0.495023577949805671
0.9999514010937715636 0.009858774969900832227 2.988073699628875608e-06 0.8021177333621862804 -0.009858774977267958234 0.9999514010951352505 2.460897885448461035e-06 -0.02202031713837018442 -2.963667044042851382e-06 -2.490237034723054195e-06 0.9999999999925074379 0.4950205144484566278
0.9999668871420951399 0.008137851164227364112 -9.933414471438552394e-08 1.141723719021745298 -0.008137851163736718393 0.9999668871332303421 4.21271430740239723e-06 -0.02306947838053347022 1.336132975068295611e-07 -4.211766445906991229e-06 0.9999999999911213244 0.4950217005232119827
0.9999747044659067496 0.007112694799285514645 -1.802017035494740857e-06 1.545463189499201917 -0.007112694785762772691 0.9999747044402261809 7.402660685648656009e-06 -0.02069253173726147074 1.854624318624794491e-06 -7.389656234220683431e-06 0.9999999999709764387 0.4950280929374453187
0.9999755230811715467 0.006996659136628259612 -1.302174559618319798e-06 2.002837708921232363 -0.006996659140348851155 0.9999755230778606396 -2.874950757571808217e-06 -0.02973521881308470449 1.282027635907009811e-06 2.883991259170666968e-06 0.9999999999950193175 0.4950094058012129983
0.9999616360039116358 0.008759367693538178817 -4.715045650531516312e-07 2.522529226141640102 -0.008759367695419668573 0.9999616359954014433 -4.148387944907870511e-06 -0.03460110819249460901 4.35149220904876991e-07 4.152358878024358503e-06 0.9999999999912840831 0.495006074869663304
0.9999532448104093696 0.009669963374802512113 1.922560695402152461e-06 3.113935515293699829 -0.009669963358668346928 0.9999532447785348666 -8.231295207338554357e-06 -0.04549291972222221231 -2.002067128832984526e-06 8.212319260091261139e-06 0.9999999999642745774 0.4950018219801610719
0.9999404209181929071 0.01091579647151059811 1.890049425163626376e-06 3.75025957127580023 -0.010915796436560243 0.9999404207653335153 -1.760783069839764848e-05 -0.07125706929359647279 -2.082140313673921388e-06 1.75861502452318991e-05 0.9999999998431957637 0.4949869435163200548
0.9999298281397088761 0.01184646770565439891 1.274276145612019201e-06 4.420353807072725516 -0.01184646766421280396 0.9999298277290823433 -2.870193462297532458e-05 -0.1002251712998022404 -1.614203268361500465e-06 2.868482488367463627e-05 0.9999999995872873582 0.494977478204560617
0.9999016003010258169 0.01402817577752075648 1.426636666488617147e-06 5.134254522240600416 -0.01402817570658606433 0.9999015994486516457 -4.13352866488412836e-05 -0.1575747990069397697 -2.006354951578109862e-06 4.131120615925107256e-05 0.9999999991446791858 0.4949474270986058966
0.9997771370333798924 0.02111104605595766695 -1.412113594043726777e-06 5.878296619685621671 -0.02111104609334701898 0.9997771363729661687 -3.634485578796940269e-05 -0.2028433382338437618 6.445209608492548654e-07 3.636656706076002617e-05 0.9999999993385284558 0.4949696519290303631
0.9995156871896544448 0.03111898233439688161 -1.580137584905993095e-06 6.681539613475325545 -0.03111898237211033202 0.9995156864550649445 -3.832254038433197108e-05 -0.2834290177396245336 3.868138456414791529e-07 3.83531525607490648e-05 0.9999999992644428293 0.4949571236202469637
0.9992044247181447458 0.03988129415918963139 -1.449845695488708077e-06 7.515435341831338434 -0.03988129418364604745 0.9992044243649462754 -2.657040286033629872e-05 -0.3592580781123946299 3.890301811774874475e-07 2.660708582729436609e-05 0.9999999996459556506 0.4949812647801454801
0.9987312235746430567 0.05035814785218403061 -2.055796486385193775e-06 8.334683596896024227 -0.05035814785014483541 0.9987312235763287083 1.031945412258305456e-06 -0.4248085929878849254 2.105154999917289357e-06 -9.271100008357823859e-07 0.9999999999973542275 0.4950109548944799376
0.9983332222266163569 0.05771288740919138655 -5.267658022562251113e-06 9.136909943919617305 -0.05771288718499843762 0.998333221612845545 3.576480641621685542e-05 -0.4731099795544851383 7.322968249929925644e-06 -3.540118267862765906e-05 0.9999999993465650272 0.4950440390792888445
0.9980868519952229567 0.06182746843320062469 -4.862109754055033445e-06 9.916333836159772375 -0.06182746826376402105 0.9980868515811293085 2.951600604037047428e-05 -0.537569888721300182 6.677707748201816798e-06 -2.915892561579159199e-05 0.9999999995525824525 0.4950367780092394532
0.9980647848522787857 0.0621826761109162407 -5.629578382206784455e-06 10.70043096657814452 -0.06218267596583891554 0.9980647846109195198 2.305469255749589258e-05 -0.6016118881219013614 7.052286415626976931e-06 -2.266001451886753308e-05 0.9999999997183942613 0.4950403675563398997
0.9981473188203484614 0.06084348708783480358 -3.602055077291206312e-06 11.51140733567838126 -0.06084348704371151523 0.9981473187655591772 1.1301312370800017e-05 -0.6609711251943420907 4.282992870752444865e-06 -1.106121305063937073e-05 0.9999999999296524944 0.4950293068958006582
0.9982279341930916372 0.05950622984538183474 -2.90067694160857594e-06 12.34850154822437851 -0.05950622980092329373 0.9982279341079496326 1.355313091749859167e-05 -0.714049592730270466 3.702032474437712049e-06 -1.335650552895754415e-05 0.999999999903949166 0.4950264087786790945
0.9983292097127344222 0.05778225534753993198 -1.87918932946698481e-06 13.24303007547107924 -0.0577822552995746197 0.9983292095235847263 1.966574826005815111e-05 -0.7656463481614128597 3.012380885395065656e-06 -1.952430712128193946e-05 0.9999999998048633154 0.4950273553265307491
0.9984185270661360967 0.05621783352854434201 -2.58393159401262925e-06 14.14764956497267789 -0.05621783349834583859 0.998418527015306867 1.056266862590052785e-05 -0.8261080184322748821 3.173655522430447334e-06 -1.040070101523598103e-05 0.9999999999408764051 0.4950215425213220222
0.9985624731042321844 0.05360025466609655287 -3.14987545691307062e-06 15.10695223255647335 -0.05360025465658185828 0.9985624731051100378 3.03124603811806688e-06 -0.8883763569376371683 3.307822985826926249e-06 -2.858054413783529531e-06 0.9999999999904446435 0.4950200956218555048
0.9988415025629041599 0.04812122970433161534 -3.443209679681533277e-06 16.04867492249671557 -0.04812122969932158129 0.9988415025679183712 1.523434269579086996e-06 -0.9438163633573668498 3.512530260535367926e-06 -1.355977890983319561e-06 0.9999999999929115591 0.4950247399305474638
0.9990408855452859171 0.04378708704418445008 -4.394162145208295149e-06 16.95467947567973255 -0.04378708702176759004 0.9990408855430453761 5.074286032086421081e-06 -0.9910234480179007654 4.612135844942673413e-06 -4.877011650765708226e-06 0.9999999999774712434 0.4950259831107532427
0.999256962348784028 0.03854248545267366377 -3.852788610570496766e-06 17.87114885395424579 -0.03854248543288511797 0.9992569623440372695 5.084853533806052764e-06 -1.036525514505471923 4.04590873690806677e-06 -4.9325792472806235e-06 0.999999999979649945 0.4950304370920781682
0.9994967846569319248 0.03172030038443306166 -2.491695665557240585e-06 18.83847635305700052 -0.03172030038170255833 0.9994967846594881022 1.127822608927983973e-06 -1.082088398511269034 2.526216678009999851e-06 -1.048217736315641261e-06 0.9999999999962595476 0.4950278912292437328
0.9996831131305469187 0.02517286880097244217 -4.238342457924774053e-07 19.81479467471699252 -0.02517286880286139644 0.9996831131166372675 -5.281594586594927163e-06 -1.127982849500134721 2.907470506909889631e-07 5.290590042484155446e-06 0.9999999999859623401 0.4950220359674546433
0.9997613186178604394 0.02184732930367282167 -8.068721375762425701e-08 20.80665880963638159 -0.02184732930352513425 0.9997613185782198153 -8.90366716159022587e-06 -1.177737425445523733 -1.138533932707660493e-07 8.90330482213553615e-06 0.9999999999603589318 0.4950037539730799963
0.9997577267383966904 0.02201108419957990142 -1.210349826086685973e-06 21.8057670155197556 -0.02201108420923519535 0.9997577267015331781 -8.645746189934165344e-06 -1.223866226324692219 1.019754343287135527e-06 8.670292668750369442e-06 0.9999999999618928159 0.4950076588583481318
0.9997578285921434604 0.0220064573508453494 -2.412511718493065217e-06 22.80901276036296821 -0.02200645734588191002 0.9997578285930309727 2.064963553884812688e-06 -1.26424095471770781 2.45737000951549739e-06 -2.011372642524323551e-06 0.9999999999949575891 0.4950228849134943321
0.9997913411308601006 0.02042729040659753068 -2.93820751539188057e-06 23.7899078925006755 -0.02042729040032253279 0.9997913411329939493 2.150036582547279942e-06 -1.310555349885523135 2.981513853997210534e-06 -2.089568340172011431e-06 0.9999999999933719685 0.4950208490977932585
0.9998135788387630951 0.01930822527784187281 -2.911558583379067998e-06 24.75051930207762751 -0.01930822526811028228 0.9998135788376305566 3.334259096386971928e-06 -1.356036895637522166 2.975394433011403979e-06 -3.277420490925156231e-06 0.9999999999902025039 0.495024667411972541
0.9998465445868773838 0.01751819843525528192 -1.869981039174246354e-06 25.70774254797471059 -0.01751819843109320152 0.9998465445862358969 2.219370566619829954e-06 -1.400033740864519149 1.908573454447572506e-06 -2.186271293286010925e-06 0.999999999995788591 0.4950312595478021382
0.9998863114398437446 0.01507860051753169908 -1.972051062168372648e-06 26.658208703833008 -0.01507860050770799994 0.9998863114299062493 4.90490190052893221e-06 -1.437915934600730417 2.045785918838661211e-06 -4.874608499146941059e-06 0.9999999999860262889 0.4950395208274854797
0.9999243516549731758 0.01230003917694647356 -2.420640832006171114e-06 27.58090247079972812 -0.01230003915919203675 0.9999243516320722724 7.217671533082331092e-06 -1.472594193908353555 2.509235357101071658e-06 -7.187351551151914627e-06 0.9999999999710226239 0.49504289254560363
0.9999492303137055282 0.01007654636830756373 -3.247732111045541534e-06 28.49083414663382641 -0.01007654632901495116 0.9999492302486157058 1.189590573592458564e-05 -1.499114197786488356 3.367436870234755881e-06 -1.186257586144101039e-05 0.9999999999239695958 0.4950506505995371231
0.9999771171979416895 0.006764988302298734213 -3.999528516080851933e-06 29.36727916378053393 -0.006764988254494969794 0.9999771171360809507 1.184743672383149135e-05 -1.524934276438936198 4.079584766263090005e-06 -1.182010885784721587e-05 0.9999999999218207591 0.4950538197935354101
0.9999974695286735216 0.002249648651287012961 -4.407717201828347602e-06 30.21584061975655544 -0.002249648606909478328 0.9999974694880124915 1.004736147879470575e-05 -1.548334868643360229 4.430309081246860949e-06 -1.003742023937184923e-05 0.9999999999398110351 0.4950551043471674295
0.9999962429373031592 -0.002741185717530206407 -3.791127224590788622e-06 31.05454703599293609 0.002741185757613740556 0.9999962428881091769 1.060851045967811349e-05 -1.562623854970907278 3.762033083545160978e-06 -1.061886278679258778e-05 0.9999999999365432046 0.4950601309635837
0.9999720564614374974 -0.007475713432126811046 -2.68274017853402252e-06 31.93565796580490357 0.007475713449449251403 0.9999720564437412085 6.506119242193399199e-06 -1.576677102963786936 2.634027330223070294e-06 -6.525992835033493609e-06 0.9999999999752364754 0.4950584771088421543
0.9999439727435031067 -0.01058543218075807396 -1.311230809550880258e-06 32.89133855804985274 0.01058543218877626944 0.9999439727246396403 6.26693967497662455e-06 -1.584361526161009559 1.244819079950873886e-06 -6.280468500358343986e-06 0.9999999999795028405 0.4950665074185174874
0.9998992368444046264 -0.01419563869340116809 -1.515274048187808601e-06 33.88657092228118017 0.01419563870613052385 0.999899236807092362 8.749387930676985663e-06 -1.586377974666921542 1.390918214484265356e-06 -8.770016597668418959e-06 0.9999999999605758694 0.4950739867664958327
0.9998522790403063798 -0.01718778916757302336 -1.915418430276066306e-06 34.88185798833869455 0.01718778917868509296 0.9998522790242799774 5.94432313856430337e-06 -1.590640213051576879 1.812965709947060616e-06 -5.976366845614102251e-06 0.9999999999804978223 0.4950730790625049171
0.9997189066180335315 -0.02370881153333452215 -2.89014639838631906e-06 35.92666909305521727 0.02370881153958477941 0.9997189066197555984 2.147868563762862228e-06 -1.589070453807667871 2.838410586389170001e-06 -2.215786748405404183e-06 0.9999999999935166306 0.495072067212482203
0.9996022681140005472 -0.02820116263506997761 -3.099761570590742471e-06 36.99899658914396383 0.02820116265885527426 0.9996022680867767685 7.917885708071493252e-06 -1.575606251386635126 2.875235113911514406e-06 -8.002153392711595483e-06 0.9999999999638490289 0.4950856442142739233
0.9993546621136545349 -0.03592017967673019618 -2.434594883125410133e-06 38.12579569206627639 0.03592017970470573474 0.9993546620357732779 1.263248367453808407e-05 -1.549903294905038642 1.979262663267055964e-06 -1.271178253993428779e-05 0.9999999999172463072 0.4950915256057312752
0.9991311994167009214 -0.04167548864304801426 -8.60468738030501183e-07 39.24229766016435406 0.04167548864558118238 0.9991311994119291828 3.172464807524684012e-06 -1.532986753661911727 7.27507141228422961e-07 -3.205569023371078179e-06 0.9999999999945973217 0.4950880554546450152
0.9992541496135932677 -0.03861533995569412653 -1.534032517449698002e-06 40.37257525209713549 0.03861533996196297308 0.999254149605311337 4.291928046688065858e-06 -1.506242071519759307 1.367154098102855157e-06 -4.347964097670039712e-06 0.9999999999896128644 0.4950933014782946673
0.999157442670263185 -0.04104150033406848974 -3.029990058559980616e-06 41.50507104440358574 0.04104150035127386575 0.9991574426570067891 5.85312769787782589e-06 -1.479466023627466598 2.787215975819133168e-06 -5.97255144028684795e-06 0.9999999999782798188 0.4950984641790864837
0.9992658733099698543 -0.03831076129445359912 -3.055342723000438623e-06 42.67333271772963599 0.03831076128614391285 0.9992658733112209646 -2.733420005624887115e-06 -1.46527295220777054 3.157819115717101119e-06 2.614360823335464209e-06 0.9999999999915963889 0.4950975344664328426
0.9993228479436534473 -0.03679464057891796563 -2.164860796575820515e-06 43.90427950073399188 0.0367946405719395131 0.9993228479411969678 -3.179590809096278028e-06 -1.449211533117523043 2.280386757639118482e-06 3.097782467743274209e-06 0.9999999999926015848 0.4951038157730178746
0.99937406852522781 -0.03537613823665567564 -2.242088151002976471e-06 45.14493751846751479 0.03537613824241662291 0.9993740685241980781 2.584083928636757121e-06 -1.430299970520933384 2.149269847183169077e-06 -2.661782889553935143e-06 0.9999999999941475703 0.4951111798607761294
0.9993896854867532209 -0.03493217053627781926 -2.558417775827596649e-06 46.41196294610319484 0.0349321705365220822 0.9993896854900180537 5.082791281987066064e-08 -1.416682396724372461 2.555080807017787106e-06 -1.401679778558778348e-07 0.9999999999967257303 0.4951180474730478287
0.9994090272080589088 -0.03437435569356772636 -2.815306120022092878e-06 47.72944713432759301 0.03437435570510135457 0.9994090272029850786 4.156278102350485182e-06 -1.391629914921039157 2.670772968838303531e-06 -4.250596189064647306e-06 0.9999999999873995238 0.4951256412005087815
0.9994023803104187254 -0.03456706854549962404 -2.067048614356616354e-06 49.06169640082352856 0.03456706853913795591 0.9994023803081587554 -3.038038809467640146e-06 -1.377818772071835562 2.170829401171433395e-06 2.964771406531200417e-06 0.9999999999932486228 0.4951349349527079391
0.9994834096565180515 -0.03213897664774679336 -1.910291432146776829e-06 50.42139486227000589 0.03213897663669125493 0.9994834096432296811 -5.560815254370181181e-06 -1.364162717569222139 2.088023505616932835e-06 5.496547779200855664e-06 0.9999999999827138275 0.4951413338203083381
0.9994669677359814264 -0.03264629237570935288 -9.974746879769573783e-07 51.82540203532359868 0.03264629236868283463 0.9994669677162509869 -6.394810668595767725e-06 -1.351851907334887803 1.205709860540321612e-06 6.358838177893061459e-06 0.9999999999790555316 0.495148641567607628
0.9994854316855859011 -0.03207603233705454832 -1.514627246511669436e-07 53.26722058519368375 0.03207603233510721019 0.9994854316592293175 -7.26869421859251009e-06 -1.34121543407142263 3.84535657531994603e-07 7.260095655606983144e-06 0.9999999999735713629 0.4951504361721668079
0.9995795343333434557 -0.02899576766800545866 -1.229547696530740523e-06 54.73843033328972041 0.02899576766806438027 0.9995795343340975192 3.010377036877554888e-08 -1.322810291719968889 1.228157832008216092e-06 -6.574279211230830528e-08 0.999999999999243383 0.495159541982805762
0.9996652804092609479 -0.02587135739986388613 -3.576938231299939331e-06 56.22719065754969137 0.02587135742481548595 0.9996652803896955986 7.114857582199334727e-06 -1.305136028463434794 3.391669936570850935e-06 -7.2050163474497124e-06 0.9999999999682919194 0.4951764672568912951
0.999734471515258738 -0.02304314339600388103 -2.961463164125136558e-06 57.72597399620295278 0.02304314339884232579 0.9997344715191489595 9.279279276418505672e-07 -1.302009560869345162 2.939294435012265671e-06 -9.959229567065924655e-07 0.9999999999951840746 0.4951699004252521075
0.9998022165171995823 -0.01988788190519899871 -1.688838998676001794e-06 59.26675578135644429 0.01988788189590449257 0.9998022165044825327 -5.352658211416265597e-06 -1.30569953060061561 1.794958008583023896e-06 5.318012113486104533e-06 0.9999999999842482667 0.4951660744399882241
0.9998276198523062819 -0.0185669216988614931 -1.154589411449145942e-06 60.81055281652841416 0.01856692168829001885 0.9998276198163822404 -8.576792014169745218e-06 -1.309928179486444355 1.313635008868878085e-06 8.553876374311105479e-06 0.9999999999625525104 0.4951692540663458209
0.9998734157558309965 -0.0159107655890225394 -2.31746569279946432e-06 62.3336932149816505 0.01591076557700449659 0.9998734157456240501 -5.115131058642169728e-06 -1.318841960356223142 2.398557989363894847e-06 5.077610910272399307e-06 0.9999999999842321685 0.4951794152636421198
0.9999007342796669695 -0.01408976879597319438 -2.11936880473339745e-06 63.85397475485331142 0.01408976876899875955 0.9999007342073118476 -1.224530208159307778e-05 -1.340834255518067453 2.291691899075446874e-06 1.221422512646633967e-05 0.9999999999227802139 0.4951827675599018153
0.9999321196293289304 -0.01165144325565255559 -2.426925674712227407e-06 65.38013338657569307 0.01165144324379774332 0.999932119620684845 -4.84288041755222085e-06 -1.358586303063011425 2.483187480455902468e-06 4.81427449427852627e-06 0.9999999999853280697 0.4951969801440737617
0.9999389404974814433 -0.01105057775282546409 -3.214918524437073008e-06 66.90836989613109154 0.01105057776685302619 0.9999389404929073244 4.378721023596050972e-06 -1.375739596039606605 3.166334825967448088e-06 -4.413980368237072181e-06 0.999999999985245358 0.4952101677376539168
0.9999468466507459574 -0.01031037633877273513 -3.900612332288906661e-06 68.42567662998823153 0.01031037637606649002 0.9999468466112620968 9.664852817802865095e-06 -1.391755158168762163 3.800756731714859334e-06 -9.704555879748595808e-06 0.9999999999456876676 0.4952213201131689946
0.9999585301009107363 -0.009107033594711037849 -4.445603679763046827e-06 69.92383119812672021 0.009107033647377390032 0.9999585300386225617 1.197394336161394377e-05 -1.412222521482056958 4.336372216294833226e-06 -1.201393306568552013e-05 0.9999999999184304711 0.4952309885815266433
0.9999742173772456777 -0.007180846339833936443 -5.370410030475734819e-06 71.43322602149787315 0.007180846425318170717 0.9999742172619038305 1.607144708807658164e-05 -1.429536134020950922 5.254864974602284971e-06 -1.610959681368900548e-05 0.9999999998564333969 0.4952434382963088466
0.9999725045169589599 -0.007415537509096603239 -3.97039552359852967e-06 72.97972136607201321 0.007415537528745764877 0.9999725045124079337 4.957276842659736615e-06 -1.457929719431186877 3.933525483267921515e-06 -4.986583156947617397e-06 0.9999999999798304673 0.4952403703988718098
0.9999592245609641994 -0.009030460055993790036 -2.974057743845272134e-06 74.51768954141394374 0.009030460049632507008 0.999959224563142679 -2.14545905245036461e-06 -1.48431410337948777 2.993310957616452829e-06 2.118514460774472785e-06 0.9999999999932758232 0.4952368209398912979
0.9999502288992342391 -0.009976959120226659011 -3.648977030099417132e-06 76.06146116019172609 0.009976959137093484656 0.9999502288949875251 4.633718608733394951e-06 -1.498875524451985575 3.602564995346527744e-06 -4.669893678179071345e-06 0.99999999998260658 0.4952520975097063904
0.9999480958318424095 -0.01018850527286650938 -2.193127722850786356e-06 77.60505848521415828 0.01018850526063097388 0.9999480958191375723 -5.519733092771115119e-06 -1.52792867178091929 2.249251720073294178e-06 5.497101902274993244e-06 0.9999999999823611097 0.4952459534662160823
0.9999443234899693111 -0.01055224710852596497 -1.838675751145152744e-06 79.13358892457662819 0.01055224708585862474 0.9999443234207320286 -1.193004705613883774e-05 -1.559219066915748853 1.964462184521655019e-06 1.190998067191739616e-05 0.999999999927146388 0.4952367142382874121
0.9999475314282396665 -0.01024374834639907306 -3.552190085050113418e-06 80.64195292760211942 0.01024374834338568838 0.9999475314342053389 -8.654835134456256513e-07 -1.579788398700213259 3.560869502040611189e-06 8.290503614626896975e-07 0.9999999999933162353 0.4952551576906274455
0.9999555417549174097 -0.009429448879936411926 -3.111760655309333156e-06 82.15165030760076093 0.009429448867442248236 0.9999555417518537492 -4.005688912169423578e-06 -1.61031323411269689 3.149393750708170217e-06 3.976168638283090367e-06 0.9999999999871355127 0.4952536212850898178
0.9999959482263137689 -0.002846666218834984288 -4.962546165604876381e-06 83.66289812842400408 0.00284666625632860968 0.9999959482099080033 7.564695884524761124e-06 -1.632467321847641761 4.940991894179338292e-06 -7.578791946804079459e-06 0.9999999999590740707 0.4952757549292460815
0.999927394210752496 0.01205015766709111903 -3.053719864564901241e-06 85.19084664595779088 -0.0120501576736182954 0.9999273942130720849 -2.128149568105138629e-06 -1.691045261207129835 3.027853608996286621e-06 2.164792857985139378e-06 0.9999999999930726524 0.4952692980670433953
0.9989654974682633526 0.04547455184058154382 -2.261819114251923456e-06 86.72606687533453851 -0.04547455184190770522 0.9989654974706185797 -5.383818274793431885e-07 -1.784652255151981892 2.234996584333490938e-06 6.406800806838404191e-07 0.99999999999729694 0.4952791461656939065
0.996590311333453327 0.08250909856282601096 -3.587907069197731907e-06 88.23205292415462964 -0.0825090985372816943 0.9965903113190691665 6.764495506598107533e-06 -1.928754349783438959 4.133805849557352404e-06 -6.445395705019310798e-06 0.9999999999706840059 0.4952922364516203491
0.9917770740353348824 0.1279774800456129347 -4.61705472910290499e-06 89.72904571915488248 -0.1279774799437782828 0.9917770738957665255 1.800620791343873075e-05 -2.131573324033201544 6.883478143185563161e-06 -1.726726516986906343e-05 0.9999999998272294244 0.4953106390634605671
0.984714772796081439 0.1741746715136555934 -6.519528625729513031e-06 91.1947049398843177 -0.1741746712680489195 0.9847147724598077634 2.81127846600340044e-05 -2.39457589148312433 1.13164111807260132e-05 -2.654753760396147861e-05 0.9999999995835833211 0.495337884201351053
0.9737834083384480088 0.227477193625645252 -5.214263801983908889e-06 92.62610118796717984 -0.2274771934398907847 0.9737834080965996897 2.413947422414805243e-05 -2.735915915482835636 1.056874342791842958e-05 -2.232049338995849703e-05 0.9999999996950483805 0.4953351736556616536
0.960795323359451281 0.2772586276423495422 -3.274303597342911081e-06 94.06178196258549917 -0.2772586275620740892 0.9607953232638321017 1.545885313655546701e-05 -3.160946209366991333 7.432035988839008847e-06 -1.394496487648222386e-05 0.999999999875151202 0.4953315539685365088
0.9443734396846941159 0.3288750620135156288 -2.436852431190039297e-06 95.45161273217858877 -0.3288750619972862776 0.944373439678073856 5.396034112953312453e-06 -3.662852093389121766 4.075919765955381835e-06 -4.29445130151980504e-06 0.9999999999824720209 0.4953257631307912967
0.926217286788823646 0.3769901028389993636 -4.150096373397145536e-06 96.8446780900665658 -0.376990102857163778 0.9262172867760515294 -5.214131794426125025e-06 -4.253337856962408736 1.878214921430235872e-06 6.39396426226683937e-06 0.9999999999777945403 0.495319272811778788
