1607108459751583 0.9999727208254475 0.007386311999347236 0.0 0.0 -0.007386311999347236 0.9999727208254474 0.0 0.0 0.0 0.0 1.0 0.494999999999999
1607108460001584 0.9999819800812607 0.006003262028135145 1.885602419076127e-05 -0.05669289357809939 -0.0060032620654540386 0.9999819802569655 1.9231753218476634e-06 0.002486356685516257 -1.8844139084709696e-05 -2.036338321118685e-06 0.9999999998203761 0.495014178193690
1607108460251588 0.9999804907275651 0.006246443885420209 1.004050252759779e-05 -0.33345171562858195 -0.0062464439765619936 0.9999804907362528 9.071832968822984e-06 0.0002521470007743238 -9.983639949230254e-06 -9.134373420517894e-06 0.9999999999084452 0.494965193465761
1607108460501598 0.999955441623024 0.009440056783211673 9.705680262864998e-06 -0.6871548246993218 -0.009440056981083522 0.9999554414571457 2.05476533364161e-05 -0.009731571122322489 -9.511276777658216e-06 -2.0638359941100733e-05 0.999999999741797 0.4949306716572828
1607108460751644 0.9999723666808342 0.007434100334305886 4.971766265637762e-06 -1.0721814906264588 -0.007434100401130607 0.9999723666007546 1.3560214648892614e-05 -0.019384800608172922 -4.870820882617577e-06 -1.3596800544764119e-05 0.9999999998957012 0.4949329291436221
1607108461001603 0.9999999508248175 0.0003135482260709782 5.969877213722196e-06 -1.5775599236317455 -0.00031354826246691965 0.9999999508240416 6.0966419650034464e-06 -0.035122304692441535 -5.967965328888066e-06 -6.098513509840996e-06 0.999999999963596 0.494961395067858
1607108461251604 0.9999996621210204 0.0008219900505794627 9.379183971940325e-06 -2.236185125867749 -0.0008219900948264301 0.9999996621538544 4.714694259152301e-06 -0.04110012494795228 -9.375305371467509e-06 -4.7224022624893435e-06 0.9999999999449014 0.494976153531304
1607108461501607 0.9999762152621161 -0.0068970176599538035 7.431008363768452e-06 -2.981420433055639 0.0068970176359847025 0.9999762152846224 3.246366668560529e-06 -0.06340527988067245 -7.453221867609941e-06 -3.1950376588493156e-06 0.9999999999671207 0.494977039301604
1607108461751615 0.9998603312180737 -0.01671280925329107 7.817575248419076e-06 -3.749462004673629 0.01671280909618733 0.9998603310562526 1.974747064691881e-05 -0.13868603388054343 -8.14651908611654e-06 -1.9614058899069326e-05 0.9999999997744617 0.4949217914637676
1607108462002244 0.9997850794880642 -0.020731493009106178 5.331587867458086e-06 -4.6506954545206645 0.020731492996163562 0.9997850794994939 2.4714601468900097e-06 -0.15371998395800235 -5.381679058694676e-06 -2.36039720288263e-06 0.9999999999827331 0.4949797029680013
1607108462251630 0.9996228239971777 -0.027462879167826058 3.0802965411867234e-06 -5.589840664561548 0.027462879224002673 0.9996228238006512 -1.998268183710651e-05 -0.16648566006712373 -2.5303527499085076e-06 2.0059738660975036e-05 0.9999999997956024 0.4949959392267544
1607108462502253 0.9993856499221551 -0.035047434860923384 6.091702658265761e-06 -6.5979951630898075 0.03504743484470362 0.999385649937508 2.749296577244263e-06 -0.23658379424160125 -6.1843160130751096e-06 -2.534108994674794e-06 0.9999999999776665 0.494968141328243
1607108462752252 0.9993343694360923 -0.036480378498774356 6.791271681032267e-06 -7.690589831479144 0.03648037844581731 0.9993343694309345 7.764916987847514e-06 -0.245560589204084 -7.070018313742574e-06 -7.512000260738544e-06 0.9999999999467926 0.4949832801841202
1607108463002259 0.999116299354145 -0.0420311825741125 7.3530520291744925e-06 -8.842497841850484 0.04203118246171936 0.9991162992759471 1.4824741754541294e-05 -0.3105437403792689 -7.969655559089324e-06 -1.4502583649221795e-05 0.99999999986308 0.4949730595181386
1607108463252261 0.9988863411542538 -0.047181325001835014 4.930164764466739e-06 -9.959542850480721 0.04718132492791388 0.9988863410694687 1.4165562641670324e-05 -0.3788119385168142 -5.593024257290804e-06 -1.3917175331860066e-05 0.9999999998875153 0.4949462365949468
1607108463502262 0.9989970787570841 -0.044775401931000484 3.807510216600997e-06 -11.168452341281727 0.04477540192941855 0.998997078764286 4.997577207655265e-07 -0.3473289617203249 -3.82606843657351e-06 -3.2877370283311983e-07 0.9999999999926268 0.4949615842278297
1607108463752263 0.9991460435972331 -0.04131807762345909 4.8234169872325065e-06 -12.455043752313397 0.041318077601708685 0.9991460435995281 4.52514826747797e-06 -0.33249154990954904 -5.006268426808598e-06 -4.321989670767275e-06 0.999999999978129 0.494968004927784
1607108464002272 0.998822328405802 -0.04851758680210601 6.8322648689252e-06 -13.790633015576992 0.048517586645760426 0.9988223282066133 2.1441984772229857e-05 -0.4825635646139173 -7.864532060717753e-06 -2.10852481531226e-05 0.999999999746781 0.49497227450381
1607108464252275 0.998185394909408 -0.06021559071283921 4.735021053914897e-06 -15.073508973643674 0.060215590579017056 0.9981853946255536 2.460113179184314e-05 -0.6965401678210438 -6.2078005423264174e-06 -2.4271368363747974e-05 0.9999999996861821 0.4949587065166060
1607108464502275 0.9981332851851726 -0.061073275545208854 4.171460227151989e-06 -16.455604144006728 0.06107327548061642 0.998133285097279 1.4168636956021624e-05 -0.7535537146317564 -5.028998369106222e-06 -1.3887423411931631e-05 0.9999999998909246 0.49497126646444
1607108464752279 0.998091637360264 -0.061750169342885824 3.92426263207579e-06 -17.958878858841867 0.06175016932603922 0.9980916373598514 4.278262252119946e-06 -0.8158801666294612 -4.1809571344496305e-06 -4.027773894273465e-06 0.9999999999831486 0.494978482161719
1607108465002282 0.9981105444658188 -0.061443803567202714 5.206664724653328e-06 -19.52403978765794 0.0614438035942392 0.9981105444641776 -5.202218081294178e-06 -0.846374698278054 -4.877182897276259e-06 5.51230600628542e-06 0.9999999999729141 0.4950057374689873
1607108465251665 0.9976007238822594 -0.06923002010390727 4.8756639453319104e-06 -21.049697677082563 0.06923002008247507 0.997600723885801 4.4354888726838525e-06 -1.0554927322607035 -5.171034865125116e-06 -4.087304597319521e-06 0.9999999999782774 0.4949927653959348
1607108465502294 0.997075880646197 -0.07641785277853555 2.8453515875494005e-06 -22.588581158942638 0.07641785279058533 0.99707588063963 -4.398876998431938e-06 -1.2355982921579864 -2.5008787050337083e-06 4.603449815830914e-06 0.9999999999862772 0.494962744779621
1607108465751673 0.997066119148807 -0.07654511114507019 1.758685970825713e-06 -24.102519626289663 0.07654511115845125 0.9970661191035295 -9.556898383075754e-06 -1.2627802727680022 -1.0219923467206163e-06 9.663478395064093e-06 0.9999999999527867 0.494941702800889
1607108466002299 0.9971134248211699 -0.07592639877408644 2.8918628991833365e-06 -25.712087572986015 0.07592639880988447 0.997113424703012 -1.5445413485837744e-05 -1.2519593294061129 -1.7108006956237136e-06 1.562039787446454e-05 0.9999999998765383 0.494971094752378
1607108466252299 0.9968933972233881 -0.07876264696774572 3.57968273998772e-06 -27.330481144621693 0.07876264697129251 0.9968933972291633 -8.606603613977964e-07 -1.3563999079902587 -3.5007741994728656e-06 1.1399319194507892e-06 0.9999999999932228 0.494985839047327
1607108466502307 0.9966541156806322 -0.0817347764658952 3.2702531540523165e-06 -28.881677673209747 0.08173477647352144 0.996654115682786 -2.2703591892392842e-06 -1.444390080158047 -3.0737439644879517e-06 2.5300562405926217e-06 0.9999999999920757 0.494973285214828
1607108466752307 0.9968879374863334 -0.07883172004543416 2.5865039830447533e-06 -30.447959817006435 0.0788317200522731 0.9968879374856042 -2.6580638882253725e-06 -1.3681384514785326 -2.3689148726616116e-06 2.8536903851517413e-06 0.9999999999931226 0.494945752451452
1607108467002314 0.9976676625716984 -0.0682585895613445 2.7544310405400273e-06 -32.14100266044356 0.0682585895576598 0.997667662574756 1.410391413940623e-06 -1.061932928983717 -2.8442781065902884e-06 -1.2190883273989589e-06 0.9999999999952123 0.4949639852505741
1607108467252313 0.9975488114143706 -0.06997405819006806 4.894566359649257e-06 -33.96623187020224 0.06997405814989388 0.9975488113975399 7.947184051093575e-06 -1.1505519864840166 -5.438665573625048e-06 -7.585211333207963e-06 0.9999999999564431 0.495029848345156
1607108467502326 0.9974503568180602 -0.07136375597978588 3.7080099728074368e-06 -35.69823685901373 0.07136375596221983 0.9974503568152697 4.6715453933521615e-06 -1.213609552457291 -4.031934895960039e-06 -4.39501710069578e-06 0.9999999999822138 0.494986572970878
1607108467752324 0.9974250608364109 -0.07171644169236265 2.058028645195201e-06 -37.27145489396278 0.07171644168621799 0.9974250608347056 2.918597577021572e-06 -1.2522925701771261 -2.2620407795943824e-06 -2.7634878745022026e-06 0.9999999999936233 0.494926445902035
1607108468002329 0.9972186098638268 -0.07453216848414876 -2.7302538637846496e-07 -38.9364576367575 0.07453216848025178 0.9972186098380953 -7.2093940239197e-06 -1.363076152931279 8.09597766316054e-07 7.168992712412844e-06 0.9999999999739753 0.494852930307574
1607108468252327 0.9972470198025213 -0.07415107181566932 6.429985859030485e-06 -40.87087911623341 0.07415107167320635 0.9972470196309491 2.0116456878334375e-05 -1.407635241616726 -7.903941072867129e-06 -1.958428632865794e-05 0.9999999997769919 0.4951094832723965
1607108468502329 0.9976015498787045 -0.06921811618714223 8.299244551959908e-06 -42.74613092547509 0.06921811594265223 0.9976015495698621 2.6812817105591376e-05 -1.2705463577281857 -1.0135271915036494e-05 -2.6174049829576646e-05 0.999999999606098 0.4951662858418261
1607108468751756 0.9975348433560025 -0.07017290276846012 2.3518876933370183e-06 -44.34038220980465 0.07017290275844165 0.9975348433510479 4.101449455724268e-06 -1.3537749154298984 -2.6339005356243694e-06 -3.9262999539539236e-06 0.9999999999888236 0.494898975391081
1607108469001714 0.9969262194483633 -0.07834611011381531 2.048194252010789e-06 -46.03487208820242 0.07834611009043523 0.9969262194049331 9.718644728835055e-06 -1.7956252045582612 -2.803316562352655e-06 -9.528303695345933e-06 0.9999999999506766 0.4948810328184547
1607108469251718 0.9968239993468466 -0.07963613693677726 4.208613868382847e-06 -47.9569777673557 0.0796361367819243 0.9968239989444312 2.9062869459835594e-05 -1.9495429146106114 -6.5097019583880675e-06 -2.863540801782774e-05 0.9999999995688189 0.4950118731314084
1607108469501720 0.9965450131454487 -0.08305442040273406 4.926534728733774e-06 -49.92099441893844 0.08305442037306925 0.9965450131423459 5.948323611176943e-06 -2.1682325485140725 -5.403548185898485e-06 -5.518601744963251e-06 0.9999999999701736 0.495033491113859
1607108469751731 0.9963177237751178 -0.08573793374435178 2.5660195932850976e-06 -51.75728204042155 0.08573793376484523 0.9963177237324915 -9.381332480391267e-06 -2.3610819860888683 -1.7522347376011747e-06 9.56679304079074e-06 0.9999999999527034 0.494882012483705
1607108470001733 0.9965465194556515 -0.0830363448011338 -8.1322288105951e-07 -53.46186538255337 0.08303634474575414 0.9965465190657578 -2.8052676784751995e-05 -2.268195794029564 3.139806173444944e-06 2.7888270355814434e-05 0.9999999996061932 0.494675784767701
1607108470252366 0.9970201015740127 -0.07714218721417758 -2.6317086521252006e-06 -55.19405628937563 0.07714218704484155 0.9970201007675142 -4.051224628890216e-05 -1.9930129330538373 5.749069713230797e-06 4.018850814895261e-05 0.9999999991759163 0.49457087065246
1607108470502363 0.9975999601421588 -0.06924102484661845 -5.660993379311964e-07 -56.964619344870755 0.06924102476601708 0.9975999593143106 -4.078241168094274e-05 -1.5880069946705797 3.388556657000762e-06 4.064533496922262e-05 0.9999999991682373 0.4947016499153404
1607108470752364 0.998125499962505 -0.061200378395217046 2.578638938535907e-06 -58.77550235317055 0.06120037844314265 0.9981254995814556 -2.759444489026243e-05 -1.165152180968203 -8.850148098783082e-07 2.770053278124945e-05 0.9999999996159488 0.4949046545528257
1607108471002374 0.9986195432601525 -0.05252625833952339 1.2254896276821287e-06 -60.62626014752392 0.052526258352917805 0.9986195428345245 -2.915776344942266e-05 -0.6805934987326884 3.0775032380339184e-07 2.918188280320763e-05 0.9999999995741617 0.494845214186394
1607108471252368 0.9990403956381038 -0.04379826344518262 -4.6388113798970256e-07 -62.43572363661558 0.043798263417344004 0.9990403952849687 -2.6612891068283184e-05 -0.17882687432968472 1.6290344095127177e-06 2.6567036033714693e-05 0.9999999996457696 0.494741685780135
1607108471502375 0.9994201035508562 -0.034050794533660694 -2.7910258147662496e-06 -64.23276113758641 0.034050794440319214 0.9994201031504563 -2.8539127866956985e-05 0.4066678408490465 3.761187286865285e-06 2.8427541481812514e-05 0.9999999995888644 0.494611598448797
1607108471752378 0.9997507564253185 -0.02232543416633834 -3.749066466311626e-06 -66.01261091468096 0.022325434065119925 0.9997507561179814 -2.5161402942649104e-05 1.1331879350747491 4.3098712793699795e-06 2.5071432088492276e-05 0.9999999996764244 0.494562048738235
1607108472001753 0.9999567876805783 -0.009296384556652201 -1.865757821117822e-06 -67.79391743427686 0.009296384529864378 0.9999567875861465 -1.3886483786251208e-05 1.9610450648412063 1.994771290639946e-06 1.3868538916964435e-05 0.9999999999018425 0.4946722531511592
1607108472251763 0.9999703091620895 0.007705893132691372 1.752216653076525e-06 -69.55390043675544 -0.007705893123294245 0.9999703091496097 -5.3079378169971174e-06 3.084493390445598 -1.793067029849781e-06 5.294277825630449e-06 0.999999999984378 0.4948995666825083
1607108472502389 0.9994662145893128 0.0326693415329032 4.010448716821838e-06 -71.28488535465789 -0.032669341542409816 0.9994662145943363 2.3282825846785582e-06 4.7921381918837085 -3.932244538891437e-06 -2.458058500276565e-06 0.9999999999892479 0.4950217593901082
1607108472752397 0.9981590378240671 0.06065092883646542 6.25892737291073e-06 -72.98225857733622 -0.06065092888336634 0.9981590378119277 7.597285305623534e-06 6.758343228284506 -5.786622513870522e-06 -7.962908749734459e-06 0.9999999999515539 0.49514027631196
1607108473002398 0.9953771720578118 0.0960431430049206 5.0692706378736095e-06 -74.54283241816184 -0.0960431430095318 0.9953771720700472 6.736200278411151e-07 9.328517959251776 -4.9811396873305564e-06 -1.1573746831838888e-06 0.9999999999869247 0.4951139370430469
1607108473252403 0.9903213155769871 0.13879370270022093 1.5478972765980414e-06 -75.90168980802679 -0.13879370269380115 0.9903213155722498 -3.6824898969303336e-06 12.50940607784778 -2.0440220752869565e-06 3.4320098449259794e-06 0.9999999999920219 0.494914444803225
1607108473502407 0.9839834358408367 0.17825991692355544 -2.6526319178051076e-06 -77.18141575582204 -0.178259916943085 0.9839834357534245 -1.311862603277821e-05 15.519133856105297 2.716206815174412e-07 1.3381368662622539e-05 0.9999999999104328 0.49476145820989
1607108473752409 0.9751744735568886 0.2214379057327972 -5.048322604146552e-06 -78.23955025654364 -0.22143790578779776 0.9751744734015624 -1.7437525660414413e-05 18.89165758741313 1.0616661736581022e-06 1.8122519891273238e-05 0.9999999998352238 0.494704665494445
1607108474002417 0.9631474760454437 0.26897386372828097 -4.017317478822122e-06 -79.05565377528225 -0.26897386375716426 0.963147475890962 -1.7267854756350842e-05 22.692994596935804 -7.753324225360193e-07 1.771204412955615e-05 0.9999999998428415 0.494850035575483
1607108474252422 0.9466907220858718 0.32214387578957543 -2.3597655762419472e-06 -79.48494359078452 -0.32214387578787623 0.9466907219713832 -1.4947709830456566e-05 27.04767527203373 -2.5813450019112773e-06 1.4911042241639696e-05 0.9999999998854989 0.4949923446640797
1607108474501794 0.9263210297913481 0.3767351188334793 -1.2601723234050426e-06 -79.60365600877823 -0.3767351188245965 0.9263210297335918 -1.0736978809691868e-05 31.620059375988426 -2.8776728635299075e-06 1.0420640437862389e-05 0.9999999999415647 0.495009547638420
1607108474751797 0.9021610703596404 0.4313993545635614 -2.7308925327965515e-06 -79.41539241483687 -0.43139935452490596 0.9021610701489103 -2.051913158825868e-05 36.32285373504513 -6.388235193544437e-06 1.9689666992483042e-05 0.999999999785754 0.495314382699196
1607108475001801 0.8723277344394369 0.48892159259617884 -4.329293435249463e-06 -78.73567124928971 -0.48892159257561557 0.8723277342214666 -2.0472751623136516e-05 41.39159957930104 -6.233007595272792e-06 1.9975634082285905e-05 0.999999999781062 0.4952961210006
1607108475251175 0.836121406381185 0.548544431892851 -5.31660732755956e-06 -77.49348931795505 -0.5485444318910313 0.8361214062026674 -1.813249615673228e-05 46.782323359839985 -5.5011506081597906e-06 1.8077363533892642e-05 0.9999999998214733 0.495233951411584
1607108475501182 0.7941912312222661 0.6076679094692071 -6.9822858011271885e-06 -75.72409000352856 -0.607667909461833 0.7941912309641238 -2.1627351720909004e-05 52.284345908189785 -7.5969774522764675e-06 2.1419164107389535e-05 0.9999999997417528 0.495416025427759
1607108475751814 0.7459260839752018 0.6660287360104792 -7.174343170690002e-06 -73.37158346725715 -0.6660287360311727 0.7459260838327497 -1.5376068349394785e-05 57.869568214045685 -4.889373662184034e-06 1.6247729164663916e-05 0.9999999998560529 0.495185325604031
1607108476001193 0.6926138484591678 0.7213085725814249 -6.394941589005991e-06 -70.47244966017786 -0.7213085726067039 0.6926138484548642 -3.223288645730451e-06 63.31775288750479 2.1042393725404547e-06 6.845220543098548e-06 0.9999999999743576 0.494565898549031
1607108476250573 0.6360213844919406 0.7716714316613564 -4.943156261129052e-06 -67.25777307213309 -0.7716714316656196 0.6360213845044329 1.4016055071953292e-06 68.46924769212048 4.225532017396352e-06 2.9230413937809533e-06 0.9999999999868006 0.4943908429366603
1607108476501198 0.576262661006344 0.8172645505031926 -4.297615166446841e-06 -63.70813148198638 -0.8172645504753204 0.5762626610222417 6.760530714374112e-06 73.31839078903415 8.001697247330053e-06 -3.8355289215910436e-07 0.9999999999679132 0.494058051317984
1607108476751245 0.5157798705291906 0.8567211478189284 -5.871674224080121e-06 -60.00261469137639 -0.8567211478297877 0.5157798705433702 1.1149834007789426e-06 77.7168081272709 3.98372123009217e-06 4.455301486850487e-06 0.9999999999821405 0.49440695135058
1607108477001203 0.45370274582974135 0.891153083590897 -5.545847462356459e-06 -56.08178124881994 -0.8911530835927631 0.45370274584969467 3.053583913583584e-06 81.76201417260427 5.2373769423399495e-06 3.556779661007601e-06 0.9999999999799598 0.4942914426590538
1607108477250578 0.40378751481339814 0.9148527984613953 -5.093210595156605e-06 -53.23681377814259 -0.9148527983593022 0.4037875148445819 1.3695183927000756e-05 84.70128374795554 1.4585652189891108e-05 -8.704063171857047e-07 0.999999999893251 0.493419312911517
1607108477499962 0.37516135657289623 0.9269595225953978 1.3653409619813176e-06 -52.33988415900636 -0.9269595222207878 0.3751613563785381 2.902054042566483e-05 86.25853952988088 2.6388643131277545e-05 -1.2153001120384798e-05 0.9999999995779725 0.492423497432050
1607108477750593 0.3560712908311297 0.9344587930153027 -6.434593038149822e-08 -52.33646184631063 -0.9344587927985047 0.35607129075000143 2.1516418923899153e-05 87.267312115151 2.012911859616881e-05 -7.601250439887301e-06 0.99999999976852 0.492988014676794
1607108478001219 0.3480539175016941 0.9374745172502336 -3.991580671148537e-06 -53.348396709350276 -0.9374745171902765 0.34805391752457854 1.0602789434707665e-05 87.66316407881058 1.1329130196542376e-05 5.166276331555555e-08 0.9999999999358242 0.493744036135605
1607108478251255 0.34199166378842305 0.9397029859543745 -9.24262688313456e-06 -54.534033584734196 -0.9397029859963146 0.3419916637437046 -6.098397666764408e-06 87.96768507168126 -2.5697811518759615e-06 1.0770925245055602e-05 0.9999999999386917 0.494954541005602
1607108478501857 0.339843610733167 0.9404819615897573 -1.2879948779884187e-05 -56.10903042873357 -0.9404819615547995 0.3398436104351666 -2.083733548215461e-05 88.06031822005662 -1.521996985301874e-05 1.9194794821587442e-05 0.9999999996999565 0.496068640065091
1607108478751854 0.3431158974252173 0.9392930749921194 -1.4272504535014338e-05 -58.189021299366274 -0.9392930746862613 0.343115896782967 -3.491443427043837e-05 87.83232930637745 -2.789776313468217e-05 2.5385762116019125e-05 0.9999999992886393 0.4972240058562676
1607108479001856 0.34915023453510885 0.9370667604629008 -1.254632594282316e-05 -60.559535872258806 -0.937066759487882 0.3491502334726878 -5.2216995947180334e-05 87.4389017992618 -4.455025860126702e-05 2.9988321376463854e-05 0.9999999985579875 0.4988354177365294
1607108479251858 0.3591485003643297 0.9332804265651713 -8.611165086327195e-06 -63.29867739204419 -0.9332804261113269 0.3591484998590264 -3.58362748576868e-05 86.75929593227936 -3.03526068629636e-05 2.090717619491125e-05 0.9999999993208049 0.497587857690514
1607108479501871 0.3724266647931823 0.9280616247337374 -6.735698408402636e-06 -66.39470568461392 -0.9280616246378883 0.37242666461824475 -1.8803730515683036e-05 85.81101918767645 -1.494246700135771e-05 1.3254153849628203e-05 0.9999999998005253 0.496203592713958
1607108479751866 0.38971087521418163 0.9209372582909735 -5.391523930833832e-06 -69.86192107195895 -0.9209372582921118 0.38971087516829156 -7.920843684442066e-06 84.51659146554826 -5.1934645565370054e-06 8.052094191595038e-06 0.999999999954096 0.495338619071286
1607108480002494 0.406638888604977 0.9135889744463245 -6.479918152598484e-06 -73.32094220803054 -0.9135889744476974 0.40663888853634866 -9.76190543815089e-06 83.18306468657872 -6.283382462517142e-06 9.889552157596107e-06 0.999999999931358 0.495407611281274
1607108480252502 0.4223343210888886 0.9064401365700296 -6.562085062406673e-06 -76.67487518807314 -0.9064401365721316 0.4223343210176972 -9.96913799226595e-06 81.87178241601787 -6.2650330639171126e-06 1.0158446405993613e-05 0.9999999999287779 0.4954006076244870
1607108480502504 0.43663898563314923 0.8996368134817522 -7.170854504538201e-06 -79.86841118492339 -0.899636813501182 0.43663898557889025 -7.990285332763306e-06 80.60961527111074 -4.057280198990849e-06 9.940034779182738e-06 0.9999999999423674 0.4951752315882289
1607108480751884 0.45205468695326945 0.8919902241271667 -7.931995230289772e-06 -83.16612232819332 -0.8919902241623371 0.45205468693949163 -3.553791676521137e-06 79.18041546937793 4.157481865937643e-07 8.681770387367042e-06 0.9999999999622273 0.494739994674950
1607108481001887 0.46639069352978807 0.8845788381465388 -9.481058206778611e-06 -86.32436852912122 -0.8845788381817088 0.46639069355848856 9.476651519595975e-07 77.78109893031488 5.260161851812005e-06 7.944761245846668e-06 0.9999999999546061 0.494241707034616
1607108481251899 0.48064807696315553 0.876913579546092 -1.0818863384344794e-05 -89.39628153677857 -0.8769135795703998 0.48064807702468554 3.907341569478093e-06 76.32367536626441 8.626466763497646e-06 7.609152005858072e-06 0.9999999999338427 0.493881694685429
1607108481501267 0.49788264905822527 0.8672444105791933 -9.147631699092124e-06 -92.73313096832794 -0.8672444105997049 0.49788264909896146 2.7456138601021987e-06 74.48663640734343 6.935565377123502e-06 6.5662389593183255e-06 0.9999999999543914 0.494102669542465
1607108481751901 0.5157084124462297 0.8567641643275599 -7.352214235084218e-06 -96.12087844811938 -0.8567641643495447 0.5157084124620271 2.9881276108851867e-07 72.49290096856389 4.0476107968094516e-06 6.145013430614844e-06 0.9999999999729281 0.4944379300589401
1607108482001906 0.5363387289906573 0.8440028244939407 -5.3576186291144035e-06 -99.68675097277081 -0.8440028245068139 0.5363387289573636 -6.5335797190361245e-06 70.08628959537087 -2.6408613711511993e-06 8.026057097887773e-06 0.9999999999643043 0.495109844447178
1607108482251297 0.556936611092739 0.8305550019113928 -4.719004124211636e-06 -103.2272039524657 -0.8305550019106196 0.5569366110410408 -9.00770872644919e-06 67.55406370396751 -4.85321137409699e-06 8.93611525123987e-06 0.9999999999482962 0.495319481452837
1607108482501905 0.577984897031073 0.8160474611068914 -4.769098093930821e-06 -106.78467134339802 -0.8160474610930016 0.5779848969532333 -1.1635884626164508e-05 64.83719540604146 -6.738967436548836e-06 1.0617175968798564e-05 0.9999999999209312 0.495457733148226
1607108482751914 0.5995328150654026 0.8003501756346064 -4.379045719727493e-06 -110.29940386434632 -0.8003501756034535 0.5995328149673148 -1.3662217812071064e-05 61.9151954268098 -8.309176818249081e-06 1.1695717915693216e-05 0.9999999998970841 0.495585561415695
1607108483001918 0.6226298774295569 0.7825164763190079 -4.370981284993814e-06 -113.90826987241064 -0.782516476298343 0.6226298773424874 -1.2644021981221288e-05 58.61756602186397 -7.172651985919376e-06 1.1292910729509014e-05 0.9999999999105118 0.4954732645439003
1607108483251917 0.6426825830543226 0.7661325586396361 -5.35498262743343e-06 -117.21914460869583 -0.7661325586408614 0.6426825829767241 -1.1249022446798125e-05 55.59733268828205 -5.176688282577302e-06 1.1332177344802515e-05 0.9999999999223921 0.495236871392569
1607108483501923 0.6625865651698605 0.748985342732602 -5.089261827117124e-06 -120.4584440371207 -0.7489853427458341 0.662586565128605 -7.794244802074632e-06 52.442519484539794 -2.465698601359511e-06 8.976144405426315e-06 0.9999999999566749 0.4950421857019869
1607108483751924 0.6814105138458717 0.7319014357155152 -3.954789229366324e-06 -123.60081892087243 -0.7319014357195277 0.6814105138066395 -7.951928335325366e-06 49.31012757451716 -3.1251928045590294e-06 8.3130434879995e-06 0.9999999999605635 0.495158734861840
1607108484001941 0.695836845322561 0.7181998918712117 -2.3438527040474276e-06 -126.41936063161393 -0.7181998918522899 0.695836845270844 -1.0229656056048813e-05 46.79365861427866 -5.715998801982805e-06 8.80152635736005e-06 0.9999999999449305 0.4954495739050972
1607108484251932 0.7103650946807593 0.7038333838717155 -2.157309828100405e-06 -129.20542481906452 -0.7038333838505201 0.7103650946271184 -1.0521355242425443e-05 44.15184082669495 -5.872803463027267e-06 8.99239018930142e-06 0.9999999999423237 0.495460545766895
1607108484501938 0.7233718040150104 0.6904587121216573 -3.023132236582847e-06 -131.8724410109797 -0.6904587121025083 0.7233718039432544 -1.180656356146583e-05 41.690653796865455 -5.965096051709563e-06 1.0627883173285723e-05 0.9999999999257332 0.4953779705754261
1607108484752575 0.7340885922557915 0.6790537082676851 -2.3628933027015672e-06 -134.4160213345171 -0.6790537082477691 0.734088592196101 -1.096665276448838e-05 39.57834715822226 -5.71237320893286e-06 9.655026149056236e-06 0.9999999999370748 0.495407007775152
1607108485001944 0.7446040148377674 0.6675064502084799 -3.913999665899333e-06 -136.85991664338025 -0.6675064502014468 0.7446040147606563 -1.1812845257267106e-05 37.43546817247103 -4.97077053955103e-06 1.140851202831795e-05 0.9999999999225688 0.495202748647841
1607108485251949 0.7552236583812687 0.6554671813291933 -4.3979878575622575e-06 -139.30346028174176 -0.6554671813259467 0.7552236582938007 -1.2478560091857211e-05 35.19464494295566 -4.85782213154757e-06 1.2306840508432458e-05 0.9999999999124718 0.49513208131392
1607108485502581 0.7648564862895688 0.6442007104576329 -4.941944903228928e-06 -141.65103673037964 -0.6442007104545138 0.7648564861773441 -1.414614048189453e-05 33.08981806974981 -5.333075135116131e-06 1.4003371721258883e-05 0.9999999998877322 0.495082948563919
1607108485751958 0.7760640399733337 0.6306541095162488 -2.8814554096216326e-06 -144.03973985362836 -0.6306541095026333 0.7760640399038102 -1.1549255602031147e-05 30.549402953351695 -5.047391581292119e-06 1.078016365664749e-05 0.9999999999291562 0.495254086040841
1607108486001959 0.7905085616933395 0.6124509889628797 -2.384496192794731e-06 -146.5015788894646 -0.6124509889595157 0.7905085616571075 -8.190827953240748e-06 27.142680076800662 -3.1315160247510757e-06 7.935306675858993e-06 0.9999999999636124 0.4951840340881295
1607108486251972 0.808206368377474 0.5888993684024224 -2.6627516111070434e-06 -149.004168445624 -0.588899368394131 0.8082063683180486 -1.0625999922541352e-05 22.76610457543559 -4.1055918336921035e-06 1.0156093549770536e-05 0.9999999999399991 0.495162769575241
1607108486501964 0.830108280689676 0.5576022258968057 -1.7678780774285765e-06 -151.50818024228445 -0.5576022258844443 0.8301082806395466 -1.000681551714279e-05 17.00010197714746 -4.112292375272114e-06 9.292513175201405e-06 0.9999999999483693 0.495219483059271
1607108486751973 0.8582899364101872 0.513165066082633 -2.6778435822586164e-06 -153.85543921161897 -0.5131650660591507 0.8582899362906753 -1.537606496415837e-05 8.959070646845719 -5.5920931958225336e-06 1.4571297599144744e-05 0.9999999998782032 0.4950474657723401
1607108487001970 0.8897739153133086 0.45640155523769466 -1.5511532995695794e-06 -155.75860167371707 -0.4564015551999901 0.8897739151843366 -1.6319765025517047e-05 -1.097429209672115 -6.068190394364136e-06 1.5228850002058655e-05 0.9999999998656299 0.495062393020517
1607108487251975 0.9192026936182567 0.3937847229604846 -2.3755373434751724e-06 -156.8391525136247 -0.39378472292635036 0.9192026934177567 -2.00281422197688e-05 -11.906383263181025 -5.7031761110007405e-06 1.934537259122577e-05 0.9999999997966154 0.4947170696272721
1607108487501983 0.9492767306443981 0.31444186848221034 -5.164775891417942e-07 -156.72135073960152 -0.31444186844929467 0.9492767305185487 -1.6121373850398576e-05 -25.21294776918375 -4.578954758823169e-06 1.5466047240378924e-05 0.9999999998699176 0.494833491749523
1607108487751987 0.9773899129590521 0.21144492910344387 3.2191602492185877e-07 -154.5077863585135 -0.2114449290864042 0.9773899128974888 -1.129833393679645e-05 -41.83495109367437 -2.703612893817672e-06 1.0974810112030911e-05 0.9999999999361222 0.4948880834021801
1607108488001990 0.9952963528544563 0.09687708702942323 1.0384650405257187e-06 -149.89688302280197 -0.09687708701178549 0.9952963527934978 -1.121780722523523e-05 -59.483633480347734 -2.1203289541819525e-06 1.1064439150235988e-05 0.9999999999365414 0.494794834987771
1607108488251991 0.9994070832672233 -0.034430827750014985 3.676657010528333e-06 -142.01603620427505 0.03443082779165637 0.9994070832012651 -1.1936840716912735e-05 -78.65998847374456 -3.263481752227477e-06 1.20563535087206e-05 0.9999999999219973 0.4948810749173346
1607108488502616 0.9841128129083863 -0.17754428018802212 6.3109598076368915e-06 -130.41026342817423 0.17754428025291233 0.9841128128449127 -1.1904470554209018e-05 -98.26977461898265 -4.097125752487334e-06 1.2835816820068304e-05 0.9999999999092279 0.4949450799840306
1607108488752622 0.9474162190097057 -0.3200039185201859 9.319166671656818e-06 -115.6846647260528 0.3200039186256279 0.9474162189188399 -1.3839747066587285e-05 -116.36494201075865 -4.400356358909221e-06 1.6094170691168264e-05 0.9999999998608076 0.4947576249893556
1607108489002631 0.887236683822954 -0.46131449871816244 1.2207615156412178e-05 -97.54782829890979 0.46131449887267445 0.8872366836447106 -1.7965427176751446e-05 -132.7176128924737 -2.543331954290985e-06 2.157113590012263e-05 0.9999999997641089 0.494087374487643
1607108489252633 0.8028370217223425 -0.5961985544632541 1.4341982238112444e-05 -76.3232280108385 0.5961985546336881 0.802837021550644 -1.6678115579499996e-05 -146.52884334750914 -1.5708059035129619e-06 2.1940477720780435e-05 0.9999999997580742 0.4939227004403239
1607108489503255 0.6915499472531171 -0.7223286442377876 1.2867710813185876e-05 -51.69376694177585 0.7223286443487269 0.6915499471966908 -9.12971620191792e-06 -157.2648465742066 -2.3040092069989915e-06 1.5608370865467128e-05 0.9999999998755353 0.4944849308497899
1607108489753258 0.5607687168112815 -0.8279724911502035 1.1921512993533196e-05 -25.627567408236626 0.827972491224233 0.560768716822023 -2.7362015016051415e-06 -163.72271753296914 -4.419711970397615e-06 1.1405061017435423e-05 0.9999999999251956 0.495101756992942
1607108490003889 0.4114236806593932 -0.9114442137779601 1.269335712292556e-05 1.6389143507370905 0.911444213852879 0.41142368068912716 -2.932632814886958e-07 -165.7119607253356 -4.955054586800237e-06 1.168994236275716e-05 0.9999999999193967 0.4951660700039341
1607108490253896 0.2474687537745109 -0.9688958745497455 1.3547757991454707e-05 29.24866234363281 0.968895874637903 0.24746875380009462 2.193464750818247e-07 -162.94749004812948 -3.5651706817423393e-06 1.307208542970901e-05 0.9999999999082052 0.494867040130473
1607108490503941 0.07041085133471534 -0.9975180759429347 1.33863170497712e-05 56.81986516539585 0.9975180760303847 0.07041085135746077 1.2349617735984535e-06 -155.1237687920535 -2.1744386722831402e-06 1.3266138518805221e-05 0.9999999999096412 0.4946464654593268
1607108490754527 -0.11520244241128617 -0.993342034281558 1.3770173368661326e-05 83.39371107525133 0.9933420343768535 -0.11520244239260871 2.1445915962313876e-06 -141.9746809388148 -5.439553746653919e-07 1.3925554217639676e-05 0.9999999999028919 0.494362665803100
1607108491003905 -0.2961984960283811 -0.9551264056433677 1.382293877742934e-05 106.93544641285551 0.9551264057428647 -0.29619849601242193 3.234756743800099e-06 -124.21797109985964 1.0047320945121676e-06 1.4160783913852622e-05 0.9999999998992315 0.494115839319126
1607108491254536 -0.46102696733514753 -0.8873861252375314 1.1110559707923188e-05 126.05200607340294 0.8873861253012798 -0.4610269673412893 2.1546814618345255e-06 -103.2927193703181 3.210233214076837e-06 1.0852722789089541e-05 0.999999999935957 0.494010061447547
1607108491504540 -0.6029179328599229 -0.7978032126842507 8.023293271363755e-06 140.25721394791378 0.7978032127245859 -0.60291793283092 5.914965747866815e-06 -80.8029256861447 1.1840871710168394e-07 9.967248070188919e-06 0.9999999999503204 0.494532192738749
1607108491755164 -0.7183449033933496 -0.6956871421453599 4.493214996805536e-06 149.67720887069183 0.6956871421516333 -0.7183449033384335 9.505663455345825e-06 -58.330410466499266 -3.3852897508936086e-06 9.954216796742818e-06 0.9999999999447271 0.495054779499386
1607108492005801 -0.7939021456313867 -0.6080455436493987 2.784835492372051e-06 154.02714970930427 0.6080455436515967 -0.7939021456006223 7.343697237183081e-06 -40.66893810983264 -2.2544155064456694e-06 7.523483804423358e-06 0.999999999969158 0.495043019992637
1607108492255805 -0.8442338280170862 -0.5359750401130287 2.2850869611550045e-06 155.56050112722687 0.5359750401106179 -0.8442338279757193 8.812037724061845e-06 -27.006951142934238 -2.7938845601645145e-06 8.664169916096356e-06 0.9999999999585636 0.495049090476024
1607108492505800 -0.8827490232221822 -0.46984482756935475 2.0914438632679093e-06 155.66799493071255 0.4698448275612005 -0.8827490231565018 1.1313498532012599e-05 -15.059367712600984 -3.4693687397009485e-06 1.0969633859675247e-05 0.9999999999338152 0.4950048058130
1607108492756432 -0.9135622658594911 -0.40669888909826246 1.2958195952138686e-06 154.79943685627055 0.40669888906697427 -0.9135622657391298 1.571764032225755e-05 -4.125405840464794 -5.208534972927087e-06 1.488605149660404e-05 0.9999999998756386 0.495016598097712
1607108493007061 -0.9332465760144495 -0.35923645185925196 3.263291737787178e-06 153.15990972711302 0.35923645186043124 -0.9332465758613356 1.71926702590409e-05 3.800961459239756 -3.130778021524459e-06 1.721729399710195e-05 0.9999999998468816 0.4945886938311521
1607108493257693 -0.9435964714292402 -0.3310977183456465 3.218948248170174e-06 151.29744083158982 0.331097718346219 -0.9435964712489113 1.8716237232835994e-05 8.359758952050434 -3.159515235708648e-06 1.872636183182213e-05 0.9999999998196709 0.4945045977933507
1607108493507690 -0.9499035685276411 -0.3125431338112042 1.9215143055294827e-06 149.43593041537696 0.3125431337934701 -0.9499035683622205 1.8139589509645157e-05 11.294551449312328 -3.844150855920414e-06 1.783141690955748e-05 0.9999999998336317 0.49465905573614
1607108493757694 -0.952243850452357 -0.305338581367885 1.297659687412086e-06 147.6676533129445 0.3053385813357007 -0.9522438502704915 1.917547424661389e-05 12.394819270158315 -4.6193236464457235e-06 1.8655952998898207e-05 0.9999999998153088 0.494712669616448
1607108494007702 -0.9541574433244663 -0.2993051508724824 2.7360477172039303e-06 145.86440025239995 0.29930515085815057 -0.9541574430766289 2.211372228083009e-05 13.287154690915047 -4.008130689642022e-06 2.191888588866588e-05 0.9999999997517492 0.494437927009398
1607108494257701 -0.9552497806305645 -0.29580036611743304 2.7961757572796666e-06 144.09336813418773 0.295800366117883 -0.9552497804588358 1.8320473608391512e-05 13.791955607567214 -2.748156522547391e-06 1.8327738208238223e-05 0.9999999998282714 0.4944701352153050
1607108494507704 -0.9547599509239947 -0.29737759850696505 3.9508544638322465e-06 142.36878233481502 0.2973775985319434 -0.9547599507968941 1.56030087200709e-05 13.52800647013473 -8.678676491656906e-07 1.6072023452481074e-05 0.9999999998704685 0.4943549159971394
1607108494757706 -0.9506391992947586 -0.31029842529143564 4.8624021521416455e-06 140.76613407197303 0.3102984253295248 -0.9506391991744524 1.5124169480413674e-05 11.571986479532118 -7.061588563724342e-08 1.5886424096022596e-05 0.9999999998738083 0.4942633403248591
1607108495008339 -0.9440625437168417 -0.329766452995838 5.215139312423305e-06 139.22131856015557 0.3297664530363508 -0.9440625435635506 1.7026764863008374e-05 8.65052572191251 -6.91438170545366e-07 1.7794108941028222e-05 0.9999999998414462 0.494234872370123
1607108495258343 -0.934837392198084 -0.3550761187676577 5.191288332705512e-06 137.64216104583764 0.35507611880228573 -0.9348373920261984 1.7992444971507716e-05 4.872863998741611 -1.535677081424598e-06 1.866331284923413e-05 0.9999999998246611 0.49429320049149
1607108495508347 -0.9246330570988751 -0.38085917304097905 5.319529141497211e-06 135.92362946788205 0.3808591730730906 -0.9246330569246156 1.8057949008620576e-05 1.0284652930672806 -1.95892303474163e-06 1.872296806678708e-05 0.9999999998228066 0.494349439064726
1607108495758350 -0.9121061841049366 -0.40995403266244784 4.3698576637475e-06 134.1244364268134 0.40995403267932173 -0.9121061839792068 1.5317250840551393e-05 -3.2952191236616657 -2.293594553178408e-06 1.5762399986676582e-05 0.9999999998731437 0.4945548377570681
1607108496008355 -0.8929657867658138 -0.45012454237617533 3.75732405929797e-06 132.10664786836958 0.45012454237732 -0.8929657866387796 1.5490686426128458e-05 -9.2792357378304 -3.6175763043941565e-06 1.552391676483976e-05 0.9999999998729607 0.4947308604969906
1607108496258356 -0.8662300728890316 -0.49964533501790886 3.907912766695337e-06 129.62820793798056 0.4996453350109102 -0.8662300727500426 1.621907469775559e-05 -16.717841833560296 -4.718633450855793e-06 1.6002020641174107e-05 0.9999999998608349 0.494845605614665
1607108496508359 -0.8344073532154243 -0.5511482276892635 3.5751688696730856e-06 126.65715137366759 0.5511482276798665 -0.8344073531094706 1.4140614239020576e-05 -24.550099144169337 -4.810427282821197e-06 1.3769480486228792e-05 0.9999999998936311 0.494971692791284
1607108496758364 -0.7992506191630971 -0.6009978766620724 3.5852076793682052e-06 123.22648108154426 0.6009978766490573 -0.7992506190643587 1.3650318601021118e-05 -32.250803912411726 -5.338333037777069e-06 1.3064727796315026e-05 0.9999999999004079 0.495068589761581
1607108497008369 -0.7580388120093392 -0.6522094444729862 5.047352394888516e-06 119.12975715453949 0.6522094444777533 -0.7580388119174102 1.2594807342097272e-05 -40.293792970536074 -4.388363287093561e-06 1.2839283696672281e-05 0.9999999999079479 0.4949666973423509
1607108497258370 -0.713098553816949 -0.7010638005909002 6.556362492716145e-06 114.49982705814868 0.7010638006176312 -0.713098553750471 1.0015798972052672e-05 -48.123842332838365 -2.3463814818872003e-06 1.1738680169688723e-05 0.9999999999283493 0.494780365808916
1607108497507748 -0.6672017560970069 -0.7448770479632106 8.743581470649876e-06 109.50643310707221 0.744877048013443 -0.6672017560300351 9.538549046154753e-06 -55.30943829303173 -1.2713133441456155e-06 1.2877029829163356e-05 0.9999999999162832 0.494603750564243
