0.9999806747146977592 0.006216928271891146787 0 -0 -0.006216928271891146787 0.9999806747146977592 -0 0 -0 0 1 0.4949999999999999956
0.9999817834679528561 0.00603595341433711078 9.300755977556813872e-07 -0.0002704077592271939326 -0.006035953414442084101 0.9999817834683787376 1.100514177768754593e-07 -0.0001412755099855972959 -9.293943897732459209e-07 -1.15663306001786465e-07 0.9999999999995614619 0.4949993228796537026
0.9999813404458850474 0.006108908427877204721 -3.220259016163207991e-07 0.001219167635635065583 -0.00610890842867515757 0.9999813404427112529 -2.5379376627147009e-06 -0.00094800519781477468 3.065158639809374701e-07 2.539857532673869477e-06 0.9999999999967276176 0.4949955718753555889
0.9999811046566524642 0.00614738412953918633 -5.07883029208863285e-07 0.005096494394560158007 -0.00614738413085437474 0.9999811046533153558 -2.629806184025993101e-06 -0.002767816700858458708 4.917070037825621806e-07 2.632878645009473385e-06 0.9999999999964130915 0.4949956263765203923
0.9999806419277577074 0.006222199916775033798 -4.220465937809233226e-07 -0.001148146543547256745 -0.006222199916957462523 0.9999806419277522673 -4.32216393816194946e-07 -0.003364184657440577771 4.193490869714685718e-07 4.348340852124708349e-07 0.9999999999998174793 0.4949987393931525315
0.9999792492073517058 0.006442139157885289416 -6.970309526465811719e-08 -0.004659792458230496356 -0.006442139157962281648 0.9999792492066730265 -1.166638191395321843e-06 -0.005202722217391959371 6.218600329468428047e-08 1.167063019767529603e-06 0.9999999999993171018 0.4949959530080474401
0.999982269838632698 0.005954830861771846957 1.284547488981265638e-07 0.0006458234773092723065 -0.005954830861822256287 0.9999822698385624209 3.953383010691997557e-07 -0.004805998766129519761 -1.260982986588036092e-07 -3.960962179603624567e-07 0.9999999999999136246 0.4950003228045877224
0.9999814103319590863 0.006097457888531367109 -1.911681767546590924e-07 0.003150230264997806208 -0.006097457888355970086 0.9999814103315686209 9.052601969984007697e-07 -0.005791490338605914841 1.966844089305880496e-07 -9.040777286045822037e-07 0.999999999999572009 0.4950010436812947723
0.9999825505172100781 0.005907509062868629597 2.158564782140111369e-08 0.003451479393837787388 -0.00590750906288134859 0.9999825505170029105 6.438614187256046383e-07 -0.005966625608705416507 -1.778165399669449253e-08 -6.439777010869914468e-07 0.9999999999997924993 0.4950000686652135662
0.9999815140490788679 0.006080424520082008781 -1.98081799499796792e-08 0.004667966894758465192 -0.006080424520051258205 0.99998151404823854 1.296683343482216325e-06 -0.004835643015506090048 2.769219897296078396e-08 -1.296538930914512645e-06 0.9999999999991591171 0.4950021840280139918
0.9999800278217920724 0.006320123390256124699 3.045020358352828305e-07 0.001032129691084615218 -0.006320123390460273029 0.9999800278216098848 6.740531718744976653e-07 -0.003615540506445380844 -3.002358550481944734e-07 -6.759642000036717965e-07 0.999999999999726441 0.4950000754389863311
0.9999812718347933505 0.006120129234411903277 2.37252473413829389e-07 -0.001508827937958942631 -0.006120129234175644348 0.9999812718343384921 -9.842438439473990939e-07 -0.004121276476617285675 -2.432717296340719824e-07 9.827733950674834179e-07 0.9999999999994875211 0.4949965347447716768
0.9999811263783213722 0.006143849719344338274 -5.301960692954756949e-08 -0.001366181506515268696 -0.006143849719379772603 0.9999811263780807868 -6.95357782805062149e-07 -0.003251501090630829621 4.874643253778380293e-08 6.956704033825651449e-07 0.9999999999997568612 0.4949984388841366378
0.9999785379254276796 0.006551617414750074593 -8.687937571226116812e-08 -0.001387109320414993234 -0.006551617414619553131 0.9999785379244149341 1.426437881650639567e-06 0.0007476696432091969099 9.622298636736414784e-08 -1.425838066903539561e-06 0.9999999999989788169 0.4950030551112868382
0.9999784437499040779 0.006565975764698164102 -1.018211495047480783e-07 0.01534572098260497848 -0.006565975764674529362 0.9999784437498826506 2.311658216453405648e-07 0.001300992904078867489 1.033367838050929723e-07 -2.304922833771135383e-07 0.9999999999999681366 0.4949993759057775833
0.9999793874314129027 0.006420647516031642577 6.383184907186770844e-08 0.0536812447425810621 -0.006420647515900089822 0.999979387429641986 -1.883457304530387011e-06 9.316481934777101799e-05 -7.592354879672313448e-08 1.883008639834359969e-06 0.9999999999982243093 0.4949937173224800979
0.9999831145975924818 0.005811240994326717819 -1.923949685960661506e-07 0.07298001762847007579 -0.005811240995897841259 0.9999831145520952091 -9.539998446545467839e-06 -0.01060028048542211235 1.369524898633814456e-07 9.540955413361626894e-06 0.999999999954475749 0.494979733963376356
0.9999814836079009561 0.006085428745827339489 -7.439902593449569406e-07 0.07611171412411990578 -0.006085428751205282372 0.999981483580366981 -7.453531462262586853e-06 -0.01783226154164379781 6.986185486949261773e-07 7.457920949465950987e-06 0.9999999999719456634 0.4949864596633891112
0.9999807888803753375 0.006198537912556775428 -4.020194066283430811e-07 0.08354140208935995071 -0.006198537913553526721 0.999980788877256388 -2.52729402861298363e-06 -0.02181038904071785217 3.8634615552322193e-07 2.529737409000329249e-06 0.9999999999967256192 0.4949950936124904999
0.9999807865790608652 0.006198909152093374196 5.287799835091500673e-07 0.09319154431378873227 -0.006198909153489907259 0.9999807865755966363 2.681523042643430384e-06 -0.02102957559090714787 -5.121473061132254467e-07 -2.684749380490712739e-06 0.9999999999962648767 0.495002811640368745
0.9999785405095091839 0.0065512229719003022 5.265831477130399864e-07 0.08225619170777032085 -0.006551222973640366022 0.9999785405039459674 3.373498859694885676e-06 -0.01974069627988474934 -5.044713042783516319e-07 -3.37687622974307392e-06 0.9999999999941711071 0.4950010588219791452
0.9999807985515141162 0.006196977492472398145 6.832842706221194343e-07 0.07857896322885370155 -0.00619697749316575671 0.9999807985512259023 1.017274162520885518e-06 -0.01920301738633635458 -6.769671254838394136e-07 -1.021488926630960287e-06 0.9999999999992491562 0.494996013238938215
0.9999805792121307935 0.006232270908552262761 3.559918604585842968e-07 0.07866647635820062101 -0.00623227090922278109 0.9999805792103574342 1.914406229677119283e-06 -0.01590854411024895942 -3.440538485611912992e-07 -1.916587688116050518e-06 0.9999999999981041832 0.4949989162097785389
0.9999777923727790618 0.006664440221662165827 1.670039681484298392e-07 0.08151493894173460208 -0.006664440221349755139 0.9999777923711634653 -1.806430429090479561e-06 -0.01736225743431985685 -1.790391069953127417e-07 1.805277324594480555e-06 0.9999999999983544274 0.4949897668895392178
0.9999766501758420301 0.006833674361828050679 2.261898267289827793e-07 0.08878632525794472041 -0.006833674361365869171 0.9999766501739009161 -1.984834932468497857e-06 -0.01637513135741249654 -2.397482608261226161e-07 1.9832428793021478e-06 0.9999999999980045962 0.4949917668173807184
0.9999755973937584086 0.006986030288638995361 1.868790019656546365e-07 0.09541849481607489469 -0.006986030288512577388 0.9999755973935530173 -6.690109715045113076e-07 -0.01473794019414022792 -1.915481725413703128e-07 6.67689103525157086e-07 0.9999999999997587485 0.4949955372147428756
0.9999748381328457114 0.007093877879348527322 2.338751940978615913e-07 0.1174532012152708083 -0.007093877878510791192 0.9999748381270748832 -3.407038211636592233e-06 -0.01734987413271384116 -2.580384223639773562e-07 3.40529340212794753e-06 0.9999999999941686646 0.4949930557937615716
0.9999682705417088924 0.007966047420213296856 7.453438377376683657e-07 0.1654079436779723189 -0.00796604741775065392 0.9999682705367225477 -3.250696640537950783e-06 -0.01675269560833645907 -7.712153919650783735e-07 3.244656053340510812e-06 0.9999999999944386708 0.49499136995340004
0.9999682038652794036 0.007974412756453949994 1.367333278005973099e-06 0.2370219814480864773 -0.007974412744882215104 0.9999682038321144883 -8.26933728658005548e-06 -0.02227999061833219399 -1.433232910792839195e-06 8.258170673699043377e-06 0.9999999999648742088 0.4949803423761879317
0.9999606307227338897 0.008873387560857780298 1.414576723621272279e-07 0.2914775358597249677 -0.008873387556136033 0.9999606305153373453 -2.036861580629815142e-05 -0.04505793647736798524 -3.221907253737061565e-07 2.036655869986529006e-05 0.9999999997925497208 0.4949461978671343965
0.9999509612262583724 0.009903289587895278481 5.031295673646686449e-07 0.3786620438072003103 -0.009903289584370977838 0.9999509612047615681 -6.581373366160696071e-06 -0.04720957967197303429 -5.68282140828063576e-07 6.576067985877205782e-06 0.999999999978216203 0.4949878795857678981
0.9998959630026237333 0.01442439507077795773 -3.614725228221004895e-07 0.4399952571306576243 -0.01442439506751913569 0.9998959629722828923 7.803850767318134318e-06 -0.04567445540919492369 4.740007428364132461e-07 -7.797824855641091461e-06 0.999999999969484632 0.4950072837545358428
0.9996108971604459326 0.02789362436643152282 1.60411653131907785e-07 0.5109078750582497497 -0.02789362436679638027 0.9996108971555826006 3.119012785696514153e-06 -0.0524084573036278159 -7.334866546307393761e-08 -3.122273631361512717e-06 0.9999999999951230123 0.4949982136821884371
0.9993370469124206457 0.0364069590824865133 9.805524206121741825e-07 0.6385903959272092312 -0.03640695907068761117 0.9993370468618232305 -1.014634406643211992e-05 -0.07339547905975564446 -1.349299893571216442e-06 1.010391858446174351e-05 0.9999999999480451152 0.4949808795882574275
0.9989334977768568047 0.04617214550556383856 9.697494726015593071e-07 0.7895297953072806241 -0.04617214549889983588 0.9989334977594115372 -6.033989586669689952e-06 -0.08750283780511779186 -1.247317477790984441e-06 5.982778909614644549e-06 0.9999999999813252716 0.4949901818304820456
0.9984063861198084755 0.05643304136225992668 1.493147427589949643e-07 0.9475977937155500852 -0.05643304135916982905 0.9984063860867088414 -8.152599359047585877e-06 -0.1107665560371731694 -6.09152769546528962e-07 8.131180978495714594e-06 0.9999999999667563699 0.4949869653465973074
0.9974333673008883849 0.07160082259561803553 -8.215142801954880211e-07 1.131275190499981376 -0.07160082259782538094 0.9974333672963181519 -3.078285940774382145e-06 -0.1381245807720276331 5.989979492334272206e-07 3.129206209659431679e-06 0.9999999999949246154 0.4949891239483910077
0.996220991682145951 0.08685468167521061267 -2.274309276389442623e-06 1.346990547128209093 -0.08685468169963989071 0.9962209915698411189 -1.498966009547877226e-05 -0.1884017722835321651 9.637924864487657265e-07 1.513054845358349699e-05 0.9999999998850688243 0.494958407801394773
0.9948186201174468168 0.1016656926188382742 -3.766147981610791349e-06 1.549730300498370905 -0.1016656926620033707 0.9948186200219298891 -1.398038413886387606e-05 -0.2380985217651281072 2.325308701309402191e-06 1.429083450095446874e-05 0.999999999895182512 0.4949560596943911595
0.992673216203920572 0.1208299872858352858 -2.470301205862186276e-06 1.75900153051627739 -0.1208299872977209727 0.9926732161907483309 -5.420451192661630992e-06 -0.2801584415905378767 1.797248794290309633e-06 5.679223182021669012e-06 0.999999999982258192 0.4949781348335897668
0.9893985386987584896 0.1452257953083092579 -2.512172943808953903e-07 2.014032773988309266 -0.1452257953066658225 0.9893985386933579207 3.350701227783742074e-06 -0.3336912426541541188 7.351622746003804638e-07 -3.278695667014115912e-06 0.999999999994354849 0.4949912742998285875
0.9860604741494815029 0.1663873231924188067 1.787212930377373204e-06 2.327391459823509923 -0.1663873231949100362 0.9860604739511976691 1.983443031953444451e-05 -0.3895933102892046862 1.537897738734277801e-06 -1.985531734082981116e-05 0.9999999998017006231 0.4949965787645235205
0.9827893075690800062 0.1847300108956050901 2.151965107807597268e-06 2.647099584596680266 -0.1847300109071037533 0.9827893074578755161 1.479741949462082239e-05 -0.4602048734199891133 6.185991664924055963e-07 -1.49402781967646065e-05 0.9999999998882027619 0.4949913442899578908
0.9794403853759555689 0.2017338134594004184 1.989997342302552861e-06 2.982879056235644644 -0.2017338134673472005 0.9794403852767756824 1.396551508804131408e-05 -0.5324928007987365097 8.682328519908031898e-07 -1.407983923245748787e-05 0.9999999999005021456 0.4949923010263925227
0.9763083531829848116 0.2163839169257563144 1.796817763911947279e-06 3.330372836777773404 -0.2163839169304936638 0.9763083530953809985 1.312383852269627316e-05 -0.6078863581650791881 1.085539392744747984e-06 -1.320171564129857365e-05 0.9999999999122681782 0.4949920909226572796
0.9732047630779412373 0.2299401859701876716 7.980402839632237773e-07 3.693975792211810383 -0.2299401859714008678 0.9732047630755945589 2.155536803906021738e-06 -0.7024003345270170007 -2.810120719234752303e-07 -2.281280215858315416e-06 0.9999999999973584464 0.4949842198129946191
0.9700862672251500118 0.2427604459997544095 1.186620333692461039e-06 4.088803183026040955 -0.2427604460019586186 0.9700862672224841443 2.34733272095981587e-06 -0.8028893431884109866 -5.812845518719958744e-07 -2.565179718653537092e-06 0.9999999999965409891 0.4949899811258315352
0.9669952405447598265 0.2547944362921618633 -7.577350002065445127e-07 4.515099500889984796 -0.2547944362441487143 0.9669952402955813708 -2.251555251640173435e-05 -0.9485463243531497834 -5.004111372618057324e-06 2.196549878379615712e-05 0.9999999997462378776 0.4949410714553904023
0.9636511924715033262 0.2671635814373821138 -2.008445265569067536e-06 4.948372796297597631 -0.267163581399144423 0.9636511921399384395 -2.575831933079279908e-05 -1.090569123344602653 -4.946244169708914691e-06 2.53586185693738436e-05 0.9999999996662375379 0.4949415866953711385
0.9607920105728191551 0.2772701073013665862 -4.331420309990741006e-06 5.404409905653055013 -0.277270107307331426 0.9607920101375392319 -2.918699028116241182e-05 -1.253163876987351655 -3.931085900675283076e-06 2.924360044895165568e-05 0.9999999995646792206 0.4949533350624466532
0.9588213524060911208 0.2840098838996478192 -4.438005057806826553e-06 5.854738512302326114 -0.2840098839338466852 0.9588213522588180382 -1.681330842184759069e-05 -1.419775250914061537 -5.198917620000905973e-07 1.738139642082216858e-05 0.9999999998488083852 0.4949618810338735075
0.9576337933850421757 0.2879887459030534558 -1.547127119380090777e-06 6.335046552833577316 -0.2879887459035754271 0.9576337933861273077 -1.210482630585524636e-07 -1.587681580264431291 1.446720674710532618e-06 5.614751061991157977e-07 0.9999999999987958521 0.4949739971449035325
0.9566017289430036596 0.2913985795860357664 8.544011263091371505e-07 6.827811687647044714 -0.2913985795770149823 0.9566017288805452878 1.120191272416245271e-05 -1.753571505294564403 2.446899861882872234e-06 -1.096474035399791787e-05 0.999999999936893591 0.4949908564784863962
0.9566112172006655534 0.291367429751036966 2.892841924420886542e-06 7.329029021689669854 -0.291367429755372942 0.9566112170382433666 1.779301834128205274e-05 -1.918320587435364377 2.416980987592891367e-06 -1.78638808493346937e-05 0.9999999998375199706 0.4950056544807294179
0.956786675714064061 0.2907907446544831243 1.246752709810479396e-06 7.834938258932995225 -0.290790744653473765 0.9567866756715788235 9.134554608695024679e-06 -2.091250437487701674 1.463367556145368094e-06 -9.102364287066420963e-06 0.999999999957502772 0.4950007913976784968
0.9571941896464817301 0.2894465119995957569 -7.182965351987171029e-07 8.36173048466201152 -0.289446511999997047 0.9571941896464803978 -5.352170815927341716e-07 -2.27282713215836818 5.326325525057907079e-07 7.202151073950635369e-07 0.9999999999995987654 0.4949984479488086508
0.9578918380714311898 0.2871292854281033424 -2.813310450126023496e-06 8.91066482970091478 -0.2871292854271168538 0.9578918378768023212 -1.952813601719519107e-05 -2.480604442028920165 -2.912252622770834211e-06 1.951362592284934243e-05 0.9999999998053685779 0.4949795149751416989
0.9585409182676921658 0.2849549227646276384 -9.835910774201149193e-07 9.461016689936027291 -0.2849549227662029893 0.9585409182647681714 -2.382271246562774755e-06 -2.653751060361394742 2.639723754786207711e-07 2.56378358774277652e-06 0.9999999999966786568 0.4950128376424126064
0.9592110620991707304 0.2826908883370580772 1.373531731926493238e-07 10.00433192446341835 -0.2826908883239719339 0.9592110620498599527 1.01003126148871983e-05 -2.828894148254190721 2.723515662450414546e-06 -9.727160081403548678e-06 0.9999999999489823654 0.4950254927888996792
0.9595239677559969094 0.2816269790055034306 5.051188699405640056e-07 10.54342681759590405 -0.2816269789642956711 0.9595239675816618075 1.892150450089532466e-05 -2.996436663303580161 4.844132488640445879e-06 -1.829789217597125865e-05 0.999999999820860741 0.4950335512977967478
0.959763420312019333 0.2808098592123188242 1.537770749006809088e-06 11.07679848355973995 -0.280809859181456678 0.959763420091203745 2.106083991376816599e-05 -3.153726504647049289 4.438195377695435844e-06 -2.064524493776399321e-05 0.9999999997770381288 0.4950357226160616575
0.9598818766800395474 0.2804046768843497239 2.195837338057940792e-06 11.60940050335731044 -0.2804046768393966271 0.9598818763142464849 2.706044940783446499e-05 -3.304959664331497127 5.480132108413180403e-06 -2.659055802056742797e-05 0.9999999996314552497 0.495039905691349591
0.9599263483886966153 0.2802523963593060996 2.498354922275409204e-06 12.14211850511932234 -0.2802523963653729688 0.9599263482795722391 1.457203237316829274e-05 -3.466533027611022444 1.685610275159670061e-06 -1.46882477785162214e-05 0.9999999998907069809 0.4950227930438482193
0.9604226205307433428 0.2785469259769222661 1.974719876356281556e-06 12.68078582505427399 -0.278546925973084003 0.9604226204067003447 1.563027356888832827e-05 -3.62240519991222687 2.45719901657289093e-06 -1.5561720451861132e-05 0.999999999875897494 0.4950255315573914294
0.9620163365139838829 0.2729918831798663348 -5.969075983545217074e-07 13.21944420180585311 -0.2729918831794995726 0.9620163365140673717 6.293478584833506886e-07 -3.789422966010075999 7.460417180690132407e-07 -4.42491991852121031e-07 0.9999999999996238564 0.4950177066307287488
0.9643764817524452804 0.2645335544726161725 -1.758383049230895036e-06 13.76733327470309121 -0.2645335544756886037 0.9643764817514643983 -1.83257428804434614e-06 -3.950303272468702165 1.210965868337207618e-06 2.232442862597047111e-06 0.9999999999967749131 0.4950176057268291241
0.9669063037180447573 0.2551317303514943902 -6.272790582031219553e-07 14.35567789201715883 -0.2551317303509213485 0.9669063037180090081 8.688471107504882906e-07 -4.113430059629085811 8.281905423435631946e-07 -6.800549568195984332e-07 0.9999999999994257927 0.4950215887523944369
0.9690337018370285271 0.2469285012027671311 -1.133750671539463184e-07 14.95731194265862207 -0.2469285012006175728 0.9690337018303157857 3.752896219959052251e-06 -4.275678266638338165 1.036561299783467002e-06 -3.608687381231268508e-06 0.9999999999929514161 0.4950238046086684052
0.9710442631055173912 0.2388996423021267079 -1.071646726430957446e-07 15.59123598642939967 -0.2388996423016714332 0.9710442631043698647 1.567636062906771411e-06 -4.444152748809901077 4.785693352658781361e-07 -1.496642403561129015e-06 0.999999999998765543 0.4950221154284559777
0.9726034269188653658 0.2324705872748444591 -2.853556889582861233e-08 16.25004446656224033 -0.2324705872746669622 0.9726034269182605163 1.122609980924444822e-06 -4.613129415906231934 2.887275936432529889e-07 -1.085220634081007368e-06 0.9999999999993695043 0.4950215462533817945
0.9740818976226103265 0.2261956160614904121 8.545773878891809534e-07 16.96611485593436086 -0.2261956160627544288 0.9740818976207993307 1.920061962760787549e-06 -4.790836614757817635 -3.981187651160074496e-07 -2.063599258965914112e-06 0.9999999999977915444 0.4950217647395958598
0.9756155356421224445 0.2194865066752213767 1.864241369979934652e-06 17.72787072226424954 -0.2194865066827888234 0.9756155356205383766 6.501471958035030376e-06 -4.968404099853892752 -3.91797474382919981e-07 -6.75211287271101662e-06 0.9999999999771277404 0.4950273903803654174
0.9770457455342926867 0.2130296015463108983 7.688434119030984615e-07 18.4614592798818542 -0.2130296015464956949 0.9770457455345408215 1.660609595491482985e-07 -5.146837428412546878 -7.158192845370296454e-07 -3.260355597162028426e-07 0.9999999999996906919 0.4950137049350261109
0.9785594799751767825 0.2059644244832449234 4.799595329514611122e-07 19.25722787690876814 -0.2059644244834923088 0.9785594799750934047 5.399879576435633056e-07 -5.326798192882129079 -3.584506420501313106e-07 -6.272649240042563815e-07 0.9999999999997389866 0.4950184936856972251
0.9799856187296837051 0.1990682975380242414 7.38079033426137235e-07 20.07834149829438886 -0.1990682975388586295 0.979985618728906549 1.317384244859160233e-06 -5.507698299950010146 -4.610573994154173715e-07 -1.437945750936308708e-06 0.999999999998859912 0.495018159471266983
0.9814431412339873484 0.1917533846558265309 1.759185986322219502e-07 20.95147318133155423 -0.1917533846559069388 0.9814431412335150595 9.629443127427993394e-07 -5.692977774860380258 1.199372916050494918e-08 -9.788080778433485925e-07 0.9999999999995209388 0.4950148568208523336
0.9825094865445455072 0.18621253677454086 4.433548569164269112e-07 21.82710259296602118 -0.1862125367742156201 0.9825094865300531 5.366165229682022822e-06 -5.867132145090007356 5.63646887350861407e-07 -5.354866477125655238e-06 0.999999999985503818 0.4950230171601668339
0.9838123545014845206 0.1792017051579621045 9.782448789716733855e-07 22.73151847742452603 -0.179201705159490382 0.9838123545000445613 1.800723757592546838e-06 -6.049607341904016167 -6.397166297796964363e-07 -1.946877430139147206e-06 0.9999999999979002352 0.4950168381612523039
0.9849107812101796089 0.1730628586867950791 1.158068864588187833e-06 23.66700938677220734 -0.173062858687150406 0.9849107812107749105 2.132321169294096381e-07 -6.232664486820745253 -1.103691950397786721e-06 -4.104333191262588625e-07 0.9999999999993066657 0.4950128563958162697
0.985981693725513475 0.1668535275000524176 1.090867921468162312e-06 24.61518342929409897 -0.166853527501534038 0.9859816937248033764 1.44771356499502654e-06 -6.409337919671411754 -8.340196857101383628e-07 -1.609434233578426288e-06 0.999999999998357092 0.4950162586851301061
0.9868811670572366079 0.1614483264376188332 6.868717643454431197e-07 25.59723746588430515 -0.1614483264387635841 0.9868811670547942283 2.21868830554990974e-06 -6.586964668673140011 -3.196572945964685008e-07 -2.300476001148949807e-06 0.9999999999973028242 0.4950177490457730034
0.9876050499428874474 0.1569594384848222723 2.625534999208833863e-07 26.61472471010035434 -0.1569594384848314039 0.9876050499429208651 1.426638798543647427e-08 -6.76947325755305318 -2.570599181546520371e-07 -5.529980673867058292e-08 0.9999999999999654721 0.4950178033324972304
0.988145732306373592 0.1535187666910899362 7.616466193100633571e-07 27.65704926150441878 -0.1535187666929279937 0.9881457322979396718 4.084590335260819252e-06 -6.946336562115133617 -1.255565856828048466e-07 -4.153097557660156751e-06 0.999999999991368016 0.4950258392382524963
0.9889750980610789721 0.1480819213040123761 4.736043331588251368e-07 28.72443744555990008 -0.1480819213045154459 0.9889750980602499686 1.309643171134806704e-06 -7.130386698348801566 -2.744484148231865774e-07 -1.365336723190370648e-06 0.9999999999990302202 0.4950244399403974649
0.9904438635754043707 0.137916471489248349 -1.18185115313388151e-07 29.82550001451954813 -0.137916471489298309 0.9904438635751233733 -7.462233028839328604e-07 -7.308499739953410845 1.413923735125921752e-08 7.553919652849399487e-07 0.9999999999997145617 0.4950267521110141566
0.9916526083976573425 0.1289383738858079498 -1.975673596599789195e-07 30.95664458704069233 -0.1289383738857563799 0.9916526083976510142 2.54859234103208868e-07 -7.47680862767250165 2.287793227561050093e-07 -2.272578101852163352e-07 0.9999999999999480416 0.4950295571216357104
0.9928342802713351345 0.1194993385762566501 -4.125488057575266361e-07 32.12428355177256378 -0.1194993385762311844 0.9928342802714200666 8.601537477561681987e-08 -7.642008956830363964 4.198713770341828939e-07 -3.609970328918039028e-08 0.9999999999999111822 0.4950291575997969873
0.9934599881866401638 0.1141807859220792531 -8.062096770280510417e-07 33.29644841583737502 -0.1141807859238681139 0.9934599881830630252 -2.710875491639054477e-06 -7.804359508822702907 4.914071620411086328e-07 2.785199988441677695e-06 0.9999999999960006436 0.4950295350443600917
0.9943851586827748834 0.1058213409172974601 3.611220085999692376e-07 34.51873265976880134 -0.1058213409178997005 0.9943851586750981353 3.907739674804813867e-06 -7.957344659674530973 5.442788652082147402e-08 -3.924012751806774553e-06 0.9999999999922996041 0.495040202938317131
0.9952535223701594047 0.09731611485710389697 -1.068968320313654728e-06 35.77768919304453021 -0.09731611485954488883 0.9952535223672629439 -2.536297277404946906e-06 -8.114314715755577723 8.170718889314840014e-07 2.628286642955975711e-06 0.9999999999962122521 0.4950397703526647764
0.9961120696513501294 0.08809508894762332898 -6.68542065681447485e-07 37.01170795450648399 -0.0880950889467451842 0.9961120696508732886 1.245638528457328318e-06 -8.252545118838826355 7.756774576556526372e-07 -1.181900299878243135e-06 0.9999999999990006883 0.4950425601724183222
0.9968356633274204626 0.07949000138830365769 3.193527895514031656e-07 38.27389601518162721 -0.07949000138839784624 0.9968356632976027587 7.715800073863078761e-06 -8.377077650003656117 2.949867087848486514e-07 -7.716770038415890118e-06 0.9999999999701821851 0.4950526314111633464
0.9972878637685748116 0.07359970639514114288 8.334136811799649693e-07 39.59375459967152011 -0.07359970639836178885 0.9972878637565852911 4.912658271996275415e-06 -8.502106161389352934 -4.695831432908886564e-07 -4.96067347574740686e-06 0.9999999999875855972 0.495050170890563801
0.9978342699816790118 0.06577818521582640132 -1.440515942720531787e-06 40.89881305385195986 -0.06577818521848166622 0.9978342699807714045 -1.880688347085124509e-06 -8.618465859892690872 1.313687907672393478e-06 1.971369808367182054e-06 0.9999999999971939113 0.4950443489849269407
0.9980522556590142313 0.06238345111608305932 -1.741738342420087206e-06 42.19203842455033993 -0.06238345111968612161 0.9980522556581055138 -2.097151846451717623e-06 -8.725614029544400907 1.607518311722450599e-06 2.201722779558252489e-06 0.9999999999962841946 0.4950501691790938907
0.9975430462575438639 0.07005619790873648944 -1.572805954427515105e-07 43.49432125843591024 -0.07005619790746615838 0.9975430462488559247 4.187558749497575647e-06 -8.829094039725916332 4.502586088030610742e-07 -4.166251630834900376e-06 0.9999999999912198012 0.4950568036419465967
0.9975267620678319735 0.07028768711972957495 -2.422537158284646798e-07 44.84396196169981863 -0.07028768711878266573 0.9975267620640186905 2.792788554993032157e-06 -8.950333473705518017 4.379532128932550908e-07 -2.768853871020785693e-06 0.9999999999960708097 0.4950558923007186141
0.9973729240430786458 0.07243790711976129393 3.17876634309316584e-07 46.24640337512980182 -0.07243790712037725954 0.9973729240257682704 5.877197380104677659e-06 -9.075087148558182548 1.086903297039776105e-07 -5.884783854285159626e-06 0.9999999999826787445 0.4950614238964741176
0.997383604806108659 0.07229069694473440333 -1.204007322877606938e-06 47.62690466564218639 -0.07229069694165347892 0.9973836048040951585 2.431350040738947053e-06 -9.207576699791156116 1.376621152863821721e-06 -2.337950139684013802e-06 0.9999999999963194997 0.4950599953325832137
0.997275311096660011 0.07376959994393343656 -1.845187959521906949e-06 49.02440392428136562 -0.07376959994981489854 0.997275311092294392 -3.353284658441253109e-06 -9.346873906679515898 1.592789928604621132e-06 3.480266778548806127e-06 0.9999999999926754146 0.4950592128787931201
0.9972738046554381341 0.07378996235603975384 -2.407112019206335404e-06 50.42056251875865058 -0.07378996237179366591 0.9972738046305295034 -7.290446988308423639e-06 -9.488265625314305396 1.862587952739795281e-06 7.448192510991049134e-06 0.9999999999705275755 0.4950626460578830268
0.9972575402835412994 0.07400944766992008372 -2.333925056845282184e-06 51.82890490682954265 -0.07400944769203096629 0.99725754021803803 -1.152482190859082203e-05 -9.631990569176752004 1.474578657293755273e-06 1.166594805317886383e-05 0.9999999999308656351 0.4950565675277192601
0.9972182923729894233 0.07453641632095257819 -9.805672123545117134e-07 53.23780348719260758 -0.0745364163252214551 0.9972182923581567326 -5.468807522779008602e-06 -9.771066443018799674 5.702142467495432324e-07 5.526682865157159291e-06 0.9999999999845653464 0.4950632248810870051
0.9971812285874750437 0.07503064277152265982 -5.467238157919283551e-07 54.66451695452729354 -0.07503064276984966474 0.9971812285843146828 2.617782840702131614e-06 -9.911716388806675937 7.415966555018442167e-07 -2.569382869950108731e-06 0.9999999999964241937 0.4950713711556046781
0.997207519125236086 0.07468041109381738651 -1.087845302967870662e-06 56.10401695727647109 -0.07468041109744585904 0.997207519118311958 -3.801447149296016387e-06 -10.06734064978413912 8.009138798962573989e-07 3.872072415271245515e-06 0.9999999999921828087 0.4950625480129829392
0.9973644793514055973 0.07255408555024558948 -5.477621376213197887e-07 57.54098925287402011 -0.07255408554663686505 0.9973644793393894314 4.979226982424043701e-06 -10.20562170834361027 9.075817596474082518e-07 -4.926361745905640427e-06 0.9999999999874535916 0.4950749184777063494
0.997465362584813664 0.07115370999236789173 3.178228830624048337e-07 59.00466412329116395 -0.07115370999174291944 0.9974653625835110393 -1.669943515665226301e-06 -10.35590349771478813 -4.358399939084575976e-07 1.643096537099011614e-06 0.9999999999985551558 0.4950712821014834897
0.9974282789617935352 0.07167167033843735435 6.677750237519069251e-07 60.49694831517832228 -0.07167167033668746245 0.9974282789593665877 -2.353314078358743881e-06 -10.50492466206662812 -8.347236434998439155e-07 2.299401459672501658e-06 0.9999999999970079489 0.4950720361785703738
0.9974715118076034059 0.07106745481910747841 1.458864189805015908e-07 61.98754835010821296 -0.07106745481705627199 0.9974715117907656525 -5.822650511308383425e-06 -10.65896466137807153 -5.59318499030077362e-07 5.797560231752769647e-06 0.9999999999830376796 0.4950655714629577098
0.9974621301945546525 0.07119900863051688289 -7.530778757550634186e-08 63.50322797060904634 -0.07119900862924058438 0.9974621301691265485 -7.135458234595641639e-06 -10.81586282343636185 -4.329208862142890911e-07 7.122711210411482056e-06 0.9999999999745398105 0.4950661022726574045
0.9975100436591906039 0.07052455459555562189 -6.091582821647981991e-07 65.00334373107644126 -0.07052455459794416959 0.9975100436411948879 -5.994661346140178591e-06 -10.97198511937035548 1.84870683238875735e-07 6.02269551763967303e-06 0.9999999999818465213 0.4950652339142319058
0.997533153788550675 0.07019691656250032219 1.348004239379292326e-07 66.54907977127869856 -0.07019691656262885826 0.997533153786385185 2.078534032787221707e-06 -11.12319513673745597 1.14387880493385154e-08 -2.082869183094849601e-06 0.9999999999978307352 0.4950772698005388439
0.9975264282733877774 0.07029242418897443945 8.855755419918366352e-08 68.08625270140591113 -0.0702924241854655657 0.9975264282093213586 1.132772131121382573e-05 -11.27022025509542047 7.079144907710604175e-07 -1.130592630521606165e-05 0.9999999999358374358 0.4950878875280931291
0.9975836555724199028 0.06947553624777502712 -2.905625817558039731e-07 69.64476130349120808 -0.06947553622002818063 0.9975836552760460885 2.439785540411167983e-05 -11.40711907638741707 1.984914569890715768e-06 -2.431871479098809047e-05 0.9999999997023301113 0.4951015673658489824
0.9975561263959487057 0.06986969794697520109 -9.701999129585818302e-07 71.21513849600425772 -0.06986969791214410475 0.9975561261852866624 2.064226301756040517e-05 -11.55186040782995249 2.410097548775250731e-06 -2.052402836101109549e-05 0.9999999997864778001 0.4951054963479775139
0.9974969843716655626 0.07070902468330765578 -3.903084627857421181e-08 72.83897553650601253 -0.07070902467642395384 0.9974969842819603194 1.34140380995244566e-05 -11.70335279506091553 9.874267025389615016e-07 -1.33777027194496187e-05 0.9999999999100310788 0.4951027036974243178
0.9973187594586142568 0.07317986085060466939 -2.22447866883067421e-07 74.47589367368274793 -0.07317986084396452262 0.9973187594008832146 1.077841039200545617e-05 -11.85517977378850674 1.010614003308866101e-06 -1.073323217714717975e-05 0.9999999999418881513 0.4951020676961624956
0.9967609394636732789 0.08042157397975036037 -5.897003673919116636e-07 76.12569298756795888 -0.08042157396976588879 0.9967609394137725287 1.007134039249698601e-05 -12.02237237738026288 1.397743338624663776e-06 -9.991294079567527924e-06 0.9999999999491101521 0.4951031934487608588
0.9959255701791203119 0.09017903672982245655 -3.291397118212515987e-07 77.79631939750848346 -0.09017903671893741369 0.9959255701038923769 1.232535107366580988e-05 -12.20329542896431008 1.439286942319480701e-06 -1.224545079354046506e-05 0.9999999999239886916 0.4951113712006464662
0.9947732506010426023 0.1021086670651355915 -1.024442760752125222e-06 79.46922278462533029 -0.1021086670506025917 0.9947732505562650873 9.649064078529116074e-06 -12.40251752025985432 2.004341326606918806e-06 -9.494026353886123788e-06 0.999999999952922991 0.4951118629589801867
0.9931935369647287848 0.1164757405367829735 -3.645617715047584167e-07 81.17846690488185857 -0.1164757405236466342 0.9931935368910022044 1.223285089551084269e-05 -12.62329134568909872 1.786910762186724035e-06 -1.210712584577193515e-05 0.9999999999251122373 0.4951227439542186248
0.9900604254637385138 0.1406426462086933227 4.585230664991170861e-07 82.8933022505500503 -0.1406426462010808009 0.9900604253640791219 1.413113998855481156e-05 -12.88253977246291626 1.533475379678486265e-06 -1.405517036677289468e-05 0.9999999999000502848 0.4951303812716579822
0.9858398505260417277 0.1676895617406951311 4.877558943554302741e-07 84.62720067985407013 -0.1676895617274058725 0.9858398504019899589 1.578877197602008095e-05 -13.19019049560673373 2.166763055158534576e-06 -1.564699217698381676e-05 0.9999999998752383545 0.4951374519405579711
0.9813098072233418234 0.19243456614987825 4.785073142036641078e-07 86.3847481162862465 -0.1924345661397216245 0.9813098071391953559 1.301096648331776874e-05 -13.54882359738943443 2.034195770191969058e-06 -1.285987035893738568e-05 0.9999999999152429098 0.4951417229596324354
0.9762172805271261966 0.2167944215203738978 -3.183393050109958613e-07 88.12717643665382639 -0.2167944215057759083 0.9762172804764632783 1.026387641018418634e-05 -13.95254331135575576 2.535919479509098329e-06 -9.950759331344119466e-06 0.9999999999472757306 0.4951444206745392318
0.9696459086694231289 0.2445134184490317664 -1.118206112236050384e-06 89.86636153230641355 -0.2445134184448210513 0.9696459086664709348 3.005793891417192159e-06 -14.40947393538118071 1.819220921319161233e-06 -2.641139350087495349e-06 0.9999999999948574469 0.4951408169267830228
0.9623055522537418138 0.2719706309525277699 -1.771387379449527959e-06 91.61663155151479998 -0.2719706309576352399 0.9623055522453529687 -4.062641962863446154e-06 -14.92811559378159281 5.996966124474406498e-07 4.391268260941814506e-06 0.999999999990178523 0.4951392533033528442
0.9542402500965844192 0.2990410424876029927 -2.401796007637197946e-06 93.35702390294692066 -0.2990410424943047984 0.9542402500920493802 -3.227276574702634943e-06 -15.49386660599589227 1.326802271702908202e-06 3.797832787757577281e-06 0.9999999999919080285 0.4951423661607200488
0.9453070169873142303 0.3261819179922836875 -3.413718643830698339e-06 95.08056695777780476 -0.3261819180018440401 0.9453070169861557126 -2.75810071960063749e-06 -16.109023914582842 2.327369605294388535e-06 3.720745258559594718e-06 0.9999999999903697034 0.4951478156443241407
0.9329587922118254273 0.3599831829706024444 -3.903636596741938572e-06 96.76623178581931484 -0.3599831829807137451 0.9329587922133042444 -2.280188710696820248e-06 -16.77274954693104903 2.821102494685737039e-06 3.532565632841908945e-06 0.9999999999897811742 0.4951536327895169065
0.9129656231350014028 0.4080364823931003637 -3.495221955441548248e-06 98.44185260722099429 -0.4080364823942678187 0.912965623141080429 4.047616145940261756e-07 -17.52528388630000222 3.356174995992777436e-06 1.05664463219661952e-06 0.9999999999938097295 0.4951625129818497673
0.8840625661394592161 0.467368568835685394 -4.198836021657799483e-06 100.0513545938906077 -0.4673685688436655106 0.8840625661445038475 -1.118690181387559331e-06 -18.37342843933571146 3.189193119081136462e-06 2.951396094723938986e-06 0.9999999999905591075 0.495164615963071264
0.8512060574031221627 0.5248316376153639995 -6.639722450370669294e-07 101.6044010301327347 -0.5248316375994842575 0.8512060573859757673 6.80437256305762632e-06 -19.32140361651833871 4.136327192126300302e-06 -5.443449501818850618e-06 0.9999999999766298053 0.4951828724658601244
0.8159830054612297046 0.5780758901629560187 3.605212742136770484e-06 103.0847694166500474 -0.5780758901491024337 0.815983005351824664 1.440694007511061644e-05 -20.35314495105419397 5.386512380182476759e-06 -1.383990482707619747e-05 0.9999999998897212139 0.4951985081179922088
0.7782888862401954322 0.627906370005450909 7.987922048694967385e-06 104.5030460748524916 -0.6279063700254209346 0.7782888860129086872 1.981205967995978528e-05 -21.48662324574800309 6.223207523138145415e-06 -2.043517300008226376e-05 0.9999999997718377331 0.4952135097081871162
0.7388285360716507766 0.6738934590768054234 1.009713584466578766e-05 105.8374666536024904 -0.6738934591284131415 0.7388285358358153143 1.951614739842812645e-05 -22.69208819935762733 5.691751985929778825e-06 -2.122348041379052924e-05 0.9999999997585838907 0.4952236297327816672
0.6922194506633028155 0.721687073483753716 9.595990324816850787e-06 107.066154373175678 -0.7216870735150561211 0.6922194504447639618 1.869373417529516921e-05 -23.95730713350865315 6.848495160334012163e-06 -1.986546857666450343e-05 0.9999999997792305972 0.4952309392331040727
0.6448841616765170759 0.7642803268326705535 6.128200983254579043e-06 108.1901798966684964 -0.7642803268223800073 0.6448841615497904467 1.472184640429643485e-05 -25.27800227460144811 7.299637828561326152e-06 -1.417754902708019228e-05 0.99999999987285626 0.4952360378803822849
0.5962777573542655807 0.8027781984998080267 -1.001015707456384636e-05 109.2204119703779952 -0.8027781985588724467 0.5962777573414248522 -4.548098627286397845e-06 -26.6804970535985575 2.317719588443903463e-06 1.074786591331406664e-05 0.9999999999395557948 0.4952265194283047012
0.547357492188734418 0.8368989039551913978 -1.748403056653518076e-05 110.143203623389951 -0.8368989041359672365 0.5473574921120889503 -9.328145880710675132e-06 -28.10512579631413743 1.763300059408902637e-06 1.973819655704951953e-05 0.9999999998036470661 0.4952307062667086202
0.4978350356003226618 0.8672717434931516145 -1.641362676353674154e-05 110.9519766764028077 -0.8672717436451106154 0.4978350355619172163 -6.638291079577554467e-06 -29.52862044180693246 2.414076185125087503e-06 1.75398485786793594e-05 0.9999999998432629322 0.4952390621614025101
0.4505692326136450654 0.892741489214196049 -7.733259280432627821e-06 111.6874448020039665 -0.8927414892356974052 0.4505692326355881794 1.280394874230491738e-06 -30.99593209884507772 4.627430326559321315e-06 6.326894870734725446e-06 0.9999999999692786856 0.495252992673256176
0.4027162039544423533 0.9153248926285462161 -3.049132037399996716e-06 112.3198941608799686 -0.9153248926023503929 0.4027162039659854531 6.924990170996326211e-06 -32.45819323835878834 7.566550764213748149e-06 2.140700578073887981e-09 0.9999999999713737875 0.4952674451381765541
