1631149238737476 0.9999727208254475 0.007386311999347236 0.0 0.0 -0.007386311999347236 0.9999727208254474 0.0 0.0 0.0 0.0 1.0 0.494999999999999
1631149238987544 0.9999624130029237 0.008670211800396288 -2.5444163553192025e-06 0.0043396064004626 -0.00867021179736725 0.9999624130054681 1.1990825353483736e-06 -6.220758952514806e-06 2.5547170179089613e-06 -1.176976836737812e-06 0.9999999999960443 0.494979450746792
1631149239237604 0.9999191255090194 0.012717800078426477 -4.591843070778017e-07 0.006665695106555012 -0.012717800075091849 0.9999191254870367 6.652601788990372e-06 -0.002321214118247305 5.437536303255047e-07 -6.646223949006801e-06 0.9999999999777662 0.4949731382782985
1631149239488291 0.9999578487397149 0.00918154353083172 -1.2208670089225729e-08 -0.01804424776943705 -0.009181543529998502 0.9999578486652051 1.220775478190587e-05 -0.014322888328657015 1.242941874208044e-07 -1.2207128115247959e-05 0.9999999999254856 0.4949578571630753
1631149239737729 0.9999742904531306 0.007170664580450554 1.5231694739010474e-08 -0.004328195407896318 -0.007170664580457163 0.9999742904530095 4.923765621434165e-07 -0.013292579751145667 -1.1700635964480232e-08 -4.924731247401837e-07 0.999999999999879 0.4949868533676683
1631149239988419 0.9999707943528843 0.007642672151628942 1.1880206807605502e-06 -0.003690924396876165 -0.0076426721455633145 0.999970794340991 -5.028977918728886e-06 -0.007011159076052153 -1.2264208133289114e-06 5.019751391619983e-06 0.9999999999866491 0.49500265024793
1631149240238486 0.9999747385615632 0.007107899454164213 1.3603643509966806e-06 -0.001440075350123816 -0.007107899452674628 0.9999747385618974 -1.096694560793948e-06 -0.009784640872482446 -1.3681251809099761e-06 1.086997523688308e-06 0.9999999999984737 0.4949940065815874
1631149240488548 0.9999695857803762 0.007799199386499609 9.593132816995172e-07 -0.0026838503110720737 -0.007799199384006401 0.9999695857775384 -2.5757779253208436e-06 -0.0030044795366429462 -9.793731105484566e-07 2.5682177094955863e-06 0.9999999999962228 0.4950064827711082
1631149240738610 0.9999581752100773 0.009145918639239296 7.376781899442483e-07 -0.0003805196735932945 -0.009145918638374542 0.9999581752096763 -1.1672123643785502e-06 -0.0009485920598743804 -7.483225660295763e-07 1.1604168012626996e-06 0.999999999999047 0.495005268804655
1631149240988674 0.9999420172866866 0.010768568243175822 6.25239315340214e-07 2.5341281697436106e-05 -0.010768568244050298 0.999942017285875 1.4125630184362977e-06 -0.00019864040598699216 -6.099917810072557e-07 -1.4192140464390454e-06 0.9999999999988072 0.494999748075490
1631149241238737 0.9999453566372469 0.010453886231855896 1.6696148573452444e-07 0.011783244096388356 -0.010453886232554397 0.9999453566250002 4.950292894538349e-06 -0.008356716486686764 -1.1520256366194458e-07 -4.951767790276119e-06 0.9999999999877336 0.49498863189378
1631149241488798 0.9999693465988265 0.00782980590155981 1.654725091581967e-07 0.007576871825370929 -0.007829805901644149 0.9999693465987067 5.154639231936272e-07 -0.006629438440978875 -1.614314543955679e-07 -5.167437401010883e-07 0.9999999999998537 0.495009505589324
1631149241738240 0.9999906736055665 0.004318877100083158 4.969330854438753e-07 -0.00018558052852667227 -0.004318877100174922 0.9999906736056727 1.8377962867592009e-07 -0.010214157702957721 -4.96134729221318e-07 -1.8592410759808767e-07 0.9999999999998599 0.4950062855211
1631149241988928 0.9999784910182499 0.006558772600479652 7.787353731438633e-07 -0.0020500606989495023 -0.006558772597819328 0.9999784910128888 -3.37095590786802e-06 -0.004717303904201432 -8.008279565826465e-07 3.3657758538200685e-06 0.9999999999940152 0.4950152190692314
1631149242238366 0.9999746863478655 0.00711524137883206 1.1732182788923211e-06 0.002033244742478938 -0.00711524137704789 0.9999746863474144 -1.5179534426682446e-06 -0.004183843400775508 -1.1839891856017179e-06 1.5095672864837249e-06 0.9999999999981599 0.4950080228226269
1631149242489055 0.9999452299954558 0.010465992792126136 1.4063285960883804e-06 -0.009779956261568364 -0.010465992792221233 0.9999452299964419 6.029432719710801e-08 -0.004337067893233525 -1.4056205314754574e-06 -7.500964982683361e-08 0.9999999999990095 0.495005426100877
1631149242739119 0.9999323071963347 0.011635335034814015 1.1873100240838357e-06 -0.009093238648817172 -0.011635335037111486 0.9999323071951178 1.946835475182415e-06 -0.007769850632059616 -1.1645775687292765e-06 -1.960518438358313e-06 0.9999999999974003 0.495000082984777
1631149242989180 0.9999175962674071 0.01283747141307785 5.449229960299769e-07 0.004700139567644681 -0.012837471413972554 0.9999175962661468 1.671484484565541e-06 -0.009700415988253865 -5.234204580536159e-07 -1.6783421813931341e-06 0.9999999999984548 0.4950022343574931
1631149243239248 0.9999358795720291 0.01132416628821824 3.9596590295877033e-07 0.00781639646978237 -0.011324166287581912 0.9999358795708759 -1.5738975437174487e-06 -0.005057382823342554 -4.137635909617823e-07 1.5693126410075415e-06 0.9999999999986833 0.4950100946662643
1631149243489309 0.9999556908401893 0.009413625909331497 1.1517995898217797e-06 -0.009929188800121913 -0.009413625908726495 0.9999556908407181 -5.29545744401567e-07 -0.003915302188723124 -1.1567335000925333e-06 5.186796702153416e-07 0.9999999999991966 0.495002826296875
1631149243739372 0.9999649676355925 0.008370394206462628 3.7996908413675913e-07 -0.00010831057412447546 -0.008370394206898368 0.999964967634988 1.16010207338349e-06 -0.006619109003693108 -3.7024526124790504e-07 -1.1632419232881863e-06 0.999999999999255 0.495001313275590
1631149243988809 0.9999983340908876 0.0018253252185948408 1.0314531939306204e-06 -0.016686304771871684 -0.001825325216850857 0.9999983340899957 -1.689200785448485e-06 -0.0021087942688942187 -1.0345348164177074e-06 1.6873152338723739e-06 0.9999999999980416 0.4950088807829103
1631149244238877 0.9999958641935703 0.0028760377579668765 5.801663441172657e-07 -0.008106416909688621 -0.002876037756906258 0.9999958641920841 -1.8207148143526261e-06 0.001329021223705375 -5.854003892146161e-07 1.8190387039216732e-06 0.9999999999981743 0.49500752550068
1631149244488949 0.9999837368895254 0.005703152969826809 6.563473677621783e-07 -0.0063612821740309175 -0.005703152969215038 0.9999837368893116 -9.301783999655025e-07 0.0036098679056670146 -6.616416432180548e-07 9.264200229341594e-07 0.9999999999993523 0.495005423230816
1631149244739625 0.9999739591028238 0.0072167245623862815 7.627827485304555e-07 -0.007188405191445787 -0.00721672456300788 0.9999739591027781 8.153525723290345e-07 0.002922684617299253 -7.568787100490294e-07 -8.208361328161366e-07 0.9999999999993769 0.495001265561735
1631149244989693 0.9999560492346115 0.009375478463609204 6.729779633015569e-07 -0.011560220589229694 -0.00937547846516226 0.9999560492320786 2.3429541958308595e-06 -0.0006499627320412228 -6.509820688005079e-07 -2.3491607116083863e-06 0.999999999997029 0.4949980571725064
1631149245239755 0.9999266284601193 0.012113533511845817 6.234564521680672e-08 -0.00210829720557864 -0.012113533511926785 0.9999266284589579 1.524596036468749e-06 -0.0019485519153691353 -4.38728256410747e-08 -1.5252394005759185e-06 0.999999999998836 0.4949992835675150
1631149245489819 0.9999043788979676 0.01382870414513411 -3.2122823147259056e-07 0.015195353247027955 -0.013828704143651154 0.9999043788890783 4.233337014156299e-06 -0.009308282751685415 3.7973908038850197e-07 -4.228490047639551e-06 0.9999999999909881 0.494989626519827
1631149245739883 0.9999056605875783 0.013735717029098957 -6.184423235327945e-07 0.004353900377015622 -0.01373571702404341 0.9999056605593573 7.547049814887472e-06 -0.02367887075849432 7.220481206934129e-07 -7.537843081907505e-06 0.99999999997133 0.494982342510354
1631149245989945 0.9998881441633232 0.014956575777415125 -6.38394248412426e-07 0.002351015171415768 -0.014956575779038854 0.9998881441600717 -2.6193792040227706e-06 -0.01589251654440813 5.991458967341163e-07 2.6286344031294903e-06 0.9999999999963658 0.495009452603403
1631149246240641 0.9999545424926171 0.00953482801464515 9.378071435629938e-07 -0.015354982447250134 -0.009534828016991624 0.999954542489833 2.5303013468173925e-06 -0.02939586723560079 -9.13638525020124e-07 -2.5391281554578934e-06 0.9999999999963594 0.4949927801169100
1631149246490699 0.9999492878308182 0.01007083728262339 9.133918663470324e-07 -0.007536617249429068 -0.0100708372782762 0.9999492878204893 -4.64524720896344e-06 -0.0200280986191772 -9.601270750358615e-07 4.635813017554166e-06 0.9999999999887939 0.495014230223273
1631149246740760 0.9999342765447156 0.011464841346691112 1.2881576988662768e-06 -0.0043496699652765605 -0.011464841340291248 0.9999342765337577 -4.870359502384781e-06 -0.011589330859142903 -1.3439109356763682e-06 4.855270881901887e-06 0.9999999999873104 0.4950092348366298
1631149246990828 0.9999566255874558 0.009313803729208928 1.2688693254267437e-06 -0.01374655666384548 -0.00931380372804633 0.9999566255878491 -9.190795222718195e-07 -0.007444326623326959 -1.2773744152504967e-06 9.072216578859036e-07 0.9999999999987728 0.494999627473175
1631149247240887 0.9999411695644319 0.010846999925374206 7.087082474708007e-07 -0.010529873147327026 -0.010846999925329585 0.9999411695646814 -6.674546196507853e-08 -0.0006854797626001413 -7.093905418786256e-07 5.90541769932209e-08 0.9999999999997469 0.495000714324144
1631149247490950 0.9999017757908573 0.014015661527045234 1.2950494474695378e-07 0.0040208023722359204 -0.014015661527521307 0.9999017757780412 5.062921102666581e-06 -0.004781792183325184 -5.853203571152287e-08 -5.064238898728342e-06 0.9999999999871751 0.494986945160904
1631149247741019 0.999884547714321 0.01519510578207131 -4.0808685157695227e-07 0.00024673951915110215 -0.015195105780140083 0.9998845477048449 4.378953466961689e-06 -0.006401404876843141 4.745783981596854e-07 -4.372246983907607e-06 0.9999999999903293 0.494993813551415
1631149247991081 0.9999201173353023 0.0126395785476012 -2.4849768001175685e-07 0.010164389873490628 -0.012639578545724476 0.999920117314329 6.4847948816716934e-06 -0.014477801859513783 3.304429036223779e-07 -6.481135953046061e-06 0.9999999999789431 0.494984622071400
1631149248241143 0.9999007663481523 0.014087492816296756 -5.43950236987039e-07 0.018056334334685044 -0.014087492815587665 0.999900766347483 1.286096665977674e-06 -0.012912338500041908 5.620141363625309e-07 -1.2783061468561343e-06 0.9999999999990252 0.494999326114226
1631149248491207 0.9999497363024947 0.010026208939694577 -7.976912061888836e-07 0.018261763309630974 -0.010026208936599501 0.9999497362956474 3.793752935745929e-06 -0.02257264588152721 8.356880708750674e-07 -3.7855644290042926e-06 0.9999999999924858 0.4949891165254356
1631149248741270 0.9999838047545327 0.005691241199917906 -1.4119415094622273e-07 0.0011381227965229785 -0.0056912412007158065 0.9999838047333914 -6.503306886425165e-06 -0.012134677753877419 1.0417997618220956e-07 6.504005133757473e-06 0.9999999999788438 0.495011797689451
1631149248991337 0.9999795412017066 0.006396653213201637 1.8606719894745485e-06 -0.014919359933624322 -0.006396653202283587 0.9999795411865957 -5.815719634587063e-06 -0.0054352090894776136 -1.8978350640259173e-06 5.803698578525048e-06 0.9999999999813578 0.495005385523023
1631149249242024 0.9999408772232183 0.010873916283721361 6.946933507233622e-07 0.00026573265648540783 -0.01087391628120321 0.9999408772172519 -3.5312033014634776e-06 0.0007743927914968126 -7.330502876018847e-07 3.5234404895899024e-06 0.9999999999935243 0.495004137672718
1631149249492091 0.9999015832070377 0.014029394045334279 7.400975197839987e-07 -0.00040159469560079335 -0.014029394045941366 0.9999015832069656 8.216002739934572e-07 0.0019693212113228707 -7.284981277695844e-07 -8.319025344687269e-07 0.9999999999993889 0.494998235121712
1631149249742152 0.9998544241980634 0.01706254404452867 -2.3544726840131275e-07 0.020595518328226804 -0.017062544044633022 0.9998544241979886 -4.486354087586052e-07 0.005416062370467665 2.277581315550157e-07 4.525874276874932e-07 0.9999999999998719 0.4950034274806980
1631149249992208 0.9998283197906105 0.01852919160883061 8.80472097294299e-07 0.01803876257129729 -0.018529191609204698 0.9998283197909037 4.1865829208012346e-07 0.0024039734170878896 -8.725635379498988e-07 -4.3490085293517835e-07 0.999999999999525 0.4950015944163929
1631149250242904 0.9997864754333858 0.02066406390457387 1.0968331040957262e-06 0.013778967348227028 -0.02066406390583272 0.999786475433301 1.149088438844918e-06 0.0012701715387204656 -1.0728540663525346e-06 -1.1715081095936907e-06 0.9999999999987386 0.495001090400702
1631149250492940 0.9997395274049146 0.022822737386657955 3.8075714938516765e-07 0.013282084798710701 -0.022822737387628265 0.9997395274011117 2.7756947360087506e-06 -0.0037399760216270082 -3.173090205561682e-07 -2.783661664032793e-06 0.9999999999960756 0.494998889452801
1631149250742966 0.9997038562770203 0.02433515446045795 8.661511402434443e-08 -0.002439444269778437 -0.02433515446043519 0.9997038562769923 -2.545525765563407e-07 -0.00506362151998395 -9.278403977102064e-08 2.523694002307985e-07 0.999999999999964 0.49500388331541
1631149250993012 0.9996556320619081 0.02624151833751654 1.2589429576091716e-07 -0.023274422918314778 -0.026241518336954883 0.9996556320564272 -3.3171657040419826e-06 -0.0009744330372568977 -2.1289840645286725e-07 3.3127197210648403e-06 0.9999999999944904 0.495007508130304
1631149251243061 0.9996154509236178 0.02772995256034996 -1.8815174936766384e-06 -0.03391377985353876 -0.027729952580190783 0.9996154508587153 -1.1497611207242372e-05 0.006994412586910191 1.5619657444094812e-06 1.1545364202376254e-05 0.9999999999321327 0.4950239648280413
1631149251493105 0.9996209918520806 0.02752948684737629 -5.916164913848524e-07 -0.08888684705276194 -0.027529486852430545 0.9996209917830154 -1.1753715790261347e-05 0.00796676354789565 2.6781849961814186e-07 1.176554793465604e-05 0.9999999999307503 0.495018209673222
1631149251743149 0.9996098278219884 0.02793191936584782 4.343548083004361e-08 -0.13999075001488798 -0.027931919363432832 0.9996098277537369 -1.1687025030772185e-05 0.00953142527836536 -3.6985957429795643e-07 1.1681251842439478e-05 0.999999999931706 0.495011671284622
1631149251992568 0.9995750576039519 0.029149686216824473 2.6989251103676097e-06 -0.22740203147123766 -0.02914968620926725 0.9995750576038991 -2.7983154757514528e-06 0.009632267663924792 -2.779348240724366e-06 2.7184535328048222e-06 0.9999999999924429 0.4950008713733702
1631149252242610 0.9994954436364379 0.03176252732322192 2.410205276905095e-06 -0.3098644353867725 -0.031762527336993245 0.9994954436214423 5.908500301043573e-06 0.006313452914915383 -2.2213202902128034e-06 -5.98207334062639e-06 0.9999999999796405 0.4949909321989165
1631149252493289 0.9993412403476779 0.036291670293489606 2.3326309057330038e-06 -0.40548063801533124 -0.0362916703215236 0.9993412402598557 1.3376629905543653e-05 0.0029564077550530326 -1.8456340202378377e-06 -1.3452472993320522e-05 0.9999999999078126 0.4949870986135607
1631149252743324 0.9991462697130511 0.04131260962526513 1.4876005574126052e-06 -0.5643491597638352 -0.04131260963247189 0.9991462697003672 5.192669325424189e-06 0.009414747041503855 -1.2718078269914765e-06 -5.249692847480123e-06 0.9999999999854119 0.4949993679454074
1631149252993370 0.9988556499510645 0.04782667198414962 2.3504566299552544e-06 -0.7924256982280147 -0.047826671968497346 0.9988556499346061 -6.316724941551807e-06 0.020613826168598384 -2.6498748165566577e-06 6.1970818788526226e-06 0.9999999999772875 0.495008590403214
1631149253243417 0.9983849740576398 0.05681059383510874 1.3400915071711264e-06 -1.0696237563612019 -0.05681059384419356 0.9983849740246031 8.168847532179278e-06 0.011060478671399813 -8.738501453280224e-07 -8.231786025841957e-06 0.9999999999657372 0.4950028903287369
1631149253494084 0.9976381667075898 0.06868834195013411 2.495596210571573e-06 -1.417630943722003 -0.06868834197855382 0.9976381666097719 1.4053390452892052e-05 0.010527953416595867 -1.5243979391292979e-06 -1.4191617053432984e-05 0.9999999998981373 0.49500165803185
1631149253743502 0.9965860461659372 0.08256059944650247 2.0361901705644477e-06 -1.8101626564155842 -0.08256059945184786 0.9965860461639228 2.697932758266842e-06 0.03413202806390589 -1.8064957655358294e-06 -2.856831221468855e-06 0.9999999999942877 0.495023892579313
1631149253993549 0.9952709140522601 0.09713808541016004 1.481418946037468e-06 -2.2348002653140764 -0.09713808541960893 0.9952709140116471 9.011144001888287e-06 0.04817014739638723 -5.990879127595514e-07 -9.112431727558658e-06 0.9999999999583025 0.495017412900525
1631149254244214 0.9938014780349225 0.11116934042844762 1.4404371788590218e-06 -2.7072921177631204 -0.11116934043728606 0.9938014779084785 1.5856545668906204e-05 0.06330154199862241 3.3125312630218754e-07 -1.5918390973437882e-05 0.9999999998732478 0.495018184751947
1631149254494260 0.9921667689581913 0.12492038492022603 2.052537562361063e-06 -3.246545313261721 -0.12492038493470059 0.9921667687037077 2.2485039759741807e-05 0.07994903120633381 7.72380260844495e-07 -2.256531303075295e-05 0.9999999997451052 0.495024946895930
1631149254744305 0.9901116417994629 0.14028163372309177 3.3044860155973993e-06 -3.8658410278320208 -0.1402816337613852 0.9901116415907604 2.0333567197392068e-05 0.11224980408990252 -4.193840476493515e-07 -2.0596060298505207e-05 0.9999999997878135 0.4950340169886600
1631149254993727 0.9879894955747078 0.15452105559324394 3.186218364622544e-06 -4.536585494710467 -0.15452105562149146 0.9879894954943897 1.265419830389516e-05 0.15396332353516654 -1.1926101949969389e-06 -1.299455282433877e-05 0.9999999999148599 0.4950391362414936
1631149255243772 0.9859094246595036 0.16728002379877482 1.7931500391240047e-06 -5.2682985098540325 -0.16728002380763887 0.9859094246304877 7.58050873729728e-06 0.19841500821136487 -4.998158413680863e-07 -7.773653189067789e-06 0.9999999999696605 0.495034459695558
1631149255493817 0.9839878275201768 0.17823567343396904 2.3302236187805596e-06 -6.049800201738683 -0.17823567344853208 0.9839878273965549 1.56052359735318e-05 0.2292515715219854 4.884980668475026e-07 -1.5770691219549507e-05 0.9999999998755236 0.495022586824294
1631149255743859 0.9825565433625878 0.18596408008952758 3.0962042236928254e-06 -6.86511350782391 -0.1859640801138351 0.9825565431525046 2.03318234611634e-05 0.25002373227122726 7.387931275737582e-07 -2.0552948950608572e-05 0.9999999997885154 0.49502230630311
1631149255994531 0.9821809868261105 0.18793751379365423 4.910716172128741e-06 -7.749502783959025 -0.1879375138525493 0.9821809862677826 3.3147192689547735e-05 0.22585009246882537 1.4063889300933662e-06 -3.3479450215035374e-05 0.9999999994385744 0.4950326151923619
1631149256244577 0.9827690656532632 0.1848376681490528 5.099045096575276e-06 -8.655248781066083 -0.18483766821582337 0.9827690650891042 3.3319551907375206e-05 0.1597320798879099 1.1475244959246648e-06 -3.3687920501850055e-05 0.999999999431904 0.49504277143819
1631149256494621 0.9836068571155838 0.1803262338394346 4.717657671440158e-06 -9.590451352903596 -0.18032623389609 0.9836068565554915 3.322115036454555e-05 0.07501263234891696 1.3503244965449303e-06 -3.352726874061155e-05 0.9999999994370496 0.495045228469568
1631149256744042 0.9845308170933074 0.17521150130179736 1.7094398494779431e-06 -10.559767701963988 -0.17521150130620622 0.9845308169590187 1.6303373192425547e-05 -0.013093408620540797 1.1735422817821532e-06 -1.6350686852972035e-05 0.999999999865639 0.4950135914617832
1631149256994703 0.9855167047054351 0.1695783734569586 4.31667626547531e-10 -11.555670673597348 -0.16957837345529134 0.9855167046957345 4.436842440493605e-06 -0.10720267123337927 7.519671086885488e-07 -4.372655542756225e-06 0.9999999999901574 0.495007436992274
1631149257244746 0.9864036275876846 0.16434075415045143 -2.210121740110323e-06 -12.586305657791092 -0.1643407541652963 0.9864036274923725 -1.3712698226495871e-05 -0.18682939441554616 -7.348306633547686e-08 1.3889468348228598e-05 0.9999999999035389 0.495005490314325
1631149257494803 0.9875900974636502 0.15705349211738093 -1.8002963146777838e-06 -13.667379009158585 -0.1570534921274748 0.9875900973779731 -1.3011479022900154e-05 -0.30660645129919845 -2.655434054372648e-07 1.3132750659485896e-05 0.9999999999137303 0.494999392866731
1631149257744847 0.9893283553179301 0.14570314121172107 -1.6504800716296379e-06 -14.780783390946144 -0.1457031412210605 0.9893283552505155 -1.1549593526246824e-05 -0.4850845768464803 -4.994532185372753e-08 1.1666820498897635e-05 0.9999999999319416 0.4949934654572304
1631149257994891 0.9910617032956495 0.13340427375307123 -1.7056327143968098e-06 -15.913130436196123 -0.13340427376339448 0.9910617032480488 -9.721391824271232e-06 -0.6897703723852321 3.9351204686063e-07 9.86203783335986e-06 0.999999999951293 0.494984087443846
1631149258244936 0.9922796165505006 0.1240208150461372 -3.38390081542174e-06 -17.07831115455468 -0.12402081508104092 0.9922796164587299 -1.3598438103097853e-05 -0.8516309831958074 1.6712864263641465e-06 1.3913127083940726e-05 0.9999999999018161 0.4949493578348767
1631149258494977 0.9932477473175556 0.11601255291354463 -3.584815440921334e-06 -18.28597388733572 -0.11601255294572525 0.9932477472627346 -1.0690441317499982e-05 -1.0040891127004372 2.320384472037363e-06 1.1034140347602551e-05 0.999999999936432 0.4949425412165518
1631149258745025 0.9940108831543184 0.10928112447221806 -1.6208611654161448e-06 -19.57897490456148 -0.10928112447579917 0.9940108831525494 -2.3154119153660127e-06 -1.1462538613077253 1.3581228207784334e-06 2.4786741736403674e-06 0.9999999999960061 0.494985147458192
1631149258995070 0.9945836787421996 0.10393895312804134 -2.1716912606886326e-07 -20.86287949421527 -0.10393895312753212 0.9945836787408487 1.6853647245537443e-06 -1.269217578086495 3.911679134244239e-07 -1.6536639161574707e-06 0.9999999999985565 0.495014260073485
1631149259245740 0.9950464470073147 0.09941110749919943 1.292007445844098e-06 -22.225366798023988 -0.09941110750566634 0.9950464469849324 6.702699186190817e-06 -1.3881998553553898 -6.192846691334128e-07 -6.7979369016901e-06 0.9999999999767024 0.4950478392700316
1631149259496412 0.9953994649897677 0.09581182121975246 3.2258031723580728e-06 -23.683062650680018 -0.09581182124523906 0.9953994649519702 8.987166563671142e-06 -1.4967492035048278 -2.349885955740236e-06 -9.254890866195148e-06 0.9999999999544127 0.495086524359660
1631149259746449 0.9957385346372262 0.09222131331465552 2.6071540924709246e-06 -25.15024614874272 -0.0922213133313061 0.995738534612931 7.2186722179060715e-06 -1.6093066331517851 -1.9303283632281043e-06 -7.42834527076559e-06 0.9999999999705469 0.495074157437604
1631149259996503 0.9959863846559733 0.0895048690041987 1.4939287410685349e-06 -26.69668713198866 -0.08950486901192073 0.9959863846363074 6.326454872010113e-06 -1.7060255480514332 -9.216841711429398e-07 -6.434776811959373e-06 0.9999999999788722 0.4950491477281094
1631149260245926 0.996317051056579 0.08574575074956296 2.886809915824539e-07 -28.26883751381923 -0.08574575074977185 0.9963170510391558 5.896252805111912e-06 -1.8389067550860638 2.1796082915953155e-07 -5.89929037543678e-06 0.9999999999825757 0.495018737026199
1631149260496603 0.9966259343991638 0.08207768808123003 -3.649047039476457e-08 -29.83598786631088 -0.08207768807781879 0.9966259343616043 8.684865139755498e-06 -1.9804737702793724 7.492010011225582e-07 -8.652566781611993e-06 0.9999999999622862 0.4950137836979560
1631149260746637 0.9969780498332426 0.07768377016798286 -9.799318248783536e-07 -31.35452002341653 -0.07768377015733384 0.9969780498005084 8.23923484597798e-06 -2.1483325679778793 1.6170253458432817e-06 -8.138211490225683e-06 0.9999999999655775 0.494991363529905
1631149260996683 0.9972324944079457 0.0743461639188914 -2.2846796795511686e-06 -32.84827397646546 -0.07434616390826498 0.997232494401519 4.429158370621479e-06 -2.285930249785646 2.6076477499980463e-06 -4.247043480138382e-06 0.9999999999875817 0.494948653127187
1631149261247350 0.9977195989501436 0.06749519881652122 -2.291273613739038e-06 -34.32245660332577 -0.06749519878516141 0.9977195988856437 1.1755389453310774e-05 -2.560342048707656 3.079480939160681e-06 -1.1573932482855311e-05 0.9999999999282807 0.4949604598669552
1631149261498019 0.9982213452684168 0.05961665746361257 -1.070630836430311e-06 -35.79488692036017 -0.059616657462730864 0.9982213452686923 8.373952429700049e-07 -2.8632900366453815 1.1186492591919098e-06 -7.720783741161112e-07 0.9999999999990765 0.4949902092219619
1631149261747437 0.9985835081663822 0.05320692826951683 -1.0579170103934067e-07 -37.289310677895294 -0.05320692826962106 0.9985835081647607 -1.7994531494623572e-06 -3.1298157745109485 9.898473310808796e-09 1.8025330902239115e-06 0.9999999999983755 0.495019825982407
1631149261997490 0.9988925975903635 0.047048681989408585 -5.610500613292252e-08 -38.73540354841856 -0.04704868198942393 0.998892597590315 -3.14334563482707e-07 -3.3983647816936426 4.1253848398450854e-08 3.166261352219436e-07 0.9999999999999492 0.4950264569451525
1631149262246909 0.9990708902599525 0.043097055965536944 2.3814972382242412e-07 -40.239656914839095 -0.043097055965964366 0.9990708902574296 2.2497759411768773e-06 -3.589477996489199 -1.4096973694733247e-07 -2.257949204417901e-06 0.9999999999974412 0.49504598950592
1631149262496956 0.9990977071160086 0.04247083273066641 6.821366004061837e-07 -41.84335838799132 -0.042470832727391626 0.9990977071073186 -4.2553432703331315e-06 -3.6388141433757513 -8.622490856475985e-07 4.222532794937716e-06 0.9999999999907137 0.495049850676779
1631149262746374 0.9993705903362672 0.035474260649636526 2.644976916376054e-07 -43.45047066529309 -0.03547426064848603 0.9993705903301303 -3.5238465758612687e-06 -3.962573099398057 -3.8933706615514474e-07 3.512245772726675e-06 0.9999999999937565 0.4950389677918210
1631149262995839 0.9995061230170368 0.0314246726164238 -4.1239936719123076e-07 -45.095166336485704 -0.03142467261900194 0.9995061229643394 -1.0264062443248345e-05 -4.157646026357834 8.965089062083719e-08 1.0271952774181132e-05 0.9999999999472398 0.494986586257031
1631149263245843 0.999574314396412 0.029175160597795458 -8.961349018825206e-07 -46.790845747141105 -0.029175160596243952 0.9995743143954168 1.6981539477833278e-06 -4.295595825230814 9.45297344303494e-07 -1.67128618842049e-06 0.9999999999981568 0.495010440499448
1631149263496520 0.9996413202864516 0.02678116451701688 -9.16344345065162e-07 -48.49670378858616 -0.02678116450357843 0.9996413202100044 1.2425745460468105e-05 -4.446612442216175 1.2487916042941037e-06 -1.2396747829026282e-05 0.9999999999223808 0.495057629130466
1631149263746554 0.9997139689497393 0.023916109289955276 -9.787895040485129e-07 -50.17735641588711 -0.023916109277974232 0.999713968891908 1.0824079535221955e-05 -4.62398630790787 1.2373794089324448e-06 -1.0797574675669534e-05 0.9999999999409408 0.495050382468317
1631149263997227 0.9997505471473881 0.022334804105189378 -1.3595340385624547e-06 -51.8670873668136 -0.02233480409951259 0.9997505471402095 4.056548763906919e-06 -4.7392029726404195 1.4497971208967985e-06 -4.02517191983708e-06 0.9999999999908482 0.495006376318117
1631149264247272 0.9997983896965669 0.02007934153881043 -1.1345313314899418e-06 -53.55262155648659 -0.020079341539369057 0.9997983896970823 -4.831753182536996e-07 -4.8916248912551525 1.1246007560487027e-06 5.058585472244053e-07 0.9999999999992399 0.4950026237679896
1631149264497942 0.9998426396544704 0.017739670981292286 -1.5420719418710234e-07 -55.23292032879941 -0.017739670979970475 0.9998426396346908 6.294730988261365e-06 -5.059205297256513 2.658493847347865e-07 -6.291004862344459e-06 0.9999999999801765 0.495091052386064
1631149264747980 0.9998697681772548 0.016138360550881022 -1.2883457001066749e-06 -56.895401686682725 -0.016138360546604166 0.9998697681728272 3.2637424083648496e-06 -5.183548999614951 1.3408493682265064e-06 -3.2425255778322884e-06 0.9999999999938443 0.495014050807955
1631149264998035 0.9998623524838304 0.01659144601991014 -1.4952822418444035e-06 -58.560973654426434 -0.016591446010268688 0.9998623524656072 6.244808041651144e-06 -5.200484005786286 1.5986868154619033e-06 -6.219139564763469e-06 0.9999999999793834 0.49501330478812
1631149265247451 0.9998822032463232 0.015348603446374995 -1.1367557627568315e-06 -60.23671494358193 -0.015348603442428548 0.99988220324124 3.4026192962328806e-06 -5.312690987979393 1.1888473108720122e-06 -3.384770865319886e-06 0.9999999999935651 0.49502456200423
1631149265496875 0.9998699000932186 0.016130185529676325 -3.4979200427044245e-07 -61.98640345010424 -0.0161301855287778 0.9998699000903292 2.435087746950169e-06 -5.3059078506310655 3.8902491350251686e-07 -2.429128732341342e-06 0.9999999999969742 0.495069128868405
1631149265746911 0.9998925553404978 0.014658709777891797 2.538983933904802e-07 -63.77774495021541 -0.01465870977827923 0.9998925553392471 1.5980466415184692e-06 -5.4390586117436985 -2.3044581143468828e-07 -1.6015967628066625e-06 0.999999999998691 0.495107481129342
1631149265996334 0.9999348332214469 0.011416186134366856 1.5198656995556312e-06 -65.54896190499392 -0.01141618615610046 0.9999348331075164 1.515453811035748e-05 -5.703578930089393 -1.3467596267860428e-06 -1.5170901607720622e-05 0.9999999998840152 0.495252833458350
1631149266247010 0.9999523080637217 0.009766350111760946 1.1391620451315666e-06 -67.34559724060217 -0.009766350132967276 0.9999523078561953 2.0394039139254105e-05 -5.866821869193717 -9.399323896264944e-07 -2.040419196347552e-05 0.9999999997913929 0.4952555366029357
1631149266497057 0.9999662307921842 0.008218106404173302 -4.1204355525922856e-07 -69.13572735250987 -0.008218106400007455 0.9999662307494508 9.257513681730847e-06 -6.019138379520915 4.881088733316088e-07 -9.253814845069638e-06 0.9999999999570646 0.495101191045395
1631149266747100 0.9999534657778022 0.009647086407820952 -7.546739951962195e-07 -70.97712702977906 -0.009647086407303185 0.999953465777856 6.867047144133914e-07 -5.963998235921162 7.612635767471712e-07 -6.793923539041559e-07 0.9999999999994797 0.495038178017281
1631149266997141 0.9998676374499906 0.01626983634435234 -1.8082550097725064e-06 -72.83152707244385 -0.0162698363519262 0.9998676374424451 -4.2558372958121355e-06 -5.5375240797553245 1.7387738882075503e-06 4.284693995436343e-06 0.9999999999893092 0.4949395760105116
1631149267247183 0.9997223289634032 0.023564060764088277 -3.1721661357095853e-06 -74.7010375717532 -0.023564060802349563 0.9997223288878903 -1.2619160789000138e-05 -5.04093669749809 2.87392664519343e-06 1.269040592926824e-05 0.9999999999153473 0.494810036553189
1631149267497235 0.9995016692549774 0.031566012396267155 -3.959742500889313e-06 -76.58047327844221 -0.03156601245861052 0.9995016691193677 -1.681750305137494e-05 -4.473200289828253 3.4269077291354077e-06 1.6934115653703717e-05 0.9999999998507463 0.4947405255074577
1631149267747284 0.9992142274073702 0.039634930728877284 -3.252141722861516e-06 -78.46292860277872 -0.039634930771707585 0.9992142273075459 -1.437612508284744e-05 -3.8882410414922566 2.679789556901308e-06 1.4493727129846888e-05 0.9999999998913756 0.4948072918570181
1631149267997949 0.9986769517392143 0.051423205463924676 -1.5663736879734298e-06 -80.34828786350779 -0.051423205466910746 0.9986769517384245 -1.9297856496127594e-06 -3.0027605683629752 1.4650655360304808e-06 2.0077804060644524e-06 0.9999999999969114 0.494979822932265
1631149268247382 0.99759652161106 0.06929054818137213 -7.762049849663609e-08 -82.2225692063665 -0.06929054817897526 0.9975965215847018 7.275172510960698e-06 -1.6030111269392173 5.815346307037292e-07 -7.25230842418023e-06 0.9999999999735332 0.4951100065011986
1631149268497431 0.995808221295789 0.0914657662589345 3.8708180694952243e-07 -84.06251024758765 -0.09146576625962394 0.9958082212783368 5.89765417399471e-06 0.19585778421879235 1.5397421248736722e-07 -5.908337246914348e-06 0.9999999999825342 0.4951403212900560
1631149268748096 0.992893792164886 0.11900385488631361 -6.300280431423928e-07 -85.82843434998183 -0.11900385488574487 0.9928937921647693 8.741959866847441e-07 2.4988760808023347 7.295836252690564e-07 -7.93008002496444e-07 0.9999999999994196 0.4950629472048755
1631149268997514 0.988897023552877 0.14860241183334472 -1.8279003601532464e-06 -87.48516258561719 -0.14860241182939352 0.9888970235528538 2.1357290227002347e-06 5.030470733033149 2.1249797093072057e-06 -1.8403856715652778e-06 0.9999999999960489 0.4949486229381161
1631149269248181 0.9839995262115839 0.17817107617866518 -5.146048906942021e-06 -89.00791034708148 -0.17817107621043335 0.9839995261973788 -6.5663753673244285e-06 7.62728712742556 3.893771520438907e-06 7.3781873223725136e-06 0.9999999999652005 0.494729945460331
1631149269498850 0.9786201000206394 0.20567620129222833 -7.4404293685614e-06 -90.42096452399247 -0.2056762013810845 0.9786200999255376 -1.4315925224880913e-05 10.096914534960431 4.336908613923046e-06 1.5540171424665624e-05 0.9999999998698474 0.494623890939009
1631149269748275 0.9714441182534731 0.23726846624916495 -5.68055957441009e-06 -91.71350356258216 -0.23726846628817974 0.9714441182306137 -7.626791442442851e-06 12.994172441424693 3.7087490788768914e-06 8.756819345805498e-06 0.999999999954782 0.4947264549865787
1631149269998948 0.9627265764790534 0.2704765034391419 -5.101468330157357e-06 -92.88337202536154 -0.27047650347154395 0.9627265764551727 -7.380886350711238e-06 16.111767573930784 2.914962807971323e-06 8.485602764331926e-06 0.9999999999597491 0.4947963134639622
1631149270248989 0.9528479993726633 0.3034480022698725 -2.7755430665822323e-06 -93.97115669040087 -0.3034480022825375 0.95284799932875 -9.14893786172652e-06 19.28128622594683 -1.3155625898874513e-07 9.559780136755797e-06 0.9999999999542968 0.495072139488945
1631149270499050 0.9401567356934747 0.34074229606175466 -1.5877332808773896e-06 -94.81016240421027 -0.34074229606531137 0.9401567356786149 -5.295085922172294e-06 22.949887432573913 -3.1154159648797236e-07 5.519218579483771e-06 0.9999999999847209 0.495125835149057
1631149270749080 0.9253573265791167 0.3790960539805839 -6.835217590989437e-07 -95.45123749705036 -0.37909605397865276 0.9253573265647851 -5.334361018116017e-06 26.811869164393013 -1.389733344830079e-06 5.19531045242625e-06 0.9999999999855389 0.495236343161115
1631149270999144 0.9081381411224241 0.4186706541379612 -4.089345495776325e-07 -95.89484246338706 -0.4186706541362932 0.9081381411150221 -3.873976914482622e-06 30.889854501133524 -1.2505513872134528e-06 3.689315089248268e-06 0.9999999999924127 0.4952388936076555
1631149271249174 0.8895958450935875 0.45674854393796127 -7.385481571125939e-07 -96.18023651891018 -0.4567485439380253 0.8895958450889162 -2.9661922301842755e-06 34.90796692012288 -6.977946102128805e-07 2.976043079116748e-06 0.9999999999953282 0.495192663962328
1631149271499221 0.8689149323172027 0.49496145343568415 -2.606431309588882e-06 -96.22600462501075 -0.4949614534378513 0.8689149323198497 -2.1985049288852325e-07 39.03584603547037 2.1559495654739193e-06 1.481114405431477e-06 0.9999999999965794 0.4949179947796344
1631149271749264 0.8448062289070806 0.5350723648131802 -3.2857026284331442e-06 -95.96468847654596 -0.5350723648232201 0.8448062288884645 -5.612986544151225e-06 43.48878793787362 -2.2757193706854353e-07 6.499974670786688e-06 0.9999999999788496 0.4950967055596521
1631149271998686 0.8176873999163528 0.5756625018210602 -3.5944498879726277e-06 -95.36807509494555 -0.5756625018099029 0.8176873998135672 -1.392331050794969e-05 48.11789825304725 -5.0759913779926e-06 1.3454105582644102e-05 0.9999999998966109 0.4955085670629194
1631149272248742 0.7844450589752221 0.6201983146084716 -1.984739321953882e-06 -94.20640928786608 -0.6201983145013328 0.7844450587713178 -2.1371405160454773e-05 53.347351884981215 -1.1697590507299103e-05 1.7995625163716804e-05 0.9999999997696623 0.496139154844802
1631149272498783 0.7452625758955203 0.6667710948782396 -1.488185502851682e-06 -92.4391820458031 -0.6667710948190121 0.7452625757954455 -1.5177657902729886e-05 58.977399492441165 -9.010934616394007e-06 1.2303619501707146e-05 0.9999999998837121 0.4959422967216992
1631149272748206 0.6996063798014538 0.7145284552330669 -1.0574813074638832e-06 -89.97503804281969 -0.71452845521585 0.6996063797725591 -8.13340137295219e-06 64.95033190397014 -5.071726049625399e-06 6.445779975059455e-06 0.9999999999663649 0.495613178708396
1631149272998250 0.6478588419831677 0.7617604090933029 -7.803750979166434e-09 -86.88508435253152 -0.7617604090933026 0.6478588419831678 1.0776734031215784e-08 71.08737400748421 1.326501839682605e-08 -1.037213891474281e-09 1.0000000000000002 0.495175497678356
1631149273248302 0.5926895852584201 0.8054309750212915 -4.704653088319578e-07 -83.35373341382295 -0.8054309750021461 0.5926895852481711 6.573481867142115e-06 77.01691750122185 5.573325798314762e-06 -3.5171069091508487e-06 0.9999999999782843 0.4946343038315728
1631149273498340 0.5354209933314016 0.8445853183052457 -1.0046926378808458e-06 -79.50439419115085 -0.8445853183024374 0.5354209933322418 2.202986171242697e-06 82.6132100851282 2.398543306834176e-06 -3.30976392742135e-07 0.9999999999970688 0.494924681799210
1631149273747763 0.47267556422667306 0.8812365238568771 -1.188025871380845e-06 -75.00434531266849 -0.881236523857276 0.4726755642273152 3.1755290040366003e-07 88.17255090033684 8.413900131658578e-07 8.968322927800533e-07 0.9999999999992439 0.495075403870367
1631149273997812 0.41285544874115176 0.9107965625950553 -2.7461918911923226e-06 -70.68085569524933 -0.9107965625982745 0.4128554487431455 1.772888467278013e-07 92.97629632095556 1.295254357762008e-06 2.4280274683660347e-06 0.9999999999962139 0.4949854665665575
1631149274247227 0.3611082833877881 0.9325238912031031 -1.3840051202341525e-06 -67.05380089082138 -0.932523891131955 0.3611082833779068 1.1905753767185335e-05 96.77887372119932 1.1602175543861568e-05 -3.0086484652454018e-06 0.9999999999281692 0.493951019004452
1631149274497273 0.31864537406382587 0.9478740030116873 -3.028590466210428e-07 -64.30497236081227 -0.9478740028927657 0.3186453740288779 1.5741958573048683e-05 99.6912641637879 1.5017897922101926e-05 -4.729030061183934e-06 0.9999999998760496 0.4936076675486016
1631149274746696 0.289907918117599 0.9570545433831728 -3.3694216323807e-07 -62.950369196297174 -0.9570545431962542 0.2899079180679016 1.9664972144132108e-05 101.55244226730676 1.8918133137141053e-05 -5.378559106036557e-06 0.9999999998065878 0.493174698021325
1631149274996748 0.27672046750531204 0.9609504580676708 -9.709885551865113e-07 -63.202548541302974 -0.9609504579261614 0.2767204674816505 1.6911679966826857e-05 102.37997425544022 1.651997901776355e-05 -3.7467360899813703e-06 0.9999999998565265 0.493405994386502
1631149275246790 0.271046975546564 0.9625661208675925 -1.6561263815212575e-06 -64.25134892233675 -0.962566120753287 0.27104697554025453 1.50405065462943e-05 102.71973443548454 1.4926370089007228e-05 -2.482552663528815e-06 0.9999999998855205 0.4935619307369920
1631149275496836 0.2750934334131108 0.9614174966609412 -2.2277504402806977e-06 -66.32727987419439 -0.9614174966248985 0.2750934334220909 8.326230000381807e-06 102.41467710716842 8.617822721033938e-06 -1.4869294679292738e-07 0.9999999999628555 0.4942227717425597
1631149275746887 0.28776156613669174 0.9577020836577329 -3.1563854154257993e-06 -69.29686323938428 -0.9577020836574877 0.2877615661223771 -4.320981861642032e-06 101.49843082463809 -3.2299269219202974e-06 4.266289396943268e-06 0.9999999999856832 0.495448889481161
1631149275996927 0.3023195041474084 0.9532066498935309 -2.929888355673169e-06 -72.44521319994104 -0.9532066498019188 0.3023195040718467 -1.5130173130672971e-05 100.40112466436126 -1.3536419247555133e-05 7.366935502350818e-06 0.999999999881247 0.4965391574718701
1631149276247599 0.3162025540432237 0.9486917016615221 -3.588256174687707e-06 -75.47847393197759 -0.9486917016388456 0.3162025540013334 -9.077053173560083e-06 99.30191239886805 -7.476709254466218e-06 6.274336252960433e-06 0.9999999999523661 0.4958879578530999
