0.9999727208254474142 0.007386311999347235611 0 -0 -0.007386311999347235611 0.9999727208254474142 -0 0 -0 0 1 0.4949999999999998845
0.9999552445644624976 0.009460902583135134131 1.387699789533619327e-05 0.002091332910899845569 -0.009460902963652298783 0.9999552442758055104 2.761628383298376946e-05 0.005425316102439774885 -1.361510184919401006e-05 -2.774633678468732512e-05 0.9999999995223847193 0.4950218166300194844
0.999982139346584753 0.005976703943525466835 -1.770235312931333838e-07 -0.01439137268006607587 -0.005976703943467303291 0.9999821393465473385 3.271741571661675114e-07 0.004069948811832234566 1.78975792612545548e-07 -3.261102963843722901e-07 0.9999999999999306111 0.4949746439896766104
0.9999811070968102067 0.006146986840015276204 -2.111692899570811916e-06 -0.008442064468515107778 -0.00614698684658737584 0.9999811070941321267 -3.119989455303719501e-06 0.004124659467062191144 2.09247446943272447e-06 3.1329110581227988e-06 0.9999999999929030103 0.4949913229912627499
0.9999764028531107352 0.006869769695728434461 -1.874427227798572481e-06 0.002173493075811874873 -0.006869769686384771465 0.9999764028426973983 4.94651556436487735e-06 0.01678648087166469821 1.908364419368352195e-06 -4.933521957361495232e-06 0.9999999999860090805 0.4950145463876742258
0.9999843172135075564 0.005600475576483954915 1.607763989966693936e-06 0.0151187954406979061 -0.005600475570452775886 0.9999843172078712872 -3.731578959374847227e-06 0.008339577603114023061 -1.628637392561984199e-06 3.722516194869870247e-06 0.9999999999917449367 0.4949901885206126617
0.9999339656023722434 0.01149192919900826788 4.810969307776567344e-07 -0.005498155389742691475 -0.01149192919522633652 0.9999339655763319623 -7.238471294053847235e-06 -0.002868288355866885526 -5.642491614395647444e-07 7.232464574097652127e-06 0.999999999973686271 0.4949886358806598885
0.9998973066039102964 0.01433095417533821435 -9.500484796554375906e-07 -0.01026313729228500032 -0.01433095417878727136 0.9998973065973593144 -3.728869410213907783e-06 -0.01031245374238114708 8.965126593008071111e-07 3.742101581180164168e-06 0.9999999999925962557 0.4949950620697924908
0.9999621481800018419 0.008700701645787643768 5.82907501871370279e-07 0.0178858105290990721 -0.008700701645680842047 0.9999621481801553857 -1.854745868095702337e-07 -0.01221017407741151715 -5.844991968043157204e-07 1.803958619981279763e-07 0.9999999999998127054 0.495002841423633877
0.9999336408255329323 0.0115201539634359057 -5.342584516955213716e-07 -0.001034136113718292765 -0.01152015396085838764 0.9999336408151260347 4.599714879322124574e-06 -0.006960940030214404425 5.872124223377670135e-07 -4.593254906421538051e-06 0.9999999999892783542 0.4950120483584874997
0.9999548323501787905 0.00950438118574232528 1.854506728889429319e-07 0.0008927737094946758181 -0.009504381186101982029 0.9999548323480994538 2.045970260381560906e-06 -0.005635537866228881518 -1.659966152681053637e-07 -2.047640442599655333e-06 0.9999999999978895771 0.4949999952952602311
0.9999504921259224632 0.009950542664991655212 -1.735494006968211398e-07 -0.02027044183312219292 -0.009950542666144722437 0.9999504920860545765 -8.929673797023046023e-06 -0.0243799057384105726 8.468570852640083524e-08 8.93095861857346856e-06 0.9999999999601151268 0.4949722010480072099
0.9999805393768179673 0.006238659301538104079 2.00577757522447503e-09 0.02872811595628790848 -0.006238659301379812297 0.9999805393490532879 7.451865285330603662e-06 -0.004764884336362016845 4.448391013444605986e-08 -7.45173278075121156e-06 0.9999999999722346544 0.4950257814566828563
0.9999835778429787547 0.005730972434882843254 1.24028559219665717e-06 0.02572392954948284419 -0.005730972442841727674 0.9999835778225021343 6.511505592074424758e-06 0.0009573063197497626905 -1.202947964948732893e-06 -6.518506701657284854e-06 0.9999999999780307958 0.4950155675746235606
0.9999720931951576741 0.007470798693235287599 1.1110265294772884e-07 -0.005530101824862254829 -0.007470798693437479161 0.9999720931932667423 1.947164025689235807e-06 0.00523357112754467297 -9.65526819664805395e-08 -1.94793971211737174e-06 0.9999999999980978549 0.4950001806407797744
0.9999768795643635411 0.006800024922431860928 -7.129275669808003645e-08 0.005321796919177330769 -0.006800024922006024479 0.9999768795526031706 4.850902799982127181e-06 0.01953088792388186362 1.042773683137139775e-07 -4.850305852473859467e-06 0.9999999999882316359 0.4950126750062928127
0.9999882254657664893 0.004852724186328122302 -1.772085806942229036e-07 -0.03627158111333703139 -0.004852724187699212176 0.9999882254270867632 -8.79639846168951319e-06 0.004665079425762400957 1.345199985710083708e-07 8.797154832560501899e-06 0.999999999961295738 0.4949702017295643519
0.9999375395775244035 0.01117662490250567048 -1.291572873773509015e-06 -0.01377132313639405602 -0.01117662490716126583 0.9999375395716249004 -3.655436452705719756e-06 0.006922318124340672528 1.250636759491769095e-06 3.669643558150958019e-06 0.9999999999924845673 0.4949927261612075413
0.9998908439673855897 0.01477498398731806606 -7.722237093268011102e-07 -0.001863395980805750748 -0.01477498398987129279 0.9998908439618231503 -3.412422429434998511e-06 0.00102803480125014386 7.217209296932428015e-07 3.423459535882899484e-06 0.9999999999938793405 0.4949900231096708847
0.9999878374218416077 0.004932039100042794402 9.678327381022911241e-07 0.01494389063433412997 -0.0049320390966242399 0.9999878374161901284 -3.5033090873631781e-06 -0.005050156394716875594 -9.850994241538590102e-07 3.498493089189291817e-06 0.9999999999933948391 0.4949915017875010093
0.9999610221667304399 0.008829164705468463617 -3.222287004743315055e-07 -0.00688349870337486968 -0.008829164705540631583 0.9999610221667567522 -2.233040847223505834e-07 -0.006286256428051778533 3.202445521543447119e-07 2.261403910823308887e-07 0.9999999999999229505 0.4950000985386827645
0.9999248168456718044 0.01226216366504476359 -7.962156841942273343e-07 -1.431240748781849484e-05 -0.01226216366229793651 0.9999248168403515047 3.367631524749211398e-06 -0.002404403792643884392 8.374502711033834964e-07 -3.357615008558484466e-06 0.9999999999940123452 0.4950076162238927213
0.9999752273305112515 0.00703880150514508366 9.465370847639672991e-07 0.01705674170427807362 -0.007038801504097878803 0.9999752273303559313 -1.105148897668299932e-06 -0.007997754335552276217 -9.542925602378293016e-07 1.098459033523956466e-06 0.9999999999989411803 0.4949942135483712535
0.9999613569773234678 0.008791163416907952013 -2.81952997669899802e-07 -0.01864264082371117071 -0.008791163418954485095 0.9999613569425442883 -8.342616627778672977e-06 -0.02417674863525423948 2.086007960439377471e-07 8.344772938734142098e-06 0.9999999999651604243 0.4949734768773387805
0.9999770121964353109 0.00678049265497314077 -5.280654794921636248e-07 -0.01275637150678093218 -0.006780492657820161133 0.9999770121809284928 -5.590443453552481319e-06 -0.03285317439933028993 4.901473796425954044e-07 5.59389548564316605e-06 0.9999999999842338338 0.4949864040914100927
0.9999834627122862196 0.005751026353942559517 -2.330963091632088436e-07 0.01319422560026292483 -0.005751026352996017194 0.9999834627048068691 3.876040576283225421e-06 -0.02762204466249940787 2.553836658836876179e-07 -3.87463593406825502e-06 0.9999999999924608085 0.495012438126874621
0.9999776335838029828 0.006688223471853508607 -1.077215384036026579e-06 0.006988673958446576379 -0.006688223455026714309 0.9999776334730057226 1.493235138079445993e-05 -0.004046676201534418413 1.177062193464057264e-06 -1.492481274041105648e-05 0.9999999998879319785 0.4950402869254845184
0.9999759875074795135 0.006929964595015103423 1.177006672058109399e-06 0.006325590957351754154 -0.006929964597249209553 0.9999759875063426451 1.90479174675635752e-06 -0.006387931556674754374 -1.163778269827063752e-06 -1.912902622526814172e-06 0.9999999999974930054 0.4949974463449015039
0.9999598456237742683 0.008961425234135575804 -2.884034173491606615e-07 -0.02598794492352581725 -0.008961425236648341841 0.9999598455698297528 -1.038859835900268893e-05 -0.0226158706912162541 1.952951891930910602e-07 1.03907657169782852e-05 0.9999999999459967537 0.4949698811890417827
0.9999816913613586156 0.006051192924991579368 -2.914363086284973783e-06 -0.02241360511557581245 -0.006051192939206426549 0.99998169135354531 -4.893655423393597597e-06 -0.02159354013593864016 2.88469727516648396e-06 4.911201200554660675e-06 0.9999999999837790865 0.4949905553144344217
0.9999889597104206773 0.004698984015048490899 -2.954599254487797481e-06 0.03623846191854580151 -0.004698983992382504624 0.9999889596857669538 7.632123564686117529e-06 -0.005766563748908644024 2.990429861414767467e-06 -7.618155689231180548e-06 0.9999999999665103445 0.4950170301763061609
0.9999860360471966025 0.005284667494685269147 -1.522454456186968754e-06 0.09419996300690017255 -0.005284667491863190639 0.9999860360466560349 1.851720552567174748e-06 -0.002770435004028387778 1.532218924117275265e-06 -1.843649029656396847e-06 0.9999999999971264097 0.49499440953768159
0.9998672784742272945 0.0162918825870834276 -7.372009933377643528e-07 0.2145496822263443792 -0.01629188258934127775 0.9998672784694432325 -3.168080427551728083e-06 -0.0002560897149205610453 6.854891565415204334e-07 3.179670347111811663e-06 0.9999999999947096763 0.494987045615874699
0.9995308077474557296 0.0306294686747714158 3.827861484963612483e-06 0.4773971209904789847 -0.03062946860585434236 0.999530807613608907 -1.692460938091743013e-05 -0.02399121065296755742 -4.344457274364225323e-06 1.679942312213732634e-05 0.9999999998494523146 0.4949615489186050543
0.9987227126616080586 0.05052665835623180307 3.380010276103059602e-06 0.7665689237608186435 -0.05052665827755480066 0.9987227124648688781 -2.030642285475772792e-05 -0.05672110677889204838 -4.401708721128255517e-06 2.010970509376203963e-05 0.9999999997881121594 0.494945644766338233
0.9969176264812634747 0.0784553759354491842 -1.543092739038812656e-07 1.105727765360779991 -0.07845537592975777852 0.9969176263810829441 -1.416546681432144334e-05 -0.1025110560019976136 -9.575233891498720763e-07 1.413390994662601895e-05 0.9999999998996575989 0.4949344597391254763
0.9933861251907429857 0.1148216281033533626 6.702050730453796165e-07 1.524900838671457093 -0.1148216281038211828 0.9933861251906633827 7.070935007038444674e-07 -0.1492594916142982175 -5.845827936235603816e-07 -7.793709104622607556e-07 0.9999999999995251576 0.494966012195973637
0.9895891066808385483 0.1439215061785160676 3.998498486465261154e-07 1.928804322957277995 -0.1439215061645772176 0.9895891066167880057 -1.144288988716540903e-05 -0.2435159047772424146 -2.042565002098721724e-06 1.126621218883033578e-05 0.9999999999344499901 0.4949256768357138681
0.9857235913542489181 0.1683716171114353344 -1.092830750458710368e-06 2.509143682047390023 -0.1683716171083430024 0.9857235912369808339 -1.527819908934847706e-05 -0.3787951026161888723 -1.495186035267705981e-06 1.524408295645825656e-05 0.9999999998826909486 0.4949120990744395043
0.9808806580590082591 0.1946102120800626833 1.453453235937350817e-06 3.313775207297306569 -0.1946102119776221551 0.9808806577366363522 -2.596923237858704702e-05 -0.5911143223674090175 -6.479541986808924103e-06 2.518986090245044519e-05 0.999999999661743022 0.4948817755783576078
0.9745310520643079011 0.2242525999038058049 1.024413499531009441e-06 4.082387941461146141 -0.224252599710262901 0.9745310513938287844 -3.734514558891665725e-05 -0.8022430371654198922 -9.373068756860686955e-06 3.616427662981358716e-05 0.999999999302145115 0.4949059060384462527
0.9686246102028476246 0.2485283977847469739 -2.482085041207410599e-06 4.865872994892349368 -0.2485283977006082223 0.9686246094999491074 -3.754560073438168707e-05 -1.050786049179546211 -6.92693934059649129e-06 3.698446149442014274e-05 0.9999999992920833858 0.4949195278218383454
0.9658317537973600819 0.2591698735530148512 -1.209349184725157735e-06 5.701628413596186995 -0.259169873542408391 0.9658317536893037403 -1.468634558998028774e-05 -1.313887754756872805 -2.638230485605236744e-06 1.449796579331862398e-05 0.999999999891424185 0.4949349647173554856
0.9642237992298701155 0.2650895414777401649 2.626750492875857449e-07 6.597626683549165705 -0.265089541475739543 0.9642237992176734274 4.964913059148365165e-06 -1.593077043393807735 1.062868992342719679e-06 -4.85691974111079738e-06 0.9999999999876401091 0.4949435884799340823
0.9641053690038050572 0.2655199379582545705 2.629426002631424374e-06 7.589177489951869582 -0.2655199379712641639 0.9641053689537908422 9.820552932122960792e-06 -1.89572185708047436 7.250887884938575179e-08 -1.016621283756453565e-05 0.9999999999483212276 0.494955957183485229
0.9650581422287535238 0.2620358412710793727 3.094704319674780633e-06 8.607654864822716689 -0.262035841288800142 0.9650581421351297484 1.345343435245816341e-05 -2.195919192304868872 5.387123873287035902e-07 -1.379426981272583733e-05 0.9999999999047137766 0.4949655917851145115
0.9667184325285098634 0.2558426708119434512 1.914438461457703476e-06 9.699442488894630898 -0.2558426708174971198 0.966718432468826161 1.078043736991075235e-05 -2.508002548060248582 9.073729407204265908e-07 -1.091144256530697361e-05 0.9999999999400582817 0.4949619095803796665
0.9684326594953801548 0.249275317716159156 1.563823760607088807e-06 10.83327631794485058 -0.2492753177198690773 0.9684326594522509879 9.172311564640631622e-06 -2.818402068380486458 7.719728760680496214e-07 -9.272588747048373951e-06 0.9999999999567114051 0.494955596066724901
0.9709367138919147155 0.2393363691921082947 9.703267539818090261e-07 12.00127732677197301 -0.2393363691917658187 0.9709367138567559508 8.329414229591345126e-06 -3.121191356222681623 1.051405889329086361e-06 -8.319568562951613593e-06 0.9999999999648394589 0.4949551687642618214
0.9741694122090305274 0.2258184144799940396 -5.350327328291909439e-07 13.19836153848023663 -0.2258184144598077703 0.9741694121486530467 1.127115509323578625e-05 -3.416794263078042793 3.066446895333112593e-06 -1.085919428868274304e-05 0.9999999999363371472 0.4949548785674070528
0.9782925298515743329 0.2072286805410008537 -2.738689321219576503e-07 14.46150951525330797 -0.2072286805263492959 0.9782925297965103795 1.067167756679421449e-05 -3.702420800978876603 2.479401591764018512e-06 -1.0383268947138613e-05 0.9999999999430199127 0.4949639926310912541
0.9823276071243188801 0.1871696350449552071 8.836667016133184732e-07 15.78160686065493223 -0.1871696350470298809 0.9823276071149504851 4.290637633251412595e-06 -3.9753838830593069 -6.497311655715731471e-08 -4.380207373353588364e-06 0.9999999999904045644 0.4949588439821284713
0.9859813174893719001 0.1668557507512490046 2.322070691432439389e-06 17.1591637879122203 -0.1668557507586975464 0.9859813174846182582 3.504319154990883153e-06 -4.225100344648044626 -1.704802516152989384e-06 -3.842644065874881199e-06 0.9999999999911636239 0.494964247045619421
0.9896797469962776983 0.1432968889575427784 1.645024308271275436e-06 18.59656492161656871 -0.1432968889570670201 0.9896797469976311712 -4.04121922329011875e-07 -4.45470075567315682 -1.685956655444158911e-06 1.642244162122009461e-07 0.9999999999985650367 0.4949602216384700326
0.9924203113056134784 0.1228898926219085391 1.295221788293482677e-06 20.08402846173943246 -0.1228898926166111516 0.9924203113006340171 -3.58647683214783278e-06 -4.660417920893128674 -1.726146163135192533e-06 3.400122787772441989e-06 0.9999999999927295935 0.4949543486677657755
0.994881759470983007 0.1010459532784675901 4.464468124970842037e-07 21.60900095512185715 -0.1010459532753663486 0.9948817594607685111 -4.598991410292948359e-06 -4.838480625360126908 -9.088712614952882553e-07 4.530341022308670243e-06 0.9999999999893247615 0.4949538252783340919
0.9968497721085043395 0.07931287316181834246 5.222076588434377061e-07 23.17783636244904244 -0.0793128731590462821 0.9968497721005179502 -4.078609032167017904e-06 -4.984686422015832896 -8.440487865521406842e-07 4.024342694426846823e-06 0.9999999999915458737 0.4949552223874189583
0.9982636513333817962 0.05890401028607061135 9.976895808102745702e-07 24.81280225941155493 -0.05890401028251349147 0.9982636513286938795 -3.282369224981968969e-06 -5.103441376541446139 -1.189301954423280029e-06 3.217901970228018604e-06 0.9999999999941151518 0.4949594021365971708
0.9991556579906069047 0.04108492550656871883 1.926074933059776904e-06 26.49337845850783779 -0.04108492547565324726 0.9991556578955224088 -1.400922250033208048e-05 -5.214005351223888418 -2.500016529728527874e-06 1.391826128017082828e-05 0.9999999999000157569 0.4949436651061311365
0.9997147672256779805 0.02388271741749238217 1.377408221439891105e-06 28.20333937455481887 -0.02388271738753431836 0.9997147670518858886 -1.873001016423355859e-05 -5.295163636559665932 -1.824338879211180083e-06 1.869177150019143101e-05 0.9999999998236445142 0.4949397284946639997
0.9999798230235801277 0.006352444227990102117 5.406322347402503575e-07 29.9385492527201329 -0.006352444215149531496 0.9999798228005636336 -2.113005845494186823e-05 -5.351112570840313332 -6.748488441658972525e-07 2.112619777813854965e-05 0.9999999997766139126 0.4949621483891776252
0.9999814763089061032 -0.0060866280682880438 2.271708814061820055e-07 31.72262242707851598 0.006086628072071165185 0.9999814759944447573 -2.507820910826728832e-05 -5.389129789719821595 -7.452494183075347529e-08 2.507912727193251009e-05 0.9999999996855156725 0.4949565222081664939
0.9997985589299183129 -0.02007091337447570664 4.532831084456491711e-07 33.52895199681853455 0.02007091337923594745 0.9997985587920427131 -1.660452434208498155e-05 -5.39137271046186406 -1.199238288543965691e-07 1.661027731493919913e-05 0.9999999998620419106 0.4949677804810841408
0.9996083401183029071 -0.02798510975789210084 -5.098960349250676239e-08 35.32517371526637362 0.02798510975691860525 0.9996083400957670451 -6.716490773040098828e-06 -5.376249969853449606 2.389313643806645019e-07 6.712433243408312959e-06 0.9999999999774428217 0.4949804417621531671
0.9994446156140106563 -0.03332357007276168931 3.047683123402195976e-08 37.16261134144433242 0.03332357007277548383 0.999444615613496179 -1.01394410257320312e-06 -5.345598941529503101 3.328332474157553135e-09 1.014396570671591277e-06 0.9999999999994853006 0.49498733289703023
0.9994154929252159203 -0.03418585236932820265 1.030855538132888267e-06 39.08346252829479539 0.03418585237069148713 0.9994154929248091346 -1.335182486566116099e-06 -5.309793185989445163 -9.846086444054861909e-07 1.369642738198712878e-06 0.9999999999985771382 0.49498932538012963
0.9995626663085284136 -0.02957154247433899444 3.26551256567478219e-07 40.98887999022530693 0.02957154247555637827 0.9995626662972865173 -4.744312008186106673e-06 -5.283973539226660243 -1.86111820635739177e-07 4.751893785056104909e-06 0.9999999999886921564 0.4949873028259709207
0.9996706330719538069 -0.02566369761774114217 -5.803124202055123517e-07 42.91983090615320151 0.02566369761402665858 0.9996706330560047871 -5.693419033364262598e-06 -5.262169865361939536 7.262354689604458361e-07 5.676650846953348286e-06 0.9999999999836238773 0.4949865929539257192
0.9997087246193816501 -0.02413433077195731302 -5.580217224450030687e-07 44.92903139543349766 0.02413433076165517194 0.9997087245197071592 -1.414566258668695257e-05 -5.249688587641225368 8.992552842554223741e-07 1.412807482261124421e-05 0.9999999998997941564 0.4949887631280492917
0.999772052574914416 -0.02135047756022191712 5.707224563835146345e-07 46.90284558426295547 0.02135047756678255457 0.9997720524350327542 -1.672557095441276327e-05 -5.243856391806407835 -2.134934342451712818e-07 1.673394360058249754e-05 0.9999999998599645723 0.4949953445405417818
0.9997444998355179413 -0.02260387242713968181 1.46980496620772605e-06 48.96037714136562613 0.02260387245201597381 0.9997444996362984115 -1.998431574627536488e-05 -5.238424987729000115 -1.017706506831774182e-06 2.001243303430063169e-05 0.9999999997992331524 0.4949956207899443572
0.9997263636747482085 -0.02339225884287422438 1.458004401436552558e-06 50.98978048317319889 0.023392258865772661 0.9997263635057080933 -1.841309727331066426e-05 -5.22986641389794471 -1.02688150070719192e-06 1.844216479742213528e-05 0.9999999998294157866 0.4949965069033354648
0.9997348050269431186 -0.02302866949722873549 1.07706562736500594e-06 53.05206485999790544 0.02302866950969236284 0.9997348049358716349 -1.351593539990746603e-05 -5.215311726198893716 -7.655259856064931071e-07 1.353715443015609106e-05 0.9999999999080795288 0.4950096961449155786
0.9997580936689248743 -0.02199441169273996105 3.681379179686797187e-09 55.11232136860231634 0.02199441168778094174 0.9997580934399288299 -2.140325894152804854e-05 -5.215313208215764718 4.670716000964396178e-07 2.139816232745371551e-05 0.9999999997709499988 0.495007533169561309
0.9997666687061560475 -0.02160111442263059484 -1.458825361553923232e-06 57.15864267508157326 0.02160111440501116115 0.9997666686451784912 -1.117211251061122914e-05 -5.205241595494225493 1.6998150525400648e-06 1.113799345361230465e-05 0.9999999999365276615 0.4950164563456757039
0.9998195287320289504 -0.01899763058443848865 6.879459517925631626e-07 59.26204693165468029 0.01899763059378961616 0.99981952856778189 -1.812602807037477919e-05 -5.212316651670770185 -3.4347021195720225e-07 1.813582618616629288e-05 0.9999999998354867081 0.4950036803019834397
0.9998434510954915533 -0.01769387756074461762 7.450672672002313092e-07 61.34363583674228693 0.01769387757233519681 0.9998434508836784307 -2.058410214196402347e-05 -5.219160886647292052 -3.807380445802177858e-07 2.059406285233240816e-05 0.9999999997878695757 0.4949974046040737652
0.9998777715097887375 -0.01563464238663157119 5.418168412220741908e-07 63.40992810213271014 0.0156346423944531375 0.99987777129979305 -2.049363077857044727e-05 -5.230439615122651986 -2.213400272272450041e-07 2.049959698557723915e-05 0.9999999997898585402 0.4949952714928744224
0.9998587976084040152 -0.01680431037881318507 4.071651159431831117e-08 65.4648704238567376 0.0168043103770560108 0.999858797462452098 -1.708576224769307869e-05 -5.24300384809330744 2.464036895492675913e-07 1.708403391009976927e-05 0.9999999998540373136 0.4949995741935103166
0.9997946127789408832 -0.02026653054515118596 3.205579169799545625e-07 67.49161313171322263 0.02026653054523677375 0.9997946122871101959 -3.136173975895279809e-05 -5.267567733776245653 3.151015784513061582e-07 3.136179505519212624e-05 0.9999999995081690907 0.4949688914650931526
0.9997618232326789256 -0.02182422526645017014 -4.704506005416793035e-07 69.4859742732670469 0.02182422524285798984 0.9997618227921519773 -2.97000878366815557e-05 -5.280177214052811152 1.11851995731231676e-06 2.968274674589961088e-05 0.9999999995588415569 0.4949732643920661257
0.999720014581238714 -0.0236620465708277869 -2.003653360787143374e-08 71.4778047103083054 0.02366204656528641051 0.9997200143647381188 -2.081207377052986623e-05 -5.287737260673597284 5.124871824600802922e-07 2.080577258794869946e-05 0.9999999997834283505 0.4949874381572104132
0.9996964374279777577 -0.02463803957664108257 -1.364448978094501577e-06 73.44961186201278736 0.02463803956303532369 0.9996964373866975562 -9.22320274436022517e-06 -5.293071816812714658 1.591276416635929799e-06 9.186785577308831131e-06 0.9999999999565352127 0.4950003200244225132
0.9996565954862663972 -0.02620479157538480042 -1.237159640384932124e-06 75.42955698659923769 0.02620479157339102028 0.9996565954858017689 -1.601206938766732092e-06 -5.291726788482591814 1.27869408827908198e-06 1.568237566557240084e-06 0.9999999999979525267 0.4950126874730261806
0.999709804209228392 -0.02408956963414708025 -2.240637691080939736e-06 77.37856731024365331 0.02408956964291032732 0.9997098042036457466 3.969922731671168866e-06 -5.291976920418861141 2.144353737355067276e-06 -4.02274667450856975e-06 0.9999999999896094227 0.4950204097836152783
0.9998944700646366091 -0.01452751642682775096 -1.69125243913509621e-06 79.34635605263397906 0.014527516440839678 0.9998944700289611465 8.590498248154308816e-06 -5.300945960467339901 1.566275356899490659e-06 -8.614161391044585975e-06 0.9999999999616713264 0.4950300045215043632
0.9999956210539447943 0.002959370122571319643 -1.90935418685618294e-06 81.27926502188688573 -0.002959370098808097784 0.9999956209798140927 1.23307223617388902e-05 -5.333782902963180028 1.945836997102896634e-06 -1.232501788048220337e-05 0.999999999922153604 0.4950386138208325848
0.9995241365081262153 0.0308464022856351737 -2.439241984971831096e-06 83.19843824839084334 -0.03084640225752601633 0.999524136453346479 1.082549319052554076e-05 -5.419405306447703907 2.77200875652511542e-06 -1.074509989406274447e-05 0.9999999999384291405 0.4950433701845761703
0.9976588967557552534 0.06838659019818783824 -2.717873271300116033e-06 85.09341404467235748 -0.06838659016532483426 0.9976588967037451905 1.075445985571415198e-05 -5.567774702916076457 3.446971288181455443e-06 -1.054341646933015148e-05 0.9999999999384771021 0.4950521806045815598
0.9929615742506082698 0.1184369539540581773 -1.439015783361065456e-06 86.95498540856335978 -0.1184369539406542049 0.9929615742266081346 7.273804183964700393e-06 -5.800556581289831648 2.290374588790199426e-06 -7.052175407246442804e-06 0.9999999999725103228 0.4950470016330063561
0.9840181272986250338 0.1780683159619907974 -6.325905475199009889e-07 88.78670851606261749 -0.1780683159398579463 0.9840181272213143204 1.266620830338652835e-05 -6.131698199184056008 2.877930948076257569e-06 -1.235113424119636957e-05 0.9999999999195833267 0.4950573985235877661
0.9718547904107852631 0.2355807003029054547 -1.622958854140650662e-06 90.60400513634318997 -0.2355807002486136892 0.9718547902960196216 1.585197936319789465e-05 -6.571021456949474704 5.311700736419291924e-06 -1.502348429828364405e-05 0.999999999873040113 0.4950675469214020907
0.9550293585916845851 0.2965112548106640933 -8.908791327114132533e-07 92.35425956120712954 -0.2965112547325140513 0.95502935840092118 2.028564816882503258e-05 -7.108826573947270688 6.865738719712118943e-06 -1.910923386983427819e-05 0.9999999997938491259 0.495067376919808344
0.9357862883520585706 0.3525677559482470191 -3.57706286444469917e-07 94.0567045444361014 -0.3525677559266395256 0.9357862883050241942 1.016820206809258472e-05 -7.753904812639222044 3.919716823270969723e-06 -9.389148369821509346e-06 0.9999999999482396262 0.4950507925466626769
0.9114739334883166233 0.4113578351915911924 2.369080978107627854e-07 95.70229834274186942 -0.4113578351882737905 0.9114739334783271696 4.582091015065836324e-06 -8.495211602940857532 1.66894348482387909e-06 -4.273910523357539401e-06 0.9999999999894739755 0.4950514293663372811
0.8807441585143357399 0.4735923640056112216 8.269552715476983191e-07 97.30926466119612428 -0.4735923640051870054 0.8807441585147032237 -6.621846049789140079e-07 -9.361631428498961682 -1.041941597248661286e-06 1.915755207144756529e-07 0.9999999999994385602 0.4950451720549287615
0.8461139472160503772 0.5330020528364145527 -9.354231524617296173e-07 98.85843279311809795 -0.5330020528290863036 0.8461139471921061972 -7.014719385269034878e-06 -10.34167478520156003 -2.947385256595511411e-06 6.433834368208888777e-06 0.9999999999749591417 0.4950361637970279172
0.8057622345646218154 0.5922391589138307211 8.356207700868947292e-07 100.3249068522315071 -0.592239158913566266 0.8057622345650539142 -5.61414307833312657e-07 -11.41103086581592763 -1.005803196427579393e-06 -4.25208948506488118e-08 0.9999999999994930722 0.4950382981964371876
0.7635907355598119395 0.6457005409361116222 2.066565809982630004e-06 101.7146446371008466 -0.6457005409384167782 0.7635907355490783033 4.205480905326961801e-06 -12.58142617607047065 1.137470788560894663e-06 -4.545648919271980843e-06 0.9999999999890214486 0.4950416079713393924
0.7209763768261860939 0.6929596409941574109 3.750518895415713988e-06 103.0320719621571612 -0.6929596410040974597 0.7209763768111996374 4.679753564125952288e-06 -13.84459636611295963 5.388448253590842712e-07 -5.972949996449317638e-06 0.9999999999820166074 0.4950462539569005505
0.6743639124531142226 0.7383991559979501407 -2.16244472162678464e-06 104.2656972231909123 -0.7383991559972710172 0.6743639124372590166 -5.202234221638436131e-06 -15.2035400124330593 -2.383050675655936816e-06 5.104946380541549806e-06 0.999999999984130139 0.4950316955836467914
0.6245574420811835781 0.7809788738855536483 -9.364523212064281124e-06 105.4220179708912042 -0.7809788739180366646 0.6245574419240252917 -1.527304183288890629e-05 -16.67162346459269884 -6.079240349291507132e-06 1.685238673288528955e-05 0.9999999998395197043 0.4950106466512582126
0.5743184580680376072 0.8186319737297560462 -1.766092528945325274e-05 106.5101088236335016 -0.8186319738646907762 0.5743184576440265587 -2.404202748380368965e-05 -18.25505693011566066 -9.538577038726079568e-06 2.826557828330947719e-05 0.9999999995550360454 0.4949897629677139088
0.5233976697429972846 0.8520885394166517468 -1.745365960094303847e-05 107.5308602677777401 -0.8520885395504883553 0.5233976693952825388 -2.09889244406793336e-05 -19.93265640208026213 -8.749217213032734109e-06 2.585761746184232356e-05 0.9999999996274172576 0.4949851892078752091
0.4716403018849533724 0.8817910327710601903 -1.283158696465935483e-05 108.4567291541407741 -0.8817910328350249127 0.4716403017004737186 -1.502860334463132991e-05 -21.67802397764602063 -7.20019411706126997e-06 1.840287334085055648e-05 0.9999999998047456318 0.4949724650331964737
0.4244027055768336276 0.9054735464750952589 -1.162366823987976725e-05 109.3033733402179308 -0.9054735465296174235 0.4244027054469476923 -1.210870493095548672e-05 -23.51521807919475293 -6.030995748830005653e-06 1.566389123857666495e-05 0.9999999998591345696 0.4949616848046382023
0.3896249686250033983 0.9209736063131886974 -1.734005933163671739e-05 110.0797609047534849 -0.920973606449644544 0.3896249684010225089 -1.496229408573630321e-05 -25.41425768916507621 -7.023757873698248603e-06 2.179942034242136111e-05 0.9999999997377260197 0.4949523917108187288
0.3646782648604904309 0.9311335901874528975 -1.911017898453271893e-05 110.7945994925615878 -0.9311335903551559712 0.3646782646122633809 -1.529500089203403754e-05 -27.33045764218921292 -7.272622184010809461e-06 2.337188395654423014e-05 0.9999999997004316299 0.494929357551893212
0.3506330294104550438 0.9365129355033346981 -1.798906735423284789e-05 111.4853045918234926 -0.9365129356332051458 0.3506330291458453763 -1.630697330031659977e-05 -29.29082241805625841 -8.96413025673069713e-06 2.256475772602147705e-05 0.9999999997052377854 0.4949117075972653268
0.3439692771215366873 0.9389809028907079025 -2.013134297617221355e-05 112.1775554335771687 -0.9389809030562709102 0.3439692768022946101 -1.771917086530486684e-05 -31.29386331237731156 -9.713399573005781078e-06 2.499779700123361359e-05 0.9999999996403796665 0.4948932663504461149
0.3425508662289638573 0.939499283620850556 -1.113228778309878136e-05 112.8758945013499471 -0.9394992836647275691 0.3425508661156347889 -1.091443644740745824e-05 -33.31279938909856497 -6.440730401515620793e-06 1.419752605723130266e-05 0.9999999998784734334 0.4948976871435983305
0.3499911210838986264 0.9367530171455181742 -5.782472700226776744e-06 113.5918974510758375 -0.9367530171491662561 0.3499911210379376136 -7.666430004774809818e-06 -35.33753338765186669 -5.157737334984092921e-06 8.099931180602494717e-06 0.9999999999538942141 0.4948944109091443222
0.3558286739995602521 0.9345512049661386378 -7.63450583262855552e-06 114.3332946253639903 -0.9345512049822106704 0.3558286739354767914 -8.593637819857411058e-06 -37.40431075649856751 -5.314618493013439838e-06 1.019269937559906977e-05 0.999999999933931516 0.4948867047610094883
0.3628312550435364159 0.9318548601113945118 -7.24834461405959636e-06 115.0947186148337664 -0.9318548601237549578 0.362831254981057727 -8.651052086104015753e-06 -39.4731402561849265 -5.431598958658411036e-06 9.893277242311400684e-06 0.9999999999363103909 0.4948786985645236558
0.3712926052201072635 0.9285159132828144646 -9.574933701551888309e-06 115.8724492909269514 -0.9285159133137397269 0.3712926051279945572 -1.013171271455664981e-05 -41.54220906703017846 -5.852354406298638472e-06 1.265230831994438093e-05 0.9999999999028343911 0.494868095223576443
0.3826840185509922665 0.9238792895322387455 -1.792490820256820072e-05 116.6640685178889782 -0.9238792896917418229 0.3826840183647399751 -1.300502437182662072e-05 -43.61603134909185542 -5.155496777214738605e-06 2.153726644594259411e-05 0.9999999997547832642 0.4948587874967773081
0.3950085682409863463 0.9186774356897395855 -1.315154009203511751e-05 117.4858182808885232 -0.9186774357720928208 0.3950085681229342782 -1.071980520493763506e-05 -45.66286809938099367 -4.653072136399476098e-06 1.631643803402938513e-05 0.9999999998560612502 0.4948546793641512842
0.4108810078100986196 0.9116889805959960125 -9.11174788422428839e-06 118.3430283166696029 -0.9116889806334580459 0.4108810077438858621 -8.314301166732352685e-06 -47.69743223160742218 -3.836212602088025762e-06 1.172326858298117736e-05 0.9999999999239241877 0.4948499050058028925
0.4272702248475589437 0.90412397101011166 -2.419850220408148924e-06 119.2311138314890968 -0.9041239710098265547 0.4272702248368914768 -3.935325862807861319e-06 -49.68212985588169772 -2.524092498555247674e-06 3.869292156774749147e-06 0.9999999999893285363 0.4948565513719099251
0.4460033057505330412 0.895031313001878881 -2.821664967670439383e-06 120.1369619363033792 -0.8950313130032375719 0.4460033057384946709 -4.033340346966026275e-06 -51.61393926535504306 -2.351494003260938039e-06 4.324361628833161705e-06 0.9999999999878849133 0.4948503409133990227
0.4676383136710410837 0.8839199100544783416 -1.408618015090496334e-05 121.0719645219524807 -0.8839199101659844793 0.4676383135907524191 -8.740002741410510132e-06 -53.53156279203761159 -1.138224906358742692e-06 1.653821523704327958e-05 0.9999999998625956898 0.4948343715444203927
0.4896921240989164925 0.8718954200084361172 -1.288552502565213253e-05 122.0594939129721155 -0.8718954201024037287 0.4896921240197300018 -8.929211628841956922e-06 -55.4041893385772255 -1.475398604552390321e-06 1.560739486453737026e-05 0.9999999998771159637 0.4948274445717363856
0.5149167531238422191 0.8572401864117460413 -1.246544847528561855e-05 123.0643423714765561 -0.857240186500786705 0.5149167530404231696 -9.414715125177372469e-06 -57.2014231096873047 -1.65200389483377176e-06 1.553367791961205338e-05 0.9999999998779875998 0.4948175104644690903
0.5394963881006243911 0.8419879138875793201 -9.790573002506987354e-06 124.1395230763357489 -0.8419879139430481718 0.5394963880416167035 -8.131190458658923951e-06 -58.98455840090765179 -1.564385319998531574e-06 1.263029202209273494e-05 0.9999999999190140043 0.4948176815248752081
0.5631926807746963082 0.8263256042751578878 -6.583190814796901995e-06 125.2358317014438285 -0.8263256042982458638 0.5631926807327384266 -7.241755844017731975e-06 -60.6875227920707303 -2.276443391060503021e-06 9.518363015555884415e-06 0.9999999999521090865 0.4948141526479504781
0.5869229446188621857 0.8096427959506186101 -6.886335768878062069e-06 126.388740447815934 -0.8096427959756734571 0.5869229445670699485 -8.224768078167795578e-06 -62.37344642657519245 -2.61737575610571973e-06 1.040277724518718845e-05 0.9999999999424655783 0.4948084700614153175
0.6074591672754882099 0.7943509048722677823 -4.879783269445150156e-06 127.5809075470143625 -0.7943509048823974572 0.6074591672388240937 -7.229319237195912557e-06 -64.01384431470187053 -2.778347196513970526e-06 8.267776499509437213e-06 0.9999999999619620938 0.4948055817881650831
0.6271878841970310869 0.778867997718356464 -6.991593307269356979e-06 128.7702127990589247 -0.7788679977480661432 0.6271878841518238046 -7.701261811350635985e-06 -65.57652027421980279 -1.613223753675191506e-06 1.027566638141006692e-05 0.999999999945903828 0.4947953766456384406
0.6403367870018803476 0.7680942645043189465 -7.064728967446012858e-06 129.99804590442983 -0.768094264535956972 0.6403367869603867613 -7.378904282749860329e-06 -67.12061756675252866 -1.143888210146173719e-06 1.015136166040677673e-05 0.999999999947820517 0.4947935270870983393
0.6499708515496798178 0.7599591384158723706 -8.730495815498762915e-06 131.2224037061732531 -0.759959138463942363 0.6499708514781440405 -9.805679399347207598e-06 -68.63562402455785616 -1.777347868884065769e-06 1.300822586752635405e-05 0.9999999999138132756 0.4947872488120512169
0.6605857882715741036 0.7507505686104162246 -8.184879604024250871e-06 132.4568926464836807 -0.75075056864994405 0.6605857881876948667 -1.0883940819577181e-05 -70.12043365312226229 -2.764309614573941357e-06 1.333457964285409195e-05 0.9999999999072735068 0.4947830939934136918
0.6698006243593876974 0.7425409911756482018 -5.821739282092778563e-06 133.6791786332070444 -0.742540991197293998 0.6698006243237851765 -7.031369082548123069e-06 -71.54845839941312136 -1.321675162081044205e-06 9.032495458609426399e-06 0.9999999999583333299 0.4947808272921608852
0.6781064594338043205 0.734963692754500908 -3.008386631293670309e-06 134.898149049916185 -0.7349636927601179703 0.6781064594226634545 -3.987869302097008351e-06 -72.93249044064101838 -8.909327413705070224e-07 4.915254880915527411e-06 0.9999999999875229806 0.4947815072154624905
0.6858392327359221774 0.7277530809542069878 -2.02321844283014411e-06 136.0897179731013864 -0.7277530809570078585 0.6858392327327662574 -2.084645592306316039e-06 -74.25492128978017092 -1.295046680171213754e-07 2.902135188772363903e-06 0.9999999999957801533 0.4947810574253872495
0.6939665418351729231 0.7200072491252214046 -4.76393141234326037e-06 137.2610474946351076 -0.7200072491408756603 0.6939665418162890287 -5.134430154436269648e-06 -75.54035954466380076 -3.9081792364740246e-07 6.993187889865450647e-06 0.9999999999754710656 0.4947718233389490905
0.7009372047638181558 0.7132229910498361081 -4.247744617499931939e-06 138.4246757371344927 -0.7132229910619686253 0.7009372047437113507 -5.378096453858803278e-06 -76.78265432263135892 -8.583798003201448936e-07 6.799297016678672905e-06 0.9999999999765162295 0.4947752317677205913
0.7097236926418319936 0.7044801488305595383 -2.957694544241961502e-06 139.5606538143614443 -0.7044801488362643083 0.7097236926300474202 -4.175833694039793969e-06 -77.96585575906723875 -8.426460486576684111e-07 5.047325201931889749e-06 0.9999999999869070288 0.4947783500250627631
0.7224100281596602668 0.6914649312828133887 -4.758744152990266994e-06 140.6743338112037804 -0.6914649312988849772 0.7224100281357854758 -5.908862760719468825e-06 -79.10284549135884902 -6.48006885347759402e-07 7.559126412179304871e-06 0.9999999999712196885 0.4947683477470797841
0.7434252287170060036 0.668819055714441002 -4.748011572085708036e-06 141.7838105245425311 -0.6688190557309190432 0.7434252286903374474 -6.336707007318617734e-06 -80.1709870361859771 -7.083188081717321148e-07 7.88642847247034082e-06 0.9999999999686510765 0.4947653604964695195
0.7745429475776668404 0.6325213216586543785 -2.668566368141505039e-06 142.8879600253610533 -0.6325213216629320678 0.7745429475778403683 -1.200420034599976111e-06 -81.13056213859250931 1.307627993756709366e-06 2.617701998052465846e-06 0.999999999995718647 0.4947687315702648525
0.8135579869633459138 0.5814837932785165142 -2.192769257259837698e-06 143.9983425772742578 -0.5814837932779937102 0.8135579869661381247 9.343490864896215374e-07 -81.98727702716614374 2.32725379387584957e-06 5.14912623569282144e-07 0.9999999999971591613 0.4947660018085578981
0.8561253194216537077 0.5167682627931524664 -4.141408727542571043e-06 145.0751365418279022 -0.5167682628027302494 0.8561253194242994802 -1.649814224280697611e-06 -82.70033291032819989 2.692993239120996988e-06 3.552596323436941507e-06 0.9999999999900631709 0.4947604781113394967
0.8994844952318163944 0.4369526780213398576 -3.126718633001735782e-06 146.1685678467643754 -0.4369526780251170028 0.8994844952352072376 -6.127470189232851428e-07 -83.27807914049796523 2.544693480479962354e-06 1.917384523142153228e-06 0.9999999999949238383 0.4947584480607533086
