0.9999806747146977592 0.006216928271891146787 0 -0 -0.006216928271891146787 0.9999806747146977592 -0 0 -0 0 1 0.4949999999999999956
0.9999824335738830561 0.00592727134338635539 -5.56096523462566648e-07 0.001839523268406794646 -0.005927271347416005268 0.9999824335455244073 -7.548374876938370561e-06 -0.001389076625664278572 5.113454887194233315e-07 7.55153841395882175e-06 0.999999999971356357 0.4949901008779576395
0.9999811003066391146 0.006148091714949887113 -1.437162817346703755e-07 0.001845514759802902157 -0.006148091715771480774 0.9999811002844204433 -6.666861551097781945e-06 -0.003685636024399756901 1.027250892720846317e-07 6.667619130339922004e-06 0.9999999999777661186 0.4949919732107704862
0.9999822908146730471 0.00595130735180953406 -2.753658716384421512e-07 0.001945621673172921078 -0.005951307352897841456 0.9999822908061504201 -4.136185854242745273e-06 -0.007402492786551550553 2.507452818466364563e-07 4.137751392697609001e-06 0.999999999991408095 0.4949931214739053398
0.9999808794796329892 0.006183904684509663845 -4.747432924169787079e-07 0.0009234016786858511346 -0.006183904684151336761 0.9999808794794646793 7.526657094299264231e-07 -0.008297079916632843152 4.793886280834094049e-07 -7.497155508008635869e-07 0.9999999999996040945 0.4950008747304761592
0.9999798802335505554 0.006343432019259417388 -7.37482464393114398e-07 -0.003423452235975132669 -0.006343432016588397733 0.9999798802274686427 3.569482568465451125e-06 -0.006028445239143025158 7.601103964314374515e-07 -3.564732581433361819e-06 0.9999999999933574246 0.4950041536308858459
0.9999781623891902393 0.00660868723221143782 -1.946709461376610644e-07 -0.001261787042195194278 -0.006608687231875854697 0.9999781623878052361 1.677014311261262575e-06 -0.005096996145243374091 2.057495580558886475e-07 -1.675691169879279859e-06 0.9999999999985749177 0.4949986758426559441
0.9999792412687585896 0.006443371306197511611 3.507671667563027089e-08 0.005532113926322116196 -0.006443371306157169749 0.99997924126820803 -1.050215809462902428e-06 -0.008018299577821765695 -4.184291893973143216e-08 1.049967996005416624e-06 0.9999999999994478861 0.4949963239720492347
0.9999790617348620625 0.00647117408570702362 -2.24246663032916102e-07 0.0009120476523590606826 -0.006471174086008484733 0.9999790617339460175 -1.370538435640767537e-06 -0.01093094735826216461 2.153729748882988479e-07 1.371960878138334794e-06 0.9999999999990356603 0.4949965598643700782
0.999981286333399777 0.006117759817200450062 -2.261939712008326444e-07 0.002682010273038415091 -0.006117759817211901839 0.9999812863334239799 -4.977606089374409562e-08 -0.01303380552553481606 2.258852202970564577e-07 5.115892978914704212e-08 0.9999999999999731326 0.495000663218324588
0.9999800329247455766 0.0063193159279285923 -5.10400300575711083e-07 -0.001673722691206784834 -0.006319315926115877391 0.9999800329188375247 3.478422145163188296e-06 -0.01112090974956218836 5.323713578406153436e-07 -3.475127310497845891e-06 0.9999999999938200546 0.4950081681566411707
0.9999794865293057944 0.006405194983461509617 -2.064793463733568666e-07 -0.002440434064019811593 -0.006405194982995372072 0.9999794865269440169 2.184456443559931211e-06 -0.01109396159269656311 2.204669802192530408e-07 -2.183089092303157894e-06 0.9999999999975927034 0.4950036379896650129
0.99998102305896297 0.006160643161782786321 -1.261257508697423707e-07 0.004643749263643323286 -0.006160643161820806256 0.9999810230589248894 -3.029480725781609104e-07 -0.0129316332678699724 1.242570024166151729e-07 3.037193392952721983e-07 0.9999999999999461542 0.4949985322567583279
0.999980930176311289 0.006175701245747105411 -2.74338539285715649e-07 0.007199898087983555052 -0.006175701245251342258 0.9999809301747806245 1.772793509250855853e-06 -0.01033914785372739772 2.852815507773979802e-07 -1.771065469533131925e-06 0.9999999999983909538 0.4950053295901491457
0.9999803504664456222 0.006268866169122211569 -4.371908227954325239e-07 -0.001721784491945894903 -0.006268866167605378036 0.9999803504608089089 3.388706970786345083e-06 -0.005742162776502783388 4.58425582687655093e-07 -3.385899693516638537e-06 0.9999999999941627804 0.4950069067733368078
0.9999814050039377289 0.006098331622947371009 -9.717807510410206145e-10 0.001081064626854338906 -0.006098331622943480024 0.9999814050034497859 9.878941460191624713e-07 -0.00522239232184886458 6.996268790793641812e-09 -9.878698498901283946e-07 0.999999999999512057 0.4950019009901724942
0.9999799366854623672 0.006334526720172190158 5.563389430082250023e-08 -0.003405019997465548974 -0.006334526720001448265 0.9999799366819123181 -2.665543110324651672e-06 -0.008403665417060409912 -7.251773215706311764e-08 2.665137216304811596e-06 0.999999999996445843 0.4949943644635418361
0.9999802744912442698 0.006280973695578489363 -2.897292167567383377e-07 -0.003663299689319598866 -0.006280973695959105908 0.9999802744903969476 -1.331890665906472876e-06 -0.009533762891032301207 2.813579314621708603e-07 1.333684175274917797e-06 0.9999999999990710764 0.4949996584148722567
0.9999814771500552535 0.006086489877222387226 2.731272390253550127e-08 0.004691361434060982265 -0.006086489877232916131 0.9999814771499748733 4.017850743867189516e-07 -0.01110300742405864217 -2.486675720527684548e-08 -4.019438707996097107e-07 0.9999999999999189537 0.4950035200662151191
0.999981757109702607 0.006040318702115416404 -4.286847629332510417e-08 0.001322366157850753251 -0.00604031870197676516 0.9999817571060162225 2.715874447747483565e-06 -0.0083759947681243032 5.92724414692721756e-08 -2.715565963088754842e-06 0.999999999996311062 0.4950060964379957018
0.9999809814845490585 0.006167387730546374999 -1.099887583075285749e-07 0.001918561185323813421 -0.006167387730466124957 0.9999809814842991473 7.159922022146472427e-07 -0.007694296123256358019 1.144024680079467816e-07 -7.153002417873733266e-07 0.9999999999997376543 0.4950003266346406638
0.9999788830231283177 0.006498731418444075175 2.065682790422789615e-08 0.008377594732330706853 -0.006498731418439050549 0.9999788830231005621 -2.366781893879174466e-07 -0.00649757729379169327 -2.219449967989508956e-08 2.365389482835606321e-07 0.9999999999999718003 0.4949993960088355238
0.9999791867117665545 0.006451832722889728339 -1.506828864595861641e-07 0.001422563025380255575 -0.00645183272300442999 0.9999791867114781185 -7.732500281288604602e-07 -0.006067347677107072512 1.456908704184182707e-07 7.742061150308653359e-07 0.9999999999996896927 0.4949982790522129417
0.9999794114433742109 0.006416906699482046936 -7.79541169934711746e-08 0.0005583205458372170671 -0.006416906699616696172 0.9999794114416268309 -1.87052205364635854e-06 -0.007195354471261564654 6.594954653263590249e-08 1.870983766592748513e-06 0.999999999998247513 0.4949958030449309598
0.9999812551582538678 0.006122853448831275247 -7.000390817919944325e-09 0.004898784443355148378 -0.00612285344883241496 0.9999812551582396569 -1.690054198794970018e-07 -0.005568205253620908679 5.965464178862587163e-09 1.6904511426670482e-07 0.9999999999999856781 0.4950002456735933531
0.9999815365661769428 0.006076720247987663255 -9.100450612084024281e-08 -2.408415646023762385e-05 -0.006076720247903918612 0.9999815365657817035 8.943000562383941926e-07 -0.002720133810674132003 9.643723712435082052e-08 -8.937305354635249415e-07 0.9999999999995959898 0.4950014932075804674
0.9999816474550397016 0.006058444959919173298 -7.221662350732205869e-08 0.002820369875206333709 -0.006058444959923987155 0.9999816474550400347 -6.601575268051900248e-08 -0.002663829750731271789 7.181534534438997002e-08 6.645206156216025712e-08 0.999999999999995226 0.4949997916094788231
0.999979749558826736 0.006363998310126889497 8.928814414855358272e-08 0.007898321300669274014 -0.006363998310022704608 0.9999797495582010143 -1.122717632604943172e-06 -0.002682554525820108129 -9.643130914008218402e-08 1.12212666747916811e-06 0.9999999999993657296 0.494996777946450861
0.9999808222688183479 0.006193149183626860468 -7.379160707071919642e-09 0.004366103064684431073 -0.00619314918363125886 0.9999808222682409209 -1.074684991452741372e-06 -0.002224560106008009221 7.233347161877587092e-10 1.07471008167597771e-06 0.999999999999422462 0.4949973330713697273
0.9999795242962532527 0.006399296091105753648 -1.01798691107347941e-07 0.002767363490270580758 -0.006399296091197159697 0.9999795242958310348 -9.240072831233159445e-07 -0.002322990695772552457 9.588361051286139138e-08 9.246398033899732013e-07 0.9999999999995679012 0.4949979739867340078
0.9999787086068552266 0.006525514166585272974 -2.467977280390422666e-07 0.002364844661589340664 -0.006525514166757851071 0.9999787086066360686 -7.048694096823624481e-07 -0.003702550699124034037 2.421928380532665122e-07 7.064648841012162247e-07 0.999999999999721112 0.4949990335674410713
0.9999807397197896242 0.006206463700714120145 -1.644999455194414292e-07 0.006474883149136718453 -0.006206463701058551226 0.9999807397174182988 -2.182966608522120952e-06 -0.006512015095794819464 1.509482741932376207e-07 2.183945526913905075e-06 0.9999999999976038056 0.4949945503495535859
0.9999805304063795752 0.00624009697770736959 -3.428867775080173045e-07 0.002242966547108142961 -0.006240096977327014988 0.9999805304058362321 1.099494402601493383e-06 -0.0047260852769362054 3.49741053340175223e-07 -1.097333349148431743e-06 0.9999999999993367528 0.495003246764892213
0.9999811396624469495 0.006141687196776910579 6.113303044933821862e-08 0.003164791012900615604 -0.00614168719676779027 0.9999811396624377346 -1.489817231663137326e-07 -0.007112563956326476908 -6.204687660141655345e-08 1.486034533703384212e-07 0.9999999999999870104 0.4949994464324163901
0.9999792361946435726 0.006444158733552168838 -1.636467777515647848e-07 4.329181997329805797e-05 -0.006444158733502304212 0.9999792361946112651 3.037021816509837009e-07 -0.007543008912468936698 1.656004848881137103e-07 -3.026413098258804162e-07 0.999999999999940492 0.4950003508319408274
0.9999806635545661626 0.00621872327752556308 8.263073965173801676e-09 0.001168451421489308771 -0.006218723277522111847 0.9999806635544973288 -3.711952532738474732e-07 -0.008977005218746484175 -1.057127473981000329e-08 3.71136689906930333e-07 0.9999999999999310552 0.494999070391654028
0.9999802762427024705 0.006280694839308958999 -3.700714153788665369e-07 0.002232120487525627271 -0.006280694838551373164 0.9999802762407474788 2.014033010543087247e-06 -0.006867927505605216781 3.827136429114645665e-07 -2.011668980616982471e-06 0.9999999999979033438 0.4950049861523875827
0.9999812953849330777 0.006116280115074530614 -2.414605264477639516e-07 0.001396468059438031855 -0.006116280114517899484 0.999981295382450952 2.242535758484951383e-06 -0.003864115290379093598 2.551719868890424784e-07 -2.241016972500334275e-06 0.999999999997456368 0.4950025405172168713
0.9999805215548439596 0.006241515291521327474 3.202580266128489009e-08 0.003612756437800828096 -0.006241515291549501986 0.9999805215543738912 9.699663761106646749e-07 -0.0018860585819544585 -2.597111888289386649e-08 -9.701473722107525286e-07 0.9999999999995290434 0.4950016185576142647
0.9999785261413621784 0.006553415778518721646 -1.259040373151163094e-07 0.02155271681102739756 -0.006553415778514316316 0.9999785261413693949 3.572242732346326204e-08 -0.0005674032682803308546 1.261354375884963179e-07 -3.489655872035389205e-08 0.9999999999999914513 0.494999676280339862
0.9999801165841447625 0.006306063613097162221 -5.484723443782281298e-07 0.05566223435239887884 -0.006306063614350957899 0.9999801165816074588 -2.315022880321279866e-06 -0.001293744272317076107 5.338627573220575828e-07 2.318435551253455559e-06 0.9999999999971699305 0.4949967374448907553
0.9999798231607041066 0.006352422618992980066 -7.679015284680419496e-07 0.1115385086611220267 -0.00635242261919820566 0.9999798231609624555 -2.650531995423804136e-07 -0.001080224768324009087 7.662023047024552875e-07 2.699258866454404702e-07 0.9999999999996700417 0.494999994903914331
0.9999705699718282048 0.007671974481730178125 3.98609659683962655e-08 0.195445702829224438 -0.007671974481397549235 0.9999705699568794959 -5.468405130387589358e-06 -0.007971584464935779421 -8.181325747430610304e-08 5.467938382756837794e-06 0.9999999999850475163 0.4949996427372452823
0.9998939295221905832 0.01456467307697361518 2.250820465497816219e-06 0.3269359979213533607 -0.01456467302431422618 0.9998939292863769923 -2.18672696201593042e-05 -0.02615349725570266168 -2.569071352468265167e-06 2.183216768430591785e-05 0.9999999997583781663 0.4949921934071746521
0.9996291893329244393 0.02723020070562863493 2.316084743407283482e-06 0.5115970348875811258 -0.02723020061734927888 0.9996291888225705691 -3.21014240896688285e-05 -0.04648639445764064099 -3.18935413419461193e-06 3.202645308697831732e-05 0.9999999994820671922 0.4949961299258602287
0.9988286264346332155 0.04838775684273194377 2.15998701383795389e-06 0.788912298111521082 -0.04838775666575900053 0.9988286250977698177 -5.188821484571545252e-05 -0.08947051234960237687 -4.66821118221872228e-06 5.17229174364643198e-05 0.9999999986514738204 0.4950017616194765102
0.9973208177337438141 0.07315180450172967253 3.907705152323606323e-06 1.20116338542877088 -0.07315180430885449836 0.9973208170739015221 -3.687325879699072516e-05 -0.1358561669338969602 -6.594581114258456254e-06 3.648861293332327112e-05 0.9999999993125463504 0.4949931496001917508
0.9949999975840456701 0.09987494566391610928 6.213831882775954965e-06 1.711552794323573101 -0.09987494535330627976 0.9949999968879174039 -3.854804231261639374e-05 -0.2117199566545094613 -1.003274633544699087e-05 3.773469588819613563e-05 0.9999999992377183178 0.4949776728305365081
0.9925548852626442375 0.1217981926720944907 2.30293722428098914e-06 2.315913989877402379 -0.1217981925759495376 0.9925548849562984 -2.523596490347798464e-05 -0.3098740679384985319 -5.359486507287812867e-06 2.476758665773040924e-05 0.9999999996789212808 0.49497993728962697
0.9906487690718656092 0.1364368584255979677 1.258330315763505596e-06 2.998214713508715157 -0.1364368583781121191 0.990648768900580734 -1.881243319500809245e-05 -0.429953484184648016 -3.813272662649747665e-06 1.846483115279675915e-05 0.999999999822254515 0.4949871506648758634
0.9902600368117338014 0.1392302391494589231 1.497001121519906455e-06 3.772375173976234564 -0.1392302390880970075 0.9902600366003301291 -2.092885747086857781e-05 -0.5732693786394308377 -4.396350216181009875e-06 2.051658334546548043e-05 0.9999999997798709739 0.494977837886661054
0.9909561900868211204 0.1341858015230688039 6.754949395641763449e-07 4.618414535417991296 -0.1341858014801647347 0.9909561898746612751 -2.079550221426186614e-05 -0.7260140775963361826 -3.459847024285625657e-06 2.051678981532577631e-05 0.999999999783545368 0.4949721803307453039
0.9919243100083462439 0.1268312391198969658 1.020451799334376258e-07 5.532508819050500293 -0.1268312391199243327 0.9919243100075432196 1.263611225223696551e-06 -0.8631462707400259227 5.904428276586257375e-08 -1.26634920931598982e-06 0.9999999999991964206 0.4949966474156976548
0.9928349682736409276 0.1194936223195341152 5.174712225952976404e-07 6.521983050732615972 -0.1194936223199328795 0.9928349682432835444 7.775114829812133289e-06 -1.007170411627128503 4.15313110112365839e-07 -7.781240396214681064e-06 0.9999999999696399522 0.4950005519692143308
0.9936132336028750123 0.1128394523705036068 4.430327887104483743e-07 7.58742008576629523 -0.1128394523649016157 0.9936132334961786938 1.461130248300732343e-05 -1.143629651793239832 1.208528128866923102e-06 -1.456797508454840295e-05 0.999999999893156799 0.4950145284531596301
0.9943329450254093649 0.1063108387573366426 1.428556049511577079e-06 8.694398309362526334 -0.1063108387622854895 0.9943329450178244322 4.009018980423413024e-06 -1.286959820844044033 -9.942581734309760287e-07 -4.138170641309689803e-06 0.9999999999909434667 0.4950105084650107123
0.9950532323790852729 0.09934316650948563088 1.426750226255255404e-06 9.838167339059653571 -0.09934316651965448275 0.9950532322578651279 1.553243158801384175e-05 -1.411648373793159328 1.233485132853139776e-07 -1.559733414366900909e-05 0.9999999998783539734 0.4950171886607027116
0.9956412505887347608 0.09326575002825594762 5.66957832584222792e-10 11.03871981455508688 -0.09326575000597368825 0.995641250350731255 2.186523825228384979e-05 -1.534698246832438606 2.038713358540420177e-06 -2.176998603567201158e-05 0.9999999997609556601 0.4950116911579772738
0.9962871336149765611 0.08609266748937823011 -2.234691300301827444e-07 12.28297429467870572 -0.08609266746993608777 0.9962871334388477829 1.882411634124461612e-05 -1.653757841828504382 1.843257807917978033e-06 -1.873498585895195612e-05 0.9999999998228012998 0.495009085457967124
0.9967416318522434038 0.08066051905452813198 7.836739660667318124e-07 13.5799463498193429 -0.0806605190574768427 0.9967416317497725942 1.429728399564086932e-05 -1.769572006990801416 3.72105880461200862e-07 -1.431390972974481503e-05 0.9999999998974867799 0.4950079709630271219
0.9971995239464463978 0.07478709407034481171 1.930542558525965945e-06 14.94919519622528448 -0.07478709406187741826 0.997199523940364041 -4.13813705740634488e-06 -1.893944877000181215 -2.234615365696939029e-06 3.982168635755813012e-06 0.9999999999895744507 0.4949980516229245397
0.9975553089276283369 0.06988136825748728076 1.73157524913001508e-06 16.40145332387730548 -0.06988136823057777836 0.9975553088528775758 -1.248579961765039991e-05 -2.01651466826768333 -2.599866843518132154e-06 1.233427084719029487e-05 0.9999999999205532175 0.494987589338363787
0.9978542299014171446 0.0654746963910480817 1.607038907171608268e-06 17.84039297872589103 -0.06547469636785442637 0.9978542298354685647 -1.171468773648424728e-05 -2.129611713515369598 -2.370606193893600414e-06 1.158433032532667349e-05 0.9999999999300918097 0.4949814943556445912
0.9981381748334148263 0.06099331055133132978 3.231282593254339162e-06 19.34194264236239746 -0.06099331048274501954 0.9981381746764729224 -1.822380270909188221e-05 -2.252851545615988549 -4.336796567556594313e-06 1.799278655210935984e-05 0.999999999828725894 0.4949567365106756212
0.9984524993064721743 0.05561120952323402034 2.501002281692413837e-06 20.92168304805851875 -0.05561120951020957076 0.9984524992977787949 -5.006352057939991514e-06 -2.363422929758412394 -2.775541272146421654e-06 4.85952096278557079e-06 0.9999999999843407483 0.4949663575767452861
0.9988854191050263731 0.04720084206037485769 3.22494122148618056e-06 22.54171726252364039 -0.04720084205559468837 0.998885419109266981 -1.542679122427816792e-06 -2.469203780334651377 -3.294162517234524818e-06 1.388739740516945786e-06 0.9999999999936100004 0.4949666985005035658
0.999192190632888888 0.04018664169586641521 3.112809421868793068e-06 24.21724663046272141 -0.04018664169941753989 0.9991921906370037076 1.086748615309661447e-06 -2.566235128175508695 -3.0666220880556548e-06 -1.210964086513735102e-06 0.9999999999945646811 0.4949633280654666123
0.9994447656402485336 0.03331907007402842846 2.437882855835817963e-06 25.93151015123910241 -0.03331907007152987849 0.999444765642744759 -1.058448596201247611e-06 -2.655822146973272346 -2.471795782461881921e-06 9.766329194728281692e-07 0.9999999999964681585 0.4949618035034691332
0.9996229787358162922 0.02745724646363541591 1.483818548284238669e-06 27.66257116498791646 -0.02745724645945690073 0.9996229787332036043 -2.766676156885582291e-06 -2.736832269609901225 -1.559224426260149782e-06 2.724891489561967283e-06 0.999999999995071942 0.4949666242402069316
0.9997430158202014194 0.02266941374316350927 1.225704407128330331e-06 29.41725584179154396 -0.02266941374108352031 0.9997430158195799166 -1.685079636915451612e-06 -2.809013955110026828 -1.263589187965245411e-06 1.656860597777600885e-06 0.9999999999978290699 0.4949734312811134851
0.9998494977164789077 0.01734883046009857641 6.714392729391690772e-08 31.19231628256389754 -0.0173488304591310101 0.9998494976892708941 -7.378745047143283042e-06 -2.881911739776544579 -1.951464188088673898e-07 7.376469660553185433e-06 0.9999999999727747779 0.4949720972836744171
0.9999719307445090744 0.007492511282301210496 -1.275523278889285712e-07 32.95599375481953786 -0.007492511283138120898 0.9999719307051435635 -8.873136963811892249e-06 -2.940610599745125064 6.106666877477226232e-08 8.873843588719344209e-06 0.9999999999606256074 0.4949753967071546801
0.9999905989552418939 -0.004336127681009248509 -3.21599859067756269e-07 34.77247975783018319 0.004336127677136212069 0.999990598892608995 -1.119829212014467005e-05 -2.982741380753533011 3.701540601150886161e-07 1.119679234644936969e-05 0.9999999999372474191 0.4949859931383638889
0.9998434775512083927 -0.01769238255490215156 -2.648783853572251257e-07 36.51905588015234372 0.01769238255104299898 0.9998434774937471348 -1.072898996854809568e-05 -3.005073914084523956 4.546583208797303943e-07 1.072262431104191652e-05 0.99999999994240929 0.4949824012136171958
0.9995802513008389401 -0.02897104090656554484 6.121977935618509074e-07 38.29905888441349049 0.02897104090720125508 0.9995802513004495848 -1.05647354341899313e-06 -3.000332782558732259 -5.813336860910401156e-07 1.073766097344023427e-06 0.9999999999992544852 0.4949968320598012728
0.9991540661146857127 -0.04112362053525597111 1.671947571274658602e-06 40.14910624505026249 0.04112362052575208732 0.9991540661020518188 5.368740502482506083e-06 -2.971366136754666432 -1.891315261324886673e-06 -5.295442365509940508e-06 0.9999999999841906462 0.49500324600259904
0.9988382820216369362 -0.04818803136385883118 1.890408182503157656e-06 41.98215154853984643 0.04818803134672925564 0.9988382819901886478 8.249119084038604921e-06 -2.926294313272529646 -2.285720870417512798e-06 -8.148440885336442083e-06 0.9999999999641892012 0.4950043212106048363
0.9986435701804754483 -0.05206745374348809713 3.105433540604256005e-07 43.8289321849881901 0.05206745373486700718 0.9986435700938166571 1.319380926624270474e-05 -2.867664001547146402 -9.970901774382933839e-07 -1.315974358820064401e-05 0.9999999999129134398 0.495009544543050295
0.9987278294793766609 -0.05042541645013513818 -1.215044083672936066e-06 45.72867673172423508 0.05042541646372869502 0.9987278293238811555 1.762671359606561024e-05 -2.805732396122712302 3.246639664906332836e-07 -1.766555851459422407e-05 0.9999999998439113025 0.4950169447704767522
0.9987919661641311286 -0.04913866428007797327 -9.958667695035976309e-07 47.62253734170142394 0.049138664289290028 0.9987919660623809648 1.42597661953719937e-05 -2.747769708936533384 2.939578648618879999e-07 -1.429147547817990267e-05 0.9999999998978336135 0.4950139967707777866
0.9988389968179344214 -0.04817321286619485887 -3.514590111677661622e-07 49.56264392291615906 0.04817321286656167656 0.9988389967274028391 1.345143646229787523e-05 -2.689925587686364583 -2.969479459487669301e-07 -1.345275021152065008e-05 0.9999999999094676406 0.4950117859557784383
0.998796841054241713 -0.04903947697701451641 3.487732357399219265e-07 51.51740095571248901 0.0490394769769063113 0.9987968410542591435 3.121974742981996946e-07 -2.639510853830047132 -3.636636069544346272e-07 -2.947181940499261813e-07 0.999999999999890421 0.4950034641555082771
0.9987829902316861519 -0.04932077071695441239 1.403581898888008142e-06 53.49908090730510679 0.0493207707274648105 0.9987829901930659338 -8.836268309038066215e-06 -2.587674503616518518 -9.660621626886654377e-07 8.894740225222802125e-06 0.9999999999599751277 0.4949917014259534453
0.9987865227190111383 -0.04924918309437193581 1.279052644948129417e-06 55.50476798306134896 0.04924918310671633909 0.9987865226374660343 -1.277938175461212327e-05 -2.536584063967950886 -6.481264316522068375e-07 1.282686656310200215e-05 0.9999999999175257503 0.4949805322302830435
0.9986436494913931705 -0.05206593254282562699 1.090963329740571363e-06 57.50381944686686353 0.05206593254965249246 0.9986436494624991722 -7.628158913369294093e-06 -2.47887122532399129 -6.923163936324343838e-07 7.67461447928783098e-06 0.9999999999703105269 0.4949862928375354798
0.9986050130037649186 -0.05280178026596468732 2.593881682925779586e-06 59.547211697586512 0.05280178029774285769 0.9986050129033887668 -1.427741639487250815e-05 -2.426934301247723358 -1.836390248200215396e-06 1.439446115540201519e-05 0.9999999998947135538 0.4949686827961721214
0.9984689979165556339 -0.05531419524336707305 2.514114363600384473e-06 61.63071081877630064 0.05531419527034091982 0.9984689978417424783 -1.235855557734557233e-05 -2.361474052687424496 -1.826661692952329065e-06 1.247870081584845146e-05 0.9999999999204726153 0.494971370817205214
0.9983767556619860262 -0.0569548395401484886 3.005981683244622101e-06 63.69959688455035973 0.05695483956223954675 0.998376755634297286 -7.86173862580499076e-06 -2.291723295590115672 -2.553338178474574747e-06 8.020182307589935762e-06 0.9999999999645785564 0.4949711739979117398
0.9982632772741543148 -0.05891034920422687227 2.175782995760078057e-06 65.78865244621822228 0.05891034920043949907 0.9982632772751873773 1.765626302224121736e-06 -2.215330820893458785 -2.276017926015270643e-06 -1.634383762835094166e-06 0.9999999999960742514 0.494985307387604101
0.9982649653063029316 -0.05888173778208671827 1.867237204813622678e-08 67.85161971760609845 0.05888173777800134734 0.9982649652406777596 1.146752058893197896e-05 -2.135228071666887661 -6.938675151617533729e-07 -1.144652458114486522e-05 0.9999999999342478185 0.4949954485246149116
0.9984485577971538017 -0.05568193095572649548 -2.415800120935846607e-07 69.92670621401529729 0.05568193095556659561 0.9984485577539899959 9.288153721262491709e-06 -2.06538800089723118 -2.75977119556468345e-07 -9.287195329146441929e-06 0.9999999999568359721 0.4949971832669349259
0.9986768106335777162 -0.05142594582310661827 -1.084817011951630246e-06 72.00980972617026055 0.05142594583406225744 0.9986768104936708523 1.671805757609678148e-05 -1.997271244282273095 2.236396702891720489e-07 -1.675172416098134911e-05 0.9999999998596648121 0.4950096004949331441
0.9989741221309983432 -0.04528469181494577944 -1.435099164548664074e-06 74.08109760514919628 0.04528469183147249 0.9989741220172577707 1.509338841394505116e-05 -1.944640480388083459 7.501274851439402163e-07 -1.514289246421712851e-05 0.9999999998850650496 0.4950107518258363704
0.999336034996070488 -0.03643472463688476881 -1.09539904223571767e-06 76.13268636449082294 0.03643472464591064608 0.9993360349479449845 9.835103172491615529e-06 -1.908712043191445717 7.363324596885395861e-07 -9.86848357065629717e-06 0.9999999999510353899 0.495005707736217937
0.9996583324521479685 -0.0261384459990579264 -1.406385659716735522e-06 78.15416057178276787 0.02613844600636699295 0.9996583324380498015 5.457338246493820493e-06 -1.89300760751237096 1.26325880230264857e-06 -5.492234386747976383e-06 0.9999999999841198139 0.4950025055062446944
0.9999393626136148239 -0.01101231567614494901 -1.248748992232204823e-06 80.15462041376711966 0.01101231568591314221 0.9999393625814335662 8.105743134741402156e-06 -1.902084110576505838 1.159410269127332081e-06 -8.119003241777934441e-06 0.9999999999663687911 0.4950070674750194355
0.9999553634642049937 0.009448337467156391056 -7.135423081268426314e-07 82.11007948214097496 -0.009448337462062748535 0.9999553634411607606 6.833133153620395034e-06 -1.949289342421378413 7.780722060471723105e-07 -6.826086357707135418e-06 0.9999999999763995451 0.4950062781591977323
0.9994115858803871433 0.0342998835124641091 -1.146248160851480009e-06 84.07889194008203049 -0.03429988349400021203 0.9994115857913741241 1.343508920098050937e-05 -2.034925623950702978 1.606395686720208828e-06 -1.338786762642397753e-05 0.9999999999090922742 0.4950195798770490874
0.9978714903633165711 0.0652111088868948946 -2.602995379918854639e-07 86.04076206449828135 -0.06521110887339098827 0.9978714902235591433 1.67555606864286021e-05 -2.176914569142270217 1.352394180264161225e-06 -1.67029218925278218e-05 0.9999999998595917594 0.4950266148128469323
0.9949433154407112401 0.1004380359317376264 -5.03233780970509004e-07 87.9678112019160352 -0.1004380359051084276 0.9949433152700196681 1.858115307923258912e-05 -2.387946365935274873 2.366943607019745661e-06 -1.843665023680127318e-05 0.9999999998272437463 0.4950324766443279234
0.9892255213313581041 0.1463996856167037453 -5.156842022138667851e-07 89.86146019720257527 -0.1463996855830280996 0.9892255211681011406 1.825163076215198765e-05 -2.678221667435446651 3.182160979264382924e-06 -1.797948295077300625e-05 0.9999999998333060081 0.4950354990190596882
0.9803468572411362381 0.1972816248396026817 -5.533587068863585605e-07 91.73821268297727727 -0.1972816248152732821 0.9803468571572719892 1.320371470502830591e-05 -3.065229524972284292 3.147333760103187658e-06 -1.283505271018285909e-05 0.9999999999126778505 0.4950408921288527164
0.9685567225806406277 0.2487928358000856821 -7.952587657608497359e-07 93.57423340823011415 -0.2487928357888113673 0.9685567225589534202 6.946440497546447999e-06 -3.548639469495767251 2.498477853852745242e-06 -6.530166958385470677e-06 0.9999999999755572189 0.495036627883428948
0.9542277570632813344 0.2990809048604828324 -2.166798925539896013e-07 95.33978057161051822 -0.2990809048519867952 0.9542277570411595855 6.880946750532329734e-06 -4.112476778138556277 2.264721748313722588e-06 -6.501185565904060872e-06 0.9999999999763028447 0.4950397397604597849
0.9373308196735166131 0.3484407187624286584 -8.533852361452665448e-07 97.06417328551496837 -0.3484407187587391652 0.9373308196707367257 2.917369103440243739e-06 -4.768868812365482768 1.816434470188969221e-06 -2.437185807957282344e-06 0.999999999995380362 0.495038153454836316
0.9179229202272650712 0.396758758597268113 1.937333607862919903e-07 98.77352028703522535 -0.3967587585951789508 0.9179229202206103944 3.729905049502508291e-06 -5.51711058102846863 1.302040204849191535e-06 -3.500630742933805032e-06 0.9999999999930251349 0.4950454478904248723
0.8945406879436342829 0.4469865295681658135 4.119327675267632141e-07 100.4163439356745613 -0.4469865295630290336 0.8945406879280953794 5.706323706759637911e-06 -6.349164367435355949 2.182159209033527036e-06 -5.288667132443917753e-06 0.9999999999836340914 0.4950514770227117389
0.8677640812396957282 0.4969763568947275778 3.224195509138414071e-07 102.0077423501984129 -0.4969763568832860079 0.8677640812149302052 7.379549838017356528e-06 -7.269026187515814641 3.387677688656463811e-06 -6.563943178950783141e-06 0.9999999999727191557 0.495058188420284373
0.8351786664337371713 0.5499787224302171706 3.197387040379024455e-06 103.5346218081623419 -0.5499787224226072579 0.8351786663483714568 1.269587044643712026e-05 -8.276544276942260581 4.312069164087720562e-06 -1.236181498822910686e-05 0.9999999999142957785 0.4950704322328470797
0.7951961469927401049 0.6063522801532569284 1.27702611861436e-05 104.9968157164849885 -0.6063522802626287733 0.7951961465918135907 2.584713568102539022e-05 -9.372805692793608756 5.517607169427959559e-06 -2.82968196941174779e-05 0.9999999995844230938 0.4950936928191342901
0.7472831557646546496 0.6645057448423542512 1.357054108585779597e-05 106.3285747932837211 -0.6645057449377476111 0.7472831553274705829 2.666048663784300411e-05 -10.55205387485248991 7.57500976899860967e-06 -2.894063510241497161e-05 0.9999999995525294949 0.4951058182141871988
0.695106388614624815 0.7189068843405497233 1.253517515650840182e-05 107.5533530541348171 -0.7189068844055287455 0.6951063882725376786 2.322233128118910504e-05 -11.80596774007074856 7.981413499079551097e-06 -2.51536145493228324e-05 0.9999999996517963119 0.4951077150907081115
0.6386827198751731105 0.7694701965058085014 4.939288847904891405e-06 108.6632231652986604 -0.7694701964946838446 0.6386827197858708782 1.247351199977899004e-05 -13.15146193752117831 6.44335729439958302e-06 -1.176725213075583097e-05 0.999999999910007431 0.495103690843354205
0.5816742434985867627 0.8134218305697460405 -2.267828019511603042e-06 109.682589276562652 -0.8134218305665998905 0.5816742435027950631 2.316400867728309247e-06 -14.58671392175025794 3.203348181804762688e-06 4.973100966660209229e-07 0.9999999999947456475 0.4951028690197444848
0.5240702426908656619 0.8516750440876876826 -2.530860940127634697e-06 110.6157218851965354 -0.85167504409023842 0.5240702426928158797 1.281061645714804854e-07 -16.10587744482123185 1.435453730473777646e-06 2.088334474012294144e-06 0.999999999996789235 0.4951056864743194619
0.4764034151178497267 0.8792268114756164321 -6.978791774827967097e-06 111.4680078357141753 -0.8792268115018060382 0.4764034151167225728 -1.929834926939450586e-06 -17.71285516993998144 1.627957625429285232e-06 7.055320790124683517e-06 0.9999999999737859691 0.495111840852274887
0.4419337729903536349 0.8970476800052248345 -9.486151989047428049e-06 112.2664780368508843 -0.8970476800539817219 0.4419337729836395057 -2.90636843803678399e-06 -19.37869129644458965 1.585099875034679378e-06 9.793953003936136197e-06 0.9999999999507829251 0.4951241038859679477
0.4169155284852787413 0.9089452358888011618 -1.628267772010300984e-05 113.0246683770722456 -0.9089452360342009651 0.4169155284005005013 -8.455503405421487136e-06 -21.10433301363871905 -8.970883519475913705e-07 1.832529301444822694e-05 0.9999999998316896344 0.4951290386056103054
0.4004152903138396558 0.9163337789380299192 -2.9364369586055274e-05 113.7537733982807566 -0.9163337794038971529 0.4004152900043435603 -1.601063243392110755e-05 -22.87479719554825408 -2.913140757767665158e-06 3.331846579673958047e-05 0.9999999994406967296 0.4951362986234699171
0.3892484899406055687 0.9211327876608177423 -2.402918906350756594e-05 114.4730819300144162 -0.9211327879727865264 0.3892484897612525363 -1.192888313207316549e-05 -24.67195845930646669 -1.634759819968735317e-06 2.677737366063136164e-05 0.9999999996401498503 0.4951511750594969063
0.3834069495112714665 0.9235795093411061085 -3.152675216635687761e-05 115.1868318670096016 -0.9235795098787711321 0.3834069492550039038 -1.404610152170706751e-05 -26.49904875550622307 -8.851156835521038416e-07 3.450283525083669829e-05 0.9999999994043855533 0.4951611603984646948
0.3838606122690385036 0.9233910491344112792 -2.700228043281074179e-05 115.9101519589783038 -0.9233910495288503162 0.3838606121308806296 -1.033184433127021695e-05 -28.33996731180785744 8.247793193234045601e-07 2.889965215939522837e-05 0.9999999995820649801 0.4951690979489133393
0.387360151100740735 0.9219284751624959862 -5.098910660422974082e-06 116.6535535960102266 -0.9219284751640991482 0.3873601511183628054 3.064429278630400406e-06 -30.1794421885298334 4.800299416051507243e-06 3.513793141753916636e-06 0.9999999999823050434 0.4951891201704979872
0.391839545013142887 0.9200335705172967282 9.344533768146345008e-06 117.4179639418995436 -0.9200335705485613857 0.391839544925781047 9.912376331528290177e-06 -32.03632045150756369 5.458161129353061569e-06 -1.248134579956437556e-05 0.9999999999072123336 0.4952089594918750448
0.4047112158978790064 0.9144445481972798273 9.828136958981515517e-07 118.1878184175267705 -0.9144445481870229209 0.404711215887652187 5.291743877540753785e-06 -33.88832550806557009 4.441250613415497231e-06 -3.040356724997279092e-06 0.9999999999855155863 0.495213527529031694
0.4214349371523313237 0.9068586403734677504 -1.138546130781209116e-05 118.9932203603390235 -0.9068586404393670364 0.4214349371605388139 -1.785547435926785451e-06 -35.75662107086364472 3.178992050734637748e-06 1.107749603381980395e-05 0.9999999999335915657 0.4952135890285759845
0.4398394341794559237 0.8980764285400837377 -2.536960280563787178e-05 119.8325952523682218 -0.8980764288937429507 0.4398394340927879731 -9.199499825482900547e-06 -37.60693797087919421 2.89669779356576346e-06 2.683014508811434274e-05 0.9999999996358760468 0.4952167962827144776
0.4608470866428213131 0.8874795558219220615 -2.707731304220513572e-05 120.7046480432869089 -0.8874795562262496329 0.4608470865592033672 -9.622167900349880499e-06 -39.41011247229835845 3.939023533105283259e-06 2.84649098065597687e-05 0.9999999995871166059 0.4952179700885793734
0.4831236561058152024 0.8755521299626239928 -2.51216122481919865e-05 121.62533742554767 -0.8755521303060652683 0.4831236560761664189 -7.638192686968088278e-06 -41.20700261510722129 5.449209279734467934e-06 2.568547269759615569e-05 0.999999999655281302 0.4952288844736513762
0.5044265475952319777 0.8634546067206843034 -1.47043092606507967e-05 122.5914817206362386 -0.8634546068261836904 0.5044265476256272196 -1.83427497973139488e-06 -42.96466395423307461 5.833430774328057508e-06 1.362176056667206481e-05 0.99999999989020949 0.4952572199618436311
0.525188049564117021 0.8509861998581672582 -1.575521992353383225e-05 123.5755814181798797 -0.8509861999775242269 0.5251880496038404678 -1.833093377373806948e-06 -44.67696041564985165 6.714516055523791779e-06 1.437019346807008403e-05 0.9999999998742065133 0.4952733246056846839
0.5445379616772507703 0.8387361968664892586 -1.898830514909888252e-05 124.5817675038689316 -0.8387361970465596617 0.5445379617215015955 -3.209367518975096541e-06 -46.34258844323806414 7.648040275224185868e-06 1.767380129617067685e-05 0.9999999998145721047 0.4952809127427305058
0.5619520979777047343 0.8271697765432807214 -1.881563898692794034e-05 125.6376204009048223 -0.8271697767277631508 0.5619520980044349079 -4.334692751461143205e-06 -48.01174242791874747 6.987960969388302801e-06 1.799961758557971713e-05 0.9999999998135911117 0.4952802517367870805
0.5785974820035464372 0.8156132377132540023 -1.697914889681056576e-05 126.6821312867573539 -0.8156132378584810549 0.5785974820388002371 -3.255432817605625304e-06 -49.58952693619662 7.168918698331159332e-06 1.573200383890724772e-05 0.9999999998505553211 0.4952829496417934796
0.5936893571460361008 0.8046943190423538894 -1.071082092517104094e-05 127.7718078794043635 -0.8046943190892968945 0.5936893571790136104 -1.244178201337325048e-07 -51.16114766149796367 6.258782076875074712e-06 8.692802286920607975e-06 0.9999999999426314456 0.4952987642311181271
0.6082978465229833542 0.7937088444850489699 -1.019521211294613085e-05 128.8830642021704591 -0.7937088445281513804 0.6082978465521039491 -3.046311230209680816e-07 -52.71257685883394828 5.95993715679990149e-06 8.277336482003417274e-06 0.9999999999479824986 0.4953079067356222498
0.6238022010225455771 0.781582250265379308 -8.471498362717451203e-06 129.9880700424547513 -0.7815822502913954972 0.623802201047360394 3.73705645139760126e-07 -54.19263714991988223 5.576621023897464258e-06 6.388054349699845915e-06 0.9999999999640469817 0.4953206644342326159
0.6377346159343884047 0.7702561649384424003 -3.946415172800377955e-06 131.1435874774806507 -0.7702561649253744092 0.6377346159465746567 4.490257933354622832e-06 -55.66940480930931301 5.975414419921730558e-06 1.76157697630277078e-07 0.9999999999821317376 0.4953357769835628477
0.6510611323803771056 0.7590252972681016397 -3.589415736099959e-06 132.2969763328550243 -0.7590252972535636022 0.6510611323901817071 4.710277556935176821e-06 -57.10008070257602242 5.912148896632366876e-06 -3.422212939842025034e-07 0.9999999999824646935 0.4953460911358184005
0.6651235230729226622 0.7467333520115810863 -7.130525266948338642e-06 133.4744647793233696 -0.7467333520294444638 0.6651235230910488294 2.319582036123139105e-07 -58.51529779310745027 4.915891013952428546e-06 5.170320176726693912e-06 0.9999999999745509127 0.4953543618474033905
0.6783059880164077349 0.7347795496507028012 -6.199056786696878799e-06 134.664575879918516 -0.7347795496549732741 0.6783059880371763439 1.994447349079192539e-06 -59.88321821918923149 5.670336463557437014e-06 3.202094574350869658e-06 0.9999999999787969607 0.4953647855923584142
0.6918033980237444647 0.7220859079360687494 -6.72134213178933303e-06 135.8615310848169031 -0.7220859079425249183 0.6918033980471759437 1.85278213932450105e-06 -61.21677531650474435 5.987715199491374023e-06 3.571625456043054521e-06 0.9999999999756953306 0.4953756225824271775
0.7060675821193220791 0.7081444552140397919 -5.658446597780350542e-06 137.062789927834018 -0.7081444551973082868 0.7060675821417827791 4.898669401452082304e-06 -62.49557601521900096 7.464211282538140034e-06 5.482059233630514411e-07 0.9999999999719925148 0.4953874661983747041
