0.9999727208254474142 0.007386311999347235611 0 -0 -0.007386311999347235611 0.9999727208254474142 -0 0 -0 0 1 0.4949999999999998845
0.999988497672677723 -0.004784254656926122812 0.0003397527797512167429 0.4893435535079811438 0.004784263924553731721 0.999988554994640233 -2.647006487875933954e-05 0.004851740717022280311 -0.0003396222517476664231 2.809522737883670757e-05 0.9999999419336902395 0.4949849541602320269
0.9999687202607869807 0.007908896083525556592 8.868470315054398194e-05 3.021520097269331462 -0.007908884543477302798 0.9999687158696290989 -0.0001297287767266029461 -0.01175896459744574067 -8.97079401408827599e-05 0.0001290233217663219213 0.9999999876527336795 0.4942664369108279443
0.9999807865308089072 0.006198895393462161563 -1.635109112239266141e-05 5.380304434631998589 -0.006198896810807601361 0.9999807827744343625 -8.810443239224595912e-05 -0.02849814995055124922 1.580462673969048682e-05 8.820409832705970829e-05 0.999999995985125123 0.4942973609410166724
0.9999295897747337847 0.01186652426780687546 -3.312048406014596509e-05 7.313988003803910232 -0.011866527284346522 0.9999295860166300676 -9.241781906612959693e-05 -0.1278070829085589388 3.202147362220675162e-05 9.280433703444085738e-05 0.9999999951809899201 0.4943486744737798366
0.9997297431134346546 0.02324716847258980271 9.947153028234460262e-05 8.859781755341204601 -0.0232471585971600718 0.9997297433591755267 -9.930955676510590973e-05 -0.2638941085114699936 -0.0001017533134377696758 9.697028723311233722e-05 0.9999999901215130826 0.4941427002588461015
0.999733214899451661 0.02309707498339330298 0.0001554228136073324972 10.8617992403849577 -0.02309706536734593488 0.9997332251936891234 -6.338354374213999018e-05 -0.3687664624862723728 -0.0001568453251788611534 5.977682307158524422e-05 0.9999999859131373237 0.4937568588280731308
0.9997212250028182368 0.02361059421288623852 0.0001101000066707987396 13.34235519979528561 -0.02361059053723396986 0.9997212305547533706 -3.456595659266191304e-05 -0.4773321370486736104 -0.0001108854369277071018 3.195679429255915822e-05 0.9999999933415913977 0.4935596388734235784
0.9993353735324618237 0.03645280635312869721 6.417124613000773855e-05 15.54955151275995107 -0.0364528047446103301 0.9993353753116901439 -2.606006971818633052e-05 -0.5847075123276911368 -6.507855901053614641e-05 2.370352760071044835e-05 0.9999999976014617431 0.4935023595197125523
0.9991712367121965421 0.0407042521635795837 5.987533555279312374e-05 17.39004215759227989 -0.04070425061976317566 0.999171238210199153 -2.678084359663532432e-05 -0.6226698575103158939 -6.091580737344631265e-05 2.432146795236269759e-05 0.9999999978488650632 0.4933915843241747368
0.998891179476596891 0.04707869912361505732 8.749236362004315546e-05 19.04393845215813741 -0.04707869425728296309 0.9988911819186252483 -5.687243421518733874e-05 -0.7058896226640715144 -9.007283072412356536e-05 5.269034665619842171e-05 0.9999999945553060821 0.493186428160250212
0.9985927253818218663 0.05303355656124704443 0.0001034176136374344881 20.9456123086971111 -0.05303354849864279352 0.9985927280238735548 -7.920677185374526592e-05 -0.8322961013784381246 -0.0001074726937430641247 7.361070314567279879e-05 0.999999991515541975 0.4929267912708239496
0.9980159680752080931 0.06296125470958728598 8.873856107990529124e-05 23.26248618639865029 -0.06296124759981462649 0.9980159692012269268 -8.076040553533914818e-05 -1.014257347473286552 -9.364727750504389366e-05 7.501308379669485184e-05 0.9999999928016121142 0.4927077086529230709
0.998416080394314065 0.05626121962870694881 7.468719895460127292e-05 25.48843982087833737 -0.05626121543106028106 0.9984160817879249583 -5.716380067866045267e-05 -1.184507196427472486 -7.778500568476192105e-05 5.287126522370279123e-05 0.9999999955770608739 0.4926021626956957888
0.9977178366501935347 0.06752120483065396361 7.301032266546561567e-05 27.38923122415798517 -0.06752120220310660337 0.9977178387804040982 -3.787663339310976565e-05 -1.313987180826099443 -7.540117726008004626e-05 3.286044796895705493e-05 0.9999999966174264454 0.492481152593263305
0.9972969867632379692 0.07347593738302254929 8.258864674406255e-05 29.18089462102891929 -0.07347593294175072676 0.9972969889610583394 -5.558577447344188423e-05 -1.478821998848926844 -8.644962560481960173e-05 4.936724751934774076e-05 0.9999999950446682995 0.492283232170693863
0.9977679607947611551 0.06677640905710741093 8.72188869366067503e-05 31.26553102275248719 -0.06677640206035585779 0.9977679618024224428 -8.081302990178715557e-05 -1.675633103510987709 -9.242061499128009577e-05 7.480848858941662545e-05 0.999999992931059678 0.4920493501931100799
0.9978238540665542722 0.06593594511289241344 8.602365929379837412e-05 33.53229556676389933 -0.06593593932778983591 0.997823855809814253 -6.843997184267695767e-05 -1.859313949297625834 -9.034911363435433891e-05 6.261898569631598084e-05 0.9999999939579499175 0.4918560435680014997
0.9974723939443761456 0.07105502624957502067 8.102950005091782775e-05 35.54812403401889043 -0.07105502172973911235 0.997472395908230669 -5.736124799901883795e-05 -2.039016503079017273 -8.490049453731378642e-05 5.145870847435050308e-05 0.9999999950719534736 0.4917206054577468177
0.9975975506662572156 0.06927568712562655329 7.797556917726500996e-05 37.50044646199876297 -0.06927568250916706083 0.9975975522040868571 -6.042793822609227912e-05 -2.225189378446806643 -8.197442388515754983e-05 5.488095239236567206e-05 0.9999999951341371762 0.4915735192355106808
0.9983635382650399848 0.05718599772168533185 8.443765670093776089e-05 39.59372056405880613 -0.05718599422994269377 0.9983635411008476845 -4.32058058780650353e-05 -2.367786480969325424 -8.677024506271252492e-05 3.830644988112785678e-05 0.9999999955017699893 0.4914265166197770429
0.9990958577073905111 0.04251422978591790774 8.59062074526036393e-05 41.69099333306902366 -0.04251422444560371688 0.9990958596376096068 -6.306351670850889512e-05 -2.512992499695773319 -8.850963302351955099e-05 5.935426253102139176e-05 0.9999999943215579501 0.4912236160412400965
0.998997093187845131 0.04477499950892629976 8.499084737953861929e-05 43.7767797092144022 -0.04477499533329130227 0.9989970957182722211 -5.041421763041748714e-05 -2.627719728759521534 -8.71629062644390122e-05 4.655819207333492909e-05 0.9999999951174810553 0.4910396937407407458
0.9987839792285541085 0.04930066885838328694 8.299833497593148114e-05 45.77643778664855745 -0.04930066494129644455 0.9987839816881221022 -4.859834734024580345e-05 -2.761281901857438381 -8.529333851003158132e-05 4.444737763708817523e-05 0.9999999953747382708 0.4908562817806840783
0.998978185733076951 0.04519488542370084239 8.223880484821846171e-05 47.77900658933792499 -0.04519488276740955823 0.9989781886638946506 -3.387737699128148209e-05 -2.862217917420030844 -8.368585647673329464e-05 3.012598746009875292e-05 0.9999999960445509206 0.4907009156262246985
0.9994434069058668602 0.03335969490398298098 8.456086321275628308e-05 49.89408322879706503 -0.03335969162102762897 0.9994434097945975592 -3.994158890082516819e-05 -2.952274973047360973 -8.584623668424355193e-05 3.709843336828882841e-05 0.9999999956270647639 0.4905215060418293138
0.999861363109290302 0.01665073117914157158 8.783316311556860277e-05 52.01185391901753263 -0.01665072569766360214 0.9998613650878630521 -6.277426998196148906e-05 -3.027758258771670707 -8.886622386715335698e-05 6.130308124615989785e-05 0.9999999941723629604 0.4902911186219102158
0.9999730998544379412 0.007334265358277373449 9.011877351642908428e-05 54.25151641840596994 -0.007334256642926937318 0.9999730993072246665 -9.666246226172742185e-05 -3.108877430185676527 -9.082529740738998724e-05 9.599890781411772719e-05 0.9999999912674872871 0.4900401174153604655
0.999998627997545797 0.00165427349470135274 8.593290034251189243e-05 56.39630008698281927 -0.001654262330867170777 0.9999986232813087295 -0.0001298224178616841698 -3.245169342599054652 -8.614754382196738471e-05 0.000129680084184990188 0.9999999878808378817 0.4899152355676284487
0.9999882384967266891 -0.004849371619327028787 8.040736088696128338e-05 58.45294765885113009 0.004849378381636490314 0.9999882381585115665 -8.412003533444225515e-05 -3.36989851265758622 -7.999848583636042919e-05 8.450897167398099309e-05 0.9999999932292377158 0.4898546246181998409
0.9999862811154770492 -0.005237629109696675944 6.945775553320020777e-05 60.16577317207502063 0.0052376315067838514 0.9999862829243314488 -3.437456542220075238e-05 -3.483844629820207039 -6.927676155142359913e-05 3.473788797027780911e-05 0.9999999969970044811 0.4897897660290032595
0.9996215295123417333 -0.02750986042722976255 7.29171683774432612e-05 62.53532804178227167 0.02750985812974434883 0.9996215317123418043 3.232623613182296585e-05 -3.455646651979390249 -7.377886178571062075e-05 -3.030806064818403057e-05 0.9999999968190502742 0.4897180762510689456
0.9990977599195239867 -0.04246952816412798148 7.282539533856659275e-05 64.80255219596300265 0.04246952623821451112 0.9990977622690101478 2.779191814261329399e-05 -3.418043326679824467 -7.393999916941075426e-05 -2.467398312201213965e-05 0.9999999969620353424 0.4895499259989520291
0.9992355635745443498 -0.0390932765897055931 6.492746709716966922e-05 66.47128382057728402 0.03909327568454791513 0.9992355656044685785 1.515263402448409813e-05 -3.382891335234415653 -6.547020042108761214e-05 -1.260282342836508192e-05 0.9999999977774106652 0.4894091460339140554
0.9992250896601484467 -0.03936007486107424153 6.857719492392041984e-05 68.39743150733268351 0.03936007568994778771 0.9992250919226013384 -1.077881497566860275e-05 -3.350328812438594372 -6.809979893729257072e-05 1.346966594330247186e-05 0.9999999975904925176 0.4892147633463480028
0.9986813906558519305 -0.05133687012804191013 7.566625837817919371e-05 70.54070587141166015 0.05133687125845348004 0.9986813933786578001 -1.307241388101297595e-05 -3.268917747807669638 -7.489538753519998254e-05 1.693964543888835911e-05 0.9999999970518644865 0.4890557745187540939
0.9983352747005147521 -0.05767732310288613967 7.543583824353583414e-05 72.57663360621212689 0.05767732324921095305 0.9983352775420605285 2.36115439144434918e-07 -3.163314686041024615 -7.532387701595146272e-05 4.115214855148186929e-06 0.9999999971546890132 0.4888829012710299016
0.9979983064445225871 -0.06324060820472689193 7.622331267643605831e-05 74.53649645854733308 0.06324060748222612438 0.9979983093307248643 1.185437527173516883e-05 -3.033370978180928379 -7.682041508474204982e-05 -7.010237847183928113e-06 0.9999999970247399617 0.4887563504130633674
0.9984657451065204192 -0.05537283640941481622 6.956356519938333293e-05 76.2540156914973295 0.05537283591775821884 0.9984657475167084684 8.975406088368116842e-06 -2.918875045375519672 -6.995383081976887067e-05 -5.109703646016243828e-06 0.9999999975401759889 0.4886323734500905291
0.9986213269329810016 -0.05249228569634690339 7.306995210238965987e-05 77.91198151574393194 0.05249228867992611347 0.9986213286670636569 -3.95297898047072653e-05 -2.876681372746404453 -7.089420363418178503e-05 4.331090016774570588e-05 0.9999999965490886655 0.4884455522078918754
0.9985480276399060218 -0.0538686399298830762 7.829936580734245591e-05 79.79695628348031278 0.05386864470205959127 0.9985480286393636495 -6.017172636444279975e-05 -2.79306397417004959 -7.494430830914865726e-05 6.430223939797474644e-05 0.9999999951242860563 0.4883056175178130953
0.9988294374130537445 -0.04837094558735011152 8.113162612234070775e-05 81.82660443589789168 0.04837095055724163761 0.9988294386378431255 -6.04552126701068902e-05 -2.712290856948244677 -7.811238077301564371e-05 6.430885993576161838e-05 0.9999999948814130013 0.4881556220643750721
0.9991098770482997882 -0.04218350048113524847 7.664151581965950109e-05 83.74027688544261139 0.04218350484460545169 0.9991098782209143492 -5.623742064952685904e-05 -2.655756314044992461 -7.42010042762193152e-05 5.942037018453865256e-05 0.9999999954817150316 0.4880197812195695706
0.9995805343921103647 -0.02896118751804757988 6.988676704760612426e-05 85.43307045924426291 0.02896119173503124491 0.9995805349061581691 -6.010189782703205969e-05 -2.640556110456732331 -6.811682965514910266e-05 6.210069120813179258e-05 0.9999999957518006521 0.4878939749973178475
0.9999609182750305303 -0.008840664606706669093 6.763210783118917392e-05 86.95095649541239879 0.008840668291025097561 0.9999609190513683021 -5.437226773958696448e-05 -2.660790593872977006 -6.714877772126526517e-05 5.496805580873180129e-05 0.9999999962347769777 0.487771740238782836
0.9998139578160629704 0.01928846591420266959 6.957793504049551269e-05 88.35190588998126771 -0.01928846267708739584 0.9998139591995041098 -4.689988957592122591e-05 -2.715568366191682514 -7.046961762722850071e-05 4.554911281486111142e-05 0.9999999964796554286 0.4876700803332046363
0.9984062083234920282 0.05643613660958365225 7.528562092672698165e-05 89.74118802959031882 -0.05643613398523172203 0.9984062106416423665 -3.654079816093666188e-05 -2.81296220925312257 -7.722785298209051605e-05 3.22337303511925974e-05 0.9999999964984224166 0.4875699207665833423
0.9946900067764049558 0.1029163926476629742 8.090599732727741622e-05 91.09527147151123927 -0.1029163893691456277 0.9946900094459024677 -4.370310728621329096e-05 -2.980408535110565804 -8.497415339509056473e-05 3.514449095944040746e-05 0.9999999957721287247 0.48746117598689781
0.987958302224551832 0.1547203492009552594 8.13077378587769527e-05 92.37899926141632534 -0.1547203458184224223 0.9879583050103567521 -4.640175940164689066e-05 -3.205383497747477328 -8.750795129734523323e-05 3.326304211945956181e-05 0.9999999956179640437 0.4873505349105640705
0.9773875089916618242 0.211456026544245862 7.81500234828442521e-05 93.61697671817513822 -0.2114560237096438366 0.9773875117832039328 -4.300437667073833209e-05 -3.497412900962721505 -8.547639161250248285e-05 2.550664737145457196e-05 0.9999999960215985029 0.4872420368802389268
0.9626070061045290949 0.2709017280828511232 7.431307282821153818e-05 94.78309946227912519 -0.2709017251994469411 0.9626070086543325743 -4.664497301552244553e-05 -3.85910978410983585 -8.4170488535359277e-05 2.476923819026395304e-05 0.9999999961509066226 0.4871368009004776733
0.9425832075022794188 0.3339713937993875614 7.113818802381626579e-05 95.86050711426241833 -0.333971391096860859 0.9425832099560699229 -4.732833696722890519e-05 -4.275839110520166741 -8.285997228109972124e-05 2.08527760498953692e-05 0.9999999963496931654 0.4870427702266775793
0.9162185526684470949 0.4006788727287398655 6.85360823417967746e-05 96.85124219261371081 -0.400678870101012552 0.9162185550636428033 -4.913144472921162883e-05 -4.751961089231195423 -8.247996222255881403e-05 1.755418114644698564e-05 0.999999996444453032 0.4869533815569215829
0.8812513705598022939 0.472647878548126843 6.922902455387555882e-05 97.76720249299667387 -0.4726478767879080389 0.8812513732726796611 -4.092836756210167787e-05 -5.278731563228099333 -8.035287905909623202e-05 3.347228541390223411e-06 0.9999999967661051814 0.4868740906152415615
0.8307026084843955882 0.5567164185453943315 7.47090539988049722e-05 98.63132965183751821 -0.5567164181817074731 0.8307026116323532605 -2.750182484062127427e-05 -5.876595734761434819 -7.737172369812325354e-05 -1.874591931477345366e-05 0.9999999968311032994 0.4867951666210633688
0.7614032176244751593 0.6482785928865956171 7.87293085614121504e-05 99.38007836143064821 -0.6482785935956186796 0.7614032208386086742 -1.960898062443051701e-05 -6.534011794242772453 -7.265683148020219881e-05 -3.610818448717040047e-05 0.9999999967085917429 0.486716799748383222
0.6759124315167508446 0.7369819391416080334 7.938779050296582466e-05 100.0179130323184893 -0.7369819401938206838 0.6759124347139747746 -2.072223905741226206e-05 -7.261341389935748403 -6.89311106893102511e-05 -4.450094888480942822e-05 0.9999999966340835655 0.4866371732537739803
0.5845357282256098408 0.8113679658449673981 8.019095010233948464e-05 100.5704433083081284 -0.811367966500134874 0.5845357319120140227 -3.252313970934522807e-05 -8.061016873385813852 -7.326270941965395294e-05 -4.605343096206361016e-05 0.9999999962558282496 0.4865575437490562427
0.4914886154526610373 0.8708839965680795769 7.351372611399412604e-05 101.0265872990533609 -0.8708839963492660541 0.4914886191995521125 -4.585064675323361329e-05 -8.937736051417067173 -7.606175422966838758e-05 -4.148685669432475564e-05 0.9999999962467247538 0.4864740301277353796
0.4024041806616504013 0.915462107739021147 6.842723940350209583e-05 101.3920679579695587 -0.9154621073403129694 0.4024041842449080919 -5.028375363167543639e-05 -9.862152527418702519 -7.356827853698057369e-05 -4.240815210306347958e-05 0.9999999963946282211 0.4863980533468799661
0.3182000185744118248 0.9480235983320630666 7.202085657580725112e-05 101.7001817893284539 -0.9480235989012604225 0.3182000220649952027 -4.343237480716756856e-05 -10.8654205085627158 -6.409195440035955825e-05 -5.44572891765767719e-05 0.9999999964633123906 0.4863561184165779983
0.2484347656732086851 0.9686486264356757303 7.557386398372451918e-05 101.9491713667286348 -0.9686486276963691688 0.2484347690895269689 -3.964349265371486735e-05 -11.95591869204616309 -5.717579015413363841e-05 -6.335569782965360557e-05 0.9999999963584919049 0.4863050121958832905
0.1956101871759237387 0.9806817265971317088 7.611636610743947732e-05 102.1469652906231147 -0.9806817281551372112 0.1956101904495245181 -3.817311425132282097e-05 -13.12651263961505954 -5.232481246417882255e-05 -6.717887943134370592e-05 0.9999999963745558329 0.4862500007923504231
0.1550872096017920088 0.9879007805043611423 7.279447980153302576e-05 102.3006009330140103 -0.987900782046607695 0.1550872125413450542 -3.660722664746821243e-05 -14.35923666454517189 -4.745380073795090885e-05 -6.62364108925942623e-05 0.9999999966804370422 0.4861903800167897693
0.1263032283753143525 0.9919916776817193638 7.690522505154084886e-05 102.4344476843315874 -0.9919916796195807906 0.1263032314183948901 -3.606975222562293305e-05 -15.66065458620008499 -4.549427246082812505e-05 -7.173361721760601703e-05 0.9999999963922796553 0.4861457529326078664
0.1050991867524095902 0.9944617412087047859 7.885661547018923674e-05 102.5437607615139655 -0.9944617433534362894 0.1050991898417368425 -3.610107037674354155e-05 -17.03185082076797841 -4.418889970593264406e-05 -7.462569415794870328e-05 0.9999999962391732389 0.4860881158524894552
0.08608262610017805572 0.9962879981976563437 7.831498023999709226e-05 102.6359472346694162 -0.9962880002973664162 0.08608262923327539284 -3.754988833421164693e-05 -18.48945397480714092 -4.415206248844821319e-05 -7.47918820590570975e-05 0.9999999962283847577 0.486030205831836204
0.06827851099086403031 0.9976662966198006632 7.435075660832559763e-05 102.7012178497070209 -0.997666298423050768 0.06827851401667889286 -3.894553891018935588e-05 -20.01343961831403462 -4.393121075162320128e-05 -7.151810072385689655e-05 0.9999999964776048467 0.4859647221638593861
0.05544778026662709747 0.998461585843266497 7.253334284722298805e-05 102.7528561827099622 -0.998461587503036152 0.05544778327628962361 -4.016086647022480851e-05 -21.63089657178371894 -4.412089549919796555e-05 -7.019492574678189807e-05 0.9999999965630093079 0.4859022850038246522
0.04583298413251914866 0.9989491140356838716 7.165935383651432793e-05 102.7913257308587731 -0.9989491156420852169 0.04583298712155286364 -4.064042269909750959e-05 -23.32196357947570675 -4.38820764908269282e-05 -6.97213762937626616e-05 0.9999999966066461798 0.4858420982341989935
0.03680644905298657843 0.9993224109524071475 6.541109088466760422e-05 102.8126811897356987 -0.999322412144234673 0.03680645179168279268 -4.116998431663977074e-05 -25.10401591159969215 -4.35496381494651481e-05 -6.385144819358915772e-05 0.9999999970132107396 0.4857758681018090052
0.02728466350133685117 0.9996277015285000012 7.400472574977899067e-05 102.8312900531375504 -0.999627703386887001 0.02728466651066087031 -3.996363992330177728e-05 -26.94108213764108228 -4.196795578353840775e-05 -7.288677957343211403e-05 0.9999999964631036686 0.4857160545912744265
0.01591158405485103636 0.9998733997686940489 7.700708601729864731e-05 102.8278780345297889 -0.9998734019401523954 0.01591158706424708469 -3.862584460301434841e-05 -28.78947489236566426 -3.984625951588143157e-05 -7.638273869652388679e-05 0.9999999962889762894 0.4856490725500097749
0.0003586272449976586965 0.9999999332968517729 6.924611123182582736e-05 102.789370759837837 -0.9999999349827770612 0.000358629856190556995 -3.770014055482944816e-05 -30.65347782347806671 -3.772497176302420208e-05 -6.923258643209279084e-05 0.9999999968918376059 0.4855740200778995153
-0.01524296329615990736 0.9998838171726386337 6.502659553720515934e-05 102.7248213958562246 -0.999883818644608291 -0.01524296092271346624 -3.684043228596055379e-05 -32.56899934539579533 -3.58449542056656515e-05 -6.558059801634871311e-05 0.9999999972071620391 0.4855127147856583281
-0.0342729514704832039 0.9994125074549786714 6.88642628690722228e-05 102.6284749719840335 -0.9994125092456360715 -0.03427294901786551856 -3.648551259489183301e-05 -34.47646680463829227 -3.4103896257776459e-05 -7.007427195387101022e-05 0.9999999969632600294 0.4854510554412533874
-0.05640724643899680535 0.9984078413066895807 7.048913954710653166e-05 102.4855213413628405 -0.9984078432491215738 -0.05640724393289178046 -3.705084489624666747e-05 -36.41956734564748643 -3.301575598239733691e-05 -7.246684592654863805e-05 0.9999999968292576646 0.4853851673147970835
-0.08217813500943374483 0.9966176539102890031 7.773644531981276594e-05 102.3012090918454504 -0.9966176564874416055 -0.08217813236609103344 -3.661329768919966278e-05 -38.35224599444894977 -3.010122295176821127e-05 -8.048232647893960594e-05 0.9999999963082555343 0.4853388687498040865
-0.1072762861199686307 0.9942292453412128195 7.8401412888034767e-05 102.0580976966053299 -0.9942292480142855826 -0.1072762834542438787 -3.746232048727823075e-05 -40.32646732699073766 -2.883552243460727111e-05 -8.196779639023957188e-05 0.9999999962248963259 0.4852912795893460918
-0.12928463625771347 0.9916075215249628982 7.80068196618714148e-05 101.7677702794678822 -0.9916075241909421134 -0.1292846335643630384 -3.865580885617588729e-05 -42.31293920949543974 -2.824630771690887622e-05 -8.234975150213602688e-05 0.9999999962103323092 0.4852386171247778934
-0.1366768052542018386 0.9906156906080054725 6.655044623023912505e-05 101.444020763207007 -0.9906156923783591139 -0.1366768028229441989 -3.982555244568416173e-05 -44.27990311147911484 -3.035591492263742098e-05 -7.136914564621688929e-05 0.9999999969924814325 0.4851733292908501638
-0.135527342466493339 0.9907736043979443741 6.537972189405806599e-05 101.1214497639771537 -0.9907736060980871784 -0.1355273401046096227 -3.931659311437625119e-05 -46.26355260233724209 -3.009310286749716201e-05 -7.01049762062938255e-05 0.9999999970898486579 0.4851271673626562086
-0.1264830560123577918 0.9919687656844200507 6.671233281929098765e-05 100.8026477953925308 -0.9919687674635474517 -0.1264830536097982794 -3.909762077600204287e-05 -48.31851563595039778 -3.034563905395121095e-05 -7.112173711993105107e-05 0.999999997010420083 0.4850780952891792785
-0.1131464758567243822 0.9935783162682576553 6.667061000332222482e-05 100.5168619430040877 -0.9935783180776863732 -0.1131464735851012704 -3.692430541645997277e-05 -50.32945415791645871 -2.914364479141773326e-05 -7.042032758364408262e-05 0.9999999970958122208 0.4850315922630385468
-0.09987184610892752001 0.9950003059978735909 7.362856261468806709e-05 100.2644104591782934 -0.9950003082619977013 -0.0998718435389986392 -3.780057909205745276e-05 -52.35612056981695162 -3.025816747803849788e-05 -7.703565611641274358e-05 0.9999999965749755138 0.4849907685168981519
-0.08849383999339120732 0.9960767212305177143 7.555209032362775233e-05 100.0199873690685308 -0.9960767236380059231 -0.08849383739848541708 -3.703104889444944133e-05 -54.50801591416824721 -3.019987137029538031e-05 -7.853269830921469233e-05 0.9999999964602914737 0.4849394215146027864
-0.0767139591847102037 0.9970531395771916605 7.299112494446543837e-05 99.79503430844573586 -0.9970531417923935713 -0.0767139567286871521 -3.587727189661643677e-05 -56.65458455372759516 -3.017210858341804955e-05 -7.552831802077621635e-05 0.9999999966925582351 0.4848783015461161638
-0.06846303942518626451 0.9976536502871322654 7.939558167318843773e-05 99.60590372616383092 -0.9976536530427027039 -0.06846303691679284098 -3.389562185777237496e-05 -58.76784380435381649 -2.838042823603718616e-05 -8.152988938729658253e-05 0.9999999962737139425 0.4848275292655821467
-0.05883459859920093377 0.9982677412314003851 8.26236132875015917e-05 99.4366687748780862 -0.9982677442498958387 -0.05883459602880844463 -3.320517934732958125e-05 -60.84277571681101193 -2.828653247403160618e-05 -8.443410145660454986e-05 0.9999999960353770367 0.4847663189236240955
-0.0516315590097768326 0.9986661978230695347 8.626741032380574133e-05 99.28746401996514237 -0.9986662010832336733 -0.05163155615460548326 -3.500383835649323235e-05 -62.93997913844384584 -3.050302952024647594e-05 -8.795964969103559202e-05 0.999999995666332242 0.4847099469025605289
-0.04499311542915310214 0.9989872933929158094 8.48864385066396503e-05 99.15175543785105106 -0.9989872964679222811 -0.04499311247096363792 -3.644336927160363458e-05 -65.03279996896840487 -3.258715775576909878e-05 -8.644017443080300519e-05 0.9999999957330863998 0.4846433216168412605
-0.03687254440564687041 0.9993199737601803356 7.426465287506495649e-05 99.01776573644536938 -0.9993199759381281577 -0.0368725417470484873 -3.685598548260074167e-05 -67.07300338356648695 -3.409259593191226134e-05 -7.557312508548444027e-05 0.999999996563198712 0.4845557657210838309
-0.02633096699832394513 0.9996532765752723648 8.253173726477977101e-05 98.92624702194663655 -0.9996532793776143899 -0.02633096402128554808 -3.695299143279869313e-05 -69.08983296873236668 -3.476703876052208926e-05 -8.347612980737513359e-05 0.9999999959114941328 0.4845036050918609671
-0.007691745400380981673 0.9999704150534934888 7.792735163744264853e-05 98.850399399523738 -0.9999704174362856746 -0.007691742554319144082 -3.675609949611165862e-05 -71.12199329622755783 -3.615561494213918371e-05 -7.820776490583293268e-05 0.9999999962881581661 0.4844273353528459891
0.01803171141346180534 0.9998374124531698159 7.774756558699259074e-05 98.82999369291225378 -0.9998374147916205823 0.01803171422371844732 -3.559768671462682513e-05 -73.05817734312678624 -3.699382085832554254e-05 -7.709303776901568663e-05 0.9999999963440600048 0.4843575288024216108
0.04947347984947096655 0.9987754344589431232 7.946801806174349906e-05 98.87240460793350394 -0.9987754368631369672 0.04947348275369482101 -3.500431605236687348e-05 -74.96444839983189468 -3.889301059418887166e-05 -7.763891913140426478e-05 0.9999999962297656531 0.4842860261986072778
0.08429746336556556696 0.9964406310869036165 7.994683838226338967e-05 98.97567506670034732 -0.9964406333862443343 0.08429746644227954777 -3.592304982561025971e-05 -76.83211196789700637 -4.253450236449257129e-05 -7.663405629819649049e-05 0.9999999961590185782 0.4842118616662666186
0.1235631751578987192 0.9923367047989337664 7.781982119586854313e-05 99.14129200594608449 -0.9923367068167047167 0.1235631782284683927 -3.595121087537499118e-05 -78.63754306283441053 -4.529137056973387191e-05 -7.278121932404048961e-05 0.9999999963257926172 0.4841274456024899364
0.1652727411798423363 0.9862478974197103065 7.655281860898877685e-05 99.37519072042674395 -0.986247899228041125 0.1652727442561564009 -3.572880213002492555e-05 -80.36834594227165951 -4.788955039011330881e-05 -6.959505946599906043e-05 0.9999999964315589018 0.4840426401758708974
0.2052636110680955417 0.9787067197785130901 8.144876427648130507e-05 99.67876718632604138 -0.9787067218736497098 0.2052636143653266132 -3.434020097933351048e-05 -82.04022920952716902 -5.032745319799844438e-05 -7.266565942787250561e-05 0.9999999960934244925 0.4839557553410960833
0.2449696018602472991 0.9695307563486899038 8.161251167322693145e-05 100.0340754788867486 -0.9695307583598112844 0.2449696051946319286 -3.357481391267430561e-05 -83.63667240621644794 -5.254439949055432892e-05 -7.090103153747295492e-05 0.9999999961060648257 0.4838652707319434088
0.2807754680749782183 0.959773478738494723 7.771561904990606018e-05 100.4253334155845749 -0.9597734802955381062 0.2807754713495345111 -3.481478723529418082e-05 -85.14747636200866054 -5.523494902631707925e-05 -6.481425198693008087e-05 0.9999999963741064146 0.483770836939553972
0.3186411458195561042 0.9478754212453560646 7.740782715857531652e-05 100.8691437380646789 -0.9478754225721134352 0.3186411492205913909 -3.618494835693787919e-05 -86.61728962831470824 -5.896414217105129876e-05 -6.184296347244757079e-05 0.9999999963493386712 0.4836780206415614569
0.3638915266311685826 0.9314413301047655969 7.362700014364210197e-05 101.362310639123109 -0.9314413308537721203 0.3638915300345433868 -3.935359190501574485e-05 -88.03037013797283805 -6.34478037225314986e-05 -5.425879236382871246e-05 0.9999999965151795678 0.4835742488826783037
0.4181589977603151209 0.9083738473232125799 7.806116950380439482e-05 101.9255168312112971 -0.908373848202114198 0.41815900142079232 -3.78877372621985213e-05 -89.37278689467348158 -6.705821035268436168e-05 -5.50656266963612574e-05 0.9999999962354862992 0.4834844579883503246
0.4803314301925299956 0.8770870597941043956 8.193390163848192386e-05 102.5506956275458776 -0.8770870607196852298 0.480331434106103794 -3.646792499191233832e-05 -90.6166231039902641 -7.134097358386881583e-05 -5.434647439387276776e-05 0.9999999959784628967 0.4833922541907482162
0.5473694147176187963 0.8368911024000919019 8.097828601870296714e-05 103.2442244973760666 -0.8368911028906718119 0.5473694186705179154 -3.753620705629694099e-05 -91.77599811941010444 -7.573875504625483368e-05 -4.72238354092639813e-05 0.9999999960167749169 0.4832922452273217262
0.6163805641790222056 0.7874484068475771092 8.159531552816303942e-05 104.0307905755548319 -0.7874484070955942716 0.616380568172388954 -3.666506233221527851e-05 -92.86254219526621512 -7.916561186592453638e-05 -4.16524694331245343e-05 0.9999999959989386289 0.4831898951747217175
0.6874084082669239537 0.7262710746288606467 8.002253771638162137e-05 104.8775689159440958 -0.7262710744001612539 0.6874084121563120986 -3.726400167663206688e-05 -93.83469184155970311 -8.207193213099571569e-05 -3.250246636531428136e-05 0.9999999961038935625 0.4830813869320974008
0.762911756581638234 0.6465026250804120078 8.623159521860359375e-05 105.8244176226785669 -0.6465026251630408005 0.7629117607688319369 -3.066153654996294409e-05 -94.67914571764889331 -8.560986201068010741e-05 -3.235690597199960975e-05 0.9999999958119908383 0.4830006756788700617
0.8259941973629346679 0.5636786125487773802 8.763606120112766098e-05 106.8671982872449888 -0.563678612346942276 0.825994201628598157 -2.933926969742191486e-05 -95.44048548180768421 -8.892479724193760524e-05 -2.516450684446668048e-05 0.9999999957295637731 0.4828853998241282586
0.8761756267507808671 0.4819919744131823669 8.770057507876258187e-05 107.9360207198269848 -0.4819919741484827713 0.876175630913806458 -2.552398567950382044e-05 -96.05540084694976599 -8.914346295369631715e-05 -1.990747916625280588e-05 0.9999999958285673562 0.482778650712610391
0.9137709318011532078 0.4062298333948048401 8.159358868218220047e-05 109.047025350213957 -0.4062298322184916266 0.9137709354325160849 -3.125305184715466246e-05 -96.57875211738911503 -8.725377190036243504e-05 -4.587619532463231351e-06 0.9999999961828662798 0.4826647049114465848
0.9404776535087688849 0.3398555236145483494 7.950820032763738436e-05 110.1567849614004473 -0.3398555220935334797 0.9404776568634960476 -3.233129422913605643e-05 -96.99572162535059761 -8.576365487494891804e-05 3.385558798453054283e-06 0.9999999963165665529 0.4825622799021609954
0.9601678133584652386 0.2794239862019189946 7.827953617228885965e-05 111.2923411209186355 -0.2794239843168480619 0.9601678164858648001 -3.42855234641748871e-05 -97.33988292454937152 -8.474168895745204974e-05 1.104667620671140426e-05 0.9999999963484083043 0.4824567269678400327
0.9735909908238423727 0.228299312499458007 8.062974900589059803e-05 112.5124100222044206 -0.2282993107168231617 0.9735909940939239116 -3.078410361045014372e-05 -97.62934359957296238 -8.552838717836646026e-05 1.156340981440667611e-05 0.9999999962755909966 0.4823528353314229244
0.9814812083287069999 0.1915584273480227528 8.13130125110456787e-05 113.7568947858580799 -0.1915584252314513347 0.9814812115506538204 -3.313819088344246869e-05 -97.88026963697451777 -8.615509376496541445e-05 1.694831900266722237e-05 0.9999999961450268815 0.4822428834820775001
0.9853901507008329119 0.170312195913712966 8.262609333202923013e-05 115.1135184846887967 -0.1703121935891123984 0.9853901539645492091 -3.445024482693670226e-05 -98.1152705507322338 -8.728623567617813507e-05 1.987470073861913829e-05 0.9999999959930544469 0.4821272372809305429
0.9861065263685033777 0.1661141538542346419 8.090097898813714027e-05 116.488532095308031 -0.1661141511135316995 0.986106529356024275 -3.954086343859258769e-05 -98.34707548209681249 -8.634528068426421631e-05 2.555270604617382584e-05 0.9999999959457755994 0.4820036646566721039
0.9830039109548494025 0.1835845982408468302 7.961438201178509333e-05 117.8400141714347313 -0.1835845953778221518 0.9830039138183263026 -4.19529060570828031e-05 -98.59830459098868971 -8.596315651733765469e-05 2.662389662214482568e-05 0.99999999595075173 0.4818853164868544536
0.9790195588804398996 0.2037662808595979147 7.820760014908840335e-05 119.2835600086647645 -0.2037662777601571829 0.9790195615768315651 -4.582478902217727954e-05 -98.89954248002230486 -8.590431724016150462e-05 2.892729315934673915e-05 0.9999999958918297516 0.4817539091770631221
0.9731178499024285555 0.2303077160694561865 7.824562405008788463e-05 120.6905222455636562 -0.2303077134315291707 0.9731178527951773738 -4.132162376816820708e-05 -99.22575389306464899 -8.565890246056840479e-05 2.219023891475809711e-05 0.9999999960850726177 0.4816390843318876236
0.9643417329819762296 0.2646601898990129653 7.690364061224100756e-05 122.0657013109769906 -0.264660187381953349 0.9643417358492265556 -4.14304527403939568e-05 -99.60701988518295025 -8.512638177100831827e-05 1.959978265910928486e-05 0.9999999961846736118 0.4815102257217899751
0.9507771610335015167 0.3098754336293927381 7.544735633618969255e-05 123.4466249676997904 -0.3098754310772077747 0.9507771638526419933 -4.374098266440087099e-05 -100.0617859754655399 -8.528787944800908483e-05 1.820864525016219248e-05 0.9999999961972112494 0.48138441098642204
0.9310893854696048466 0.3647911051822935735 7.64718719935452893e-05 124.7596685405908943 -0.3647911030244488373 0.9310893885534196057 -4.098362476189962821e-05 -100.5734536495922811 -8.615261030727525539e-05 1.026315945900414522e-05 0.9999999962361973971 0.481265655807377235
0.9040463244944162424 0.427434483308477553 7.51610538547815767e-05 126.0154958950431592 -0.4274344810937793504 0.9040463275847719915 -4.421324866970491595e-05 -101.1734603307820635 -8.684734181534111796e-05 7.84439890092418203e-06 0.9999999961980020613 0.481137666638410233
0.8744160397205239521 0.485176858327180438 7.500316499937435236e-05 127.266612170131566 -0.4851768564056338495 0.8744160429361266251 -4.320307273975131492e-05 -101.8723200643439952 -8.65451018483915155e-05 1.387659953981550635e-06 0.9999999962540095932 0.4810141561265102728
0.8425582149727455228 0.538605281403813918 7.230554404692841831e-05 128.4584416034133199 -0.53860527916375045 0.8425582180715535108 -4.918596768036962927e-05 -102.6518050300405775 -8.741345231247864798e-05 2.497893393996658679e-06 0.9999999961763241796 0.4808865146069658536
0.81275800850160973 0.5826014198247624343 7.236643519430523944e-05 129.6178580250166306 -0.5826014179681180405 0.8127580117124237891 -4.670158814116670825e-05 -103.4990036820245365 -8.602481154235451868e-05 -4.203697986023092853e-06 0.999999996291030091 0.4807696815961439718
0.7855310918910330953 0.6188221863539411505 7.314944902053891797e-05 130.7611044122741646 -0.6188221847042423285 0.7855310952446079575 -4.608587225873312764e-05 -104.4238862278130284 -8.598012703682124814e-05 -9.064616296648195595e-06 0.9999999962626250349 0.4806451067282160317
0.7621621446479812656 0.6473861750438137941 7.503307737538879546e-05 131.8787738225619535 -0.6473861738187024484 0.7621621481756972738 -4.288146223729458141e-05 -105.4003372439037634 -8.494823725474753276e-05 -1.58927496474777432e-05 0.9999999962656085373 0.4805279037181089397
0.7442225269704120239 0.6679317512141259572 7.792328180653185124e-05 132.9828667823539661 -0.6679317506124164971 0.7442225306540698471 -3.732180746219119653e-05 -106.4175965823076524 -8.292068219962518564e-05 -2.427170416988638042e-05 0.9999999962675222287 0.4804063511956307986
0.7340403349642901087 0.6791058690950918519 7.216886642378648044e-05 134.0934751090043449 -0.6791058677684346234 0.7340403383426048478 -4.528342237196591395e-05 -107.4921048306879783 -8.372709703303253515e-05 -1.577044213234247974e-05 0.9999999963705330508 0.4802716355455849961
0.7275973327918348055 0.6860044573123847966 7.657663454350830713e-05 135.2224189454850887 -0.6860044565256376847 0.7275973364501240326 -4.024775711969210497e-05 -108.5900931215693532 -8.332709610910627959e-05 -2.324775183144024015e-05 0.9999999962580682356 0.4801479049051493031
0.724355096292789935 0.689427072998960444 7.411465238902899093e-05 136.3665068702761687 -0.6894270718548809462 0.724355099831142546 -4.409594954375498901e-05 -109.7276841895089916 -8.408626785526639006e-05 -1.915552200022196667e-05 0.9999999962812825549 0.480010123120544363
0.7234315490835360185 0.6903961095247856949 7.580150555697786089e-05 137.5207570295649191 -0.6903961085795882191 0.7234315527261494516 -4.219747123547105066e-05 -110.8719982858893758 -8.397017083681761716e-05 -2.18060824777267807e-05 0.9999999962367523976 0.4798772124964090224
0.7226171257530205061 0.6912484962826465074 7.718585310292859145e-05 138.6968626779418514 -0.6912484955397775188 0.7226171294669017087 -4.021494357494206923e-05 -112.0387461884628095 -8.357433887896240413e-05 -2.429459789590911789e-05 0.9999999962125508679 0.479744533965737685
0.7229358796111629015 0.6909151235611759034 7.750814092298280043e-05 139.8850000040296493 -0.6909151229250792836 0.7229358833216149582 -3.900834993530676156e-05 -113.2179214057822776 -8.298487523824287393e-05 -2.535101094083599729e-05 0.9999999962354181315 0.4796090056590858186
0.724058339901149095 0.6897387283209039932 8.411947903491501905e-05 141.1109839613733925 -0.6897387284665995599 0.7240583439456593773 -3.190893826977641515e-05 -114.4177840696901995 -8.291624118785800575e-05 -3.49165296371925179e-05 0.9999999959528662608 0.4794768382017228769
0.7260347437488964273 0.6876580134027574509 8.645623178764348172e-05 142.3617860003276689 -0.6876580138785950425 0.7260347478740236671 -2.881460497498042607e-05 -115.6338531352785424 -8.258482246216015228e-05 -3.853191629928278815e-05 0.9999999958475190853 0.4793406182637587887
0.7264844980707061417 0.6871828491305463915 7.698059300451434717e-05 143.6265537900446247 -0.6871828483358473072 0.7264845017705539032 -4.052720726927863795e-05 -116.8812516593981456 -8.377480951349348449e-05 -2.345735533619539001e-05 0.9999999962157666289 0.4791779496871665933
0.7262000915418779234 0.687483397596962309 7.124140511987463599e-05 144.9313197482213695 -0.6874833960358056606 0.7262000949040845477 -4.835914219308196408e-05 -118.1682786151846614 -8.498162253892792446e-05 -1.385886964267123823e-05 0.9999999962930276043 0.4790159341001472004
0.72610647807315154 0.6875822696031594905 7.092111407454563426e-05 146.2786116197918034 -0.687582268017858711 0.7261064814116187094 -4.859720728455274499e-05 -119.491919364371924 -8.491085867954836254e-05 -1.347735344015186242e-05 0.9999999963042531803 0.4788636681569363729
0.7257268769047874324 0.6879829172620580691 7.54708169422546425e-05 147.6568481187895827 -0.6879829159861827748 0.7257268805896048836 -4.585916268296835643e-05 -120.8466975675149655 -8.632152108087547246e-05 -1.864140580041254635e-05 0.9999999961005462401 0.478711763999362494
