1619118092272033 0.9999727208254475 0.007386311999347236 0.0 0.0 -0.007386311999347236 0.9999727208254474 0.0 0.0 0.0 0.0 1.0 0.494999999999999
1619118092521406 0.9988154894797487 -0.04865670723797567 0.0003779072048482264 -0.3049278275636507 0.04865664613016049 0.9988155496082874 0.0001692507796547727 -0.005256320373671606 -0.0003856947781477353 -0.00015066260318970958 0.9999999142701557 0.495217491703069
1619118092772038 0.9956063323929946 -0.0936376766100905 0.00012812416470567694 -2.570185942646514 0.09363764408461771 0.9956063147970524 0.00023988389387314034 -0.07860990404299346 -0.0001500233979378668 -0.00022683267884634502 0.9999999630199574 0.494898915989666
1619118093021413 0.9861544266017498 -0.16582957175922008 4.657783231527737e-06 -5.0211481908648805 0.1658295674346697 0.9861544065695006 0.0002023999847145953 -0.36564673271440995 -3.815719624799586e-05 -0.00019882524269237989 0.9999999795062757 0.494484813958425
1619118093271422 0.9733344219248782 -0.229390720153558 -2.452269728767147e-05 -6.9631815623004645 0.22939072132143165 0.9733344119831373 0.00013935150135514792 -0.7803324465379532 -8.09715610561884e-06 -0.00014126089223575824 0.9999999899898985 0.4943152691503115
1619118093521460 0.956894727753095 -0.29043498297951076 2.5647395348214652e-05 -8.665935451200362 0.2904349756776571 0.9568947175155724 0.00015649817586935085 -1.265483525407683 -6.999440217183576e-05 -0.00014230337874852222 0.9999999874252662 0.494567050500161
1619118093770802 0.9366990066174572 -0.35013564024861715 6.653816568952938e-05 -10.375879303387597 0.35013562218312133 0.9366989953883637 0.00019522970040785123 -1.8643792504392105 -0.00013068310910450712 -0.0001595740843919873 0.9999999787290184 0.494964700380638
1619118094021429 0.9161118716526667 -0.40092273188942135 4.085509066614476e-05 -12.409918417790475 0.40092271817585 0.9161118594083801 0.00018734880873762214 -2.488913574236606 -0.00011254022929202725 -0.00015525273382367564 0.9999999816156427 0.494799093339911
1619118094272683 0.8968968286509941 -0.4422398428271927 1.3028297191362046e-05 -14.42694054045721 0.4422398340434415 0.8968968159938503 0.00017505167782093506 -3.100608062455426 -8.909986475511987e-05 -0.00015124166270019332 0.999999984593587 0.4945771132008064
1619118094523936 0.8828326424739066 -0.4696876891566093 -5.918745056749173e-06 -16.357980251370098 0.46968768373117353 0.8828326302140567 0.0001636408978905672 -3.575859220771246 -7.16348539158768e-05 -0.0001472474879581608 0.9999999865933127 0.4943860362158426
1619118094774566 0.8755153611209611 -0.48319028593455055 -4.181812150332289e-06 -18.340724563088163 0.4831902803492066 0.8755153496169915 0.00015987138567192117 -3.8478415047566283 -7.358705982890194e-05 -0.00014199046494506434 0.9999999872118263 0.4944406902920475
1619118095024575 0.8730693295986868 -0.48759608867289994 4.77038217321471e-06 -20.4361165774074 0.4875960793090238 0.8730693146683083 0.0001876828335695298 -3.9865267842318484 -9.567828985443764e-05 -0.00016153410603762683 0.9999999823761988 0.4946992870981387
1619118095275196 0.873047645245169 -0.4876349137152883 7.450939257722978e-06 -22.660851885058616 0.48763490413350496 0.8730476309244241 0.0001854878034188259 -4.0039842368909255 -9.695535388271082e-05 -0.00015830635194621388 0.9999999827693792 0.4947407741796303
1619118095524578 0.8698197036211482 -0.4933697226090764 1.6817985819712738e-06 -24.807760933241635 0.49336971476742975 0.8698196903939501 0.0001753597590392814 -4.173789456359863 -8.798005719607642e-05 -0.00015170162514827892 0.9999999846230632 0.494615745144394
1619118095774580 0.8670988905261094 -0.4981360396816579 -4.053533548896559e-06 -26.914206226747375 0.4981360336736004 0.8670988787449674 0.000162582046701774 -4.3258931306600905 -7.747316247232969e-05 -0.00014299392343930186 0.9999999867753235 0.4944707070136707
1619118096023954 0.8651742572135525 -0.5014713398093423 -1.6025323542003016e-06 -29.05369054654301 0.5014713321271194 0.865174243391337 0.0001778332015583961 -4.455890808151207 -8.779178413121439e-05 -0.00015466033210097632 0.9999999841863922 0.494613178345878
1619118096273963 0.8678989523867131 -0.4967407859577158 3.150230179696837e-06 -31.31224549957548 0.49674077557916024 0.8678989355155322 0.00019901202973179877 -4.340415428074946 -0.00010159147348382869 -0.00017115748433424826 0.999999980192144 0.4948043300638307
1619118096523337 0.8621142074666973 -0.5067140152420468 6.254497059730524e-06 -33.61307177873965 0.5067140034761126 0.8621141899813245 0.00020521165218904342 -4.76036844930423 -0.00010937571092179894 -0.00017374663964541106 0.9999999789245295 0.4949997698675614
1619118096773342 0.8579403458416571 -0.5137493191959664 7.391221831263224e-07 -35.823292822178836 0.5137493081705415 0.857940327725939 0.0002059455412732499 -5.091339111256968 -0.00010643850434883551 -0.00017630926539467833 0.9999999787929439 0.494909607348135
1619118097022718 0.8565395096503339 -0.5160814551667718 -6.219339733997774e-06 -37.98839716642035 0.5160814477180738 0.8565394951107128 0.0001806501304688989 -5.224831992126436 -8.790307209297237e-05 -0.00015794366002422426 0.999999983663425 0.494582371523469
1619118097273013 0.8570667870527758 -0.5152053206527356 -9.99556166122656e-06 -40.2288172337825 0.5152053161651968 0.8570667766767547 0.0001500326805847285 -5.197702604778655 -6.873077149513675e-05 -0.00013373779400788815 0.999999988695142 0.494327869545439
1619118097522728 0.8513540589744298 -0.5245915231522362 -1.011666770045488e-05 -42.407711316715776 0.5245915186446573 0.8513540487872069 0.00014892108532673254 -5.677223913009453 -6.950987297417296e-05 -0.0001320916885326911 0.9999999888600818 0.494377507160246
1619118097772732 0.8425254528502607 -0.5386565336155769 -9.51216349130123e-06 -44.50612559524552 0.5386565265804643 0.8425254387127011 0.0001774598756406468 -6.431116682046549 -8.757568175002219e-05 -0.000154638251033722 0.9999999842087557 0.494657804936248
1619118098022736 0.8376572425513138 -0.5461962503773822 -8.531395879174269e-06 -46.63158246286233 0.5461962409394842 0.8376572249588853 0.00019963848318854278 -6.894292455022358 -0.00010189540555166282 -0.00017188843769439698 0.9999999800358457 0.494901266449286
1619118098272739 0.8381973353058658 -0.5453670571496864 -7.733298553920335e-06 -48.91039816669825 0.5453670496583275 0.8381973212646426 0.00017824005163082567 -6.864502865472748 -9.072422229187837e-05 -0.00015361782253855958 0.99999998408534 0.49483423562991
1619118098522738 0.8435604049885606 -0.5370343034346478 -8.231972169536555e-06 -51.08226366125433 0.5370342974546466 0.8435603930975493 0.000162948672152337 -6.4022714056413434 -8.056486096580863e-05 -0.00014187789926422366 0.9999999866899827 0.494649347077336
1619118098772742 0.8456123111639134 -0.533797545118096 -5.629083651363382e-06 -53.22107697467276 0.533797537377422 0.8456122970082138 0.00017954403119550992 -6.267445426456819 -9.108014073649261e-05 -0.0001548294341660559 0.9999999838661271 0.4948253053418993
1619118099022746 0.8465199989469516 -0.5323569209159923 -1.1552673229442882e-05 -55.310549932674604 0.5323569155759528 0.8465199869473129 0.00016166306490660726 -6.188353679033292 -7.628288266829939e-05 -0.00014300116302190456 0.9999999868657947 0.494433152844940
1619118099272751 0.8476880627397562 -0.5304950028820835 -1.4262711836333298e-05 -57.4043470019789 0.5304949988353642 0.8476880522620944 0.00014919963483965164 -6.06106202408625 -6.705933029789965e-05 -0.00013404104671800736 0.9999999887680221 0.49420292317087
1619118099522753 0.8548484242937 -0.5188778001034536 -6.3361154479533974e-06 -59.522075329556884 0.5188777929758405 0.8548484103940309 0.00017663829289572188 -5.319025143271534 -8.623727061319816e-05 -0.00015428663595185558 0.9999999843793836 0.494637745358827
1619118099772133 0.8640597228278606 -0.5033893079700034 2.4267504568081453e-06 -61.58507819069533 0.5033892967349094 0.8640597045417117 0.00020716609390939087 -4.334586076839932 -0.00010638205393084064 -0.00017778227747727193 0.9999999785381601 0.495034069025453
1619118100022137 0.8736037851955704 -0.48663788021205256 5.6972958785016e-06 -63.60117086846602 0.4866378688195423 0.873603767161189 0.00020647111252482166 -3.2397949321664568 -0.00010545384366642978 -0.00017760142551127286 0.9999999786686102 0.4949697932092541
1619118100272761 0.8791693493979285 -0.47650944909459025 -7.486171735105053e-07 -65.54197932056339 0.476509442451198 0.8791693368762185 0.00016837234383851527 -2.573534020587136 -7.957285154142413e-05 -0.00014838452714140198 0.9999999858250967 0.494373325378719
1619118100522763 0.8847816148022214 -0.46600589490356614 -4.5680785635743915e-06 -67.4832521165963 0.4660058915574426 0.8847816071854491 0.00012891025615676898 -1.7949619620660189 -5.6031187389479475e-05 -0.00011618617613093642 0.9999999916806396 0.493991930497371
1619118100772771 0.8956777114766923 -0.4447037633763325 7.5443593962622e-07 -69.47606254739522 0.4447037591587157 0.8956777032130813 0.00013621605614259677 -0.20780938382887984 -6.125152424865715e-05 -0.00012167018493405717 0.9999999907223086 0.4941433347980101
1619118101022150 0.9088801515890995 -0.41705739397667463 1.3210893573769004e-05 -71.30701578167594 0.41705738611303506 0.9088801397727244 0.0001679673873382401 1.8760881246242456 -8.205915963439007e-05 -0.00014715252372423965 0.9999999858062147 0.494606658929458
1619118101272774 0.9186470999193296 -0.3950791127570356 2.1695306590036383e-05 -73.19437097760382 0.39507910256184564 0.9186470862776515 0.00018327649790849401 3.5386094703995292 -9.233904636794796e-05 -0.00015979506102997018 0.9999999829695198 0.494850966231577
1619118101522157 0.9269653139968522 -0.375147045988587 2.303305869137013e-05 -75.03555437984768 0.3751470358305048 0.9269653001793995 0.0001837625357843817 5.0511884321063025 -9.028881862698006e-05 -0.00016170071299041064 0.9999999828504044 0.4946612196533745
1619118101772158 0.9337506170927693 -0.3579242720734206 2.3180852841019937e-05 -76.8011491846252 0.35792426268516536 0.9337506040995075 0.0001775467630934084 6.363215665003595 -8.519343128323465e-05 -0.00015748740994011006 0.9999999839698974 0.494504345042556
1619118102021538 0.9409724410848739 -0.33848318217672085 2.2362052858853122e-05 -78.44479562996688 0.33848317470024475 0.9409724307490568 0.00015815442695460197 7.894520980718285 -7.457468894622983e-05 -0.0001412497785556873 0.999999987243558 0.4943495489116318
1619118102271539 0.9446263712391663 -0.3281478602780472 2.349960118169655e-05 -80.18616407558447 0.32814785365831434 0.9446263626100295 0.00014559997948189715 8.690413798782542 -6.997666451072076e-05 -0.00012982623658117133 0.9999999891242076 0.494423191835471
1619118102521542 0.9446236580835163 -0.32815567036303245 2.439819943158895e-05 -82.04704125885605 0.32815566379474187 0.9446236498240403 0.00014321420601091394 8.624414380138893 -7.004366997537965e-05 -0.0001272771198419705 0.9999999894472097 0.494511458584889
1619118102771548 0.9406698043151592 -0.3393233246894537 2.3856719930920106e-05 -84.01194507358592 0.3393233181065311 0.9406697961208502 0.00014301363501119488 7.59010250887238 -7.096915798161195e-05 -0.00012643346669456457 0.9999999894889787 0.494605191770583
1619118103021552 0.9347736546178129 -0.35524387984720224 2.147863263323938e-05 -85.98970725861281 0.35524387338613717 0.9347736462962855 0.00014355949469157104 6.104864607212379 -7.107629162732779e-05 -0.00012656548085653914 0.9999999894646702 0.494602466454147
1619118103272175 0.9282572129770645 -0.37193890127502555 1.649688013590469e-05 -87.94872893841588 0.37193889503748984 0.9282572039415874 0.00014726372602705314 4.504006008339032 -7.00864562850394e-05 -0.0001305627845254675 0.999999989020624 0.4943682825093266
1619118103521552 0.9218143974925599 -0.38763154719768333 1.3795895732299472e-05 -89.90710925662675 0.3876315414555999 0.9218143889253615 0.0001429569340659594 2.9591454703808484 -6.813187272892482e-05 -0.00012643203571520626 0.9999999896864943 0.4943798364330364
1619118103771560 0.9152814853077623 -0.40281484889162794 1.2767099141653894e-05 -91.89426299180055 0.4028148429720691 0.9152814764635623 0.00014533353430651886 1.4175652452510485 -7.02279950132531e-05 -0.00012787831610942853 0.9999999893575825 0.4945055241607093
1619118104020939 0.9093197571070348 -0.4160980403352992 1.2715914593843223e-05 -93.89428852539062 0.41609803424406855 0.9093197482581239 0.00014602661169083278 0.037320811357156106 -7.232421921886604e-05 -0.00012749381600804237 0.9999999892572672 0.4946913650440965
1619118104271566 0.9038850135203391 -0.4277755044760566 1.0067721980499291e-05 -95.93278298343616 0.4277754989090855 0.9038850050938405 0.00014176515269975415 -1.210763408654552 -6.97437226470452e-05 -0.00012383267217192063 0.9999999899006414 0.4946177837329727
1619118104521568 0.8991609589562106 -0.43761806388348123 7.041889983973609e-06 -97.9751456261961 0.43761805938678766 0.8991609518054404 0.00012978691672849838 -2.288531876329987 -6.312889171677194e-05 -0.00011361767027661838 0.9999999915528842 0.4944389229572770
1619118104772201 0.894857797802629 -0.44635134331746673 5.3187983059850865e-06 -100.04375651866509 0.4463513382614396 0.8948577893382779 0.00014032319816632534 -3.2752222867505454 -6.739301609432284e-05 -0.00012319525535019576 0.9999999901405553 0.4944397766083371
1619118105022200 0.8912388100083658 -0.4535343245155601 4.342126561077202e-06 -102.14415003422398 0.45353431907658087 0.8912388007241104 0.00014663341612735798 -4.1149570357863485 -7.037315900377422e-05 -0.00012871608788387291 0.9999999892398937 0.494492610759485
1619118105272211 0.8891013159189122 -0.45771044342061395 3.5680521276471885e-06 -104.24783651616335 0.4577104375614637 0.8891013057322966 0.00015326508467761567 -4.625592839670657 -7.332338967446517e-05 -0.00013463505377100466 0.9999999882485416 0.4945085143375435
1619118105522202 0.8877128345451042 -0.4603975709946449 1.973572832072367e-06 -106.37879510865632 0.460397564650995 0.8877128230091622 0.0001622538272770825 -4.982717177348458 -7.645323387329727e-05 -0.00014312617680270275 0.9999999868349003 0.4944309551299056
1619118105772207 0.8854633699727745 -0.46470917834074915 3.0062958582106164e-07 -108.53793784978915 0.46470917115930876 0.8854633564025195 0.0001752329318172818 -5.551355819978775 -8.169854824532696e-05 -0.000155022637011833 0.9999999846466647 0.494399034078213
1619118106022212 0.8836217285474178 -0.46820149597835825 5.178216890891666e-07 -110.70205628484673 0.46820148948440726 0.8836217164747193 0.00016557965016656504 -6.018318255805975 -7.798219840147389e-05 -0.00014606733180666423 0.9999999862915558 0.494448672446685
1619118106272215 0.8811168511672232 -0.4728986092029062 -9.393505860845142e-07 -112.86190913645576 0.47289860274682927 0.8811168388063665 0.00016700221384980166 -6.656162092915894 -7.81474370446103e-05 -0.00014759268238527073 0.9999999860546893 0.4943897558984342
1619118106522219 0.8798729399986693 -0.47520901659710835 -8.212603685633918e-07 -115.1026699231305 0.4752090100408987 0.8798729275698055 0.00016764085461292105 -7.0010502529387715 -7.894184089749637e-05 -0.0001478929219392214 0.9999999859479349 0.4944540277841669
1619118106772221 0.8775065006493858 -0.47956474152437795 -1.5790154057210723e-06 -117.31671066378235 0.47956473494398605 0.8775064880535267 0.00016858184298012722 -7.62548198709353 -7.946031169138868e-05 -0.0001486889032113648 0.9999999857888346 0.4944697728322700
1619118107022226 0.8758142755083269 -0.48264827235146934 -3.1199151503596583e-06 -119.56339930331742 0.4826482661698156 0.8758142632190696 0.0001658405164830616 -8.088446808455934 -7.73101725778794e-05 -0.00014675131343178506 0.9999999862435947 0.4943341031912004
1619118107271598 0.8739175328672438 -0.48607421833930353 -3.2912945983972075e-06 -121.81694239409165 0.48607421168554266 0.8739175197430069 0.00017151757055048207 -8.614660044326929 -8.049394902478678e-05 -0.00015149202552653974 0.9999999852854453 0.4944351310424906
1619118107521604 0.8722117371262609 -0.48912849600724306 -3.2634900323869154e-06 -124.12327215536907 0.4891284884527981 0.8722117224428975 0.00018169986904640557 -9.10468742729906 -8.602812940925002e-05 -0.00016007702436355905 0.9999999834872537 0.494597629703170
1619118107771610 0.8702242767481185 -0.4926557704040148 -6.603650076152087e-06 -126.38408345822205 0.4926557618795377 0.870224259034165 0.00019817441333617433 -9.683350167218773 -9.188511178226147e-05 -0.00017570951177529987 0.9999999803416467 0.494428517302647
1619118108021614 0.8682713696316414 -0.4960895368456808 -1.039226188337673e-05 -128.64852234108216 0.4960895281605624 0.8682713501052813 0.00020647893309316603 -10.275444316545663 -9.340873503066043e-05 -0.00018443523833154048 0.9999999786292255 0.4941892894035070
1619118108271614 0.8676290972489732 -0.49721197635175 -1.3307373725188432e-05 -130.9071741211054 0.4972119690859121 0.8676290793174551 0.0001962605982171625 -10.514281688150431 -8.603725550640563e-05 -0.00017689799115035815 0.9999999806523457 0.49375073363947
1619118108521618 0.8667572519126558 -0.4987302538221626 -1.330675300390335e-05 -133.15493965467954 0.49873024762766566 0.8667572362649526 0.00018297911411985755 -10.81002469596862 -7.972349557200537e-05 -0.00016523495433306575 0.9999999831707872 0.493651984918834
1619118108771621 0.8659548645466697 -0.5001221575141123 -1.1364676580094538e-05 -135.36895161559121 0.5001221523220469 0.8659548517946855 0.00016555293707480446 -11.080018383002804 -7.295539524920188e-05 -0.00014904509771192925 0.9999999862315347 0.4937465333680411
1619118109021628 0.8653827616771568 -0.5011114403964547 -9.673432281997874e-06 -137.5589672751442 0.5011114348760329 0.8653827489318177 0.00016638948706800122 -11.303633125688393 -7.500845411183968e-05 -0.00014883806136429287 0.9999999861104818 0.4939969190157682
1619118109271635 0.8640339826380296 -0.50343348792666 -8.856081414743307e-06 -139.72837571009154 0.5034334831714674 0.8640339717718332 0.00015376541325526138 -11.719999389322856 -6.97587031186209e-05 -0.00013731699032110687 0.9999999881388838 0.4940356137663196
1619118109521635 0.8629894786827461 -0.5052218914481681 -9.065600252362416e-06 -141.85362428470566 0.5052218871924675 0.8629894687843761 0.0001465152192771862 -12.055806020829706 -6.619917866331316e-05 -0.00013102123237143074 0.9999999892255528 0.493987836499862
1619118109771635 0.8620946158152556 -0.5067473466092761 -9.196333830433045e-06 -143.97171568208032 0.5067473433539103 0.8620946079099643 0.00013043805657667878 -12.345797275710519 -5.817102925947621e-05 -0.00011711016400958954 0.9999999914506706 0.4938270701613282
1619118110021638 0.8604063455729596 -0.5096085952741971 -1.0872525784771892e-05 -145.99164084620008 0.5096085917402399 0.8604063366612146 0.0001380417532077776 -12.87574025928989 -6.099247386080898e-05 -0.0001243127329681029 0.9999999904131315 0.493714780141994
1619118110271644 0.8587972730836825 -0.5123155703163663 -1.2377993996615059e-05 -147.94270412293687 0.5123155667546516 0.8587972637036767 0.00014111592820306287 -13.383913106342467 -6.166569986377967e-05 -0.00012753141333940937 0.9999999899665403 0.4935743046461205
1619118110521640 0.858063297268538 -0.5135439394588805 -1.1111506722532499e-05 -149.91955172871513 0.513543935362998 0.8580632872506258 0.0001467048136629861 -13.646637560391673 -6.580499196157417e-05 -0.0001315882630272239 0.9999999891771162 0.4938512871938814
1619118110772273 0.8570110466923111 -0.5152980358321679 -1.0612564040702429e-05 -151.82119491817505 0.5152980313063539 0.85701103603942 0.00015177682070021832 -14.005625885643544 -6.911521308827086e-05 -0.00013554304532951454 0.9999999884255851 0.49402952443276
1619118111022281 0.857400233933482 -0.5146502100751472 -1.0871274245158243e-05 -153.64616947813334 0.5146502053198603 0.8574002227226548 0.0001556828020773914 -13.93733627481143 -7.08011538352974e-05 -0.00013907737444324514 0.9999999878223403 0.4940251255851435
1619118111272939 0.8577582623300879 -0.5140532689079421 -1.1282494048561813e-05 -155.39552665842416 0.5140532645617173 0.8577582517702692 0.00015070242203824255 -13.874672120797953 -6.77914203105514e-05 -0.00013506605055482135 0.9999999885807428 0.4938808032978568
1619118111522909 0.8620516891565475 -0.5068203676911948 -1.0652359925121844e-05 -157.15427010771896 0.5068203630847619 0.8620516780726595 0.00015457202014134617 -12.615110404618996 -6.915736333407702e-05 -0.00013864790398445672 0.9999999879970091 0.493824667619613
1619118111772292 0.8705250517610124 -0.4921241044585023 -8.072876935285979e-06 -158.90857497918913 0.49212410054473604 0.8705250425173667 0.00014146002608192402 -9.975766010537766 -6.258824711505565e-05 -0.00012711735382795082 0.9999999899619451 0.4936905205782400
1619118112022296 0.8837176803919067 -0.4680203642461703 -3.3759619002917828e-06 -160.5996121820666 0.4680203604609524 0.8837176722797853 0.00013376159943200003 -5.633118411965856 -5.961975529621702e-05 -0.0001197875092813029 0.9999999910482188 0.4937700365614592
1619118112272295 0.8998305098485634 -0.43623967442587863 4.954322328753767e-07 -162.0675672578278 0.43623966987785934 0.8998305006302116 0.00014338133137415144 0.054118694328896225 -6.299443035168608e-05 -0.0001288027693197397 0.9999999897207744 0.493621772453381
1619118112521668 0.9184452971978729 -0.39554801981584253 8.523155594649001e-06 -163.1323132651605 0.3955480139875171 0.9184452869663781 0.00015322384248498745 7.266778469632864 -6.843543956965065e-05 -0.00013735640028086105 0.999999988224905 0.49379557616019
1619118112771676 0.9383247666103884 -0.34575516208378215 1.5992033796843886e-05 -163.66116321543225 0.345755156357266 0.938324757747797 0.0001443872161611945 15.971650403302373 -6.492834656510296e-05 -0.00012995277276036825 0.9999999894482935 0.4938150286069543
1619118113021683 0.9589497939768304 -0.283575901462692 2.7187927257692273e-05 -163.35108622177353 0.28357589450378473 0.9589497847734794 0.0001494558244426294 26.61426129840228 -6.84539271375224e-05 -0.00013561079126639565 0.9999999884618868 0.493924973706890
1619118113271692 0.9781355276876145 -0.20796847850263028 3.7713928668623246e-05 -161.8297706061796 0.20796847148953607 0.978135519976825 0.00013936907738762113 39.24236875231453 -6.587370820341862e-05 -0.0001284785379550847 0.9999999895769601 0.494048723991306
1619118113521681 0.9933367706932266 -0.11524780759890292 5.319930517377699e-05 -158.4651418837575 0.11524779939096713 0.9933367635224942 0.00013772422869731495 54.235741024945355 -6.87172410337339e-05 -0.00013067543773029176 0.9999999891009356 0.4942998244237107
1619118113771691 0.9999695434294855 -0.007804343590875286 6.657559028643912e-05 -152.72976343741126 0.007804335191992953 0.9999695378363836 0.00012549608692406566 70.94136031069748 -6.755297683173164e-05 -0.00012497268652172377 0.9999999899092117 0.494529467978602
1619118114021694 0.9941197112014144 0.10828662417331243 8.260588256060209e-05 -144.45934803702875 -0.10828663345594212 0.9941197066586507 0.00011766674948625178 88.16934923929533 -6.937840066026646e-05 -0.0001259199479437075 0.9999999896654023 0.494732921654772
1619118114271698 0.9723206150221422 0.23365061528901046 0.00010759088138165553 -133.0832983399482 -0.23365062775489467 0.9723206101766745 0.0001231794228188403 105.77259634330667 -7.583188350205957e-05 -0.0001449085691291371 0.9999999866255163 0.4943405933928756
1619118114521068 0.9339407737262396 0.3574277769765822 0.00012415707339480365 -119.22527442669428 -0.35742779053434165 0.9339407699830102 0.00011276102199321195 122.0606219221449 -7.565143130470771e-05 -0.00014968930454955086 0.9999999859349866 0.493969494671781
1619118114771075 0.8809874483903932 0.4731396180422283 0.00013272228924816784 -103.6750708222343 -0.47313963155564476 0.8809874454234884 0.00010027637766489293 136.16755966509945 -6.948194352863015e-05 -0.00015113840512726275 0.9999999861647213 0.492908418590705
1619118115021081 0.8196302912247806 0.5728928043398341 0.00014296918975123307 -87.97753297729662 -0.5728928183084705 0.819630289174245 8.829772798753896e-05 147.30772168917017 -6.659674533534234e-05 -0.00015427751455311987 0.9999999858816613 0.492231996239585
1619118115271704 0.7536483466945222 0.657277831581493 0.00014708470805846138 -72.66318925733219 -0.6572778443968881 0.7536483472054505 6.338170412044121e-05 155.83656701145466 -6.919075808138673e-05 -0.00014444303637778554 0.9999999871744242 0.4933498334241460
1619118115521705 0.6921414867655202 0.7217618301856406 0.0001509399135354702 -59.4865857152707 -0.7217618423886883 0.6921414890259369 4.514878288065221e-05 161.64644417769006 -7.18851083454534e-05 -0.00014019201579233158 0.9999999875893649 0.49407789283797
1619118115771708 0.64004278606402 0.7683392533352529 0.00015423813012158816 -49.07921699374961 -0.7683392654196084 0.6400427892142674 3.4453516280086645e-05 165.36351834092392 -7.224701403295996e-05 -0.00014055893614723757 0.9999999875117772 0.4941091331760474
1619118116022339 0.6027045041101421 0.7979644454437405 0.0001566230479101255 -42.21703086569806 -0.7979644580402665 0.6027045067722264 3.491015143684791e-05 167.45769331971775 -6.654035720832222e-05 -0.00014602013105269936 0.9999999871252513 0.4928155404083907
1619118116272348 0.5792420249941713 0.8151555999132224 0.00015623230766966255 -38.4478662754285 -0.8151556117269775 0.5792420289818924 2.2994029345971857e-05 168.57023348125364 -7.175260710132088e-05 -0.00014067275045143136 0.9999999875313704 0.4940215096991386
1619118116521721 0.5671323948192192 0.8236266279715245 0.00015633502765428152 -37.134500237638385 -0.8236266394908892 0.5671323993554374 1.7890135463399666e-05 169.07097073441363 -7.392786739136274e-05 -0.00013890776883091938 0.9999999876196511 0.4944897451828470
1619118116772351 0.5606712849883747 0.8280384568628438 0.00015538163479496907 -37.06267570388844 -0.828038467412035 0.5606712909011095 6.555839235312385e-06 169.31877190454 -8.168953475915347e-05 -0.000132337641548138 0.9999999879067843 0.496173547380797
1619118117021732 0.5565686293059375 0.8308016231369482 0.00015447747404171325 -37.49512981200911 -0.8308016325867958 0.5565686366130436 -5.2516836271664835e-06 169.47565975406383 -9.034042439667653e-05 -0.00012541721527409926 0.999999988054565 0.4980168225080207
1619118117271734 0.5537501198449745 0.8326828812156992 0.00015524099086162464 -38.24893123907691 -0.8326828907998078 0.5537501271701797 -5.104139430472087e-06 169.5758498292242 -9.021484795894293e-05 -0.00012644009922023713 0.9999999879370914 0.4979323294086863
1619118117521114 0.5502809076174588 0.834979579911787 0.00015440145333377699 -38.90449719301241 -0.8349795897052894 0.5502809144154455 -1.858807150215115e-06 169.7104092889695 -8.651623894120133e-05 -0.0001278991960691169 0.9999999880783682 0.4972366267524725
1619118117771118 0.5446925208735702 0.8386358168757214 0.00015606202118622175 -39.17964526601366 -0.8386358277714648 0.5446925263904114 8.382624849105302e-06 169.93559488036925 -7.797584715579899e-05 -0.00013544515538209398 0.9999999877871887 0.4953760374925451
1619118118021118 0.5392640710581396 0.842136709293904 0.00015659886257780712 -39.54162290547135 -0.842136720588089 0.5392640760201393 1.2208685820118243e-05 170.15854642051528 -7.416675843263399e-05 -0.0001384613581970352 0.9999999876638722 0.4945692175320949
1619118118271746 0.5337289991506354 0.8456555626309902 0.0001576537079823744 -39.93643213315012 -0.8456555744803261 0.533729003374705 1.745741645914456e-05 170.38287194971332 -6.938139510207293e-05 -0.00014263826640760192 0.9999999874202737 0.4935355403867872
1619118118522997 0.528370152256025 0.8490141087965173 0.0001589564972502835 -40.4161450178505 -0.8490141211874969 0.5283701557834228 2.234707743906044e-05 170.5976736639635 -6.501488517893399e-05 -0.00014676383952927342 0.9999999871167201 0.492579132759823
1619118118774255 0.5217055531305711 0.8531256008198981 0.00015829144038021045 -40.662492040362324 -0.8531256128224302 0.5217055572235102 1.749934432796538e-05 170.87940880516817 -6.765238546367105e-05 -0.00014417198719127763 0.9999999873187965 0.493167133531699
1619118119024887 0.5118557152667857 0.8590714181857001 0.00015875422727090955 -40.31348943283287 -0.8590714301123359 0.5118557196580716 1.4691190761535793e-05 171.30380387781236 -6.863847716631649e-05 -0.00014390099101368708 0.9999999872906323 0.493349281930613
1619118119274260 0.5010808289235482 0.8654004724530534 0.00015862247352269672 -39.810556507852134 -0.8654004843123037 0.5010808333754448 1.3174486077800345e-05 171.7620699643791 -6.808147474892473e-05 -0.00014387344781418448 0.9999999873326718 0.4932631544989408
1619118119524260 0.48487690046789 0.8745823952365867 0.00015916235090080526 -38.235047243683724 -0.874582407269025 0.4848769047027314 1.3385915221918501e-05 172.43614707299912 -6.546706225291925e-05 -0.00014569111308047867 0.9999999872440816 0.4927271083239196
1619118119774269 0.4657340812673973 0.8849247090389765 0.000157721473821455 -36.09960023361906 -0.8849247204296617 0.4657340862993179 5.4029379860285636e-06 173.20100713804402 -6.86750731749285e-05 -0.00014208796348659026 0.9999999875473725 0.493454310672496
1619118120024269 0.4438491854204965 0.8961014874098991 0.0001576740168472919 -33.46270189363333 -0.8961014984742067 0.4438491910873829 -1.060552910591661e-06 174.00748086600427 -7.09338478739854e-05 -0.0001408211972221585 0.9999999875688897 0.493904557906754
1619118120273650 0.4215456702262231 0.9068071589132031 0.00015638112722696595 -30.77802301510529 -0.9068071693787026 0.421545676625877 -8.89855400508528e-06 174.75911749725864 -7.3991060564361e-05 -0.00013805638041312603 0.9999999877328797 0.4945591800490450
1619118120523648 0.39948382658024834 0.9167402292485124 0.00015612800671705213 -28.179034356606522 -0.9167402396392446 0.39948383307744123 -1.1563003356188121e-05 175.4232020057439 -7.297088492178461e-05 -0.00013850959346500697 0.9999999877451714 0.4943602844361690
1619118120773026 0.3768776194368513 0.9262630483965079 0.0001585578382696617 -25.5130016431319 -0.9262630595360031 0.3768776253290592 -7.943524879177765e-06 176.024219776785 -6.711469513412964e-05 -0.00014387253164299088 0.9999999873981563 0.4931108027591300
1619118121023651 0.3602237711369912 0.9328659117275137 0.00015950676164636389 -23.975953853967813 -0.9328659231114315 0.3602237768842558 -7.90354768438034e-06 176.4089088098404 -6.483107833544607e-05 -0.00014595137669384768 0.9999999872475637 0.4926264594784147
1619118121273047 0.3538798878256311 0.935290863564505 0.00015975934495518438 -24.378072653764594 -0.9352908750662735 0.3538798934145347 -7.242179889034224e-06 176.5171571278421 -6.330916464736223e-05 -0.0001468585957367325 0.999999987212251 0.4923326097592647
1619118121523035 0.3539919833506446 0.9352484432177253 0.00015868227944613376 -26.05305467066071 -0.9352484543519922 0.3539919893443761 -1.0487540894008619e-05 176.46230375175116 -6.598071206928819e-05 -0.00014469485118382946 0.9999999873549731 0.4928930304638425
1619118121773041 0.3629816703036517 0.931796265933804 0.00016066473938237754 -29.41884561487123 -0.9317962774714433 0.3629816761573373 -7.882817516825027e-06 176.14229684925928 -6.566353632775891e-05 -0.00014684548780879078 0.9999999870623517 0.492766435063896
1619118122023047 0.37897085234337574 0.9254085949960935 0.00015930869104865966 -34.11746995443917 -0.9254086060831377 0.3789708586201437 -1.0086759248079988e-05 175.55241090862884 -6.970772513634693e-05 -0.00014360304597096267 0.9999999872594992 0.4935989834768075
1619118122273055 0.40267869016419866 0.9153413829266632 0.00015870512354910823 -40.258485639036444 -0.9153413938001016 0.4026786966082569 -9.57758211878432e-06 174.55695930288104 -7.267392955767126e-05 -0.0001414126807704417 0.9999999873604769 0.49420079582129
1619118122523050 0.42733773950228787 0.9040920484471713 0.00015597897265347746 -46.6578284153407 -0.9040920589118943 0.42733774576128075 -7.608298026628034e-06 173.34562568913938 -7.353430430815238e-05 -0.00013776803765339315 0.9999999878063371 0.4944744122219253
1619118122773056 0.4495177039687284 0.8932714091594166 0.00015295358740846226 -52.600229895349536 -0.8932714190039898 0.44951771035058613 -8.338616058971612e-06 172.09962572559525 -7.620399371936724e-05 -0.00013288071252129892 0.999999988267834 0.495102440935893
1619118123022437 0.4691482238202795 0.8831194261502866 0.00015244681977900172 -58.07218931200304 -0.8831194356136438 0.4691482306577021 -1.0485909525847214e-05 170.86062436277228 -8.078046617202262e-05 -0.00012970930361542513 0.9999999883250067 0.496018000301930
1619118123272437 0.48620411721475915 0.8738452564492982 0.00015550641258096874 -63.053469187627236 -0.8738452664839629 0.4862041240010588 -6.760367168157147e-06 169.6668816909017 -8.151537388740885e-05 -0.00013260162419103625 0.9999999878860265 0.496057588436843
1619118123523063 0.4997749089750601 0.8661553069010434 0.00015711109823651913 -67.34472172153238 -0.866155317686791 0.49977491497588744 1.2271412103413774e-06 168.63152494382288 -7.745729089144345e-05 -0.00013669590759217597 0.9999999876572986 0.495208161112207
1619118123772447 0.5079880892180725 0.8613640787331716 0.00015836190704488637 -70.62159061777282 -0.8613640898964752 0.5079880949522765 4.619721402215e-06 167.95817592102213 -7.646670140328916e-05 -0.00013875402338412953 0.9999999874500826 0.494979689746658
1619118124022452 0.5112842401280954 0.8594116596467548 0.00015829596898577874 -72.94701290320316 -0.8594116711501629 0.5112842452069599 9.58126628092665e-06 167.65433201734206 -7.269998306635188e-05 -0.00014094015369262573 0.9999999874252926 0.4942412462221778
1619118124272454 0.511431489625797 0.8593240402999311 0.00015868052215060294 -74.70790162098524 -0.8593240519491187 0.511431494553886 1.0857893591786537e-05 167.61437422893644 -7.18237676097935e-05 -0.00014191105795402067 0.9999999873512991 0.494061412716962
1619118124522449 0.5134541118040821 0.858117037199305 0.00015980467871111253 -76.84986333427366 -0.8581170488232224 0.5134541171753869 8.505008644591977e-06 167.41323631567693 -7.475407740882578e-05 -0.00014149805094353402 0.9999999871950648 0.49461174799381
1619118124773085 0.5144227140407913 0.8575367313898422 0.00015998093375495148 -78.77690270094739 -0.8575367430488784 0.5144227194077033 8.721970904771267e-06 167.29903709459765 -7.481841657481802e-05 -0.00014167630882707305 0.9999999871650139 0.49462135180252
1619118125022465 0.5133478322861706 0.8581806210382924 0.00015735052557096037 -80.31908115818409 -0.8581806325593869 0.5133478370045379 1.1853266185475171e-05 167.36580662510175 -7.060330861715409e-05 -0.00014112002207017853 0.9999999875501563 0.493853685373349
1619118125272466 0.5116593894428628 0.8591883641946194 0.00015500096244889318 -81.6929984193199 -0.8591883755758594 0.5116593936034293 1.450705732520539e-05 167.48921383896027 -6.684340360217711e-05 -0.00014059769723310042 0.9999999878821236 0.49315800734894
1619118125521845 0.5105073739505509 0.8598733613134211 0.00015376423085499557 -83.15711628337844 -0.8598733724008382 0.5105073782762477 1.2620990261581322e-05 167.57333493497762 -6.764532104726861e-05 -0.000138660876335311 0.9999999880986362 0.4933420409268955
1619118125771775 0.5094810774321534 0.8604818462321853 0.00015505221577058101 -84.63231716627637 -0.8604818574963606 0.5094810818479599 1.2506515057026211e-05 167.63752081149778 -6.823454146767073e-05 -0.00013979145140168337 0.9999999879011988 0.493433136697350
1619118126021850 0.5131502233684523 0.8582987961808491 0.00015725514296991225 -87.0038515864525 -0.8582988077853222 0.513150227883833 1.3222410700595345e-05 167.23293290473842 -6.93467332641403e-05 -0.0001417569847339825 0.999999987547994 0.493613295530620
1619118126271854 0.5252071285239772 0.8509744104649444 0.00015773143781070562 -90.99128130804631 -0.8509744222842334 0.5252071328074951 1.624540245181075e-05 165.9463398228137 -6.901725443212312e-05 -0.00014275762034077734 0.9999999874284403 0.4935394728528292
1619118126522479 0.5448253477986237 0.8385495308712173 0.0001570653920977174 -96.43059797756148 -0.8385495426281357 0.544825352041576 1.8129656421747232e-05 163.74335548071525 -7.037059265603168e-05 -0.0001415846090720139 0.9999999875008893 0.4938090395599757
1619118126773737 0.5750450959858613 0.8181216987099661 0.00015388404153240617 -103.86901208008935 -0.8181217104456556 0.5750450992747345 2.6369546053617634e-05 160.05811454210817 -6.691676612835296e-05 -0.00014105955341060358 0.9999999878121745 0.4931502824934841
1619118127024371 0.6133706926822947 0.7897951444015004 0.00015243366546108201 -112.89644767452583 -0.7897951563862105 0.6133706951755012 3.530681668915645e-05 154.86687197679345 -6.561319096679054e-05 -0.0001420475372607104 0.9999999877587032 0.492886727991424
1619118127274993 0.6532972886282837 0.757101465628911 0.00015300736974179725 -122.24358304618625 -0.7571014780671945 0.653297290738008 4.266867267718205e-05 148.7721166357461 -6.765478549508107e-05 -0.00014371743395638007 0.9999999873840647 0.4932656663245804
1619118127524992 0.6983302942308197 0.7157756472486219 0.00015153573923788844 -132.57764198471375 -0.7157756598525281 0.6983302959743779 4.9847601197412585e-05 140.9601010328589 -7.014229862197823e-05 -0.00014327568375544983 0.9999999872760682 0.493747880891800
1619118127774999 0.7461754597908778 0.6657493232098629 0.0001478149148019835 -143.447804869112 -0.6657493357224538 0.7461754610543606 5.747339834160457e-05 131.38494600801846 -7.203298615474783e-05 -0.00014129292077289814 0.9999999874237798 0.4941220122533972
1619118128025002 0.7957857131340719 0.6055783007764866 0.00014282201390390697 -154.6891047129248 -0.6055783130529543 0.795785713962646 6.488965457444015e-05 119.74784430622768 -7.435995154910696e-05 -0.00013812817428760643 0.9999999876956026 0.4945852382623483
1619118128275006 0.8441405264518131 0.5361219573745682 0.00013572135037023228 -165.6584450374822 -0.5361219697048362 0.8441405258157766 7.920251383870522e-05 106.17124827001226 -7.210568531792314e-05 -0.00013962124941991252 0.9999999876533386 0.494137648458091
1619118128525005 0.887283462967429 0.4612245007305629 0.00012754660793846482 -175.53559275047914 -0.46122451273383575 0.8872834614230743 8.9085864189799e-05 91.41559248532413 -7.208141255148293e-05 -0.00013787203617735079 0.9999999878977858 0.494129049627390
1619118128775012 0.9267083709425638 0.3757812942837408 0.00011869786804220664 -184.69540893913515 -0.37578130596531195 0.9267083685398104 9.880817240347987e-05 74.45821339241263 -7.286804473111903e-05 -0.00013617080035234356 0.9999999880738807 0.4942843067537824
1619118129025014 0.9577981198870352 0.2874417318506877 0.00011103740500178672 -192.1708470136471 -0.2874417432371125 0.9577981171044935 0.00010542136714693657 56.816391674265184 -7.604891709226754e-05 -0.00013288917250779228 0.9999999882785152 0.4949355487870273
1619118129275018 0.9807738415174395 0.19514779502833549 9.944078796975327e-05 -197.97531646237564 -0.19514780589835798 0.9807738376851945 0.00011473046546602855 38.27847362281064 -7.513952588143229e-05 -0.00013193029094359655 0.9999999884742251 0.494752791168962
1619118129525018 0.9950810512408521 0.09906408941177007 8.745390274476202e-05 -202.08520198807867 -0.09906409950124677 0.9950810468741705 0.00011974798259334906 18.857144794693415 -7.516099624215074e-05 -0.00012782249052652596 0.9999999890061179 0.494758714562091
1619118129775026 0.999989900508716 0.0044936818180790795 7.551194394221095e-05 -204.33292031964586 -0.00449369185645548 0.9999898944303973 0.00013329797305816485 -0.3824851628787314 -7.491218217325016e-05 -0.00013363595422430683 0.9999999882647984 0.4947148149923184
1619118130024404 0.9962836928449914 -0.08613245285120612 6.272758182276255e-05 -204.85218452645864 0.08613244305263189 0.9962836851134377 0.00014501152141862568 -18.94036038761391 -7.498466440827526e-05 -0.0001390697341951511 0.9999999875184545 0.4947320323698527
1619118130275030 0.985529258126271 -0.16950539549141938 4.768801773464757e-05 -203.95664079959906 0.1695053867824704 0.9855292494780072 0.00014924077417436218 -36.112418537510564 -7.229505277715332e-05 -0.00013899777356355915 0.9999999877265223 0.49418324900816
