1625013906278527 0.9999727208254475 0.007386311999347236 0.0 0.0 -0.007386311999347236 0.9999727208254474 0.0 0.0 0.0 0.0 1.0 0.494999999999999
1625013906529159 0.999988497670445 -0.0047842639245430285 0.0003396222517469079 -0.4891930290205341 0.004784254656915461 0.9999885549924076 2.8095227378776734e-05 0.0025244477289470234 -0.000339752779751217 -2.64700648787566e-05 0.9999999419336907 0.4951510528249486
1625013906779788 0.9999687202585543 0.007908884543459662 8.970794014070202e-05 -3.021474245571332 -0.00790889608350788 0.9999687158673964 0.00012902332176602027 0.012202063632623454 -8.868470315052434e-05 -0.0001297287767266164 0.999999987652734 0.4945359188969712
1625013907029792 0.9999807865285766 0.006198896810793784 -1.5804626739651147e-05 -5.380385529582625 -0.006198895393448301 0.9999807827722018 8.820409832686351e-05 0.0048979411331050915 1.635109112239672e-05 -8.810443239224523e-05 0.9999999959851256 0.494211895921723
1625013907279174 0.9999295897725016 0.011866527284320052 -3.202147362213466e-05 -7.315005480254146 -0.011866524267780364 0.9999295860143976 9.280433703423387e-05 -0.04096058966007128 3.312048406014659e-05 -9.241781906612943e-05 0.9999999951809904 0.494118240920276
1625013907529172 0.9997297431112028 0.023247158597108197 0.00010175331343754232 -8.86347184582493 -0.02324716847253788 0.9997297433569436 9.697028723289605e-05 -0.057810033119668806 -9.947153028234485e-05 -9.930955676510575e-05 0.9999999901215134 0.495050198633584
1625013907778559 0.9997332148972196 0.023097065367294386 0.00015684532517851136 -10.86734145379246 -0.023097074983341712 0.9997332251914571 5.97768230714508e-05 -0.11776277815827967 -0.00015542281360733214 -6.3383543742141e-05 0.9999999859131379 0.4954683969965726
1625013908027934 0.9997212250005862 0.02361059053718128 0.00011088543692745951 -13.349851049794173 -0.023610594212833496 0.9997212305525213 3.1956794292487906e-05 -0.16216236438285866 -0.00011010000667079883 -3.4565956592661825e-05 0.9999999933415917 0.4950451284255331
1625013908277937 0.9993353735302308 0.03645280474452897 6.507855901039094e-05 -15.560498981588646 -0.03645280635304729 0.9993353753094589 2.3703527600657312e-05 -0.017482413360081384 -6.41712461300077e-05 -2.606006971818655e-05 0.9999999976014622 0.49451542995190
1625013908527940 0.9991712367099661 0.04070425061967233 6.0915807373310327e-05 -17.40094518362663 -0.0407042521634887 0.9991712382079685 2.4321467952308433e-05 0.0857068486005796 -5.987533555279317e-05 -2.6780843596635314e-05 0.9999999978488656 0.4944494934963525
1625013908777947 0.9988911794743669 0.04707869425717789 9.007283072392236e-05 -19.05601008134055 -0.04707869912350993 0.9988911819163953 5.269034665608099e-05 0.19148291519422764 -8.749236362004332e-05 -5.6872434215187176e-05 0.9999999945553064 0.4948927703239433
1625013909028576 0.9985927253795925 0.053033548498524416 0.00010747269374282415 -20.960222719573697 -0.053033556561128625 0.9985927280216441 7.361070314550857e-05 0.27973176537119154 -0.00010341761363743461 -7.920677185374521e-05 0.9999999915155425 0.495158855817164
1625013909279829 0.9980159680729801 0.06296124759967409 9.364727750483495e-05 -23.280145438351507 -0.06296125470944669 0.9980159691989987 7.501308379652725e-05 0.45242724782570937 -8.873856107990521e-05 -8.076040553533931e-05 0.9999999928016126 0.4948538964922434
1625013909530460 0.998416080392085 0.05626121543093469 7.77850056845883e-05 -25.514671678766558 -0.056261219628581306 0.9984160817856956 5.287126522358468e-05 0.25140572134783085 -7.468719895460127e-05 -5.716380067866053e-05 0.9999999955770613 0.4945735316261699
1625013909780464 0.9977178366479661 0.06752120220295588 7.540117725991174e-05 -27.415409384887795 -0.0675212048305032 0.9977178387781765 3.2860447968883634e-05 0.5383816245516305 -7.301032266546562e-05 -3.7876633393109833e-05 0.9999999966174269 0.4945306169473760
1625013910031091 0.9972969867610115 0.07347593294158675 8.644962560462655e-05 -29.210633544861604 -0.07347593738285849 0.9972969889588321 4.9367247519237626e-05 0.6692931619605686 -8.258864674406263e-05 -5.558577447344183e-05 0.9999999950446687 0.494775441794913
1625013910279848 0.9977679607925338 0.06677640206020681 9.242061499107374e-05 -31.307592405989347 -0.06677640905695834 0.997767961800195 7.480848858924967e-05 0.4159436720114468 -8.721888693660683e-05 -8.081302990178714e-05 0.9999999929310601 0.494911704518227
1625013910529228 0.9978238540643265 0.06593593932764265 9.034911363415258e-05 -33.58187557104684 -0.0659359451127452 0.9978238558075865 6.261898569617623e-05 0.3557465854760619 -8.602365929379843e-05 -6.843997184267693e-05 0.9999999939579503 0.4948678627596936
1625013910779230 0.9974723939421494 0.07105502172958052 8.490049453712424e-05 -35.60311299497596 -0.07105502624941637 0.9974723959060038 5.145870847423564e-05 0.4920355130438994 -8.102950005091785e-05 -5.736124799901884e-05 0.9999999950719538 0.4947180102840567
1625013911028606 0.9975975506640298 0.06927568250901239 8.197442388497446e-05 -37.56446475574521 -0.06927568712547186 0.9975975522018596 5.4880952392243225e-05 0.3780526970657289 -7.797556917726509e-05 -6.0427938226092225e-05 0.9999999951341376 0.494632099107159
1625013911277363 0.9983635382628113 0.05718599422981504 8.677024506251885e-05 -39.66428853816165 -0.05718599772155764 0.9983635410986186 3.830644988104225e-05 -0.0996864569364868 -8.443765670093776e-05 -4.320580587806513e-05 0.9999999955017704 0.4948720175167860
1625013911527990 0.9990958577051601 0.04251422444550882 8.85096330233219e-05 -41.76009319182266 -0.042514229785822984 0.9990958596353791 5.935426253088895e-05 -0.7382307749640309 -8.590620745260373e-05 -6.306351670850884e-05 0.9999999943215583 0.494963606518524
1625013911777995 0.9989970931856147 0.04477499533319136 8.716290626424426e-05 -43.85048901667753 -0.04477499950882631 0.998997095716042 4.6558192073231225e-05 -0.6649562254880585 -8.499084737953878e-05 -5.041421763041727e-05 0.9999999951174814 0.4948927913805412
1625013912028623 0.9987839792263246 0.0493006649411864 8.529333850984114e-05 -45.85686385443576 -0.04930066885827321 0.9987839816858924 4.444737763698902e-05 -0.5010933143889389 -8.299833497593155e-05 -4.8598347340245756e-05 0.9999999953747387 0.4947898413647374
1625013912279253 0.9989781857308468 0.04519488276730868 8.368585647654649e-05 -47.85950185714486 -0.04519488542359992 0.9989781886616644 3.0125987460031502e-05 -0.69991175939104 -8.223880484821848e-05 -3.387737699128148e-05 0.9999999960445514 0.494727166519444
1625013912529261 0.9994434069036355 0.033359691620953175 8.584623668405189e-05 -49.9647573997783 -0.03335969490390848 0.9994434097923662 3.7098433368206e-05 -1.2861621741048261 -8.456086321275631e-05 -3.994158890082519e-05 0.9999999956270651 0.494858509197142
1625013912779262 0.999861363107058 0.01665072569762645 8.886622386695546e-05 -52.055013959119265 -0.016650731179104372 0.9998613650856306 6.130308124602229e-05 -2.1612730516760483 -8.78331631155681e-05 -6.277426998196225e-05 0.9999999941723634 0.495049546728260
1625013913028644 0.9999730998522053 0.007334256642910604 9.082529740719864e-05 -54.27281384150116 -0.007334265358260958 0.9999730993049922 9.599890781389258e-05 -2.710851738405413 -9.011877351641759e-05 -9.66624622617382e-05 0.9999999912674876 0.495229705004383
1625013913278645 0.9999986279953131 0.0016542623308635005 8.614754382177612e-05 -56.40154886740128 -0.0016542734946976365 0.9999986232790763 0.0001296800841847 -3.1518064382246185 -8.593290034251086e-05 -0.00012982241786168493 0.9999999878808384 0.495182822995754
1625013913528038 0.9999882384944945 -0.004849378381625645 7.999848583618182e-05 -58.43587906356162 0.004849371619316222 0.9999882381562789 8.450897167379234e-05 -3.653277544769537 -8.040736088696136e-05 -8.412003533444227e-05 0.9999999932292383 0.49483814454078
1625013913778029 0.9999862811132447 -0.0052376315067721385 6.927676155126867e-05 -60.14666673919965 0.005237629109685004 0.999986282922099 3.473788797020084e-05 -3.7989058323627685 -6.945775553320053e-05 -3.43745654222002e-05 0.999999996997005 0.494088499767767
1625013914028029 0.99962152951011 -0.02750985812968291 7.3778861785546e-05 -62.416559785558334 0.027509860427168374 0.9996215317101101 -3.0308060648116197e-05 -5.174691787902327 -7.291716837744321e-05 3.232623613182314e-05 0.9999999968190507 0.4941662656880018
1625013914278035 0.9990977599172934 -0.04246952623811968 7.393999916924567e-05 -64.59888585784354 0.04246952816403319 0.9990977622667796 -2.4673983121957035e-05 -6.167105333751004 -7.282539533856662e-05 2.7791918142613318e-05 0.9999999969620357 0.494174202013992
1625013914529288 0.9992355635723136 -0.039093275684460624 6.547020042094143e-05 -66.28819040453597 0.03909327658961833 0.9992355656022377 -1.2602823428336982e-05 -5.978891788335771 -6.49274670971697e-05 1.5152634024484064e-05 0.999999997777411 0.493673697324978
1625013914779922 0.9992250896579176 -0.0393600756898599 6.809979893714054e-05 -68.21252711921527 0.0393600748609864 0.9992250919203708 1.3469665943272356e-05 -6.039854050440789 -6.857719492392046e-05 -1.0778814975668659e-05 0.999999997590493 0.493941378734732
1625013915029919 0.9986813906536225 -0.05133687125833886 7.489538753503277e-05 -70.27983759975447 0.051336870127927335 0.9986813933764285 1.6939645438850554e-05 -6.885938102835061 -7.566625837817923e-05 -1.3072413881012976e-05 0.9999999970518649 0.4944360569993393
1625013915279927 0.9983352746982858 -0.057677323249082126 7.532387701578329e-05 -72.27332509969374 0.05767732310275739 0.9983352775398313 4.115214855139126e-06 -7.34407257939235 -7.543583824353586e-05 2.361154391445601e-07 0.9999999971546896 0.494357032165548
1625013915529305 0.9979983064422946 -0.06324060748208492 7.682041508457052e-05 -74.19542746392793 0.06324060820458574 0.997998309328497 -7.010237847168395e-06 -7.741035903566446 -7.622331267643613e-05 1.1854375271735059e-05 0.9999999970247404 0.494401808916338
1625013915778685 0.9984657451042913 -0.05537283591763459 6.99538308196127e-05 -75.97536202394717 0.055372836409291235 0.9984657475144797 -5.109703646004938e-06 -7.136800387285658 -6.956356519938339e-05 8.975406088368022e-06 0.9999999975401765 0.49391067535155
1625013916028063 0.9986213269307517 -0.05249228867980891 7.089420363402357e-05 -77.65352814803991 0.05249228569622973 0.9986213286648343 4.331090016764893e-05 -6.962472212464646 -7.306995210238963e-05 -3.952978980470738e-05 0.9999999965490891 0.494252289889867
1625013916278068 0.9985480276376767 -0.053868644701939306 7.494430830898127e-05 -79.53059814177807 0.053868639929762825 0.9985480286371341 6.430223939783127e-05 -7.087530631646011 -7.829936580734255e-05 -6.017172636444274e-05 0.9999999951242866 0.4947217296884997
1625013916528071 0.9988294374108239 -0.04837095055713362 7.811238077284114e-05 -81.59958705601008 0.04837094558724215 0.9988294386356131 6.430885993561819e-05 -6.667114792088199 -8.113162612234086e-05 -6.045521267010679e-05 0.9999999948814136 0.4949583171642422
1625013916778701 0.9991098770460692 -0.04218350484451124 7.420100427605353e-05 -83.55367242192112 0.0421835004810411 0.9991098782186837 5.942037018440616e-05 -6.185821379467518 -7.664151581965968e-05 -5.623742064952672e-05 0.9999999954817156 0.494587113655191
1625013917029362 0.9995805343898787 -0.028961191734966567 6.81168296549969e-05 -85.32072733862688 0.028961187517982937 0.9995805349039265 6.210069120799327e-05 -5.11366136458831 -6.988676704760625e-05 -6.010189782703195e-05 0.9999999957518009 0.4940233164515512
1625013917279957 0.9999609182727981 -0.00884066829100534 6.714877772111554e-05 -86.9240023815423 0.008840664606686956 0.999960919049136 5.496805580860887e-05 -3.4293640393888487 -6.763210783118904e-05 -5.43722677395872e-05 0.9999999962347774 0.4937970880865054
1625013917529961 0.9998139578138308 0.019288462677044354 7.046961762707143e-05 -88.38781348141143 -0.019288465914159586 0.9998139591972719 4.5549112814759013e-05 -1.0108682215235287 -6.957793504049526e-05 -4.689988957592163e-05 0.9999999964796558 0.493944781641665
1625013917779964 0.9984062083212631 0.05643613398510576 7.722785298191807e-05 -89.7568743290271 -0.05643613660945763 0.9984062106394135 3.2233730351120715e-05 2.256182723318054 -7.528562092672706e-05 -3.65407981609366e-05 0.999999996498423 0.494428928007152
1625013918029672 0.9946900067741841 0.10291638936891588 8.49741533949009e-05 -90.91824766077077 -0.10291639264743319 0.9946900094436818 3.514449095936186e-05 6.4106312647263035 -8.09059973272774e-05 -4.3703107286213406e-05 0.9999999957721293 0.4949615808301433
1625013918278727 0.987958302222346 0.15472034581807703 8.750795129714985e-05 -91.7624946675124 -0.15472034920060979 0.987958305008151 3.326304211938533e-05 11.126141987954881 -8.1307737858777e-05 -4.640175940164688e-05 0.9999999956179644 0.4950103956644325
1625013918528112 0.9773875089894795 0.21145602370917171 8.547639161231166e-05 -92.23957105131888 -0.21145602654377374 0.977387511781022 2.5506647371397597e-05 16.37755864883431 -7.815002348284422e-05 -4.300437667073838e-05 0.9999999960215988 0.49470860793247
1625013918777487 0.9626070061023798 0.2709017251988422 8.417048853517134e-05 -92.28427409819318 -0.27090172808224633 0.9626070086521837 2.4769238190208666e-05 21.96211137798796 -7.431307282821155e-05 -4.664497301552245e-05 0.999999996150907 0.4943604304704105
1625013919027488 0.9425832075001751 0.33397139109611523 8.285997228091472e-05 -91.78447184784797 -0.33397139379864194 0.9425832099539656 2.0852776049848806e-05 27.984343173347863 -7.113818802381628e-05 -4.7328336967228926e-05 0.9999999963496935 0.4940644795822153
1625013919278118 0.916218552666402 0.4006788701001181 8.247996222237469e-05 -90.64087518175607 -0.4006788727278453 0.9162185550615972 1.7554181146407805e-05 34.45242016921152 -6.853608234179683e-05 -4.9131444729211636e-05 0.9999999964444535 0.493824655248965
1625013919528124 0.8812513705578348 0.4726478767868529 8.035287905891684e-05 -88.65242333631124 -0.4726478785470715 0.8812513732707123 3.3472285413827534e-06 41.55757304025348 -6.922902455387559e-05 -4.09283675621017e-05 0.9999999967661057 0.493858466968375
1625013919779377 0.8307026084825411 0.5567164181804646 7.73717236979505e-05 -85.2048624842527 -0.5567164185441514 0.8307026116304986 -1.8745919314731587e-05 50.02796805023265 -7.470905399880501e-05 -2.7501824840621267e-05 0.9999999968311035 0.494325435517949
1625013920029381 0.7614032176227756 0.6482785935941714 7.265683148004002e-05 -79.90413604519581 -0.6482785928851483 0.7614032208369088 -3.610818448708978e-05 59.45094216138124 -7.872930856141219e-05 -1.960898062443051e-05 0.9999999967085922 0.4946690483112472
1625013920280012 0.6759124315152417 0.7369819401921753 6.893111068915638e-05 -72.95479471426611 -0.7369819391399627 0.6759124347124658 -4.4500948884710075e-05 68.80334290132438 -7.938779050296585e-05 -2.0722239057412245e-05 0.999999996634084 0.494727843994307
1625013920529395 0.5845357282243047 0.8113679664983235 7.326270941949036e-05 -65.32743253900682 -0.8113679658431557 0.584535731910709 -4.605343096196078e-05 76.88766120533298 -8.01909501023395e-05 -3.252313970934526e-05 0.9999999962558286 0.494884550906380
1625013920778144 0.49148861545156386 0.8708839963473217 7.606175422949859e-05 -57.437111804095785 -0.8708839965661355 0.4914886191984549 -4.1486856694232165e-05 83.58962237348757 -7.351372611399415e-05 -4.5850646753233654e-05 0.9999999962467254 0.4943106701492660
1625013921028148 0.4024041806607521 0.9154621073382692 7.356827853681634e-05 -49.82898318430073 -0.9154621077369776 0.4024041842440097 -4.240815210296883e-05 88.85200417068512 -6.842723940350214e-05 -5.0283753631675484e-05 0.9999999963946289 0.4938319369489773
1625013921277532 0.31820001857370134 0.9480235988991439 6.409195440021647e-05 -42.66164361687915 -0.9480235983299464 0.3182000220642849 -5.4457289176455185e-05 92.95676875953069 -7.202085657580725e-05 -4.3432374807167555e-05 0.9999999964633126 0.494152561918836
1625013921527544 0.24843476567265413 0.9686486276942069 5.7175790154006014e-05 -36.90877492801519 -0.9686486264335135 0.24843476908897238 -6.33556978295122e-05 95.78262810071816 -7.557386398372457e-05 -3.9643492653714894e-05 0.9999999963584927 0.4944836776099591
1625013921777539 0.19561018717548703 0.9806817281529479 5.2324812464062007e-05 -32.853892657005865 -0.9806817265949423 0.19561019044908787 -6.717887943119372e-05 97.60594998454427 -7.61163661074395e-05 -3.817311425132284e-05 0.9999999963745563 0.494526134703016
1625013922028163 0.1550872096014458 0.9879007820444022 4.745380073784497e-05 -30.050992798135624 -0.9879007805021559 0.15508721254099883 -6.623641089244642e-05 98.83587731553752 -7.279447980153307e-05 -3.660722664746823e-05 0.9999999966804376 0.494162949262217
1625013922278791 0.12630322837503238 0.9919916796173659 4.549427246072655e-05 -28.473018369369125 -0.9919916776795046 0.12630323141811287 -7.173361721744585e-05 99.63609345720022 -7.690522505154086e-05 -3.606975222562293e-05 0.9999999963922797 0.494588371361539
1625013922530049 0.10509918675217497 0.9944617433512163 4.4188899705833995e-05 -27.714768442564473 -0.9944617412064847 0.10509918984150222 -7.46256941577821e-05 100.18577687932927 -7.885661547018926e-05 -3.610107037674357e-05 0.9999999962391737 0.49478923598076
1625013922780059 0.08608262609998582 0.9962880002951418 4.415206248834963e-05 -27.25597153809357 -0.9962879981954321 0.08608262923308323 -7.479188205889012e-05 100.66330525097148 -7.831498023999713e-05 -3.754988833421164e-05 0.999999996228385 0.4947624131104284
1625013923030053 0.06827851099071157 0.9976662984208233 4.393121075152513e-05 -26.978999105364082 -0.9976662966175732 0.06827851401652647 -7.151810072369723e-05 101.0950209974599 -7.435075660832561e-05 -3.894553891018936e-05 0.9999999964776052 0.494380067895203
1625013923279433 0.05544778026650328 0.9984615875008068 4.4120895499099466e-05 -27.29501568305951 -0.9984615858410373 0.05544778327616584 -7.019492574662518e-05 101.39536036082838 -7.253334284722303e-05 -4.0160866470224815e-05 0.9999999965630098 0.4942240070286657
1625013923529440 0.045832984132416814 0.998949115639855 4.388207649072896e-05 -28.008666774114584 -0.9989491140334538 0.04583298712145056 -6.972137629360702e-05 101.61435463920074 -7.165935383651437e-05 -4.064042269909754e-05 0.9999999966066468 0.4941558710254800
1625013923779446 0.03680644905290438 0.9993224121420033 4.354963814936791e-05 -28.871154292070266 -0.999322410950176 0.03680645179160063 -6.385144819344657e-05 101.81899567385994 -6.541109088466763e-05 -4.116998431663976e-05 0.9999999970132107 0.4935344882256622
1625013924028824 0.027284663501275917 0.9996277033846552 4.196795578344471e-05 -29.736748825939568 -0.9996277015262683 0.02728466651059998 -7.28867795732694e-05 102.05789227695969 -7.400472574977903e-05 -3.99636399233018e-05 0.9999999964631043 0.4944027179979186
1625013924278203 0.01591158405481549 0.9998734019379201 3.984625951579247e-05 -30.42196527386175 -0.9998733997664617 0.01591158706421158 -7.638273869635333e-05 102.35673666966736 -7.700708601729866e-05 -3.862584460301435e-05 0.9999999962889765 0.494679563779930
1625013924527582 0.0003586272449968371 0.9999999349805443 3.772497176293999e-05 -30.69032058098999 -0.9999999332946191 0.00035862985618977724 -6.923258643193821e-05 102.77833703334484 -6.924611123182585e-05 -3.770014055482944e-05 0.9999999968918378 0.493847423192181
1625013924777585 -0.015242963296125896 0.9998838186423757 3.584495420558561e-05 -30.99936734951623 -0.9998838171704062 -0.015242960922679412 -6.558059801620228e-05 103.2093026795354 -6.502659553720517e-05 -3.684043228596056e-05 0.9999999972071623 0.493392414857245
1625013925027587 -0.0342729514704067 0.999412509243405 3.410389625770032e-05 -30.938814901101416 -0.9994125074527472 -0.03427294901778897 -7.007427195371456e-05 103.74975767928166 -6.886426286907226e-05 -3.648551259489185e-05 0.9999999969632607 0.493776379809215
1625013925278840 -0.056407246438870906 0.9984078432468928 3.301575598232363e-05 -30.58063960147621 -0.9984078413044607 -0.056407243932765826 -7.246684592638686e-05 104.37664037225191 -7.048913954710655e-05 -3.705084489624669e-05 0.9999999968292583 0.493958657732067
1625013925529472 -0.08217813500925031 0.9966176564852166 3.010122295170101e-05 -29.815588342279533 -0.9966176539080643 -0.08217813236590756 -8.048232647875993e-05 105.10686788373374 -7.773644531981282e-05 -3.6613297689199676e-05 0.999999996308256 0.494695601504420
1625013925780102 -0.10727628611972917 0.9942292480120659 2.8835522434542893e-05 -29.145325602533266 -0.9942292453389933 -0.10727628345400436 -8.196779639005657e-05 105.79517921504126 -7.840141288803481e-05 -3.7462320487278244e-05 0.9999999962248967 0.494803499856523
1625013926030104 -0.1292846362574248 0.9916075241887279 2.824630771684581e-05 -28.80080602116646 -0.9916075215227487 -0.12928463356407435 -8.234975150195212e-05 106.38405933915861 -7.80068196618714e-05 -3.865580885617587e-05 0.9999999962103321 0.4948128362796911
1625013926280116 -0.13667680525389672 0.9906156923761478 3.035591492256965e-05 -29.999307481221212 -0.9906156906057938 -0.13667680282263903 -7.136914564605755e-05 106.54403964634 -6.655044623023915e-05 -3.9825552445684175e-05 0.999999996992482 0.4936879442845197
1625013926529491 -0.1355273424661908 0.9907736060958752 3.009310286742998e-05 -32.131970890801895 -0.9907736043957323 -0.13552734010430698 -7.01049762061373e-05 106.45840548251954 -6.537972189405807e-05 -3.931659311437625e-05 0.9999999970898488 0.493557383487647
1625013926778867 -0.12648305601207546 0.9919687674613328 3.034563905388346e-05 -35.18061673367991 -0.9919687656822056 -0.12648305360951587 -7.112173711977227e-05 106.104517015011 -6.671233281929101e-05 -3.909762077600206e-05 0.9999999970104205 0.493692012628585
1625013927028648 -0.1131464758564718 0.9935783180754683 2.9143644791352668e-05 -38.63311158328815 -0.9935783162660395 -0.11314647358484864 -7.042032758348689e-05 105.56594054501087 -6.667061000332225e-05 -3.692430541645999e-05 0.9999999970958131 0.493591491492546
1625013927278242 -0.09987184610870459 0.9950003082597765 3.025816747797095e-05 -42.08074965976295 -0.9950003059956521 -0.09987184353877566 -7.703565611624075e-05 104.99198400762003 -7.362856261468808e-05 -3.780057909205746e-05 0.9999999965749755 0.49435218295586
1625013927528249 -0.08849383999319364 0.996076723635782 3.019987137022796e-05 -45.44299850020401 -0.9960767212282936 -0.08849383739828783 -7.853269830903934e-05 104.45116648948755 -7.555209032362775e-05 -3.7031048894449435e-05 0.9999999964602915 0.494514627920391
1625013927778882 -0.07671395918453895 0.9970531417901678 3.017210858335069e-05 -48.83194470755227 -0.9970531395749656 -0.07671395672851584 -7.55283180206076e-05 103.84711299711135 -7.299112494446547e-05 -3.587727189661645e-05 0.9999999966925588 0.494195063694678
1625013928029511 -0.06846303942503344 0.9976536530404753 2.8380428235973825e-05 -51.810617379342304 -0.9976536502849048 -0.06846303691663995 -8.152988938711456e-05 103.39557897428813 -7.939558167318846e-05 -3.3895621857772395e-05 0.9999999962737145 0.494727768734387
1625013928280141 -0.05883459859906959 0.9982677442476673 2.8286532473968458e-05 -54.88705026283086 -0.9982677412291715 -0.05883459602867707 -8.443410145641607e-05 102.84403793300426 -8.26236132875016e-05 -3.32051793473296e-05 0.9999999960353776 0.4950024291488276
1625013928530770 -0.051631559009661585 0.9986662010810042 3.0503029520178368e-05 -57.72964851971907 -0.9986661978208401 -0.0516315561544902 -8.795964969083924e-05 102.40468061642393 -8.62674103238058e-05 -3.5003838356493266e-05 0.999999995666333 0.495478358056532
1625013928780151 -0.04499311542905268 0.998987296465692 3.258715775569636e-05 -60.50577885203708 -0.9989872933906859 -0.04499311247086318 -8.644017443061006e-05 101.97732999043974 -8.48864385066397e-05 -3.644336927160364e-05 0.999999995733087 0.495429973283746
1625013929029530 -0.036872544405564575 0.9993199759358973 3.409259593183616e-05 -63.37633864339322 -0.9993199737579493 -0.03687254174696615 -7.557312508531571e-05 101.42354655527681 -7.4264652875065e-05 -3.685598548260075e-05 0.9999999965631989 0.494381325695622
1625013929279531 -0.026330966998265183 0.9996532793753825 3.476703876044447e-05 -66.46103750833801 -0.9996532765730408 -0.026330964021226744 -8.34761298071888e-05 100.7111084362094 -8.253173726477981e-05 -3.6952991432798713e-05 0.9999999959114947 0.4952212341445584
1625013929528920 -0.007691745400363832 0.9999704174340536 3.6155614942058465e-05 -70.35953970549701 -0.999970415051261 -0.007691742554301953 -7.820776490565834e-05 99.39448909192889 -7.792735163744268e-05 -3.6756099496111686e-05 0.9999999962881587 0.494744650450194
1625013929778292 0.018031711413421525 0.9998374147893885 3.699382085824295e-05 -74.82835517100177 -0.9998374124509378 0.018031714223678216 -7.70930377688436e-05 97.49652365031656 -7.774756558699264e-05 -3.559768671462685e-05 0.9999999963440607 0.4946420205572439
1625013930028300 0.0494734798493605 0.9987754368609072 3.889301059410205e-05 -79.7641927812659 -0.9987754344567135 0.04947348275358439 -7.763891913123094e-05 95.04253892358406 -7.946801806174355e-05 -3.5004316052366894e-05 0.9999999962297663 0.494767297652406
1625013930278299 0.08429746336537733 0.9964406333840197 4.253450236439761e-05 -84.9020160608113 -0.996440631084679 0.08429746644209139 -7.66340562980254e-05 92.14659463808715 -7.994683838226342e-05 -3.5923049825610266e-05 0.9999999961590189 0.4948846958911805
1625013930528927 0.1235631751576229 0.9923367068144896 4.529137056963277e-05 -90.28511141764392 -0.9923367047967185 0.12356317822819256 -7.278121932387802e-05 88.66480303418382 -7.78198211958686e-05 -3.5951210875375025e-05 0.9999999963257933 0.494669716334109
1625013930779556 0.16527274117947333 0.9862478992258393 4.7889550390006386e-05 -95.68709934483444 -0.9862478974175084 0.16527274425578745 -6.959505946584372e-05 84.72584213133072 -7.65528186089888e-05 -3.572880213002497e-05 0.9999999964315598 0.4945215541277369
1625013931030184 0.20526361106763724 0.9787067218714648 5.032745319788609e-05 -100.75372313441488 -0.9787067197763281 0.2052636143648684 -7.26656594277103e-05 80.71637012644356 -8.144876427648132e-05 -3.434020097933353e-05 0.9999999960934249 0.494891743821861
1625013931280825 0.24496960185970026 0.9695307583576465 5.254439949043702e-05 -105.59360864256509 -0.9695307563465252 0.244969605194085 -7.090103153731465e-05 76.49763593382576 -8.161251167322694e-05 -3.357481391267431e-05 0.999999996106065 0.4948373867128586
1625013931530822 0.2807754680743514 0.9597734802933955 5.523494902619377e-05 -109.91923300139072 -0.9597734787363522 0.28077547134890773 -6.481425198678538e-05 72.47821744057575 -7.771561904990609e-05 -3.481478723529418e-05 0.9999999963741066 0.494539843413303
1625013931780201 0.31864114581884484 0.9478754225699975 5.896414217091967e-05 -114.24343102710976 -0.94787542124324 0.31864114921988007 -6.18429634723095e-05 68.0115194896034 -7.740782715857534e-05 -3.618494835693789e-05 0.9999999963493391 0.494620322271945
1625013932029580 0.3638915266303561 0.9314413308516928 6.344780372238983e-05 -118.87998039620739 -0.9314413301026863 0.36389153003373115 -5.425879236370757e-05 62.379513126889115 -7.362700014364214e-05 -3.9353591905015765e-05 0.99999999651518 0.4945015613191529
1625013932279578 0.41815899775938165 0.9083738482000864 6.705821035253469e-05 -123.8049418985246 -0.9083738473211846 0.4181590014198588 -5.506562669623832e-05 55.214411918806384 -7.806116950380442e-05 -3.788773726219853e-05 0.9999999962354869 0.494827013882646
1625013932529587 0.48033143019145774 0.877087060717727 7.134097358370955e-05 -128.73695542267882 -0.8770870597921464 0.4803314341050314 -5.434647439375144e-05 46.419849307644014 -8.193390163848198e-05 -3.6467924991912345e-05 0.9999999959784633 0.4950992310696505
1625013932778962 0.5473694147163967 0.8368911028888034 7.573875504608574e-05 -133.31921041689787 -0.8368911023982235 0.5473694186692958 -4.7223835409158556e-05 36.16877529452939 -8.097828601870298e-05 -3.7536207056296955e-05 0.9999999960167754 0.4950977065115963
1625013933028343 0.6163805641776461 0.7874484070938362 7.916561186574778e-05 -137.24698006512986 -0.7874484068458191 0.6163805681710128 -4.165246943303153e-05 24.680193655456517 -8.159531552816307e-05 -3.666506233221529e-05 0.999999995998939 0.4950831293210235
1625013933278350 0.6874084082653892 0.72627107439854 8.207193213081251e-05 -140.24310552345545 -0.726271074627239 0.6874084121547773 -3.2502466365241714e-05 11.666772455699117 -8.002253771638163e-05 -3.7264001676632074e-05 0.9999999961038941 0.4949706103782498
1625013933528352 0.7629117565799349 0.6465026251615976 8.560986201048899e-05 -141.94496724246255 -0.6465026250789686 0.7629117607671289 -3.235690597192738e-05 -3.816085605271766 -8.623159521860362e-05 -3.066153654996297e-05 0.9999999958119914 0.495029090087683
1625013933778982 0.8259941973610905 0.5636786123456837 8.892479724173907e-05 -142.0694031509989 -0.5636786125475189 0.8259942016267542 -2.5164506844410485e-05 -18.59454570259366 -8.76360612011277e-05 -2.9339269697421905e-05 0.9999999957295642 0.4950509722350948
1625013934029616 0.8761756267488249 0.4819919741474069 8.914346295349731e-05 -140.8687998481496 -0.48199197441210634 0.8761756309118507 -1.990747916620835e-05 -32.13711531353742 -8.770057507876262e-05 -2.5523985679503824e-05 0.9999999958285679 0.4946964164632306
1625013934280241 0.9137709317991133 0.40622983221758485 8.725377190016766e-05 -138.87713011830118 -0.4062298333938979 0.913770935430476 -4.587619532452984e-06 -43.95270393917916 -8.159358868218224e-05 -3.125305184715468e-05 0.9999999961828667 0.494580621949750
1625013934530874 0.9404776535066691 0.33985552209277475 8.576365487475745e-05 -136.56448486578077 -0.33985552361378957 0.9404776568613964 3.3855587984454674e-06 -53.78491553337866 -7.950820032763738e-05 -3.233129422913609e-05 0.9999999963165669 0.4944566430656711
1625013934780873 0.9601678133563216 0.2794239843162242 8.474168895726286e-05 -134.05838085283278 -0.27942398620129516 0.960167816483721 1.1046676206686712e-05 -62.36486792522097 -7.827953617228887e-05 -3.428552346417492e-05 0.9999999963484087 0.494505986888588
1625013935030881 0.9735909908216686 0.2282993107163135 8.552838717817549e-05 -131.8297393478604 -0.2282993124989482 0.9735909940917503 1.1563409814380886e-05 -69.36453825432075 -8.062974900589061e-05 -3.078410361045014e-05 0.9999999962755914 0.4944301127438715
1625013935280256 0.9814812083265159 0.19155842523102368 8.615509376477309e-05 -130.40000331506232 -0.1915584273475951 0.9814812115484626 1.694831900262941e-05 -74.27654559165691 -8.13130125110457e-05 -3.3138190883442455e-05 0.9999999961450274 0.494736372490937
1625013935529633 0.985390150698633 0.1703121935887322 8.728623567598326e-05 -130.14191219605289 -0.17031219591333271 0.9853901539623492 1.9874700738574747e-05 -77.07657585947166 -8.262609333202926e-05 -3.4450244826936736e-05 0.9999999959930548 0.4950187107629011
1625013935779637 0.9861065263663017 0.1661141511131608 8.634528068407146e-05 -131.2069010854424 -0.16611415385386374 0.9861065293538226 2.5552706046116787e-05 -77.6302870165602 -8.090097898813718e-05 -3.95408634385926e-05 0.9999999959457762 0.495316427271145
1625013936029017 0.9830039109526548 0.1835845953774123 8.596315651714574e-05 -133.93828322608923 -0.18358459824043696 0.9830039138161317 2.662389662208543e-05 -75.28889482060185 -7.961438201178513e-05 -4.195290605708279e-05 0.9999999959507522 0.495403559849993
1625013936278401 0.9790195588782543 0.20376627775970235 8.590431723996972e-05 -136.93328855966183 -0.203766280859143 0.9790195615746462 2.8927293159282202e-05 -72.51860539228396 -7.820760014908844e-05 -4.582478902217727e-05 0.9999999958918302 0.495614838831990
1625013936527776 0.9731178499002562 0.23030771343101508 8.565890246037719e-05 -140.29851674684696 -0.2303077160689421 0.9731178527930051 2.2190238914708597e-05 -68.76238335295626 -7.824562405008795e-05 -4.13216237681682e-05 0.9999999960850732 0.4951827569468230
1625013936778406 0.9643417329798232 0.2646601873813625 8.512638177081827e-05 -144.07502149771335 -0.2646601898984221 0.9643417358470737 1.9599782659065517e-05 -63.74926533208831 -7.690364061224101e-05 -4.1430452740393984e-05 0.999999996184674 0.4950242846393365
1625013937028413 0.9507771610313788 0.309875431076516 8.528787944781866e-05 -148.3768796328728 -0.30987543362870085 0.9507771638505192 1.8208645250121528e-05 -56.883375872347244 -7.54473563361897e-05 -4.374098266440089e-05 0.9999999961972115 0.4950749315039787
1625013937279040 0.931089385467526 0.3647911030236346 8.615261030708292e-05 -152.85066274202967 -0.36479110518147906 0.9310893885513412 1.0263159458981252e-05 -48.131653154792204 -7.647187199354532e-05 -4.098362476189964e-05 0.9999999962361978 0.494928124083964
1625013937529679 0.904046324492398 0.4274344810928251 8.684734181514722e-05 -157.16882962432655 -0.42743448330752326 0.9040463275827536 7.844398900906689e-06 -37.60212311000805 -7.516105385478162e-05 -4.4213248669704916e-05 0.9999999961980026 0.4950823296430098
1625013937779675 0.8744160397185717 0.48517685640455066 8.65451018481983e-05 -160.71001737624334 -0.4851768583260973 0.8744160429341745 1.3876599539784624e-06 -27.331975265193016 -7.500316499937438e-05 -4.320307273975132e-05 0.99999999625401 0.494960750290050
1625013938029057 0.8425582149708646 0.5386052791625481 8.741345231228348e-05 -163.522477324105 -0.5386052814026113 0.8425582180696725 2.4978933939910805e-06 -17.301725638195826 -7.230554404692847e-05 -4.918596768036966e-05 0.9999999961763246 0.4952237986403064
1625013938279054 0.812758008499795 0.5826014179668173 8.602481154216247e-05 -165.6465770996008 -0.5826014198234617 0.8127580117106094 -4.203697986013718e-06 -8.604098347791282 -7.236643519430525e-05 -4.6701588141166735e-05 0.9999999962910306 0.49498322997875
1625013938528439 0.7855310918892796 0.6188221847028609 8.59801270366293e-05 -167.33668921035272 -0.6188221863525595 0.7855310952428544 -9.064616296627948e-06 -1.110341552633823 -7.314944902053896e-05 -4.608587225873314e-05 0.9999999962626254 0.4950226735543956
1625013938777813 0.7621621446462796 0.6473861738172572 8.494823725455789e-05 -168.74768931730654 -0.6473861750423685 0.7621621481739957 -1.589274964744227e-05 5.04433986527905 -7.503307737538884e-05 -4.288146223729461e-05 0.999999996265609 0.4949428927453521
1625013939027816 0.7442225269687507 0.6679317506109254 8.292068219944006e-05 -170.0484969057178 -0.6679317512126347 0.7442225306524083 -2.4271704169832194e-05 9.62509439650129 -7.792328180653188e-05 -3.73218074621912e-05 0.9999999962675226 0.4947405078564807
1625013939278447 0.7340403349626514 0.6791058677669183 8.372709703284559e-05 -171.42849830270657 -0.6791058690935756 0.7340403383409658 -1.577044213230726e-05 12.160117380681342 -7.21688664237865e-05 -4.528342237196593e-05 0.9999999963705333 0.494816618280597
1625013939529080 0.7275973327902103 0.6860044565241061 8.332709610892026e-05 -172.88071916460902 -0.6860044573108532 0.7275973364484996 -2.3247751831388334e-05 13.753308442650594 -7.657663454350833e-05 -4.024775711969213e-05 0.9999999962580688 0.494873288559708
1625013939779707 0.7243550962911725 0.689427071853342 8.408626785507865e-05 -174.42696986467138 -0.6894270729974215 0.7243550998295257 -1.9155522000179205e-05 14.532944856458325 -7.411465238902899e-05 -4.409594954375501e-05 0.9999999962812829 0.494955424015292
1625013940030334 0.7234315490819206 0.6903961085780469 8.397017083663013e-05 -176.03241016029497 -0.6903961095232444 0.7234315527245344 -2.180608247767809e-05 14.735483294028034 -7.580150555697787e-05 -4.219747123547106e-05 0.9999999962367527 0.4949800090771767
1625013940280340 0.7226171257514072 0.6912484955382342 8.357433887877584e-05 -177.6713029095047 -0.6912484962811033 0.7226171294652884 -2.4294597895854887e-05 14.9128689502364 -7.71858531029286e-05 -4.021494357494208e-05 0.9999999962125514 0.494955599673402
1625013940529090 0.7229358796095485 0.6909151229235367 8.298487523805758e-05 -179.35181980702475 -0.6909151235596335 0.7229358833200011 -2.5351010940779392e-05 14.799351884206652 -7.750814092298281e-05 -3.900834993530678e-05 0.9999999962354185 0.494867674444027
1625013940779099 0.7240583398995327 0.6897387284650597 8.291624118767289e-05 -181.09092193026228 -0.6897387283193641 0.7240583439440429 -3.491652963711456e-05 14.484542636497665 -8.411947903491506e-05 -3.190893826977642e-05 0.9999999959528667 0.4949979687269955
1625013941028477 0.7260347437472755 0.6876580138770597 8.258482246197577e-05 -182.87610901584978 -0.6876580134012222 0.7260347478724026 -3.8531916299196763e-05 13.942009068736263 -8.645623178764351e-05 -2.881460497498045e-05 0.9999999958475194 0.494980623641281
1625013941278482 0.726484498069084 0.6871828483343131 8.377480951330645e-05 -184.6612161286963 -0.687182849129012 0.726484501768932 -2.345735533614304e-05 13.785275325869716 -7.698059300451435e-05 -4.052720726927866e-05 0.9999999962157671 0.4949712758676911
1625013941529110 0.7262000915402567 0.687483396034271 8.498162253873819e-05 -186.4878264465483 -0.6874833975954273 0.7262000949024633 -1.3858869642640298e-05 13.824054335069281 -7.124140511987468e-05 -4.8359142193082e-05 0.9999999962930279 0.495055559777453
1625013941779742 0.7261064780715304 0.6875822680163237 8.491085867935879e-05 -188.37433176589352 -0.6875822696016247 0.7261064814099979 -1.3477353440121793e-05 13.81471619130484 -7.092111407454566e-05 -4.8597207284552786e-05 0.9999999963042538 0.495044882062710
1625013942030371 0.7257268769031672 0.6879829159846469 8.632152108068276e-05 -190.29896529510054 -0.6879829172605221 0.7257268805879847 -1.8641405800370947e-05 13.883683343366195 -7.547081694225468e-05 -4.58591626829684e-05 0.9999999961005468 0.4953974734507
1625013942280993 0.7250832488442599 0.688661219263905 8.558722092321529e-05 -192.3105496613535 -0.6886612204384018 0.725083252515411 -1.9589043215506682e-05 14.022245724428648 -7.554807490593282e-05 -4.473691291856226e-05 0.9999999961455488 0.495284129580428
1625013942531009 0.7233723827953867 0.6904581003939373 8.606443911049244e-05 -194.29312588681228 -0.6904581024039471 0.7233723859479245 -8.397310341947811e-06 14.449705728592258 -6.80546296118984e-05 -5.334950692168265e-05 0.999999996261199 0.495216259037519
1625013942781006 0.7215565170031388 0.6923555341781923 8.402914139592782e-05 -196.3081639901255 -0.6923555354241564 0.7215565204776687 -1.7929214830669856e-05 14.92783264467325 -7.30451659960188e-05 -4.524109937669158e-05 0.9999999963088235 0.494982353780521
1625013943030386 0.7190957428487954 0.6949110056501191 8.270940806787018e-05 -198.31338919750567 -0.6949110068949854 0.7190957461945597 -1.7287398978307463e-05 15.579913357998935 -7.148918732112555e-05 -4.5044383030002956e-05 0.99999999643015 0.4947349739492510
1625013943279765 0.7172039650377355 0.696863304932787 8.228044429019962e-05 -200.31944010962252 -0.696863305872457 0.7172039685264994 -2.1356912806621908e-05 16.07980369175539 -7.38947100188036e-05 -4.2020959870942435e-05 0.9999999963869055 0.4947275088477840
1625013943529143 0.714354198554163 0.6997843041009884 8.209568654786537e-05 -202.3189705711237 -0.699784304959266 0.7143542020750174 -2.25435033255614e-05 16.857340673642746 -7.442098844454356e-05 -4.134522670040951e-05 0.9999999963760444 0.4947189355736783
1625013943778525 0.7116139744237214 0.7025706688510762 8.168716964893271e-05 -204.31753195124514 -0.7025706693777906 0.7116139780840315 -2.6892949149464126e-05 17.6115176788136 -7.702392902379111e-05 -3.825361103168799e-05 0.9999999963019881 0.4947295846977970
1625013944028528 0.7101118384488475 0.7040888936786738 8.179796263429861e-05 -206.3711849523661 -0.704088894344386 0.7101118420516516 -2.5232464192840512e-05 18.006476299065604 -7.585159972080716e-05 -3.967516553432263e-05 0.9999999963362083 0.4947306847870396
1625013944278533 0.7089964803510729 0.7052120136116994 8.188583978903815e-05 -208.43719930769058 -0.7052120145079106 0.7089964838384738 -2.2274259812721048e-05 18.290722758978863 -7.376484810099249e-05 -4.195450622774873e-05 0.9999999963992836 0.4946973447525127
