1615317786803023 0.9999727208254475 0.007386311999347236 0.0 0.0 -0.007386311999347236 0.9999727208254474 0.0 0.0 0.0 0.0 1.0 0.494999999999999
1615317787052401 0.9999552445622298 0.009460902963631198 1.3615101849163278e-05 -0.002033171150736711 -0.009460902583113988 0.999955244273573 -2.774633678462554e-05 0.005431124143375444 -1.3876997895336532e-05 2.761628383298362e-05 0.9999999995223852 0.4950219952420814
1615317787303028 0.9999821393443525 0.005976703943453983 -1.7897579261214313e-07 0.014415351931348444 -0.005976703943512103 0.9999821393443149 -3.261102963836458e-07 0.003983701729700493 1.7702353129313635e-07 3.2717415716616603e-07 0.9999999999999309 0.494974647868836
1615317787553658 0.9999811070945775 0.006146986846573675 -2.092474469428229e-06 0.008466223444174213 -0.00614698684000153 0.9999811070918997 3.132911058115687e-06 0.004074239044848998 2.1116928995706374e-06 -3.1199894553038398e-06 0.9999999999929035 0.4949913279459035
1615317787804293 0.9999764028508782 0.006869769686369455 -1.908364419363688e-06 -0.0020590671982860602 -0.006869769695713074 0.9999764028404647 -4.933521957350636e-06 0.016798573990129777 1.8744272277989774e-06 4.946515564364726e-06 0.9999999999860094 0.4950146253412829
1615317788054909 0.9999843172112749 0.005600475570440293 1.6286373925583119e-06 -0.015071046575659226 -0.005600475576471431 0.9999843172056389 3.722516194861576e-06 0.008425961868837777 -1.607763989966731e-06 -3.7315789593748333e-06 0.9999999999917455 0.4949901817041893
1615317788304292 0.9999339656001398 0.0114919291952007 5.642491614381653e-07 0.005465109452576868 -0.01149192919898259 0.9999339655740995 7.232464574081516e-06 -0.0029277033747823365 -4.810969307777969e-07 -7.238471294053842e-06 0.9999999999736868 0.4949886539845123
1615317788554299 0.9998973066016782 0.014330954178755299 -8.965126592987911e-07 0.01011385226444698 -0.014330954175306198 0.9998973065951269 3.742101581171812e-06 -0.010456622949819912 9.500484796554527e-07 -3.728869410213905e-06 0.9999999999925966 0.494995110270399
1615317788803680 0.9999621481777692 0.008700701645661436 5.844991968030243e-07 -0.01799108127150439 -0.008700701645768198 0.9999621481779228 1.803958619976814e-07 -0.012054003502504108 -5.829075018713565e-07 -1.8547458680961396e-07 0.999999999999813 0.495002854113991
1615317789053059 0.9999336408233005 0.01152015396083269 -5.872124223365418e-07 0.0009535857112129957 -0.011520153963410168 0.9999336408128936 -4.593254906411274e-06 -0.006974665231661515 5.342584516954358e-07 4.5997148793221364e-06 0.9999999999892788 0.4950120168873368
1615317789302433 0.9999548323479464 0.009504381186080787 1.659966152677758e-07 -0.0009462135167478578 -0.009504381185721084 0.9999548323458671 -2.0476404425950805e-06 -0.00562781164256551 -1.8545067288890198e-07 2.045970260381566e-06 0.9999999999978901 0.4949999839296384
1615317789552441 0.9999504921236901 0.009950542666122528 -8.468570852610129e-08 0.020026803077277524 -0.009950542664969416 0.999950492083822 8.93095861855353e-06 -0.024575980060134218 1.7354940069693152e-07 -8.929673797023048e-06 0.9999999999601157 0.49497242225079
1615317789802448 0.9999805393745856 0.006238659301365905 -4.448391013455016e-08 -0.028757305399851774 -0.006238659301524156 0.9999805393468209 -7.451732780734574e-06 -0.004589255480617537 -2.0057775754277352e-09 7.451865285330607e-06 0.9999999999722351 0.495025745993284
1615317790053071 0.9999835778407463 0.005730972442828956 1.2029479649460647e-06 -0.025717425332907693 -0.005730972434870028 0.9999835778202697 -6.518506701642729e-06 0.0011014869675632947 -1.24028559219664e-06 6.511505592074431e-06 0.9999999999780311 0.495015605702273
1615317790303698 0.9999720931929255 0.007470798693420821 9.655268196861606e-08 0.005569094247314127 -0.007470798693218587 0.9999720931910341 -1.947939712112906e-06 0.005191146567279087 -1.1110265294537876e-07 1.947164025689371e-06 0.9999999999980984 0.495000190216050
1615317790554337 0.9999768795621311 0.006800024921990865 -1.042773683135892e-07 -0.005188914970890335 -0.0068000249224166595 0.9999768795503707 -4.85030585246303e-06 0.019564223749779227 7.129275669797212e-08 4.850902799982131e-06 0.9999999999882321 0.4950127693635008
1615317790804330 0.9999882254635338 0.004852724187688399 -1.3451999857094818e-07 0.036293725792658584 -0.0048527241863172655 0.9999882254248541 8.79715483254086e-06 0.004493362846991591 1.7720858069398264e-07 -8.796398461689522e-06 0.9999999999612963 0.494970167102145
1615317791054333 0.999937539575292 0.011176624907136336 -1.2506367594889061e-06 0.013847212070766775 -0.011176624902480696 0.9999375395693926 3.66964355814279e-06 0.006769785287132379 1.2915728737735806e-06 -3.655436452705696e-06 0.9999999999924851 0.494992718640061
1615317791304338 0.9998908439651535 0.01477498398983833 -7.217209296916267e-07 0.0018780245329589379 -0.014774983987285061 0.9998908439595908 3.4234595358752576e-06 0.0010020855175782383 7.722237093268065e-07 -3.412422429434999e-06 0.9999999999938798 0.4949900210375109
1615317791553722 0.9999878374196091 0.004932039096613251 9.850994241517114e-07 -0.01496812883100232 -0.004932039100031761 0.9999878374139577 3.4984930891814674e-06 -0.004974659394491856 -9.678327381022399e-07 -3.503309087363194e-06 0.9999999999933953 0.494991533939677
1615317791803099 0.9999610221644981 0.008829164705520942 -3.202445521536459e-07 0.006827569485025451 -0.008829164705448731 0.9999610221645244 2.261403910818033e-07 -0.00634667500766894 3.222287004743158e-07 -2.233040847223736e-07 0.9999999999999234 0.495000102160452
1615317792052487 0.9999248168434394 0.012262163662270585 -8.374502711014976e-07 -1.5586405642141838e-05 -0.012262163665017365 0.9999248168381193 -3.3576150085509925e-06 -0.002406060568048952 7.962156841942441e-07 3.3676315247492097e-06 0.9999999999940128 0.4950076081351787
1615317792302481 0.9999752273282788 0.007038801504082185 9.542925602356473e-07 -0.01711214139916622 -0.007038801505129348 0.9999752273281234 1.098459033521549e-06 -0.007876953459762285 -9.465370847640194e-07 -1.1051488976682557e-06 0.9999999999989415 0.4949942385313952
1615317792552484 0.9999613569750911 0.00879116341893488 -2.0860079604412952e-07 0.018429275415625126 -0.008791163416888303 0.9999613569403117 8.344772938715494e-06 -0.024335574432442032 2.819529976692424e-07 -8.342616627778697e-06 0.9999999999651608 0.494973683813787
1615317792802487 0.9999770121942025 0.006780492657805044 -4.901473796425137e-07 0.012533074941700884 -0.00678049265495798 0.9999770121786958 5.593895485630588e-06 -0.032936144757522275 5.280654794911517e-07 -5.590443453552579e-06 0.9999999999842342 0.494986594483619
1615317793053744 0.9999834627100539 0.005751026352983199 -2.553836658833213e-07 -0.01335298892839698 -0.005751026353929699 0.9999834627025743 -3.874635934059592e-06 -0.027547625522365084 2.330963091630052e-07 3.876040576283238e-06 0.9999999999924611 0.4950123279834515
1615317793304366 0.9999776335815705 0.006688223455011805 -1.1770621934614272e-06 -0.007016165414732476 -0.006688223471838554 0.9999776334707733 -1.4924812740377736e-05 -0.004007232261808281 1.07721538403603e-06 1.4932351380794468e-05 0.9999999998879325 0.495040218915308
1615317793555002 0.9999759875052471 0.006929964597233759 1.1637782698243653e-06 -0.006369131136397715 -0.006929964594999611 0.9999759875041102 -1.912902622522604e-06 -0.006344888927030863 -1.1770066720582091e-06 1.9047917467562967e-06 0.9999999999974933 0.4949974416212441
1615317793805007 0.9999598456215417 0.008961425236628356 -1.952951891921757e-07 0.025784134294152827 -0.008961425234115547 0.9999598455675971 1.0390765716955097e-05 -0.022842708473113458 2.8840341734963976e-07 -1.038859835900268e-05 0.9999999999459972 0.494970123604521
1615317794054389 0.9999816913591261 0.006051192939192938 -2.8846972751597606e-06 0.022281100177420143 -0.006051192924978048 0.9999816913513128 4.911201200543864e-06 -0.021726342837887484 2.9143630862852567e-06 -4.893655423393431e-06 0.9999999999837796 0.494990726299133
1615317794304385 0.9999889597081879 0.004698983992372036 -2.9904298614082546e-06 -0.03626663913980746 -0.004698984015037977 0.9999889596835345 -7.618155689214109e-06 -0.005599987247739824 2.954599254487635e-06 7.632123564686185e-06 0.9999999999665108 0.4950168790784687
1615317794553761 0.9999860360449643 0.0052846674918514145 -1.532218924113946e-06 -0.09421404687045806 -0.005284667494673449 0.9999860360444235 -1.8436490296522045e-06 -0.0022734934312578846 1.522454456186877e-06 1.8517205525672512e-06 0.9999999999971267 0.4949942609910344
1615317794803148 0.9998672784719949 0.016291882589304925 -6.854891565399605e-07 -0.2145257183565065 -0.01629188258704703 0.9998672784672108 3.179670347104719e-06 0.003240936401249934 7.372009933377941e-07 -3.168080427551723e-06 0.9999999999947102 0.494986888258330
1615317795053155 0.9995308077452243 0.030629468605785977 4.344457274354563e-06 -0.4779058176530661 -0.03062946867470301 0.9995308076113771 1.6799423122099813e-05 -0.009349218928274606 -3.827861484963579e-06 -1.6924609380917444e-05 0.9999999998494529 0.4949637822960113
1615317795303154 0.9987227126593781 0.050526658277442 4.4017087211184714e-06 -0.7684535443515592 -0.05052665835611897 0.998722712462639 2.0109705093717133e-05 -0.017906538287863677 -3.3800102761030164e-06 -2.0306422854757738e-05 0.9999999997881126 0.4949493874750841
1615317795553158 0.9969176264790381 0.07845537592958264 9.575233891477354e-07 -1.1103615688996933 -0.07845537593527402 0.9969176263788573 1.4133909946594464e-05 -0.015437795754567697 1.5430927390388209e-07 -1.4165466814321448e-05 0.999999999899658 0.4949357411823760
1615317795803783 0.9933861251885252 0.11482162810356486 5.845827936222552e-07 -1.5319532639130213 -0.11482162810309698 0.9933861251884455 -7.793709104605212e-07 0.026818903207598176 -6.702050730453801e-07 7.070935007038445e-07 0.9999999999995257 0.494966928651600
1615317796053792 0.9895891066786292 0.1439215061642559 2.042565002094169e-06 -1.943769911785797 -0.1439215061781947 0.9895891066145784 1.126621218880518e-05 0.036621312565765375 -3.9984984864651897e-07 -1.1442889887165414e-05 0.9999999999344504 0.4949292345610724
1615317796304419 0.9857235913520485 0.16837161710796716 1.4951860352643594e-06 -2.537099725480463 -0.1683716171110594 0.9857235912347803 1.5244082956424226e-05 0.049088854898434536 1.0928307504587013e-06 -1.5278199089348484e-05 0.9999999998826914 0.4949151442540008
1615317796554420 0.9808806580568183 0.19461021197718767 6.4795419867944636e-06 -3.3654516829575813 -0.19461021207962817 0.9808806577344465 2.518986090239421e-05 0.06509435655943678 -1.4534532359373472e-06 -2.596923237858706e-05 0.9999999996617435 0.494901942613458
1615317796803802 0.9745310520621322 0.22425259970976225 9.373068756839767e-06 -4.1583142634142085 -0.22425259990330515 0.9745310513916531 3.616427662973285e-05 0.1336932571202059 -1.024413499531004e-06 -3.734514558891667e-05 0.9999999993021456 0.494940047629412
1615317797053180 0.9686246102006851 0.24852839770005336 6.926939340581044e-06 -4.974351077814256 -0.24852839778419208 0.9686246094977865 3.6984461494337574e-05 0.19150869702192358 2.482085041207427e-06 -3.75456007343817e-05 0.9999999992920838 0.4949469023543635
1615317797303188 0.9658317537952038 0.2591698735418298 2.6382304855993503e-06 -5.847332587688156 -0.2591698735524362 0.9658317536871475 1.4497965793286255e-05 0.20870297621999034 1.2093491847251618e-06 -1.4686345589980296e-05 0.9999999998914246 0.49494736561357
1615317797553193 0.9642237992277175 0.26508954147514774 -1.062868992340346e-06 -6.783897255725984 -0.2650895414771484 0.9642237992155209 -4.856919741099955e-06 0.21287662925395534 -2.6267504928758527e-07 4.964913059148367e-06 0.9999999999876406 0.4949374120167141
1615317797803192 0.9641053690016527 0.26551993797067136 -7.250887884922116e-08 -7.820118750159439 -0.2655199379576618 0.9641053689516385 -1.0166212837541839e-05 0.18739728400384165 -2.6294260026314227e-06 9.820552932122966e-06 0.9999999999483216 0.494957295301695
1615317798053197 0.9650581422265989 0.26203584128821517 -5.387123873275063e-07 -8.882297212374198 -0.2620358412704943 0.9650581421329751 -1.379426981269504e-05 0.13631756018108201 -3.094704319674787e-06 1.3453434352458167e-05 0.9999999999047142 0.494962687229946
1615317798304451 0.9667184325263517 0.255842670816926 -9.073729407184023e-07 -10.018284358670146 -0.25584267081137224 0.966718432466668 -1.0911442565282616e-05 0.056993579108445054 -1.914438461457705e-06 1.0780437369910757e-05 0.9999999999400588 0.4949534411720735
1615317798554454 0.968432659493218 0.2492753177193126 -7.719728760663279e-07 -11.193857048760837 -0.24927531771560263 0.9684326594500889 -9.27258874702767e-06 -0.02896880394442012 -1.563823760607091e-06 9.172311564640635e-06 0.9999999999567117 0.4949466861183247
1615317798804453 0.9709367138897471 0.23933636919123155 -1.051405889326737e-06 -12.399495897283678 -0.23933636919157397 0.9709367138545885 -8.319568562933042e-06 -0.15814125548489566 -9.70326753981807e-07 8.329414229591349e-06 0.9999999999648399 0.4949408162116354
1615317799053830 0.9741694122068555 0.22581841445930365 -3.0664468953262686e-06 -13.62901668280964 -0.2258184144794898 0.974169412146478 -1.0859194288658498e-05 -0.3481087571526995 5.350327328291892e-07 1.127115509323579e-05 0.9999999999363376 0.494909305762393
1615317799303213 0.9782925298493902 0.2072286805258867 -2.479401591758488e-06 -14.914835733671147 -0.20722868054053817 0.9782925297943262 -1.0383268947115433e-05 -0.6252162156266348 2.7386893212195405e-07 1.0671677566794218e-05 0.9999999999430205 0.49492052100371
1615317799553222 0.9823276071221257 0.18716963504661205 6.497311655700993e-08 -16.24677922237266 -0.18716963504453732 0.9823276071127574 -4.380207373343809e-06 -0.951293908697499 -8.836667016133209e-07 4.2906376332514134e-06 0.999999999990405 0.494955732726164
1615317799802601 0.9859813174871707 0.166855750758325 1.7048025161491835e-06 -17.623596364803053 -0.1668557507508765 0.985981317482417 -3.842644065866304e-06 -1.3027667501935727 -2.322070691432441e-06 3.5043191549908844e-06 0.9999999999911642 0.494989285732497
1615317800052642 0.9896797469940682 0.14329688895674708 1.685956655440395e-06 -19.042987591624005 -0.14329688895722284 0.9896797469954216 1.642244162118343e-07 -1.743897136971695 -1.6450243082712767e-06 -4.041219223290121e-07 0.9999999999985656 0.4949926136813392
1615317800303227 0.9924203113033978 0.12288989261633684 1.7261461631313385e-06 -20.50451518170801 -0.12288989262163415 0.9924203112984186 3.4001227877648517e-06 -2.1569676198549246 -1.2952217882934835e-06 -3.586476832147835e-06 0.99999999999273 0.4949970764163292
1615317800553871 0.994881759468762 0.10104595327514077 9.088712614932571e-07 -21.9873093279373 -0.10104595327824198 0.9948817594585472 4.530341022298556e-06 -2.6302117744540263 -4.4644681249708664e-07 -4.59899141029295e-06 0.9999999999893252 0.494985724673483
1615317800804489 0.9968497721062789 0.07931287315886923 8.44048786550251e-07 -23.500170279983678 -0.07931287316164126 0.9968497720982924 4.024342694417864e-06 -3.130680736322305 -5.222076588434432e-07 -4.078609032167019e-06 0.9999999999915463 0.49498765661396
1615317801055110 0.9982636513311531 0.05890401028238201 1.1893019544206235e-06 -25.07033115790121 -0.05890401028593909 0.9982636513264652 3.2179019702208345e-06 -3.63300487063464 -9.976895808102767e-07 -3.2823692249819707e-06 0.9999999999941156 0.495000908986885
1615317801305122 0.9991556579883759 0.041084925475561536 2.5000165297229243e-06 -26.685224769962332 -0.041084925506476966 0.9991556578932917 1.3918261280139759e-05 -4.121117577823303 -1.9260749330597998e-06 -1.4009222500332082e-05 0.9999999999000162 0.4950677374498690
1615317801555123 0.9997147672234461 0.023882717387481024 1.8243388792072109e-06 -28.32175685147155 -0.023882717417439043 0.999714767049654 1.8691771500149693e-05 -4.620071645602109 -1.3774082214397884e-06 -1.873001016423357e-05 0.9999999998236448 0.4950777543876394
1615317801803877 0.9999798230213475 0.006352444215135369 6.748488441635106e-07 -29.971937493321512 -0.006352444227975898 0.999979822798331 2.1126197778091407e-05 -5.160811179300164 -5.406322347411312e-07 -2.1130058454941855e-05 0.9999999997766145 0.495091403344818
1615317802053891 0.9999814763066734 -0.006086628072057555 7.452494183056995e-08 -31.689233141400493 0.0060866280682744765 0.9999814759922122 2.5079127271876518e-05 -5.582101352423942 -2.2717088140619985e-07 -2.5078209108267305e-05 0.9999999996855162 0.495098878232386
1615317802302632 0.9997985589276861 -0.020070913379191112 1.199238288541086e-07 -33.41398805474969 0.02007091337443092 0.9997985587898105 1.661027731490212e-05 -6.063235135329988 -4.532831084456698e-07 -1.660452434208498e-05 0.9999999998620424 0.495072499699791
1615317802552633 0.9996083401160712 -0.0279851097568561 -2.3893136438014945e-07 -35.160883434609 0.027985109757829654 0.9996083400935353 6.712433243393327e-06 -6.362719849406083 5.0989603492488286e-08 -6.716490773040104e-06 0.9999999999774434 0.495014750067703
1615317802802637 0.9994446156117792 -0.03332357007270107 -3.328332474149701e-09 -36.96383736801865 0.03332357007268732 0.9994446156112652 1.0143965706693267e-06 -6.581020460336151 -3.0476831234021576e-08 -1.0139441025732038e-06 0.9999999999994857 0.494993885633931
1615317803053274 0.9994154929229847 -0.034185852370615145 9.846086444032903e-07 -38.87909767450724 0.03418585236925189 0.9994154929225778 1.3696427381956534e-06 -6.642790376405525 -1.0308555381328868e-06 -1.335182486566118e-06 0.9999999999985776 0.495036704326091
1615317803303276 0.9995626663062965 -0.02957154247549032 1.8611182063531034e-07 -40.81469883186081 0.029571542474272995 0.9995626662950549 4.751893785045496e-06 -6.493764732978656 -3.265512565674917e-07 -4.744312008186107e-06 0.9999999999886926 0.4950257566097530
1615317803554530 0.999670633069722 -0.02566369761396935 -7.262354689588382e-07 -42.77064815645842 0.02566369761768386 0.9996706330537729 5.676650846940674e-06 -6.361915432854434 5.803124202054989e-07 -5.693419033364267e-06 0.9999999999836244 0.494991645772940
1615317803804534 0.99970872461715 -0.024134330761601267 -8.99255284253381e-07 -44.78924739896444 0.024134330771903464 0.9997087245174753 1.4128074822579702e-05 -6.332484593785102 5.58021722445037e-07 -1.4145662586686958e-05 0.9999999998997946 0.495037952026407
1615317804053913 0.9997720525726822 -0.021350477566734867 2.1349343424474409e-07 -46.780195257343436 0.021350477560174264 0.9997720524328009 1.673394360054514e-05 -6.244050936430101 -5.707224563834656e-07 -1.6725570954412773e-05 0.9999999998599649 0.4951098194706241
1615317804303916 0.999744499833286 -0.022603872451965486 1.0177065068295306e-06 -48.829458562811546 0.022603872427089236 0.9997444996340664 2.0012433034255956e-05 -6.3437707810466115 -1.4698049662076987e-06 -1.9984315746275375e-05 0.9999999997992337 0.495172269235003
1615317804553293 0.9997263636725162 -0.02339225886572041 1.0268815007048842e-06 -50.85348892961279 0.023392258842822023 0.9997263635034761 1.844216479738096e-05 -6.421192346169065 -1.4580044014365689e-06 -1.8413097273310674e-05 0.9999999998294162 0.4951671481822753
1615317804802674 0.999734805024711 -0.023028669509640925 7.655259856048145e-07 -52.917893649893166 0.023028669497177346 0.9997348049336398 1.3537154430125867e-05 -6.435640418040582 -1.0770656273649763e-06 -1.3515935399907474e-05 0.99999999990808 0.495137326471317
1615317805052676 0.9997580936666929 -0.021994411687731818 -4.670716000953299e-07 -54.984281834441994 0.02199441169269088 0.9997580934376968 2.1398162327405943e-05 -6.426204082995607 -3.6813791796202915e-09 -2.1403258941528062e-05 0.9999999997709506 0.495119360644589
1615317805302679 0.9997666687039239 -0.021601114404962915 -1.6998150525362853e-06 -57.03286759713094 0.02160111442258239 0.9997666686429465 1.1137993453587437e-05 -6.438711916582846 1.4588253615539082e-06 -1.1172112510611236e-05 0.9999999999365281 0.494991225381439
1615317805553307 0.9998195287297967 -0.01899763059374718 3.434702119564452e-07 -59.15232999846498 0.018997630584396092 0.9998195285655496 1.8135826186125805e-05 -6.337205475389846 -6.87945951792554e-07 -1.8126028070374786e-05 0.9999999998354872 0.495138927903770
1615317805803941 0.9998434510932597 -0.017693877572295673 3.8073804457932867e-07 -61.24168517539377 0.01769387756070514 0.999843450881446 2.059406285228643e-05 -6.303740419227036 -7.450672672002714e-07 -2.0584102141964027e-05 0.9999999997878701 0.4951505413749691
1615317806054561 0.9998777715075562 -0.01563464239441821 2.2134002722671233e-07 -63.32040143970451 0.015634642386596686 0.9998777712975607 2.0499596985531472e-05 -6.221181707708385 -5.418168412221133e-07 -2.0493630778570454e-05 0.999999999789859 0.49513681865408
1615317806304568 0.9998587976061717 -0.01680431037701847 -2.464036895487321e-07 -65.36752168543968 0.016804310378775687 0.9998587974602199 1.708403391006163e-05 -6.34234706755319 -4.071651159433329e-08 -1.7085762247693082e-05 0.9999999998540376 0.4950918203396269
1615317806554576 0.9997946127767087 -0.020266530545191508 -3.151015784506586e-07 -67.37099605028669 0.020266530545105955 0.999794612284878 3.136179505512211e-05 -6.634291156034562 -3.2055791698001126e-07 -3.136173975895282e-05 0.9999999995081694 0.4951557262810007
1615317806803960 0.9997618232304469 -0.021824225242809248 -1.1185199573098102e-06 -69.35418910518143 0.021824225266401473 0.9997618227899201 2.9682746745833346e-05 -6.795382459404345 4.7045060054168857e-07 -2.9700087836681573e-05 0.999999999558842 0.4950973961824292
1615317807053334 0.9997200145790066 -0.023662046565233564 -5.12487182458918e-07 -71.33267353545276 0.023662046570774985 0.9997200143625065 2.0805772587902255e-05 -6.977557615421772 2.0036533607889284e-08 -2.0812073770529876e-05 0.9999999997834288 0.495096054660522
1615317807303337 0.999696437425746 -0.024638039562980298 -1.5912764166323733e-06 -73.296905183608 0.024638039576586106 0.9996964373844659 9.186785577288324e-06 -7.101114934567152 1.3644489780945062e-06 -9.223202744360232e-06 0.9999999999565357 0.4949489208295680
1615317807552715 0.9996565954840343 -0.02620479157333248 -1.2786940882762275e-06 -75.26498617150733 0.026204791575326316 0.9996565954835698 1.5682375665537382e-06 -7.266524628759251 1.2371596403849321e-06 -1.601206938766733e-06 0.999999999997953 0.4949278422180687
1615317807803343 0.9997098042069964 -0.024089569642856513 -2.144353737350272e-06 -77.22863199046762 0.02408956963409332 0.9997098042014136 -4.022746674499593e-06 -7.15445958769854 2.240637691080948e-06 3.9699227316711655e-06 0.9999999999896099 0.494826023704602
1615317808054017 0.9998944700624044 -0.01452751644080722 -1.5662753568959818e-06 -79.26097383239208 0.014527516426795341 0.9998944700267286 -8.614161391025357e-06 -6.4530963070111635 1.6912524391351093e-06 8.590498248154309e-06 0.9999999999616718 0.494850272017333
1615317808303973 0.999995621051712 0.0029593700988015128 -1.945836997098365e-06 -81.29469470508946 -0.002959370122564691 0.9999956209775818 -1.2325017880454717e-05 -5.093230219078252 1.909354186856371e-06 1.233072236173887e-05 0.999999999922154 0.4948176534812074
1615317808554603 0.9995241365058949 0.030846402257457186 -2.772008756518884e-06 -83.32601767720531 -0.030846402285566288 0.9995241364511153 -1.0745099894038772e-05 -2.850459232555488 2.4392419849718764e-06 1.0825493190525537e-05 0.9999999999384297 0.49478176129519
1615317808804606 0.997658896753528 0.06838659016517218 -3.446971288173764e-06 -85.27496440996998 -0.06838659019803514 0.9976588967015178 -1.0543416469306612e-05 0.26450324808954956 2.717873271300114e-06 1.0754459855714157e-05 0.9999999999384777 0.4947610290490009
1615317809054616 0.9929615742483913 0.11843695394038978 -2.290374588785089e-06 -87.02996058652289 -0.11843695395379375 0.9929615742243911 -7.052175407230697e-06 4.538950317393332 1.439015783361063e-06 7.273804183964703e-06 0.9999999999725107 0.494879679910222
1615317809303996 0.9840181272964282 0.1780683159394604 -2.877930948069838e-06 -88.45959323970851 -0.17806831596159325 0.9840181272191173 -1.235113424116879e-05 9.776391372073805 6.32590547519896e-07 1.2666208303386532e-05 0.9999999999195837 0.4949235674845800
1615317809553369 0.9718547904086153 0.23558070024808772 -5.311700736407438e-06 -89.60194488778593 -0.2355807003023794 0.9718547902938497 -1.5023484298250103e-05 14.958468862520576 1.622958854140647e-06 1.58519793631979e-05 0.9999999998730407 0.4948163365896613
1615317809803373 0.9550293585895522 0.2965112547318521 -6.865738719696784e-06 -90.30887975786816 -0.296511254810002 0.9550293583987891 -1.910923386979162e-05 20.59492984729874 8.908791327114212e-07 2.028564816882505e-05 0.9999999997938498 0.494840893180317
1615317810052761 0.9357862883499692 0.3525677559258523 -3.919716823262221e-06 -90.75075319998133 -0.35256775594745987 0.935786288302935 -9.389148369800547e-06 25.905358800465827 3.577062864444667e-07 1.016820206809259e-05 0.9999999999482401 0.4949383045755894
1615317810302757 0.9114739334862816 0.4113578351873554 -1.668943484820153e-06 -90.72472299479371 -0.4113578351906727 0.9114739334762921 -4.273910523347997e-06 31.62472421779075 -2.3690809781076228e-07 4.582091015065838e-06 0.9999999999894744 0.495035176177826
1615317810552759 0.8807441585123693 0.4735923640041297 1.0419415972463351e-06 -90.13816306283265 -0.4735923640045538 0.8807441585127368 1.9157552071404798e-07 37.83972259047949 -8.269552715476987e-07 -6.621846049789142e-07 0.9999999999994391 0.4951318415922425
1615317810803392 0.8461139472141616 0.5330020528278964 2.947385256588931e-06 -89.15763121711969 -0.5330020528352248 0.8461139471902172 6.433834368194525e-06 43.941515530721304 9.354231524617313e-07 -7.014719385269039e-06 0.9999999999749596 0.4950162332643731
1615317811054012 0.8057622345628228 0.5922391589122439 1.0058031964253337e-06 -87.5960799519425 -0.5922391589125087 0.805762234563255 -4.2520894850553646e-08 50.221760701981765 -8.356207700868954e-07 -5.614143078333128e-07 0.9999999999994935 0.4951285380881043
1615317811304018 0.7635907355581072 0.6457005409369753 -1.1374707885583553e-06 -85.792194566218 -0.6457005409346702 0.7635907355473737 -4.545648919261833e-06 56.07013834484779 -2.066565809982631e-06 4.2054809053269635e-06 0.9999999999890219 0.495198897025341
1615317811554028 0.7209763768245763 0.6929596410025503 -5.388448253578819e-07 -83.87743673444504 -0.6929596409926104 0.72097637680959 -5.972949996435983e-06 61.415437714303366 -3.750518895415715e-06 4.679753564125953e-06 0.9999999999820168 0.495367888381537
1615317811804030 0.6743639124516086 0.7383991559956224 2.383050675650616e-06 -81.53930344756648 -0.7383991559963015 0.6743639124357536 5.104946380530152e-06 66.73698663042246 2.162444721626785e-06 -5.2022342216384395e-06 0.9999999999841305 0.494885319145326
1615317812053411 0.624557442079789 0.780978873916293 6.079240349277934e-06 -78.86228859323471 -0.7809788738838099 0.6245574419226309 1.685238673284766e-05 71.91999071583291 9.364523212064285e-06 -1.5273041832888913e-05 0.9999999998395201 0.494278046040064
1615317812303412 0.5743184580667554 0.8186319738628632 9.538577038704787e-06 -76.11489003429304 -0.8186319737279285 0.5743184576427445 2.8265578283246377e-05 76.70837845915491 1.7660925289453263e-05 -2.4042027483803703e-05 0.9999999995550366 0.4935475842533880
1615317812552788 0.5233976697418288 0.8520885395485861 8.7492172130132e-06 -73.26578544172847 -0.8520885394147494 0.523397669394114 2.5857617461784597e-05 81.19312056103743 1.7453659600943045e-05 -2.098892444067934e-05 0.9999999996274176 0.4935267470108673
1615317812803421 0.47164030188390044 0.8817910328330562 7.200194117045192e-06 -70.2680480687298 -0.8817910327690915 0.4716403016994207 1.840287334080947e-05 85.41195055143878 1.2831586964659355e-05 -1.5028603344631333e-05 0.9999999998047457 0.4939065834081625
1615317813054051 0.42440270557588605 0.9054735465275958 6.030995748816542e-06 -67.68105230058616 -0.9054735464730738 0.42440270544600023 1.5663891238541696e-05 88.9913986809006 1.1623668239879772e-05 -1.2108704930955493e-05 0.9999999998591351 0.4939759174228171
1615317813304056 0.3896249686241334 0.9209736064475881 7.023757873682564e-06 -66.29568047141963 -0.9209736063111325 0.3896249684001526 2.1799420342372684e-05 91.47853582293898 1.734005933163672e-05 -1.4962294085736307e-05 0.999999999737726 0.493423857593220
1615317813554684 0.36467826485967625 0.9311335903530772 7.272622183994574e-06 -65.85268584970024 -0.9311335901853742 0.3646782646114492 2.3371883956492056e-05 93.19776090210074 1.9110178984532732e-05 -1.529500089203404e-05 0.9999999997004323 0.493230072150822
1615317813804686 0.3506330294096723 0.9365129356311145 8.964130256710689e-06 -66.52165973702162 -0.9365129355012439 0.35063302914506267 2.2564757725971102e-05 94.13711124550852 1.7989067354232855e-05 -1.6306973300316607e-05 0.9999999997052382 0.493383835457190
1615317814054067 0.3439692771207687 0.9389809030541746 9.7133995729841e-06 -67.9699678776764 -0.9389809028886116 0.34396927680152667 2.4997797001177808e-05 94.56846712421472 2.013134297617222e-05 -1.7719170865304874e-05 0.9999999996403803 0.4931894826408783
1615317814303437 0.342550866228199 0.9394992836626299 6.440730401501242e-06 -69.96308341307264 -0.939499283618753 0.34255086611487 1.4197526057199607e-05 94.63550076472039 1.1132287783098785e-05 -1.0914436447407462e-05 0.9999999998784739 0.4940047105739091
1615317814552820 0.3499911210831173 0.9367530171470748 5.1577373349725775e-06 -72.85869400174352 -0.9367530171434268 0.34999112103715624 8.099931180584412e-06 94.03973374392048 5.78247270022678e-06 -7.666430004774813e-06 0.9999999999538947 0.4945084815666070
1615317814803449 0.3558286739987658 0.9345512049801243 5.314618493001579e-06 -75.63930567925621 -0.934551204964052 0.3558286739346824 1.0192699375576315e-05 93.54079700794962 7.63450583262856e-06 -8.593637819857414e-06 0.9999999999339322 0.4943352656231751
1615317815053459 0.36283125504272623 0.9318548601216742 5.431598958646284e-06 -78.54319610781737 -0.9318548601093138 0.36283125498024754 9.893277242289312e-06 92.92948879295602 7.248344614059596e-06 -8.651052086104016e-06 0.9999999999363105 0.4943859365415848
1615317815304088 0.37129260521927826 0.9285159133116667 5.852354406285571e-06 -81.59518286708122 -0.9285159132807412 0.3712926051271655 1.2652308319916134e-05 92.16510431143014 9.574933701551887e-06 -1.013171271455665e-05 0.9999999999028346 0.494179517883490
1615317815554715 0.38268401855013784 0.9238792896896789 5.15549677720323e-06 -84.94142007147323 -0.9238792895301761 0.38268401836388566 2.153726644589451e-05 91.09236925215691 1.7924908202568207e-05 -1.3005024371826624e-05 0.9999999997547837 0.493334822207405
1615317815804720 0.3950085682401044 0.9186774357700416 4.6530721363890855e-06 -88.35734914050128 -0.9186774356876887 0.3950085681220524 1.631643803399296e-05 89.89435419793952 1.3151540092035123e-05 -1.0719805204937638e-05 0.9999999998560616 0.493799056894680
1615317816054759 0.4108810078091812 0.9116889806314226 3.836212602079458e-06 -92.11012421356477 -0.9116889805939605 0.4108810077429686 1.1723268582955004e-05 88.29407162561027 9.111747884224288e-06 -8.314301166732356e-06 0.9999999999239242 0.494168163946733
1615317816304726 0.42727022484660504 0.9041239710078082 2.524092498549611e-06 -95.86270809985314 -0.9041239710080932 0.42727022483593763 3.869292156766112e-06 86.57201522593768 2.4198502204081493e-06 -3.935325862807863e-06 0.999999999989329 0.494763545300085
1615317816554107 0.44600330574953734 0.8950313130012394 2.3514940032556886e-06 -99.777572832497 -0.8950313129998807 0.44600330573749897 4.324361628823508e-06 84.50635738709528 2.8216649676704402e-06 -4.033340346966028e-06 0.9999999999878855 0.494719531234290
1615317816804107 0.46763831366999703 0.8839199101640108 1.138224906356202e-06 -103.93550293260377 -0.883919910052505 0.4676383135897084 1.653821523700636e-05 81.98451842591162 1.4086180150904974e-05 -8.740002741410514e-06 0.9999999998625961 0.493596795978502
1615317817053480 0.48969212409782314 0.8718954201004573 1.475398604549099e-06 -108.07823104916498 -0.8718954200064895 0.4896921240186366 1.5607394864502523e-05 79.2921262772591 1.2885525025652138e-05 -8.929211628841957e-06 0.9999999998771165 0.4937493595792248
1615317817303491 0.5149167531226926 0.8572401864988728 1.6520038948300853e-06 -112.40324939620895 -0.8572401864098323 0.5149167530392735 1.5533677919577372e-05 76.04173642439798 1.2465448475285622e-05 -9.414715125177374e-06 0.999999999877988 0.4938219932884513
1615317817552871 0.5394963880994199 0.8419879139411682 1.5643853199950367e-06 -116.63710882870343 -0.8419879138856996 0.539496388040412 1.2630292022064536e-05 72.702028108053 9.79057300250699e-06 -8.131190458658924e-06 0.9999999999190143 0.4940818991001044
1615317817803500 0.5631926807734391 0.8263256042964011 2.2764433910554196e-06 -120.67955660282047 -0.8263256042733134 0.5631926807314811 9.518363015534634e-06 69.3068103689681 6.583190814796906e-06 -7.241755844017736e-06 0.9999999999521094 0.494429185470151
1615317818054139 0.5869229446175518 0.8096427959738659 2.6173757560998773e-06 -124.68066197437437 -0.809642795948811 0.5869229445657594 1.0402777245163963e-05 65.7213315006004 6.886335768878066e-06 -8.224768078167797e-06 0.999999999942466 0.4944511218599123
1615317818304129 0.6074591672741321 0.7943509048806242 2.7783471965077664e-06 -128.3496456401165 -0.7943509048704944 0.607459167237468 8.267776499490982e-06 62.45821688603399 4.879783269445152e-06 -7.229319237195918e-06 0.9999999999619626 0.494645791107346
1615317818554756 0.6271878841956309 0.7788679977463273 1.6132237536715918e-06 -131.83856955980028 -0.7788679977166175 0.6271878841504235 1.0275666381387126e-05 59.16620389196274 6.991593307269361e-06 -7.701261811350638e-06 0.9999999999459044 0.494400089612199
1615317818804762 0.6403367870004508 0.768094264534242 1.143888210143618e-06 -134.79749184981014 -0.7680942645026042 0.6403367869589572 1.0151361660384115e-05 56.8709578871716 7.064728967446015e-06 -7.378904282749864e-06 0.9999999999478209 0.494370402713092
1615317819054769 0.6499708515482289 0.7599591384622459 1.777347868880103e-06 -137.45100630121942 -0.7599591384141757 0.649970851476693 1.3008225867497313e-05 55.112516308608825 8.730495815498768e-06 -9.80567939934721e-06 0.9999999999138138 0.494314631047509
1615317819304140 0.6605857882700992 0.7507505686482678 2.7643096145677686e-06 -140.14209491189632 -0.7507505686087403 0.6605857881862202 1.3334579642824327e-05 53.12153213551174 8.184879604024258e-06 -1.0883940819577188e-05 0.9999999999072742 0.4944621368786235
1615317819554147 0.6698006243578926 0.7425409911956364 1.321675162078095e-06 -142.66605987665278 -0.7425409911739905 0.6698006243222898 9.032495458589259e-06 51.33907216550778 5.821739282092781e-06 -7.031369082548126e-06 0.9999999999583338 0.49450566556439
1615317819803534 0.6781064594322904 0.7349636927584772 8.909327413685182e-07 -145.07803829171687 -0.7349636927528602 0.6781064594211497 4.915254880904554e-06 49.689251333759444 3.008386631293673e-06 -3.987869302097011e-06 0.9999999999875235 0.494666526660855
1615317820053540 0.6858392327343911 0.7277530809553832 1.2950466801683203e-07 -147.37491543837208 -0.7277530809525823 0.685839232731235 2.9021351887658854e-06 48.11277473291298 2.023218442830145e-06 -2.0846455923063173e-06 0.9999999999957807 0.494660513390390
1615317820302909 0.6939665418336237 0.7200072491392683 3.908179236465295e-07 -149.64418073969162 -0.720007249123614 0.6939665418147397 6.993187889849838e-06 46.40647059781786 4.763931412343264e-06 -5.134430154436274e-06 0.9999999999754716 0.494505777810885
1615317820553541 0.7009372047622532 0.7132229910603763 8.583798003182282e-07 -151.79015923414536 -0.7132229910482437 0.7009372047421466 6.799297016663494e-06 44.90784553465835 4.247744617499933e-06 -5.378096453858806e-06 0.9999999999765166 0.494600183605740
1615317820803543 0.7097236926402472 0.7044801488346915 8.426460486557882e-07 -153.97489982466456 -0.7044801488289866 0.7097236926284628 5.04732520192062e-06 42.983497618855964 2.9576945442419623e-06 -4.175833694039795e-06 0.9999999999869074 0.494691144681670
1615317821054177 0.7224100281580473 0.6914649312973412 6.480068853463133e-07 -156.3213927521596 -0.6914649312812697 0.7224100281341727 7.55912641216243e-06 40.126683464913256 4.758744152990269e-06 -5.90886276071947e-06 0.9999999999712199 0.494566322427331
1615317821304178 0.7434252287153461 0.668819055729426 7.083188081701512e-07 -159.02554526332767 -0.6688190557129475 0.7434252286886777 7.886428472452731e-06 35.226583800766065 4.748011572085711e-06 -6.336707007318621e-06 0.9999999999686515 0.494600189363190
1615317821554805 0.7745429475759378 0.63252132166152 -1.30762799375379e-06 -161.98967276917392 -0.6325213216572424 0.7745429475761113 2.6177019980466226e-06 27.540577881973398 2.6685663681415067e-06 -1.2004200345999767e-06 0.9999999999957192 0.494484816315820
1615317821804809 0.8135579869615297 0.5814837932766957 -2.3272537938706543e-06 -164.82527571059387 -0.5814837932772182 0.8135579869643218 5.149126235681322e-07 17.03129866731959 2.1927692572598385e-06 9.34349086489622e-07 0.9999999999971596 0.4943736419310586
1615317822054184 0.8561253194197423 0.5167682628015766 -2.692993239114985e-06 -166.93940631530415 -0.5167682627919988 0.8561253194223883 3.5525963234290103e-06 4.168379113524106 4.141408727542573e-06 -1.6498142242806993e-06 0.9999999999900637 0.494296102855387
1615317822303595 0.8994844952298082 0.43695267802414156 -2.544693480474281e-06 -167.8649414282664 -0.43695267802036425 0.8994844952331991 1.9173845231378723e-06 -11.03859286799402 3.1267186330017375e-06 -6.127470189232852e-07 0.9999999999949243 0.494352448468331
1615317822553568 0.9392644147361575 0.34319434610376737 -3.24320068123337e-06 -167.02359721618205 -0.3431943460976723 0.939264414741177 2.2963064802311974e-06 -28.09168206219643 3.8343023906921964e-06 -1.043790825152122e-06 0.9999999999921045 0.4942846202548545
1615317822803571 0.9715249357761427 0.2369373316903191 -3.794819414742227e-06 -163.94522120961858 -0.23693733170367165 0.9715249357737454 -3.5681105357100707e-06 -46.45405005812603 2.8413430986794886e-06 4.365642745483965e-06 0.9999999999864342 0.493986216518738
1615317823053573 0.9933181841432418 0.11540790718973806 -2.49496950223871e-06 -158.00988261771556 -0.11540790720370728 0.993318184123715 -6.464790223194298e-06 -66.32077604342072 1.732210665332144e-06 6.709532894175767e-06 0.999999999975991 0.493958197089049
1615317823304208 0.9998267523875943 -0.01861357562950421 -3.1825132083492224e-06 -148.69685485088877 0.01861357561521424 0.9998267523829675 -4.462317827790769e-06 -86.89837662016588 3.2650215358974424e-06 4.402306791641124e-06 0.9999999999849798 0.493921480706162
1615317823554840 0.9867206096846661 -0.16242671707130527 -1.6511410999104735e-06 -135.64020384977306 0.1624267170659432 0.9867206096824201 -2.9834213090776744e-06 -107.43559244145125 2.1138022816541476e-06 2.6756138647742116e-06 0.9999999999941867 0.4942437794771904
1615317823805463 0.9495163190608428 -0.3137176434852193 -9.980554990847603e-07 -118.3102233876442 0.31371764347727277 0.9495163190519842 -4.775458513086678e-06 -127.21647909546887 2.445815574992994e-06 4.2212681699508485e-06 0.9999999999880997 0.494072865135478
1615317824055470 0.8872160209935795 -0.4613542370947654 -2.189659599928015e-06 -97.45548790545747 0.4613542370788287 0.8872160209883742 -5.360607042808498e-06 -144.4940221813771 4.415839850176729e-06 3.7458077164519567e-06 0.999999999983235 0.493820516453457
1615317824304850 0.7999275796988481 -0.6000965482537586 -2.9723761840974657e-06 -73.50555145426894 0.6000965482246711 0.7999275796950412 -7.059478638384124e-06 -158.4771818735282 6.6140544502684905e-06 3.863358973044849e-06 0.9999999999706646 0.4934863628573424
1615317824553599 0.6892689827122844 -0.724505534456286 -3.2788926849207623e-06 -47.136641051229866 0.7245055344001564 0.6892689827047096 -1.0125526769181032e-05 -168.47348783036145 9.596039208911607e-06 4.603635638700413e-06 0.9999999999433615 0.4929753703232453
