0.9999806747146977592 0.006216928271891146787 0 -0 -0.006216928271891146787 0.9999806747146977592 -0 0 -0 0 1 0.4949999999999999956
0.9999825181662732598 0.005912982671174569702 4.941184979318917461e-08 0.001354849508298155286 -0.005912982671081087188 0.9999825181648015482 -1.716658624038418932e-06 -0.0003379254010949663098 -5.956155868022963975e-08 1.716336442286194049e-06 0.9999999999985252908 0.494994906573840765
0.9999806656048746412 0.006218393571293119593 -2.392679549606624046e-07 0.004958198726227310525 -0.006218393570832319792 0.9999806656031373642 1.880842911792629686e-06 0.0009287389846909453435 2.509591503637445934e-07 -1.879318684515313842e-06 0.9999999999982025489 0.4950055994534078851
0.9999812235855661813 0.00612800771419243738 -3.980969188456117334e-08 0.003557097142708643897 -0.006128007714230756554 0.9999812235850202846 -1.045471667655187836e-06 7.997588755023380758e-05 3.340228595628133619e-08 1.045695991544866612e-06 0.99999999999945266 0.4949970222505734041
0.9999804117072724763 0.006259089709099247868 -1.878745900414497441e-08 0.003951733364199735282 -0.006259089709118574422 0.9999804117064093889 -1.313848535176049242e-06 -0.0005747245545989051931 1.056359514695590618e-08 1.313940391517632542e-06 0.9999999999991366906 0.4949964937073973448
0.9999817313418581932 0.006044583089007433442 2.29609282173074049e-07 0.007482435944540891636 -0.006044583088469607582 0.9999817313392996843 -2.275149126562125945e-06 -0.003345105920703823638 -2.433574154556895079e-07 2.273719670256392983e-06 0.9999999999973855358 0.4949948693230913355
0.9999807506442563998 0.006204703311267534098 -3.803769756836011899e-08 0.006861941449233389945 -0.006204703311283104109 0.999980750644167804 -4.225938689044383584e-07 -0.002620004793954121627 3.541489578793324773e-08 4.228217468729056788e-07 0.9999999999999099609 0.4949984802540777773
0.9999802503088340844 0.006284822551016163925 -1.287595668717147828e-07 0.00652975216632801711 -0.006284822550863009526 0.9999802503081735017 1.1575365387079384e-06 -3.427705249057931065e-05 1.360319356511924043e-07 -1.156704446689371432e-06 0.9999999999993217648 0.4950025306401211744
0.9999807388332642155 0.006206606537184551978 6.625118316202999546e-08 0.005988830602419606929 -0.006206606537153614919 0.9999807388331617419 -4.580301534310370195e-07 -0.0008912892813971417779 -6.909272002685218729e-08 4.576101362100685085e-07 0.9999999999998928635 0.4949968460466478426
0.9999806453855760724 0.006221644193186821707 -1.136380740921248174e-07 0.006204205913604578237 -0.006221644193223611723 0.999980645385529221 -3.25926241303575262e-07 0.0001855409199572688266 1.11608077566043244e-07 3.266269487900864462e-07 0.999999999999940381 0.4949983732219281896
0.9999782575941904561 0.006594265764895100579 -3.765590721036941972e-07 0.002918755834226715359 -0.006594265764376388769 0.9999782575933362505 1.362632887739021063e-06 0.003468133100010425702 3.855364482047989903e-07 -1.360120130224411507e-06 0.9999999999990006883 0.4950023960802369949
0.9999808923414189588 0.006181824507243867395 2.324233788090172194e-07 -0.001080057788220118017 -0.006181824507141471872 0.999980892341350236 -4.389115757711246073e-07 0.004119787909370492725 -2.35132212078688903e-07 4.374663886590886571e-07 0.9999999999998766542 0.4949971847638644507
0.9999803053892090121 0.006276052549229098679 5.799649180182217558e-07 -0.001091458143605932929 -0.006276052547565011408 0.9999803053853888457 -2.827969759161947574e-06 0.001831026677290801055 -5.977019826514500768e-07 2.824274173096426251e-06 0.9999999999958331109 0.4949933062637088543
0.9999812367308853478 0.006125862246857790433 3.669213364036266925e-07 0.003483814460669601432 -0.006125862246015516266 0.9999812367284166559 -2.254379325530916262e-06 -0.0008083971381141781673 -3.80724468961473655e-07 2.252089316442645653e-06 0.999999999997391531 0.4949979825802175437
0.9999787552354081344 0.006518364829347550286 -1.677829467027908897e-07 0.01149010834566812668 -0.006518364829240901222 0.9999787552352251696 6.287836593308001758e-07 4.276074815839569989e-05 1.718780234839897321e-07 -6.276766305111940955e-07 0.9999999999997882805 0.4950016682711528837
0.9999675417392543952 0.008057013703628792406 -6.03866461270294507e-07 0.05106633045494750334 -0.008057013700498003375 0.9999675417268655275 5.019178040747869225e-06 0.009688899909728277901 6.442864470632985437e-07 -5.014149766606532647e-06 0.999999999987221555 0.4950118023850679227
0.9999539572181913583 0.009596011957454691696 6.518866850050538633e-07 0.1000806640082651522 -0.009596011956312587923 0.9999539572169127144 -1.73316387097991484e-06 0.01172327081944806587 -6.68488131557955077e-07 1.726828558870501235e-06 0.9999999999982855936 0.4949906114964529036
0.9998574953789940434 0.01688161533304166281 6.521086822319767188e-07 0.1431052972387439892 -0.01688161533007077539 0.9998574953699225221 -4.320397572526066165e-06 0.01450311586710784258 -7.249510436306261024e-07 4.308773247980560262e-06 0.9999999999904544135 0.4949880444384763267
0.9995906830008924882 0.02860885274565033373 2.149388427580994897e-06 0.2266144946827117757 -0.02860885273072691359 0.9995906829813124839 -6.67966397489309433e-06 0.0142155599445057193 -2.339606169365943906e-06 6.615438337894056676e-06 0.9999999999753811375 0.4949864091304931324
0.9990984740803383612 0.04245278633051177697 5.034692713257556866e-06 0.3611274199025732989 -0.04245278621005096897 0.9990984738556953904 -2.201038578283676149e-05 -0.01071132099693795914 -5.964556010838946238e-06 2.177680611616255004e-05 0.9999999997450973455 0.4949700007382973888
0.9981633545122535756 0.06057984522383361159 7.983365621996760627e-06 0.5067758079657378456 -0.06057984493942703691 0.9981633540474568189 -3.203247221150549447e-05 -0.06113346073881298359 -9.90922521454923746e-06 3.149000886448155518e-05 0.9999999994550933247 0.4949371492812496554
0.9959291376577082966 0.09013962915588734359 4.716503503139139743e-06 0.657901146911249457 -0.090139629131344573 0.9959291376576228094 -5.18078001151011292e-06 -0.07903696717951468054 -5.164296855616271494e-06 4.734545892687914607e-06 0.9999999999754570768 0.4950136217212333656
0.9913702457561145431 0.1310917072578056952 1.095116177319781988e-05 0.9928453520479286754 -0.1310917069793572087 0.9913702455833783844 -2.313921883704366024e-05 -0.1727860259074664173 -1.389001563847844674e-05 2.150392657482890824e-05 0.9999999996723243356 0.4949651586197366115
0.984726072582671641 0.1741107748573141878 7.531630567291776218e-06 1.353910888868186779 -0.1741107735672706713 0.9847260690322998666 -8.659234212600664315e-05 -0.373007375617529946 -2.249325274620136151e-05 8.395839895318348912e-05 0.9999999962225204486 0.4948423771496919255
0.9754939741991422997 0.2200261491274638492 -1.880222286833121032e-06 1.797995377884758383 -0.2200261488879673988 0.9754939726607435579 -5.577027427762286746e-05 -0.5691691610070683804 -1.0436773177019692e-05 5.481726456607974464e-05 0.9999999984430706368 0.4949115138527021562
0.9644849688514681718 0.2641377383484177499 -6.480596763718333549e-06 2.265032606230743539 -0.264137738412751677 0.964484968768719142 -1.294729561607618202e-05 -0.8081887177746731599 2.83056878549878997e-06 1.419924218171554628e-05 0.9999999998951847324 0.4949099886027251705
0.9516721008532512682 0.307115959277923567 -4.073424809195867406e-06 2.87275276739325891 -0.3071159592261826776 0.9516721008258739456 1.002408652472985283e-05 -1.102470648607687176 6.955121694650983614e-06 -8.288629714512506325e-06 0.9999999999414624918 0.4949396428467508491
0.9408955602252374595 0.3386968330749897671 -3.955004928998088059e-06 3.60516904770213964 -0.33869683309071974 0.940895560217628657 -4.393748879800343568e-06 -1.499304116453004099 2.233097747417978398e-06 5.473606458058591722e-06 0.9999999999825264219 0.4949007795761343198
0.932934299443520465 0.3600466538154875051 -5.753083049821338255e-07 4.37754349836488732 -0.3600466536342706303 0.932934299022339375 3.027693372994644965e-05 -1.846791059107933064 1.143783352749072447e-05 -2.803925212862866804e-05 0.9999999995414881049 0.4950155779955844326
0.9351349461040870947 0.3542917336353725855 7.40142933613600267e-06 5.131976222740651572 -0.3542917337112810872 0.9351349458375505241 2.234924991438794008e-05 -2.196497923408748942 9.96819276250713675e-07 -2.352182984559909835e-05 0.9999999997228649073 0.4950188378033895664
0.9448446790099166437 0.3275187514183770521 4.269403245643916948e-06 5.884128396993824062 -0.3275187514367618458 0.9448446790013842467 4.723190422088446471e-06 -2.545330880642806548 -2.486989509404248621e-06 -5.860990958654225275e-06 0.9999999999797318795 0.49500422087552165
0.954693130326539352 0.2975920477334220715 5.947684663822013909e-06 6.875439846114819176 -0.2975920477874623438 0.9546931302389056739 1.305901153969082002e-05 -2.895671345602149227 -1.791955703907194405e-06 -1.423733226449870524e-05 0.9999999998970435788 0.4950526285523854098
0.9592114711274828398 0.2826895003300724518 7.92571432411902344e-06 7.915919138840751046 -0.2826895004310275294 0.9592114704784413526 3.536771537499462279e-05 -3.225846608579258312 2.395645695743196279e-06 -3.616563451811092899e-05 0.999999999343153867 0.4950526238314430505
0.9653687909580868087 0.2608890519241624517 5.697913679844233792e-06 9.076054822674322509 -0.2608890519842184674 0.9653687906308264788 2.515917458682030266e-05 -3.585875235502452352 1.063165166919969152e-06 -2.577440525060460986e-05 0.9999999996672748193 0.4950490202268653106
0.9730387134892160006 0.2306418480043800345 1.615096716849107703e-06 10.08762180951799081 -0.2306418479120490583 0.9730387128478512615 3.596310461077952615e-05 -3.842044105653065866 6.723045276917395301e-06 -3.536600193488176585e-05 0.9999999993520233277 0.4950739963690417578
0.9796301872932235977 0.2008100996897646817 2.943312635644958877e-06 11.19856702422081796 -0.2008100996257802529 0.9796301863427715473 4.35493265353029398e-05 -4.05937218331049543 5.86178669725439688e-06 -4.325328181386625692e-05 0.9999999990473965594 0.4951027197473198416
0.9859678721000441071 0.1669351825960296021 6.115499648815726962e-07 12.4185276159776592 -0.166935182509776292 0.9859678714588483439 3.596621364820379107e-05 -4.263693638452987322 5.401057825485717123e-06 -3.556362034321641617e-05 0.9999999993530287457 0.4951001253683404157
0.9880123519436820878 0.1543748438286181857 -1.355064028577418455e-06 13.74489151121271568 -0.1543748436995110718 0.9880123514084274694 3.315681660894884294e-05 -4.447572382480136532 6.457398383044379401e-06 -3.255015656315841862e-05 0.9999999994493946609 0.4950808848106463267
0.9904258264778604826 0.1380459425168716614 -1.583746033661880214e-06 15.16717880717550138 -0.1380459424947234059 0.9904258259445479773 -3.263489622832285779e-05 -4.727689959177587831 -2.936532035303171748e-06 3.254107378284501278e-05 0.9999999994662276404 0.4949877820688661223
0.9930574380247457755 0.1176304585802882691 3.902990504723023313e-07 16.55854972652069534 -0.1176304585527379459 0.9930574378538787883 -1.860094695408616436e-05 -4.913987239893021552 -2.575627295295585246e-06 1.842589767077924942e-05 0.9999999998269262225 0.4949694692273148289
0.9939406377958199812 0.1099181902036720365 1.618885360248191575e-06 17.96857948324644383 -0.1099181901672005301 0.9939406376874591054 -1.503486462949748379e-05 -5.096997445489015455 -3.261681057339551624e-06 1.476581799012988528e-05 0.9999999998856660133 0.494974762113655431
0.9946263083613569034 0.1035302212556112877 2.110900308853194094e-06 19.46117631669151038 -0.103530221276285736 0.994626308228889755 1.623841263467120936e-05 -5.272036596087796845 -4.183905283264608305e-07 -1.636969438853919377e-05 0.9999999998659290235 0.4950075157649063695
0.9950726812505387153 0.0991481670270189519 2.505811024568405243e-06 21.06515940248569407 -0.09914816705828508048 0.9950726810004437706 2.23115297140070945e-05 -5.457733895442792971 -2.813168195850840732e-07 -2.245004026539850194e-05 0.9999999997479582792 0.4950176849030876181
0.9953516604299884607 0.09630717560527167487 2.903999247410616564e-06 22.74736966015582595 -0.09630717564525992369 0.9953516602059430118 2.113620470750064432e-05 -5.643522562303783019 -8.549322937527449448e-07 -2.131763241639298231e-05 0.9999999997724138279 0.4950161787444509187
0.995661650990495084 0.09304771218817606271 2.379244448391513773e-06 24.47360844260767365 -0.09304771221193408604 0.9956616508996791737 1.349382611781378612e-05 -5.835078847574859395 -1.113352806451766413e-06 -1.365666844335691261e-05 0.9999999999061279787 0.4950108823643906142
0.9958972184896646151 0.09049160296232830469 -3.005070427384297169e-07 26.1947203205156498 -0.09049160295810872168 0.9958972184661561977 6.904941915494413403e-06 -6.020107066926370543 9.241133902875498415e-07 -6.84941908347598243e-06 0.9999999999761157721 0.4950071027328095119
0.9954978746727647376 0.09478386740667039956 -1.917261497801173135e-06 27.91459010179582378 -0.09478386738538613354 0.9954978746344983476 9.159645606326606576e-06 -6.207645421167429234 2.776816380821773105e-06 -8.936682274303172778e-06 0.9999999999562124708 0.4950103407305734837
0.9952489045530676925 0.09736332977745167094 -1.672965134047086411e-06 29.65425991266591055 -0.09736332976585901355 0.995248904537558654 5.993907963455306989e-06 -6.409613554964029625 2.248603554691485861e-06 -5.802544878587792039e-06 0.9999999999806371553 0.4950179584769393015
0.9953891189528741856 0.09591924659085790394 -2.428177707766856219e-06 31.36480367830962734 -0.09591924660164649619 0.9953891189432000353 -4.804725679866228838e-06 -6.622446816340715969 1.956116001883058233e-06 5.015480637636202685e-06 0.9999999999855092581 0.4950124383652739768
0.9962806525457119644 0.08616763525286270931 -5.025975471943027501e-07 33.11735929079025453 -0.08616763525404401436 0.9962806525404642732 -3.241220095095822861e-06 -6.820246607564762975 2.214399413555083843e-07 3.272472513512557567e-06 0.9999999999946209694 0.4950153368803442699
0.9973803425335396877 0.07233569194974101557 2.533547294448930747e-07 34.81347500426716124 -0.07233569194904936051 0.9973803425313910731 -2.109553203704370853e-06 -6.994281473358198831 -4.052870175304418665e-07 2.085700307240431305e-06 0.9999999999977428056 0.4950159436766080057
0.9985345107099496964 0.05411867443159511237 1.114033480499063502e-06 36.53535344444591004 -0.05411867443786389648 0.9985345106877824284 6.695690758135042298e-06 -7.135600258785864902 -7.50038968105783642e-07 -6.746168310283517513e-06 0.9999999999769633163 0.4950315808215912106
0.999401596666761094 0.03458971782242287879 1.768195460913774604e-06 38.25848363055144574 -0.03458971784326941162 0.9994015965755064235 1.356778092235214291e-05 -7.243467366113553574 -1.297831653114163348e-06 -1.362082329910831266e-05 0.9999999999063944323 0.4950380866333099483
0.9998149987798922167 0.01923455783098809713 1.429456245418344518e-06 39.91710699667092399 -0.01923455786245498872 0.9998149984195834339 2.685734974535172265e-05 -7.312277185810943436 -9.126025468897531369e-07 -2.687987606174431856e-05 0.9999999996383197587 0.4950475306389179875
0.9999566522368545929 0.009310942459924625297 5.521463077563733053e-08 41.57458252061792336 -0.009310942457519025273 0.9999566518040214902 2.942238399284036012e-05 -7.359634612655030494 2.187378870692680218e-07 -2.942162269855783943e-05 0.9999999995671601249 0.4950573434235350789
0.9999491632472735647 0.01008320004565033297 3.871719813886055656e-07 43.29420647245036236 -0.0100832000526125589 0.9999491628345675842 2.872941554384395558e-05 -7.400981149390940317 -9.746785453946258799e-08 -2.873185896619308174e-05 0.9999999995872353997 0.4950535840429002299
0.9999057663420062303 0.01372801650936826372 9.780273256144238442e-07 45.03726110637674651 -0.01372801652818632367 0.999905766079433822 2.292455673537768451e-05 -7.452829574450587913 -6.63226468931628076e-07 -2.293582284582968447e-05 0.9999999997367541305 0.4950465836605773551
0.9998407296609591599 0.0178469972974579609 8.591988874854708491e-07 46.83573311342863121 -0.01784699730420565358 0.9998407296240620079 8.618580917084621209e-06 -7.521229613337480302 -7.052462522205056537e-07 -8.632542353008636923e-06 0.9999999999624908931 0.4950370001261539255
0.9997510774885098872 0.02231105242928039037 1.514648243775561637e-06 48.70250295372985505 -0.02231105243636945235 0.9997510774777983444 4.836924897414727037e-06 -7.597484205678254554 -1.406354328731770312e-06 -4.869514274310903052e-06 0.9999999999871550527 0.4950371245968406275
0.9996561009969594513 0.02622364850233030453 1.007852058164474809e-06 50.60404281907447199 -0.02622364850117339316 0.9996561009968427669 -1.144507552905305515e-06 -7.684488105015574 -1.037518622621993465e-06 1.117684399784399476e-06 0.9999999999988371524 0.4950346212694262671
0.9995069671327948546 0.03139781289703585249 7.196541345316713872e-07 52.58183135655336571 -0.03139781289151113985 0.9995069671107074116 -6.709527079119378666e-06 -7.790054834207733592 -9.299637972322224006e-07 6.683623495883340216e-06 0.9999999999772322123 0.4950255787782557593
0.9993978243565834196 0.03469853991599470416 -1.121925715818697375e-06 54.55524358198660195 -0.03469853991906280549 0.9993978243530663441 -2.84176128545142971e-06 -7.902429255361996141 1.02264515207999512e-06 2.878979230257485444e-06 0.9999999999953328444 0.4950288276509555163
0.9993181732380240767 0.03692138456841100036 5.297497540963300626e-08 56.57943946111633693 -0.03692138456630252724 0.9993181731943691082 -9.349281972229565236e-06 -8.029666928360663647 -3.981272907865407082e-07 9.340951472136153083e-06 0.9999999999562940722 0.4950274196622879708
0.9992795307677910799 0.03795285740253637879 2.391395763947235326e-06 58.67345371654501918 -0.03795285734116297244 0.9992795305326868105 -2.191454727985130038e-05 -8.173859771619893522 -3.221392524268413061e-06 2.18079982205230252e-05 0.9999999997570169219 0.4950174078281270318
0.9992513622568189868 0.03868740139556121893 1.839318445855506459e-06 60.80378601573477226 -0.03868740135080514508 0.9992513620575967925 -2.012441999318997845e-05 -8.319345018656408186 -2.616502976408240717e-06 2.003819564189668901e-05 0.9999999997958123332 0.4950058745738691868
0.9992223509261451975 0.03942960055457941926 3.459293222596390224e-06 62.96291007446561139 -0.03942960051998669474 0.9992223508878115279 -9.555241994822679993e-06 -8.463660058187500113 -3.833362481351219845e-06 9.411412819886482052e-06 0.9999999999483653035 0.495006859578473235
0.9992080059089808453 0.03979146797762332655 2.411786197849189223e-06 65.12765865511909169 -0.03979146798484960168 0.9992080059070213016 3.026176770216909196e-06 -8.604008277126778736 -2.289460061380242961e-06 -3.119748569374542158e-06 0.9999999999925127669 0.4950251196889606797
0.9991744194118290512 0.04062609500024819131 5.460257670971651846e-07 67.2629229973862266 -0.04062609500346871932 0.9991744192473622777 1.81300374472172369e-05 -8.737339437295629452 1.909776449552675156e-07 -1.813725253492643122e-05 0.9999999998355018072 0.4950411007828108834
0.9991057150239365248 0.04228203173573253509 -1.019797284595757931e-06 69.40439148247467926 -0.04228203169290133123 0.9991057146622995822 2.696829651615221125e-05 -8.870793031813963836 2.159159663991272826e-06 -2.69010600726401797e-05 0.9999999996358355236 0.495051518232806631
0.9990895521088305475 0.04266224170568261309 -1.362094830253498049e-06 71.54837615122350769 -0.04266224165109164246 0.9990895517218912891 2.792287931318343489e-05 -9.007020764120296619 2.552107339738275329e-06 -2.783934696779739111e-05 0.9999999996092288068 0.495055981778945331
0.998968505693003439 0.04540842031209594426 -6.933050433458447936e-07 73.67236468661005233 -0.04540842028833363964 0.9989685054835559797 2.052076252474150292e-05 -9.152720637585836982 1.624405312843536885e-06 -2.046811358822573715e-05 0.9999999997892088377 0.4950530082025206835
0.9986077134145590062 0.0527506844613155057 -2.037067389890394384e-07 75.7857137139378807 -0.05275068445889065372 0.9986077133936799299 6.480543957314621217e-06 -9.316556262121492793 5.452762502547299375e-07 -6.460775512985930408e-06 0.9999999999789804805 0.4950406669636825963
0.9977940494581297726 0.06638550194210882105 2.730286424914951037e-07 77.88915616939337383 -0.06638550194196750354 0.9977940494202023336 8.705219928363114101e-06 -9.495460047468345266 3.054740396615519311e-07 -8.704141787221371515e-06 0.999999999962072339 0.4950461318718236692
0.9961783972892446215 0.08734186152338301035 1.447304138586857114e-06 79.99218687823679375 -0.08734186153497568161 0.9961783971979984997 1.34857278277358164e-05 -9.714519293894735341 -2.639045445633426012e-07 -1.356060097138428577e-05 0.9999999999080202429 0.4950548098293609534
0.9932097395929272432 0.116337496861321596 2.006115414095744747e-06 82.0982375240724167 -0.1163374968779474078 0.9932097393809701247 2.052295794256568244e-05 -9.984758215164809769 3.950961876260840023e-07 -2.061698815953642264e-05 0.9999999997873918467 0.4950699573954697175
0.9889777889546241818 0.1480639488667246095 1.6270922896861593e-06 84.19948806827986232 -0.1480639488597801368 0.9889777886278404706 2.551602952833332156e-05 -10.31831311034762066 2.168845956817758367e-06 -2.54757001754022248e-05 0.9999999996731423479 0.4950870878867018043
0.9829190659029847232 0.1840383380888150344 3.794880366003556065e-07 86.24842539998077484 -0.184038338056162043 0.9829190656853358243 2.097677898053978873e-05 -10.73203193947820289 3.487525515660941058e-06 -2.068831634877365638e-05 0.9999999997799153828 0.4950845016409184396
0.9735520484056524593 0.2284653344534205432 6.909779010633227207e-07 88.28600487654156836 -0.2284653343973941375 0.9735520480904017449 2.529631993252985664e-05 -11.22022363045837956 5.106629243060767667e-06 -2.478514858466681836e-05 0.9999999996798093482 0.4950974458545690515
0.9596801518467023007 0.2810943011738987751 1.131641357646882542e-06 90.29297299413694589 -0.2810943010806639109 0.9596801514078878714 2.993224593946729219e-05 -11.809513861838699 7.327770005473848755e-06 -2.904348026480253601e-05 0.999999999551389962 0.4951156486235510634
0.9409181841673169844 0.3386339774671837666 3.204125282692466345e-06 92.2548081349666802 -0.3386339774020099003 0.9409181836958900869 3.068476810049493026e-05 -12.51401839245837699 7.376085328203687411e-06 -2.995688197128539525e-05 0.9999999995240892448 0.4951320681632960796
0.917635934955132071 0.3974220563405828077 3.908436702590422699e-06 94.10934357694119967 -0.3974220562832487813 0.917635934540970255 2.865217603252112618e-05 -13.31820856296833711 7.800484751301124827e-06 -2.784556529329795574e-05 0.9999999995818884546 0.4951378721223768653
0.8887636402285477022 0.4583657838385098993 4.005239155738456924e-06 95.91154115137217673 -0.458365783772168689 0.8887636398649234604 2.689258649646348199e-05 -14.24167295201454841 8.766930558312781283e-06 -2.573701765457301198e-05 0.9999999996303734484 0.4951452097000501595
0.8554036221429981435 0.5179620094135882757 5.577601559716004587e-06 97.63740897887753079 -0.5179620093571867256 0.8554036217539391362 2.747985458105660424e-05 -15.27994943174034859 9.462420122315791846e-06 -2.639535285586295751e-05 0.9999999996068740238 0.4951599508351523515
0.8187500574234699569 0.5741501053015708456 7.313863168105518055e-06 99.29428803744103504 -0.5741501052640072267 0.8187500570189489846 2.755050017397219519e-05 -16.43238175153777547 9.829896690081898941e-06 -2.675622890733938544e-05 0.9999999995937386421 0.4951797803487141825
0.7771178387650394814 0.6293551179923699834 1.149769352019127724e-05 100.8610145324118292 -0.6293551180044664184 0.7771178382066592505 3.13819317968884714e-05 -17.68122851613959767 1.081531665608549346e-05 -3.162359127644901136e-05 0.9999999994414887627 0.4952041862248632853
0.7279672200147587757 0.685611935698177466 1.464291469744593434e-05 102.3321277302168681 -0.6856119357948466941 0.7279672195035028492 2.874395447843834615e-05 -19.04387160374974641 9.047636371855711967e-06 -3.096401372529426099e-05 0.9999999994796850977 0.4952249501952009081
0.6667398589944372178 0.7452905206749709244 1.491111746889530165e-05 103.6636367610086751 -0.7452905207507963814 0.6667398585147101819 2.736830068702582501e-05 -20.50108937140252863 1.045549871751516671e-05 -2.936065144435423384e-05 0.9999999995143173948 0.4952428507492516174
0.600211793098191837 0.7998411113586184618 2.948933555815244338e-06 104.8437708371264847 -0.7998411112917388488 0.6002117929902671678 1.566007365427995681e-05 -22.06008288818075869 1.075558601865207295e-05 -1.175803918049389152e-05 0.9999999998730328965 0.4952457605871302682
0.5315093340083009155 0.8470524351271619956 -3.070832966381888446e-06 105.8855046589834927 -0.8470524350797610236 0.5315093340121145316 9.25627274545264628e-06 -23.70838730282817153 9.472724754060931067e-06 -2.318638820437739768e-06 0.9999999999524455951 0.4952596414529968349
0.4674610287347328863 0.8840136800976831077 -4.080344069241524891e-06 106.7743560365519926 -0.8840136800300035791 0.4674610287499446626 1.104928897349446813e-05 -25.3920828993901857 1.167512444418297307e-05 -1.558032013898266932e-06 0.9999999999306319332 0.4952804062702789167
0.4087588158736625288 0.9126424438444301623 -1.189371850217449443e-05 107.5472787663007637 -0.9126424438754644486 0.4087588159496471363 4.763957640896105073e-06 -27.15572369960604959 9.209452235946024136e-06 8.907402636426378043e-06 0.9999999999179221 0.4952949134526299924
0.362546101491264483 0.9319658384263286299 -1.737897713564595127e-05 108.241566504286638 -0.9319658385575633197 0.362546101567861323 1.369872002559881453e-06 -28.99875977124541038 7.577354319167910375e-06 1.569997124542487873e-05 0.9999999998480472163 0.4953207249778674992
0.3300202475417965964 0.9439738531891289641 -2.664494281452670725e-05 108.8677371144209047 -0.9439738535526541741 0.3300202475513245304 -4.165014704305326487e-06 -30.89418375835215969 4.86170564462851381e-06 2.652666853004894966e-05 0.9999999996363496679 0.4953434541695648785
0.3110039679934913925 0.9504086124367742139 -3.606302667382562738e-05 109.4496130112448782 -0.950408613118958745 0.3110039678471125946 -9.740774555141890834e-06 -32.81541442861974645 1.958028359124182012e-06 3.730403070392179364e-05 0.9999999993022878897 0.4953573760942742155
0.3020240268118046245 0.9533003128692236761 -2.67218200903205803e-05 110.0254958076157834 -0.9533003132366154597 0.3020240267992744254 -4.599469618022677906e-06 -34.78759955765408307 3.685955881190864362e-06 2.686306979758885133e-05 0.9999999996323947205 0.495380318987400925
0.301459469263801072 0.9534789918330428549 -2.294481046653639776e-05 110.6133627704320759 -0.9534789920936620478 0.3014594693086485866 -1.560482593832547616e-06 -36.80113778820502546 5.429043016289118818e-06 2.23478170119453935e-05 0.9999999997355502046 0.4954211533915388044
0.3049419473084203913 0.9523709407093687851 -8.144561843810173133e-06 111.2267316487379247 -0.9523709406835336733 0.3049419473743685827 8.678833429831626957e-06 -38.84267887583065004 1.074908730699111456e-05 5.110103658186436114e-06 0.9999999999291722119 0.4954554737731769465
0.314429104135069748 0.9492809586352328743 6.90099230477846024e-06 111.8747149532962339 -0.9492809585777878256 0.3144291040035649409 1.547206381779459228e-05 -40.92064553570482133 1.251746274589455983e-05 -1.14158477555678142e-05 0.9999999998564957915 0.4954898926239862389
0.3282711091415489446 0.9445835477649681122 1.403412378705899756e-05 112.5581654136820333 -0.9445835477989297235 0.3282711088996288495 1.707712166830485878e-05 -43.02577647444448417 1.152377079304889745e-05 -1.886232810802915627e-05 0.9999999997557078579 0.4955215383582129429
0.3469694754900570777 0.9378764220728760259 4.103871376526140057e-07 113.2750477450563693 -0.937876422004886412 0.3469694754595654684 1.220079743251904161e-05 -45.11352412511707399 1.130044843256020957e-05 -4.618196706020026198e-06 0.9999999999254862715 0.4955501573424042627
0.3666359003309774267 0.9303645073398589815 -8.543294470650379492e-06 114.0379930087171658 -0.9303645073121350473 0.3666359003992989418 8.629980117463260255e-06 -47.18980429962288525 1.116130566095973912e-05 4.784317420804546794e-06 0.9999999999262676464 0.4955686632590264318
0.386720533360110752 0.9221969575509982864 -2.373997247640004035e-05 114.8288104805999268 -0.922196957787328242 0.3867205335183870885 2.298584441739262506e-06 -49.2463488480247662 1.130048240063125994e-05 2.10040205944083613e-05 0.9999999997155649689 0.4955830914677079591
0.4074706390535661193 0.9132183077054264464 -2.798478980909479898e-05 115.6625784981536498 -0.9132183080616455007 0.4074706392161823176 1.198945896069523314e-07 -51.26717887475366808 1.151247012606626142e-05 2.550736887587611815e-05 0.9999999996084185661 0.4956125573805857942
0.4289803461448443156 0.9033138226396053572 -2.125807860266046452e-05 116.5480365210735556 -0.9033138228146216919 0.4289803462938829859 2.801292008389276428e-06 -53.29239369599780218 1.164974371293976335e-05 1.800101703285132153e-05 0.9999999997701234378 0.495635845656097529
0.4483740793141232639 0.8938460072426394065 -1.83803325298923786e-05 117.4604402776430163 -0.8938460073431002684 0.4483740794643190641 4.853442559239013951e-06 -55.26047430074471833 1.257949493129586516e-05 1.425302900648003234e-05 0.9999999998193038753 0.4956679191574421273
0.467512870036788375 0.8839862645664962049 -2.024773133915730883e-05 118.4000939306844202 -0.8839862646993928985 0.4675128702045810436 4.257043864358800558e-06 -57.19650218232551708 1.322924329725093367e-05 1.590849360023962128e-05 0.9999999997859535528 0.4956990959448732137
0.4905490263919125016 0.8714135944533254463 -1.049356676800604987e-05 119.4066334479748974 -0.8714135944263237121 0.4905490264788247567 8.479684755079396809e-06 -59.12721462529862038 1.253692153459071714e-05 4.984535634946232121e-06 0.9999999999089901337 0.4957311264365744097
0.5145875340383927465 0.8574378518322877119 -7.729857881354365858e-06 120.4358135240771048 -0.8574378517757040852 0.5145875340942621667 9.96419391001987517e-06 -60.98844569030993057 1.252136552751304709e-05 1.500422763482484315e-06 0.9999999999204820522 0.4957522644389585342
0.5347582273870353786 0.8450051113623124888 -3.959100084775006151e-06 121.5122059479742944 -0.8450051112897948302 0.5347582273945936659 1.140818000743190665e-05 -62.81405957610478907 1.175713176103337137e-05 -2.755158310743763186e-06 0.9999999999270895445 0.4957765700078334281
0.5514587142954503474 0.8342021855814691911 -9.704610618406653307e-07 122.6085741821080433 -0.8342021854937755609 0.5514587142536556685 1.390490678403370905e-05 -64.5896148319065162 1.213467283894340749e-05 -6.858421278797222913e-06 0.9999999999028558184 0.4958035366061867011
0.5669808093909646241 0.8237310008639850967 -4.656807168239999789e-07 123.711165997272289 -0.8237310007829601322 0.5669808093429490325 1.371679438395839932e-05 -66.30621934717393628 1.156298079626381972e-05 -7.393563539151412869e-06 0.9999999999058163391 0.4958245296413934522
0.5767815768006526733 0.8168984102477169218 5.817737655720914524e-07 124.8515640795451276 -0.8168984101699373612 0.5767815767356020418 1.422864887012546004e-05 -68.02304317282383295 1.128780425216838286e-05 -8.68207259522820684e-06 0.9999999998986035532 0.4958455001705798226
0.5875142077086533687 0.8092138504387760278 -8.6964328376131649e-07 125.9876523411841731 -0.8092138503757395629 0.5875142076756719733 1.189665964930702277e-05 -69.70006968124333468 1.013786954699485652e-05 -6.285729178136225325e-06 0.9999999999288565755 0.4958673860623946106
0.5986926653917767904 0.8009788339326257001 5.038660507253160494e-07 127.1425312870931776 -0.8009788338723210499 0.5986926653387356634 1.266374109766977085e-05 -71.34799387342781074 9.841727668753760361e-06 -7.98527495333311572e-06 0.9999999999196877987 0.4958881965184550045
0.6116292484979182209 0.7911445268622059324 2.84757050918940654e-07 128.3090267535107785 -0.7911445267968103545 0.61162924844265254 1.308281882115721429e-05 -72.96445149975147615 1.017623476524608751e-05 -8.227118626120127892e-06 0.9999999999143794893 0.4959079187722280069
0.6285891411421169472 0.7777375467552430921 -2.754027742888645836e-06 129.4926827374156915 -0.7777375466994697062 0.6285891411333803802 1.026267314728680886e-05 -74.54957733400208042 9.712818170281629186e-06 -4.309094119178789505e-06 0.9999999999435464915 0.4959266159323334477
0.6483099529094115132 0.7613765198356454711 -1.946899150038091108e-06 130.7107365758629669 -0.7613765197768416204 0.6483099528875474471 1.103102201318033252e-05 -76.09075514087858494 9.660955246863639015e-06 -5.669198062695130115e-06 0.9999999999372630732 0.4959467224572975397
0.6710092805600301746 0.7414489499592100685 -2.988039039202738893e-06 131.9428644894220213 -0.7414489499032093089 0.6710092805505774027 1.023023257554304978e-05 -77.5736306999443741 9.590197126927367297e-06 -4.649102592590261016e-06 0.9999999999432069853 0.4959625064825481378
0.7001565514261213208 0.7139893581099010511 -1.767907088534444257e-06 133.1852081390570106 -0.7139893580266271078 0.7001565513784793193 1.373872956573619768e-05 -78.95455026502109774 1.104711843415135232e-05 -8.356994666528518611e-06 0.9999999999040609655 0.4959819031850855597
0.7372251276911671036 0.6756471794530259922 3.821422795769950464e-07 134.4783111865646674 -0.6756471793682404803 0.7372251275894524669 1.626928088123643805e-05 -80.25556122566142392 1.071056884831796184e-05 -1.22523160284265443e-05 0.9999999998675822566 0.4960069959215558377
0.7812550513700903254 0.6242119389324440881 2.26918851389947568e-06 135.7988987445806117 -0.6242119388446247807 0.7812550511874575276 2.000376403374612939e-05 -81.41740660059598156 1.071377334487122982e-05 -1.704449625964463963e-05 0.9999999997973501031 0.4960310402680469521
0.8296475235835610862 0.5582875483202784928 2.104701043467478349e-06 137.1126447905832322 -0.5582875482317272153 0.8296475233715445707 2.133312255373478658e-05 -82.39969195518767719 1.016385668039033712e-05 -1.887400068232889758e-05 0.999999999770234016 0.4960455747989275799
0.8750250553955984945 0.4840776305821693493 1.454517379156002768e-06 138.4434986569067121 -0.4840776305092743259 0.8750250552030117701 2.024168389882307243e-05 -83.22549136210722054 8.525807230745796351e-06 -1.841607990130424957e-05 0.9999999997940792751 0.4960591050594045925
0.9168160097753285109 0.3993099099902410742 2.337337480172694409e-06 139.7600904117457503 -0.3993099099422081077 0.9168160095365913698 2.194491751298226572e-05 -83.87335365061385062 6.619914615339979651e-06 -2.105277372781343151e-05 0.9999999997564786858 0.4960657795077129117
0.952827408090959671 0.3035126527717543765 5.909514502877220573e-07 141.0322282182144704 -0.3035126527107703809 0.9528274078566838501 2.19958375093624513e-05 -84.34582905239690831 6.112940253856252651e-06 -2.113759808513583741e-05 0.9999999997579169797 0.4960674018744076763
0.9805460414610512876 0.1962892268491660541 5.018228993985335121e-07 142.2481323668935431 -0.1962892267919049138 0.9805460411065021198 2.67961727510780898e-05 -84.64044524672634395 4.767739574483991118e-06 -2.637338354628551788e-05 0.9999999996408566183 0.4960720534420364758
0.9973222050220299506 0.07313288843990907451 -8.153210033915883176e-07 143.3788676899546317 -0.07313288839084118587 0.9973222046558110065 2.717201290787642454e-05 -84.76678250149315375 2.800305529284152602e-06 -2.703962504822663348e-05 0.9999999996305084515 0.4960752389178277877
0.9978549221622206034 -0.06546414526725391481 -1.813691896385459845e-06 144.4982976941777792 0.06546414529237294666 0.9978549217902185076 2.724718264489594733e-05 -84.73793854892598176 2.608786263041175608e-08 -2.730746710708302879e-05 0.999999999627150804 0.4960807300486917981
0.975719599598525611 -0.2190234301588262211 -1.728407882767791794e-06 145.5679894504607716 0.2190234301223238644 0.9757195992181934008 2.758935270223443947e-05 -84.54163366081193942 -4.356273218045312191e-06 -2.729803399494095499e-05 0.9999999996179200767 0.4960742924619641059
0.9245983819895757794 -0.3809433448979858139 -1.557468891029230932e-06 146.5505598789614794 0.3809433447671594641 0.9245983815481425561 3.030507012559451179e-05 -84.17257996259816366 -1.010448156505478559e-05 -2.861332621292478795e-05 0.9999999995395885133 0.4960629813602409066
0.8403200866247964029 -0.5420905385736891624 -2.452599836776625735e-06 147.4404440895667108 0.5420905383549988743 0.8403200861384598763 3.256488612047966815e-05 -83.63583851690910365 -1.55921477495383687e-05 -2.86944590915757226e-05 0.9999999994667564396 0.4960533619322601284
0.7242042084854627415 -0.6895855743747196787 -5.335286493339115149e-06 148.1975686716519931 0.6895855741521257354 0.7242042080028474604 3.216340528982681538e-05 -82.95282047125108704 -1.831558338125517565e-05 -2.697201006989151346e-05 0.9999999994685250249 0.4960262741263009589
0.5771838992053829331 -0.8166141968284451602 -6.20779493211599346e-06 148.8032616500454708 0.8166141966330171531 0.5771838988578348317 2.754838699256095667e-05 -82.15297439104132593 -1.891336463562073262e-05 -2.096985889253759924e-05 0.999999999601274947 0.4960109900329562893
0.4030960574081908221 -0.9151576741147525729 -3.616911848697378994e-06 149.2347468136190685 0.9151576739194886567 0.4030960572327632607 2.262531433705352216e-05 -81.25619621805351755 -1.924776713924468335e-05 -1.243021964111302088e-05 0.9999999997375066396 0.4959950434353191384
0.2106388119474913445 -0.9775639574465677661 -2.233207950255764456e-06 149.4703248913010611 0.977563957272420625 0.2106388118654327624 1.949452784272342147e-05 -80.30405592386419755 -1.858674751719470043e-05 -6.289407785532809188e-06 0.9999999998074879937 0.4959824374468953523
0.006772286465113074548 -0.9999770677984819445 -3.926547968547314527e-06 149.4954927503466422 0.9999770676542044656 0.006772286395570474571 1.746161593624151199e-05 -79.34279992362650091 -1.743462379555708164e-05 -4.044712988855526675e-06 0.9999999998398372281 0.4959712915861681504
-0.197935853509904558 -0.9802149753265345655 -6.568067222799714886e-06 149.3187573491655371 0.9802149752035522745 -0.1979358535914322592 1.587335165906528296e-05 -78.40416174035689778 -1.685935299703085271e-05 -3.296212441231939658e-06 0.9999999998524486955 0.4959561129955435965
-0.39540511625278979 -0.9185068284255102355 -1.338136062916067338e-05 148.9444451566934617 0.9185068283912989351 -0.3954051164008348107 1.117282844315493327e-05 -77.53198594626501006 -1.555337767503939343e-05 -7.873077581612416621e-06 0.9999999998480534336 0.4959510924105728913
-0.5746440663527154769 -0.8184034438207671291 -1.225387264622090004e-05 148.3894124165913411 0.8184034437957223851 -0.5746440664592473713 8.289448376392681862e-06 -76.73492248498622814 -1.382572830591235286e-05 -5.26512925067017989e-06 0.9999999998905637622 0.4959396601436557583
-0.7192415751944098989 -0.6947600710558005099 -1.344008931670502964e-05 147.6445812832793365 0.6947600710288190928 -0.7192415753085509289 7.344206763412217896e-06 -76.00798831564331692 -1.476913262523131353e-05 -4.055378567237614795e-06 0.9999999998827134862 0.4959338021080096359
-0.8216781424745479567 -0.56995177873064784 -1.017742123103116636e-05 146.7467366565021791 0.5699517786731421731 -0.821678142537093037 8.145366651793740407e-06 -75.38271512608604041 -1.300503078453440819e-05 8.922304072879951033e-07 0.9999999999150364083 0.495928264942724184
-0.888427426473470061 -0.4590171105836173271 -9.133841649724043236e-06 145.7149352664918638 0.4590171105130221862 -0.8884274265128566661 8.845978655725387008e-06 -74.84823592498239009 -1.217521099387569938e-05 3.666420449805524222e-06 0.9999999999191606648 0.4959152733042589412
-0.9282856271640862467 -0.3718679797861699221 -3.544652930640876835e-06 144.6063440047228994 0.3718679796967395701 -0.9282856270844402902 1.506471794358998505e-05 -74.39645805717465521 -8.89253659624793858e-06 1.266621822027194457e-05 0.9999999998802445722 0.4958977808289918854
-0.9504878759430142043 -0.3107616412709232612 -1.473800588207122416e-06 143.4343715466766582 0.310761641198591787 -0.9504878758051714671 1.758304519781756254e-05 -74.01709821706408832 -6.8649655746600108e-06 1.625447059309294019e-05 0.9999999998443325211 0.4958825903204170382
