0.9999727208254474142 0.007386311999347235611 0 -0 -0.007386311999347235611 0.9999727208254474142 -0 0 -0 0 1 0.4949999999999998845
0.9988154894819785135 -0.04865664613026909197 0.0003856947781477352232 0.305013395065630466 0.04865670723808430964 0.9988155496105173281 -0.0001506626031897089846 0.009512078755106779387 -0.0003779072048490698076 0.0001692507796551510619 0.9999999142701551103 0.4951013251888343181
0.9956063323952172306 -0.09363764408482673496 0.0001500233979378668727 2.56632849256537332 0.09363767661029955003 0.9956063147992750828 -0.000226832678846344859 0.1622894640080307649 -0.0001281241647059628392 0.0002398838938736759855 0.9999999630199570833 0.4945507375113640802
0.9861544266039515838 -0.1658295674350398763 3.815719624799581426e-05 5.012281422729979674 0.1658295717595903718 0.98615440657170228 -0.0001988252426923797778 0.4719724014545613744 -4.657783231538159369e-06 0.0002023999847150471313 0.9999999795062751717 0.4943874095116303491
0.9733344219270513298 -0.2293907213219437968 8.09715610561879025e-06 6.956509326044982622 0.2293907201540701934 0.9733344119853103438 -0.0001412608922357581898 0.8376949827196039644 2.452269728772616883e-05 0.0001393515013554590077 0.9999999899898979194 0.4943772796977954909
0.9568947277552313224 -0.290434975678305507 6.999440217183571802e-05 8.659963238168888466 0.2904349829801591842 0.956894717517708715 -0.0001423033787485221652 1.305885936145932291 -2.564739534827192546e-05 0.000156498175869700237 0.9999999874252657461 0.494146739745213448
0.9366990066195483022 -0.3501356221839031502 0.0001306831091045070948 10.37192610865272968 0.3501356402493988607 0.9366989953904550914 -0.0001595740843919872412 1.886523988590015577 -6.653816568967791235e-05 0.0001952297004082870842 0.9999999787290178022 0.4939103156734778177
0.9161118716547120844 -0.4009227181767450188 0.0001125402292920271952 12.36679126909767135 0.4009227318903163528 0.9161118594104251667 -0.0001552527338236755279 2.695218333278830869 -4.085509066623596071e-05 0.0001873488087380403995 0.9999999816156422972 0.4938257809080434102
0.8968968286529965805 -0.4422398340444289588 8.909986475511984228e-05 14.31073367963242404 0.4422398428281800742 0.896896815995852803 -0.0001512416627001932621 3.599167617571019662 -1.302829719139113009e-05 0.0001750516778213258566 0.9999999845935864107 0.4938463804686241132
0.8828326424758773383 -0.4696876837322220832 7.163485391587675515e-05 16.12093138091331923 0.469687689157657795 0.8828326302160275363 -0.0001472474879581607023 4.526183945294996569 5.918745056762398834e-06 0.0001636408978909325565 0.99999998659331224 0.4938976914888962289
0.8755153611229159472 -0.4831902803502853283 7.358705982890190894e-05 17.91686208897154486 0.4831902859356291824 0.8755153496189459483 -0.0001419904649450642886 5.493145439726393242 4.181812150341608976e-06 0.0001598713856722780912 0.9999999872118259248 0.4939022216806652765
0.8730693296006359905 -0.4875960793101124513 9.56782898544376398e-05 19.78600876191550739 0.4875960886739885147 0.8730693146702575014 -0.0001615341060376267472 6.483976392598482796 -4.770382173225312159e-06 0.0001876828335699488209 0.9999999823761983597 0.4938535876504787092
0.873047645247117865 -0.4876349041345936497 9.695535388271081002e-05 21.73653381482370861 0.4876349137163770719 0.8730476309263733858 -0.0001583063519462138294 7.554475280818874872 -7.450939257739579716e-06 0.0001854878034192400393 0.9999999827693787369 0.4938292307829891259
0.8698197036230900236 -0.4933697147685311424 8.798005719607638795e-05 23.63754409241442289 0.4933697226101778077 0.8698196903958921311 -0.0001517016251482789175 8.608878843492094646 -1.681798581975040139e-06 0.0001753597590396728978 0.999999984623062943 0.4938421011682102013
0.8670988905280454517 -0.4981360336747124862 7.747316247232966598e-05 25.49219991307278832 0.4981360396827697601 0.8670988787469029457 -0.0001429939234393017553 9.655888311516564571 4.053533548905601425e-06 0.0001625820467021369591 0.9999999867753232019 0.4938764855533403497
0.8651742572154841326 -0.5014713321282389114 8.779178413121431924e-05 27.3710500603288267 0.5014713398104618802 0.8651742433932685383 -0.0001546603321009762356 10.71439466918981154 1.602532354203865326e-06 0.0001778332015587931372 0.9999999841863917993 0.4938673246751594248
0.8678989523886508906 -0.4967407755802693003 0.0001015914734838286118 29.331976660001299 0.4967407859588247598 0.8678989355174697717 -0.0001711574843342481781 11.78694282040057573 -3.150230179703925275e-06 0.0001990120297322431006 0.9999999801921436449 0.4938418845978282401
0.8621142074686218848 -0.506714003477243824 0.0001093757109217988763 31.39050623303947418 0.5067140152431780509 0.8621141899832492905 -0.0001737466396454109515 12.92814737142195192 -6.254497059744452626e-06 0.0002052116521895016069 0.999999978924529076 0.4938126435020865901
0.8579403458435724827 -0.5137493081716885124 0.0001064385043488354541 33.3499728566298046 0.5137493191971134188 0.8579403277278542239 -0.0001763092653946782208 14.03603989595846535 -7.391221831279708442e-07 0.0002059455412737096853 0.9999999787929434447 0.4938345804730860378
0.8565395096522462337 -0.5160814477192259275 8.790307209297232728e-05 35.23504541529666767 0.5160814551679242523 0.856539495112625171 -0.0001579436600242242555 15.12975421640905438 6.219339734011668976e-06 0.0001806501304693022456 0.9999999836634247963 0.4938747596105579341
0.8570667870546893052 -0.515205316166346905 6.873077149513672445e-05 37.15670112293775418 0.51520532065388569 0.8570667766786680408 -0.000133737794007888095 16.27125635452672725 9.995561661248861889e-06 0.0001500326805850634067 0.9999999886951413952 0.4939501483256730774
0.8513540589763306521 -0.5245915186458285362 6.950987297417293156e-05 39.08223503971822055 0.5245915231534075129 0.851354048789107587 -0.0001320916885326910194 17.41333300570329712 1.011666770047747606e-05 0.0001489210853270650405 0.9999999888600814568 0.4939610680294804768
0.8425254528521417541 -0.5386565265816668502 8.757568175002215924e-05 40.96174991581564484 0.5386565336167795648 0.8425254387145820756 -0.0001546382510337219595 18.55505944086423042 9.512163491322464572e-06 0.0001774598756410430012 0.9999999842087552437 0.4939398815013846256
0.8376572425531840782 -0.5461962409407035146 0.0001018954055516627945 42.82696983277699587 0.5461962503786016443 0.8376572249607553422 -0.000171888437694396899 19.69485653668855818 8.531395879193333731e-06 0.0001996384831889884968 0.9999999800358452262 0.4939227229710831391
0.8381973353077373234 -0.5453670496595451889 9.072422229187835285e-05 44.74028398074047175 0.5453670571509040554 0.8381973212665141393 -0.0001536178225385595518 20.92023598322783684 7.733298553937599697e-06 0.0001782400516312236574 0.9999999840853397437 0.4939889371210458568
0.843560404990444157 -0.5370342974558456328 8.056486096580858509e-05 46.52925419972248022 0.5370343034358466827 0.8435603930994325372 -0.0001418778992642235758 22.03215511976568308 8.23197216955491698e-06 0.000162948672152700766 0.9999999866899821344 0.4940266066420515023
0.845612311165801267 -0.5337975373786139066 9.108014073649262521e-05 48.34998990634200311 0.5337975451192877863 0.8456122970101019876 -0.0001548294341660558812 23.10937470071132793 5.629083651375990421e-06 0.000179544031195910832 0.9999999838661268736 0.493999600835591024
0.8465199989488415566 -0.5323569155771412653 7.628288266829935801e-05 50.11593726472436572 0.532356920917180676 0.8465199869492028295 -0.0001430011630219045103 24.20631827626642618 1.155267322946869438e-05 0.0001616630649069681876 0.999999986865794277 0.4940717028379873477
0.8476880627416485403 -0.5304949988365484925 6.705933029789960939e-05 51.8763759353897953 0.5304950028832678965 0.8476880522639869131 -0.0001340410467180073106 25.3147631230009047 1.426271183636514319e-05 0.000149199634839984732 0.9999999887680217636 0.4941173510387023016
0.8548484242956082557 -0.518877792976998875 8.623727061319815847e-05 53.64231898961520528 0.5188778001046121524 0.8548484103959396174 -0.0001542866359518555277 26.33764700008603299 6.33611544796760048e-06 0.000176638292896116254 0.9999999843793832 0.4940753328520923748
0.8640597228297898225 -0.503389296736033276 0.0001063820539308406136 55.39522249150641642 0.5033893079711273533 0.8640597045436408941 -0.0001777822774772719534 27.25584071860437874 -2.426750456813573089e-06 0.0002071660939098533653 0.9999999785381598061 0.4939866275182244748
0.873603785197520688 -0.4866378688206287606 0.0001054538436664297215 57.13888271135875385 0.4866378802131390291 0.8736037671631394774 -0.0001776014255112728327 28.12035400558643161 -5.697295878514351591e-06 0.0002064711125252826122 0.9999999786686097902 0.493938503898204595
0.8791693493998915532 -0.4765094424522618999 7.95728515414241013e-05 58.84885191761798495 0.4765094490956541251 0.8791693368781812179 -0.0001483845271414019481 28.96872690301525921 7.486171735121612821e-07 0.0001683723438388911903 0.9999999858250964158 0.4939890722673351831
0.8847816148041967033 -0.4660058915584829875 5.603118738947940764e-05 60.54443130836136788 0.4660058949046066434 0.8847816071874244903 -0.0001161861761309363622 29.85938656899714161 4.568078563584577878e-06 0.0001289102561570567857 0.9999999916806390221 0.4940688061787470442
0.89567771147869224 -0.4447037591597086115 6.12515242486571268e-05 62.32060458621125321 0.4447037633773253673 0.8956777032150808893 -0.0001216701849340571145 30.71007612533977849 -7.544359396279198807e-07 0.0001362160561429008598 0.999999990722308163 0.4940626080002762932
0.90888015159112856 -0.4170573861139661442 8.205915963439005211e-05 64.02713549079217614 0.4170573939776057171 0.9088801397747534594 -0.0001471525237242395437 31.44418462854589791 -1.321089357379846015e-05 0.0001679673873386150799 0.9999999858062141866 0.4939797441332709482
0.9186470999213804944 -0.3950791025627277131 9.233904636794789073e-05 65.84181166932630447 0.3950791127579177942 0.9186470862797028181 -0.0001597950610299701509 32.16822134942954392 -2.169530659008483037e-05 0.0001832764979089031656 0.9999999829695190856 0.4939115274362022023
0.9269653139989216806 -0.3751470358313422349 9.028881862697999241e-05 67.66046252144556661 0.3751470459894244991 0.926965300181468832 -0.0001617007129904105543 32.83156298394735728 -2.30330586914215767e-05 0.0001837625357847919331 0.9999999828504039234 0.4938611320371707469
0.933750617094853963 -0.3579242626859643894 8.519343128323459845e-05 69.43561329805147864 0.3579242720742197292 0.9337506041015921632 -0.0001574874099401100068 33.43057400938784696 -2.318085284107171466e-05 0.0001775467630938048038 0.9999999839698971993 0.4938537893225161679
0.9409724410869748645 -0.3384831747010004221 7.457468894622982603e-05 71.14226517616545209 0.3384831821774765825 0.9409724307511574404 -0.0001412497785556872615 33.98070082017117954 -2.23620528589030189e-05 0.0001581544269549550643 0.9999999872435576531 0.4938439093808965619
0.9446263712412753533 -0.3281478536590469175 6.997666451072069604e-05 72.89425915708324055 0.328147860278779846 0.9446263626121383927 -0.0001298262365811712524 34.5220479526022217 -2.349960118174904247e-05 0.0001455999794822221633 0.9999999891242070671 0.4938041676529517088
0.9446236580856254283 -0.3281556637954744504 7.004366997537962486e-05 74.67346046067852683 0.328155670363765084 0.9446236498261491032 -0.0001272771198419704076 35.07096467504914727 -2.439819943164340261e-05 0.0001432142060112336676 0.9999999894472092477 0.4937447919487670256
0.9406698043172593282 -0.3393233181072886628 7.09691579816119683e-05 76.4520362663113815 0.3393233246902112588 0.940669796122949986 -0.0001264334666945644912 35.64693016098482303 -2.385671993097333306e-05 0.0001430136350115141506 0.9999999894889782803 0.4936864252772041883
0.9347736546198999186 -0.3552438733869303089 7.107629162732775029e-05 78.21223231876908244 0.3552438798479953252 0.9347736462983724515 -0.0001265654808565390812 36.25392118298574218 -2.147863263328732942e-05 0.0001435594946918915618 0.9999999894646696141 0.4936319311890688399
0.9282572129791367699 -0.371938895038320172 7.008645628503938055e-05 79.96386163996493224 0.3719389012758558266 0.9282572039436597366 -0.000130562784525467486 36.8923650877091589 -1.649688013594152711e-05 0.0001472637260273818938 0.999999989020623703 0.4935806741489034977
0.9218143974946176877 -0.3876315414564653339 6.813187272892478805e-05 81.73064331282660078 0.3876315471985488093 0.9218143889274197367 -0.0001264320357152062357 37.57855223337252681 -1.379589573233024512e-05 0.0001429569340662785795 0.9999999896864938398 0.4935625125932491253
0.9152814853098056869 -0.4028148429729683233 7.02279950132530693e-05 83.53813592904684526 0.4028148488925273329 0.9152814764656058699 -0.0001278783161094285343 38.31378163525826608 -1.276709914168242086e-05 0.0001453335343068433026 0.9999999893575822751 0.4935383154990097831
0.9093197571090648745 -0.4160980342449975278 7.232421921886599502e-05 85.36443829776125369 0.4160980403362281588 0.9093197482601541592 -0.0001274938160080423672 39.10310293487771105 -1.271591459387162272e-05 0.0001460266116911588261 0.9999999892572668525 0.4935028578076460781
0.9038850135223570614 -0.4277754989100404082 6.974372264704518996e-05 87.23017426190529022 0.4277755044770117365 0.9038850050958583404 -0.0001238326721719205708 39.9432424969796287 -1.006772198052175777e-05 0.0001417651527000706011 0.9999999899006409843 0.4934803100902436235
0.8991609589582182371 -0.4376180593877646574 6.312889171677191094e-05 89.09695998726937205 0.437618063884458397 0.8991609518074479279 -0.0001136176702766183272 40.8178788605727263 -7.041889983989325223e-06 0.000129786916728788157 0.9999999915528837713 0.4934519670879645159
0.89485779780462682 -0.4463513382624360037 6.739301609432283831e-05 90.98686881498080936 0.4463513433184632118 0.894857789340275489 -0.000123195255350195675 41.72374602497729512 -5.318798305996944121e-06 0.000140323198166638621 0.9999999901405549618 0.4934480695047548937
0.8912388100103555422 -0.4535343190775935618 7.037315900377420286e-05 92.90113976228705894 0.4535343245165726622 0.8912388007261002887 -0.0001287160878838729142 42.65840506632323326 -4.342126561086909396e-06 0.0001466334161276853598 0.9999999892398933055 0.4934456924043930659
0.8891013159208972505 -0.4577104375624855281 7.332338967446510203e-05 94.8041070100994574 0.4577104434216357487 0.8891013057342815884 -0.0001346350537710046312 43.60263626583257945 -3.568052127655207795e-06 0.000153265084677957819 0.9999999882485410829 0.4934276049332042557
0.8877128345470858273 -0.460397564652022806 7.645323387329725569e-05 96.72789039625546081 0.4603975709956726892 0.8877128230111438478 -0.0001431261768027026712 44.55324617568930279 -1.973572832076738815e-06 0.0001622538272774447427 0.9999999868348999899 0.4934125373884713506
0.8854633699747516129 -0.4647091711603463793 8.169854824532694719e-05 98.68617457218628886 0.4647091783417866551 0.8854633564044963601 -0.0001550226370118329791 45.52297711709137928 -3.006295858217522326e-07 0.0001752329318176729816 0.9999999846466642861 0.4933936164163394422
0.8836217285493906948 -0.4682014894854525933 7.798219840147386562e-05 100.6365664581485362 0.4682014959794036368 0.8836217164766920762 -0.0001460673318066641445 46.5128794302648032 -5.178216890903031881e-07 0.0001655796501669347029 0.9999999862915553983 0.4933948307114019993
0.8811168511691900296 -0.4728986027478850329 7.814743704461026865e-05 102.5922583839528386 0.4728986092039619837 0.8811168388083338021 -0.0001475926823852706776 47.50731039251773069 9.393505860866216776e-07 0.0001670022138501744643 0.9999999860546887609 0.4933841720992467872
0.8798729400006338741 -0.4752090100419597563 7.894184089749631717e-05 104.6027257802516033 0.4752090165981693315 0.8798729275717698251 -0.0001478929219392213085 48.53771887361327231 8.212603685652108928e-07 0.0001676408546132952934 0.9999999859479343778 0.4933748880495971156
0.8775065006513450561 -0.4795647349450566366 7.946031169138862956e-05 106.6031277811930664 0.4795647415254485901 0.8775064880554858116 -0.0001486889032113647056 49.5694745856996235 1.579015405724608438e-06 0.0001685818429805036023 0.9999999857888342003 0.4933694928917662925
0.8758142755102822363 -0.4826482661708930699 7.731017257787937231e-05 108.6192449835531164 0.4826482723525467589 0.8758142632210246248 -0.0001467513134317849528 50.62301848401465065 3.119915150366616701e-06 0.0001658405164834318398 0.9999999862435943188 0.4933657318555926818
0.8739175328691947131 -0.4860742116866277884 8.04939490247867515e-05 110.6453656477441143 0.486074218340388664 0.8739175197449579047 -0.0001514920255265396552 51.68349781246057972 3.291294598404555889e-06 0.0001715175705508649538 0.9999999852854448701 0.4933584936496689388
0.8722117371282079867 -0.4891284884538899536 8.602812940924999582e-05 112.715179373140586 0.4891284960083350786 0.8722117224448447947 -0.0001600770243635590004 52.7709351519856682 3.26349003239419433e-06 0.0001816998690468111675 0.9999999834872532745 0.4933483760842199417
0.8702242767500613096 -0.4926557618806375882 9.188511178226140398e-05 114.7531013049584061 0.4926557704051146569 0.8702242590361078944 -0.0001757095117752998671 53.83707490300617593 6.603650076166784744e-06 0.0001981744133366168225 0.9999999803416464994 0.4933441116068305043
0.8682713696335796483 -0.4960895281616699015 9.34087350306603986e-05 116.7994151786705999 0.4960895368467883038 0.8682713501072198969 -0.0001844352383315403944 54.8992208086131086 1.039226188339997353e-05 0.0002064789330936270338 0.9999999786292250725 0.4934045651978365976
0.8676290972509100863 -0.4972119690870221986 8.60372555064056277e-05 118.8067424890213175 0.4972119763528600189 0.8676290793193922601 -0.0001768979911503580735 55.96603087921518238 1.33073737252181628e-05 0.0001962605982176006132 0.9999999806523452994 0.4934292155619502407
0.8667572519145908538 -0.4987302476287789332 7.972349557200532994e-05 120.804335223098704 0.4987302538232759597 0.8667572362668874986 -0.0001652349543330656947 57.03864815378358344 1.330675300393305264e-05 0.0001829791141202659962 0.9999999831707866438 0.4934458277618122279
0.8659548645486030427 -0.5001221523231634825 7.295539524920183899e-05 122.764800823326766 0.5001221575152288157 0.8659548517966189074 -0.0001490450977119291717 58.10614287530678723 1.136467658011990002e-05 0.0001655529370751740654 0.9999999862315342991 0.4934506213378569428
0.8653827616790887856 -0.5011114348771517069 7.50084541118396954e-05 124.7055758631715321 0.5011114403975733822 0.8653827489337496681 -0.0001488380613642927843 59.15032959805961355 9.673432282019491497e-06 0.0001663894870683726632 0.9999999861104813537 0.4934467737913171281
0.8640339826399584533 -0.5034334831725911785 6.975870311862086728e-05 126.6303395312339859 0.5034334879277839736 0.8640339717737621772 -0.0001373169903211068151 60.21739808518893966 8.856081414763094023e-06 0.0001537654132556046658 0.9999999881388834666 0.4934709232282922797
0.862989478684672684 -0.5052218871935953981 6.619917866331314206e-05 128.5090750420621077 0.5052218914492959678 0.8629894687863027825 -0.0001310212323714306823 61.26345801345513564 9.065600252382663792e-06 0.0001465152192775133044 0.9999999892255524436 0.4935074603668243021
0.8620946158171802765 -0.5067473433550415685 5.81710292594761583e-05 130.3734696169784968 0.5067473466104075452 0.862094607911888966 -0.0001171101640095894875 62.31398181490970245 9.196333830453546807e-06 0.0001304380565769699702 0.9999999914506702003 0.4935407160954563555
0.8604063455748804934 -0.5096085917413775146 6.0992473860808917e-05 132.1737521590097515 0.5096085952753349746 0.8604063366631355958 -0.0001243127329681028366 63.32016513021793003 1.087252578479613052e-05 0.0001380417532080857883 0.9999999904131310347 0.4935246835290362788
0.8587972730855997217 -0.5123155667557953707 6.166569986377965472e-05 133.9096083387789804 0.5123155703175100717 0.8587972637055939495 -0.0001275314133394092858 64.29921993742803465 1.2377993996642708e-05 0.000141115928203377881 0.9999999899665397152 0.4935168502763482845
0.8580632972704537176 -0.5135439353641444438 6.580499196157411565e-05 135.6486453367812999 0.5135439394600272989 0.8580632872525415511 -0.0001315882630272238361 65.28053352679893351 1.111150672255732891e-05 0.000146704813663313643 0.9999999891771157445 0.4935150865354344663
0.8570110466942244543 -0.5152980313075044005 6.911521308827085601e-05 137.3295467582504727 0.5152980358333184574 0.8570110360413332184 -0.000135543045329514488 66.23012062627407204 1.061256404072613746e-05 0.0001517768207005571878 0.9999999884255847959 0.4935150014996284584
0.8574002339353961055 -0.5146502053210093575 7.080115383529738077e-05 138.9091496068376159 0.5146502100762961884 0.8574002227245690611 -0.0001390773744432450838 67.1240894654116147 1.087127424518253058e-05 0.0001556828020777390289 0.9999999878223398975 0.4935256456494298005
0.8577582623320029187 -0.5140532645628650421 6.779142031055136644e-05 140.4241509000130179 0.5140532689090896445 0.8577582517721842326 -0.0001350660505548212994 67.980397243835057 1.128249404858697645e-05 0.0001507024220385789787 0.9999999885807423494 0.4935431000692100389
0.8620516891584719676 -0.5068203630858932884 6.915736333407697899e-05 141.8687329920755076 0.5068203676923264123 0.8620516780745841601 -0.0001386479039844566968 68.77403939926026055 1.065235992514563383e-05 0.0001545720201416912764 0.9999999879970086214 0.4935487824416491254
0.8705250517629559148 -0.4921241005458347195 6.258824711505563631e-05 143.2432412337520589 0.4921241044596009195 0.8705250425193100661 -0.0001271173538279507943 69.51852326546611494 8.072876935304007016e-06 0.00014146002608223982 0.9999999899619446131 0.4935621928722777607
0.8837176803938798786 -0.4680203604619973534 5.96197552962169947e-05 144.5611602978347037 0.4680203642472152703 0.8837176722817583485 -0.0001197875092813029037 70.18574355321950975 3.375961900299300594e-06 0.0001337615994322986746 0.9999999910482184617 0.4935587153846912045
0.8998305098505722244 -0.436239669878833447 6.299443035168606365e-05 145.8097640499271392 0.436239674426852575 0.8998305006322206978 -0.0001288027693197396314 70.7489368476670677 -4.954322328764600168e-07 0.000143381331374471552 0.9999999897207738631 0.4935492334930536851
0.918445297199923294 -0.3955480139884000601 6.843543956965062152e-05 146.9537799410917103 0.39554801981672566 0.9184452869684285314 -0.0001373564002808609923 71.20073409105114592 -8.52315559466801724e-06 0.0001532238424853295668 0.9999999882249046568 0.4935186119768317781
0.9383247666124832076 -0.3457551563580378295 6.49283465651029492e-05 148.0450743577515595 0.3457551620845540352 0.9383247577498917691 -0.0001299527727603681652 71.57322283741089564 -1.599203379687956636e-05 0.0001443872161615168258 0.9999999894482930474 0.4935038506822228555
0.9589497939789715097 -0.2835758945044178359 6.845392713752230336e-05 149.0983613354463557 0.2835759014633251196 0.9589497847756202065 -0.000135610791266395597 71.84410469286125078 -2.718792725775303883e-05 0.0001494558244429630342 0.9999999884618863133 0.4934614469225484523
0.9781355276897982787 -0.2079684714900003617 6.58737082034186361e-05 150.130305165550169 0.2079684785030945782 0.9781355199790087163 -0.000128478537955084625 72.03978245956743365 -3.771392866870740051e-05 0.0001393690773879322983 0.9999999895769596803 0.4934146551442294415
0.9933367706954442378 -0.1152477993912244258 6.87172410337339736e-05 151.1587364720499238 0.115247807599160243 0.9933367635247118965 -0.0001306754377302916481 72.1370510472306421 -5.319930517389565846e-05 0.0001377242286976224832 0.9999999891009351272 0.4933391591943107612
0.9999695434317180665 -0.007804335192010354583 6.755297683173151681e-05 152.1714950650382718 0.007804343590892732357 0.9999695378386160849 -0.0001249726865217237694 72.13109303127605187 -6.657559028658785753e-05 0.0001254960869243457384 0.9999999899092112399 0.4932642519533158021
0.994119711203633738 0.1082866334561839033 6.937840066026651888e-05 153.1574816781609059 -0.1082866241735541829 0.9941197066608702393 -0.0001259199479437074151 72.00781017626196956 -8.260588256078642852e-05 0.0001176667494865145391 0.9999999896654018228 0.4931743253324815668
0.9723206150243127732 0.233650627755416368 7.583188350205957045e-05 154.1135055130746707 -0.2336506152895320987 0.9723206101788454125 -0.0001449085691291370089 71.74980924064736598 -0.0001075908813818956682 0.0001231794228191153667 0.9999999866255157022 0.4930510447833680865
0.9339407737283247357 0.3574277905351396223 7.565143130470769906e-05 154.9772408205152772 -0.3574277769773802071 0.9339407699850954536 -0.0001496893045495508302 71.38289248302608314 -0.0001241570733950808224 0.000112761021993463718 0.9999999859349861797 0.4929305070496486363
0.8809874483923599842 0.4731396315567011346 6.948194352863012557e-05 155.7627393637325781 -0.4731396180432846377 0.8809874454254553733 -0.0001511384051272626446 70.90905263233956646 -0.0001327222892484640959 0.0001002763776651168041 0.9999999861647206334 0.4928028086723708068
0.8196302912266104634 0.5728928183097495852 6.659674533534227028e-05 156.5006195939261886 -0.5728928043411131155 0.8196302891760747222 -0.0001542775145531197851 70.33609899925811249 -0.0001429691897515522321 8.829772798773603685e-05 0.9999999858816606135 0.492660849824185787
0.7536483466962046185 0.6572778443983554597 6.919075808138672038e-05 157.1904494284395923 -0.6572778315829602702 0.7536483472071329182 -0.0001444430363777854539 69.68599643070695038 -0.0001470847080587897853 6.338170412058271685e-05 0.9999999871744238433 0.4925393702996023193
0.6921414867670654392 0.7217618423902997238 7.18851083454533573e-05 157.8434047620370961 -0.7217618301872517073 0.6921414890274820708 -0.000140192015792331556 68.94699432592379651 -0.0001509399135358072217 4.514878288075298453e-05 0.9999999875893647028 0.4923971268133764401
0.6400427860654489542 0.7683392654213238027 7.224701403295993537e-05 158.468118690050801 -0.7683392533369680644 0.6400427892156963505 -0.0001405589361472375472 68.13016912265119629 -0.0001542381301219325257 3.445351628016356238e-05 0.9999999875117769887 0.4922365950198420714
0.6027045041114875712 0.7979644580420478528 6.65403572083221763e-05 159.0697149399320551 -0.7979644454455218083 0.6027045067735719019 -0.0001460201310526993063 67.2397448736075205 -0.0001566230479104751422 3.491015143692582093e-05 0.9999999871252507333 0.4920493474486676844
0.5792420249954643996 0.8151556117287972469 7.175260710132084845e-05 159.68162715814276 -0.8151555999150421616 0.5792420289831854419 -0.0001406727504514312737 66.3019010732858618 -0.0001562323076700113664 2.299402934602319423e-05 0.9999999875313699826 0.4918908135617030553
0.567132394820485275 0.8236266394927279633 7.392786739136270025e-05 160.3115700685644924 -0.8236266279733631679 0.5671323993567035648 -0.0001389077688309193017 65.3005933935056504 -0.0001563350276546305521 1.789013546343961225e-05 0.9999999876196508097 0.4917090185086731569
0.5606712849896265949 0.8280384674138837608 8.168953475915344579e-05 160.9824749364754553 -0.8280384568646924626 0.5606712909023611191 -0.0001323376415481379413 64.24278795815951071 -0.0001553816347953159305 6.555839235327009884e-06 0.9999999879067840158 0.4915247088878340054
0.5565686293071799851 0.8308016325886504738 9.034042439667648529e-05 161.6693128039306941 -0.8308016231388027917 0.5565686366142860164 -0.0001254172152740992013 63.17375972112560589 -0.0001544774740420581081 -5.251683627178203081e-06 0.9999999880545645814 0.4913346310692191521
0.5537501198462109198 0.8326828908016671305 9.021484795894293095e-05 162.3833040244655024 -0.8326828812175585126 0.5537501271714161399 -0.0001264400992202371042 62.05335518187388999 -0.0001552409908619712601 -5.10413943048346445e-06 0.999999987937090995 0.4911289826356371457
0.5502809076186875314 0.83497958970715358 8.651623894120132096e-05 163.1131729619991972 -0.8349795799136511265 0.5502809144166739275 -0.0001278991960691168374 60.90387489042398528 -0.0001544014533341217077 -1.858807150219254046e-06 0.999999988078367763 0.4909142509945129684
0.5446925208747862568 0.8386358277733371169 7.797584715579895939e-05 163.8549766549439823 -0.8386358168775934763 0.5446925263916274629 -0.0001354451553820938984 59.70512759033037753 -0.0001560620211865701554 8.382624849124023243e-06 0.9999999877871882381 0.4906860831534188283
0.5392640710593435971 0.8421367205899691344 7.416675843263395107e-05 164.6201734878223135 -0.8421367092957839917 0.539264076021342964 -0.0001384613581970351446 58.46087064003994271 -0.0001565988625781567498 1.220868582014547655e-05 0.999999987663871881 0.4904544504923952219
0.5337289991518271437 0.8456555744822139564 6.938139510207290384e-05 165.4004916548697395 -0.8456555626328782216 0.5337290033758963492 -0.0001426382664076018424 57.1657440558807366 -0.0001576537079827263486 1.745741645918353724e-05 0.9999999874202730732 0.490213852321991217
0.5283701522572045173 0.8490141211893920126 6.501488517893397421e-05 166.1945507044713111 -0.8490141087984126589 0.5283701557846022245 -0.0001467638395292733338 55.82476977411658225 -0.0001589564972506383707 2.234707743911033863e-05 0.9999999871167196686 0.4899670769936778636
0.521705553131735833 0.8531256128243348558 6.765238546367102789e-05 166.9954816215341395 -0.8531256008218027764 0.5217055572246750428 -0.0001441719871912775755 54.45845313519176756 -0.0001582914403805638765 1.749934432800447336e-05 0.9999999873187961352 0.4897208804564615048
0.5118557152679285016 0.8590714301142537979 6.863847716631648515e-05 167.7969276126561056 -0.8590714181876178968 0.5118557196592142811 -0.000143900991013686994 53.05059428163267654 -0.0001587542272712639743 1.46911907615686004e-05 0.9999999872906317755 0.4894659956578894522
0.5010808289246669878 0.865400484314235996 6.808147474892471663e-05 168.5913187709791714 -0.8654004724549855254 0.5010808333765636169 -0.00014387344781418448 51.61453578217285099 -0.0001586224735230508756 1.317448607782975181e-05 0.9999999873326717026 0.4892111763044548756
0.4848769004689725826 0.8745824072709778019 6.546706225291925208e-05 169.3489440618343167 -0.8745823952385394229 0.484876904703813949 -0.0001456911130804786406 50.17053426540696393 -0.0001591623509011606591 1.338591522194839661e-05 0.9999999872440814563 0.4889497376785297833
0.4657340812684371278 0.8849247204316375015 6.867507317492849411e-05 170.0827008570849443 -0.8849247090409523286 0.4657340863003578413 -0.0001420879634865902308 48.72011445859057233 -0.0001577214738218071376 5.402937986040653259e-06 0.9999999875473721822 0.488696416675156009
0.4438491854214872689 0.8961014984762071256 7.093384787398535638e-05 170.7807923621383281 -0.8961014874118997664 0.4438491910883738956 -0.0001408211972221585389 47.24703313376470959 -0.0001576740168476439483 -1.06055291059404996e-06 0.9999999875688896367 0.4884438090045303826
0.4215456702271641043 0.9068071693807269185 7.399106056436094371e-05 171.4471995942908222 -0.9068071589152273404 0.4215456766268179112 -0.0001380563804131259751 45.75915054768206858 -0.0001563811272273150064 -8.898554005105169875e-06 0.9999999877328790143 0.4881909686043634511
0.3994838265811401778 0.9167402396412911436 7.297088492178458656e-05 172.0746127934343122 -0.9167402292505590911 0.3994838330783330727 -0.0001385095934650068582 44.24581025835242087 -0.0001561280067174007039 -1.156300335621392153e-05 0.9999999877451708485 0.487932322838999899
0.3768776194376926014 0.9262630595380709764 6.711469513412964178e-05 172.6600447822013962 -0.9262630483985756502 0.3768776253299006562 -0.0001438725316429908282 42.7077683291584691 -0.0001585578382700156372 -7.943524879195467661e-06 0.9999999873981557652 0.4876672573875723837
0.3602237711377954121 0.9328659231135142393 6.483107833544601612e-05 173.2026000137461494 -0.9328659117295960979 0.3602237768850599653 -0.0001459513766938475953 41.18026145657447756 -0.0001595067616467199642 -7.903547684398000008e-06 0.9999999872475631157 0.4874078702168581634
0.3538798878264212688 0.9352908750683617267 6.330916464736220444e-05 173.721827139983759 -0.9352908635665934112 0.353879893415324831 -0.0001468585957367324964 39.66521182267256052 -0.0001597593449555411414 -7.242179889050431585e-06 0.9999999872122512512 0.4871596095395714365
0.3539919833514348357 0.9352484543540798834 6.598071206928816533e-05 174.2587018522490894 -0.9352484432198131525 0.3539919893451663468 -0.0001446948511838293738 38.10009180857359468 -0.000158682279446488027 -1.048754089403201559e-05 0.9999999873549724194 0.4869082105026605878
0.3629816703044619897 0.9317962774735232268 6.566353632775885434e-05 174.8072705862778662 -0.9317962659358840494 0.362981676158147526 -0.0001468454878087906699 36.52398330008132632 -0.0001606647393827361674 -7.88281751684261795e-06 0.9999999870623508258 0.4866513599419431402
0.3789708523442217869 0.9254086060852035889 6.970772513634689873e-05 175.3872729499755678 -0.9254085949981594172 0.3789708586209897256 -0.0001436030459709626192 34.95657707728089036 -0.0001593086910490153067 -1.008675924810250381e-05 0.9999999872594987904 0.486393012803503999
0.4026786901650976636 0.9153413938021451868 7.267392955767124746e-05 175.9904806068348933 -0.9153413829287069259 0.402678696609156006 -0.0001414126807704416404 33.44004105043114095 -0.0001587051235494625775 -9.577582118805685177e-06 0.9999999873604765721 0.4861397280254455833
0.4273377395032419979 0.904092058913912755 7.353430430815238456e-05 176.6590909189882268 -0.9040920484491896669 0.4273377457622347664 -0.0001377680376533930984 31.89408912875533275 -0.0001559789726538256759 -7.608298026645027343e-06 0.9999999878063365877 0.4858779008681292089
0.4495177039697320076 0.8932714190059841686 7.6203993719367225e-05 177.3764491819221121 -0.8932714091614111229 0.4495177103515898276 -0.0001328807125212988136 30.37548243813694171 -0.0001529535874088037788 -8.338616058990187127e-06 0.9999999882678335394 0.485621968563425821
0.4691482238213268152 0.8831194356156153447 8.07804661720225699e-05 178.1348426938904765 -0.8831194261522581357 0.4691482306587494433 -0.0001297093036154250251 28.87421677027301214 -0.0001524468197793420491 -1.048590952587063254e-05 0.9999999883250060284 0.4853734448840826277
0.4862041172158446667 0.8738452664859136521 8.151537388740879371e-05 178.919498205106521 -0.8738452564512491083 0.4862041240021441335 -0.0001326016241910362196 27.39369685425532452 -0.0001555064125813159252 -6.760367168172266188e-06 0.999999987886026287 0.4851053532169314897
0.4997749089761758801 0.8661553176887248906 7.745729089144342053e-05 179.7183325859383842 -0.8661553069029771512 0.4997749149770033816 -0.0001366959075921759387 25.94675023730299657 -0.0001571110982368698723 1.227141210344113339e-06 0.9999999876572982505 0.4848344865034961426
0.5079880892192065733 0.8613640898983979666 7.646670140328915097e-05 180.5481060682138548 -0.8613640787350946848 0.5079880949534104628 -0.0001387540233841294784 24.48978379626147728 -0.0001583619070452398721 4.619721402225329744e-06 0.9999999874500818953 0.4845718337458859715
0.5112842401292368999 0.8594116711520818352 7.269998306635187737e-05 181.3807836481520042 -0.8594116596486737203 0.5112842452081015621 -0.0001409401536926256995 23.02743551736293171 -0.0001582959689861322195 9.581266280948066757e-06 0.9999999874252926135 0.4843003627132950739
0.5114314896269389621 0.8593240519510374487 7.18237676097934841e-05 182.2430721259226232 -0.8593240403018496121 0.511431494555027788 -0.0001419110579540206146 21.52490394461479184 -0.0001586805221509572021 1.085789359181076214e-05 0.9999999873512988025 0.4840266566695429207
0.5134541118052284858 0.8581170488251380624 7.475407740882576474e-05 183.1190675763716911 -0.8581170372012206782 0.5134541171765329981 -0.0001414980509435339977 20.01276843580823694 -0.0001598046787114693133 8.505008644610947402e-06 0.9999999871950644437 0.4837546249632727058
0.5144227140419400657 0.8575367430507928601 7.481841657481797664e-05 183.9897364836605789 -0.8575367313917566792 0.5144227194088516475 -0.0001416763088270730218 18.50826788922101329 -0.0001599809337553087204 8.721970904790692555e-06 0.999999987165013815 0.4834777203355587472
0.5133478322873167299 0.8581806325613031694 7.060330861715407766e-05 184.8617548702296176 -0.8581806210402082025 0.5133478370056840934 -0.0001411200220701784526 16.98852617735527915 -0.0001573505255713116262 1.185326618550164608e-05 0.9999999875501557334 0.4831992610475810968
0.5116593894440050194 0.8591883755777773857 6.684340360217703959e-05 185.703808222534235 -0.8591883641965376572 0.5116593936045715774 -0.000140597697233100366 15.50768657306281284 -0.0001550009624492392564 1.450705732523775757e-05 0.9999999878821231869 0.4829252836190780496
0.5105073739516905462 0.8598733724027576297 6.764532104726858391e-05 186.5442030668196765 -0.8598733613153406452 0.5105073782773871249 -0.0001386608763353109079 14.04276638373490727 -0.0001537642308553388061 1.262099026160950128e-05 0.9999999880986355505 0.4826703864583102299
0.509481077433290741 0.8604818574982816548 6.823454146767071976e-05 187.3676430990187782 -0.8604818462341061736 0.5094810818490972393 -0.0001397914514016832888 12.58350395750016304 -0.0001550522157709271999 1.250651505705412574e-05 0.9999999879011983728 0.4824072636030978245
0.5131502233695979243 0.858298807787238438 6.934673326414025343e-05 188.1819070409732433 -0.8582987961827653889 0.5131502278849786602 -0.0001417569847339824425 11.14024657689129683 -0.0001572551429702633387 1.322241070062485206e-05 0.9999999875479936851 0.4821427087854899263
0.5252071285251497246 0.8509744222861330698 6.90172544321230821e-05 189.0053943005796953 -0.8509744104668441889 0.5252071328086675983 -0.0001427576203407772838 9.724878913174631379 -0.0001577314378110577912 1.624540245184701603e-05 0.9999999874284399848 0.4818831460951121248
0.5448253477998401539 0.8385495426300079158 7.037059265603165081e-05 189.8447846783628847 -0.838549530873089477 0.5448253520427923657 -0.0001415846090720138172 8.349628682793284185 -0.0001570653920980681129 1.812965642178771653e-05 0.9999999875008888095 0.481631734482420748
0.5750450959871452605 0.8181217104474821644 6.691676612835291817e-05 190.6764174618956247 -0.8181216987117927442 0.5750450992760183233 -0.0001410595534106035226 7.063072196761874366 -0.0001538840415327497795 2.636954605367651652e-05 0.9999999878121741403 0.4813871529368389801
0.613370692683664176 0.7897951563879737069 6.561319096679050047e-05 191.5605100237478382 -0.7897951444032638157 0.613370695176870484 -0.0001420475372607103303 5.82566471720971002 -0.0001524336654614223447 3.530681668923525191e-05 0.9999999877587029129 0.4811453588813694449
0.6532972886297421233 0.7571014780688846146 6.765478549508104772e-05 192.4970241286008843 -0.7571014656306013224 0.6532972907394665185 -0.0001437174339563800194 4.641553956629290489 -0.0001530073697421388502 4.266867267727730942e-05 0.9999999873840642595 0.4809093997400572529
0.698330294232378912 0.7157756598541260562 7.014229862197819947e-05 193.4788276983302637 -0.7157756472502200262 0.6983302959759367656 -0.0001432756837554498015 3.54079083049262433 -0.0001515357392382267899 4.984760119752385118e-05 0.9999999872760678699 0.4806841465258204216
0.7461754597925437382 0.6657493357239400167 7.20329861547477641e-05 194.5067078764888322 -0.6657493232113491644 0.7461754610560263901 -0.0001412929207728980878 2.535873839646991978 -0.000147814914802313509 5.747339834173286643e-05 0.9999999874237793795 0.4804694203219290194
0.7957857131358483382 0.6055783130543063164 7.435995154910692169e-05 195.6161138325101945 -0.6055783007778383631 0.7957857139644226585 -0.0001381281742876063498 1.617190279877869452 -0.0001428220139042258295 6.488965457458502741e-05 0.9999999876956022771 0.4802626189657155931
0.8441405264536977482 0.5361219697060333189 7.210568531792311241e-05 196.759781384242217 -0.5361219573757651791 0.8441405258176611914 -0.0001396212494199124685 0.81025453992917984 -0.0001357213503705352619 7.920251383888203892e-05 0.9999999876533380849 0.4800632842567681968
