1635266116161014 0.9999806747146978 0.006216928271891147 0.0 0.0 -0.006216928271891148 0.9999806747146978 0.0 0.0 0.0 0.0 1.0 0.49
1635266116410140 0.9999824335716504 0.005927271347402727 -5.113454887199472e-07 -0.0018479774995907945 -0.005927271343373166 0.9999824335432915 7.551538413941848e-06 -0.0013744109341942727 5.560965234609023e-07 -7.548374876938493e-06 0.9999999999713565 0.4949901103260979
1635266116658983 0.9999811003044065 0.0061480917157577105 -1.0272508927056987e-07 -0.0018681903565392754 -0.006148091714936204 0.9999811002821878 6.667619130325053e-06 -0.0036709195549644623 1.4371628173595596e-07 -6.666861551097755e-06 0.9999999999777662 0.494991997506159
1635266116907772 0.9999822908124403 0.0059513073528845075 -2.507452818474764e-07 -0.0019897658447338255 -0.00595130735179629 0.9999822908039174 4.137751392688285e-06 -0.007388734543310176 2.75365871637043e-07 -4.136185854242838e-06 0.999999999991408 0.494993151551980
1635266117156731 0.9999808794774003 0.006183904684137486 -4.793886280834502e-07 -0.0009749296719145514 -0.0061839046844959005 0.9999808794772319 -7.497155507984792e-07 -0.008291582154014336 4.7474329241586317e-07 7.526657094306303e-07 0.9999999999996041 0.495000868046973
1635266117405677 0.9999798802313177 0.0063434320165741895 -7.601103964289799e-07 0.0033847660665644553 -0.0063434320192452985 0.9999798802252359 -3.564732581425565e-06 -0.006051804942147066 7.374824643938757e-07 3.569482568465294e-06 0.9999999999933575 0.495004134633903
1635266117654442 0.9999781623869576 0.006608687231861057 -2.057495580556425e-07 0.0012279731886733172 -0.0066086872321967265 0.9999781623855726 -1.6756911698755125e-06 -0.0051060530598325314 1.946709461374476e-07 1.6770143112612874e-06 0.9999999999985749 0.494998667539848
1635266117903429 0.9999792412665258 0.006443371306142738 4.184291893939149e-08 -0.005583643255976304 -0.006443371306183169 0.9999792412659751 1.049967996003082e-06 -0.007981967933639787 -3.5076716675876804e-08 -1.0502158094628944e-06 0.999999999999448 0.494996332586769
1635266118152076 0.9999790617326292 0.006471174085993991 -2.1537297488795895e-07 -0.0009828712278232687 -0.006471174085692618 0.9999790617317131 1.3719608781352493e-06 -0.010924137348105939 2.2424666303277534e-07 -1.3705384356407904e-06 0.9999999999990357 0.494996574640652
1635266118401098 0.9999812863311669 0.006117759817198198 -2.2588522029657545e-07 -0.002761809587829509 -0.006117759817186834 0.9999812863311912 5.115892978892966e-08 -0.013017128396833041 2.261939712008099e-07 -4.9776060893847394e-08 0.9999999999999731 0.495000663260428
1635266118649901 0.999980032922513 0.006319315926101723 -5.323713578362847e-07 0.0016031492015923475 -0.006319315927914527 0.9999800329166046 -3.4751273104905678e-06 -0.011132984696295319 5.104003005788559e-07 3.4784221451627267e-06 0.99999999999382 0.4950081303246318
1635266118898739 0.9999794865270729 0.006405194982981027 -2.2046698021823642e-07 0.00236921588314952 -0.006405194983447252 0.9999794865247115 -2.183089092298336e-06 -0.011110446110056616 2.0647934637388144e-07 2.184456443559882e-06 0.9999999999975928 0.495003614258096
1635266119147275 0.9999810230567301 0.006160643161807004 -1.2425700241681867e-07 -0.004723389824573505 -0.006160643161769073 0.9999810230566918 3.037193392943973e-07 -0.012902629042225361 1.2612575086926263e-07 -3.0294807257836065e-07 0.9999999999999463 0.4949985355886487
1635266119396495 0.9999809301740787 0.006175701245237508 -2.8528155078061644e-07 -0.007263753491343395 -0.006175701245733361 0.9999809301725477 -1.7710654695285563e-06 -0.01029536295521718 2.743385392818564e-07 1.7727935092514532e-06 0.9999999999983911 0.49500530928496
1635266119645479 0.9999803504642126 0.006268866167591336 -4.5842558268243345e-07 0.0016855268858918125 -0.0062688661691082575 0.9999803504585761 -3.3858996935096463e-06 -0.005754519625923427 4.3719082279963375e-07 3.388706970785803e-06 0.9999999999941627 0.495006888064688
1635266119894298 0.999981405001705 0.006098331622929819 -6.996268791558933e-09 -0.0011128958678694742 -0.0060983316229338 0.9999814050012171 -9.87869849887917e-07 -0.0052161915183232405 9.717807502600438e-10 9.878941460191633e-07 0.999999999999512 0.4950018958297095
1635266120143077 0.9999799366832295 0.006334526719987261 7.251773215626517e-08 0.003351754334209269 -0.00633452672015809 0.9999799366796795 2.6651372162988786e-06 -0.008423746773883311 -5.563389430145853e-08 -2.6655431103246385e-06 0.999999999996446 0.4949943866726805
1635266120391791 0.9999802744890117 0.006280973695945038 -2.8135793146171764e-07 0.003603206842839407 -0.006280973695564509 0.9999802744881641 1.3336841752719028e-06 -0.009555923748455947 2.8972921675656364e-07 -1.3318906659065108e-06 0.999999999999071 0.4949996721737071
1635266120640860 0.9999814771478226 0.006086489877219283 2.4866757204917548e-08 -0.004758840569827503 -0.0060864898772088425 0.9999814771477421 -4.019438707987311e-07 -0.011074446804444683 -2.731272390283918e-08 4.0178507438669836e-07 0.999999999999919 0.4950035157332861
1635266120889638 0.9999817571074695 0.006040318701963234 -5.927244146745098e-08 -0.0013729650521323742 -0.006040318702101972 0.9999817571037832 -2.715565963082728e-06 -0.00836919867439375 4.2868476295014015e-08 2.7158744477474573e-06 0.9999999999963112 0.4950060736313317
1635266121138433 0.9999809814823162 0.006167387730452311 -1.1440246800745184e-07 -0.0019660350338980524 -0.006167387730532648 0.9999809814820665 -7.153002417858144e-07 -0.007682671352286236 1.0998875830776826e-07 7.159922022146105e-07 0.9999999999997375 0.495000320914434
1635266121387313 0.9999788830208954 0.0064987314184244945 2.2194499679856387e-08 -0.008419632846276667 -0.0064987314184296084 0.9999788830208678 2.3653894828303147e-07 -0.00644287925985317 -2.0656827904217024e-08 -2.366781893879184e-07 0.9999999999999718 0.4949993977197109
1635266121636477 0.9999791867095337 0.006451832722989981 -1.4569087041841247e-07 -0.0014617510461778492 -0.0064518327228753666 0.9999791867092455 7.742061150290765e-07 -0.006057660026263689 1.5068288645926707e-07 -7.732500281289226e-07 0.9999999999996896 0.4949982835292801
1635266121885212 0.9999794114411412 0.006416906699602324 -6.594954653286353e-08 -0.0006045136138831954 -0.006416906699467762 0.9999794114393941 1.8709837665885576e-06 -0.007190697509306892 7.795411699309646e-08 -1.8705220536463744e-06 0.9999999999982476 0.494995816459609
1635266122134048 0.9999812551560211 0.0061228534488186985 -5.965464178708126e-09 -0.004932788874052169 -0.006122853448817647 0.9999812551560068 1.6904511426633234e-07 -0.0055380226618850035 7.0003908180610605e-09 -1.6900541987949115e-07 0.9999999999999858 0.4950002465803497
1635266122383122 0.9999815365639442 0.006076720247890307 -9.643723712443293e-08 7.506483003282934e-06 -0.006076720247974139 0.9999815365635489 -8.937305354614973e-07 -0.0027206723382871764 9.100450612054256e-08 8.943000562384244e-07 0.9999999999995959 0.495001490776956
1635266122631962 0.9999816474528068 0.006058444959910414 -7.181534534422935e-08 -0.0028364923287434543 -0.006058444959905688 0.9999816474528072 6.645206156201212e-08 -0.002646660913257919 7.221662350732228e-08 -6.601575268051875e-08 0.9999999999999951 0.494999791581653
1635266122880837 0.9999797495565936 0.006363998310008449 9.643130914061935e-08 -0.007915185395442276 -0.006363998310112723 0.999979749555968 1.1221266674765976e-06 -0.0026316798504047853 -8.928814414780064e-08 -1.122717632605003e-06 0.9999999999993658 0.4949967816631146
1635266123129586 0.9999808222665856 0.006193149183617386 -7.233347140340722e-10 -0.0043797967233769825 -0.006193149183613076 0.9999808222660082 1.0747100816735795e-06 -0.002196945537731173 7.379160709223987e-09 -1.0746849914527265e-06 0.9999999999994225 0.4949973354295670
1635266123378448 0.9999795242940205 0.006399296091182826 -9.588361051220564e-08 -0.0027822197940216686 -0.006399296091091507 0.9999795242935978 9.246398033879542e-07 -0.0023047762577018283 1.0179869110778932e-07 -9.24007283123267e-07 0.9999999999995679 0.494997975851266
1635266123627507 0.9999787086046222 0.006525514166743235 -2.4219283805251763e-07 -0.0023890752430076353 -0.0065255141665707455 0.9999787086044031 7.0646488409971e-07 -0.003686690339876562 2.4679772803924995e-07 -7.048694096822896e-07 0.9999999999997211 0.4949990355934794
1635266123876226 0.9999807397175567 0.006206463701044648 -1.5094827418800542e-07 -0.006515249744944293 -0.006206463700700306 0.9999807397151853 2.1839455269093662e-06 -0.006470622504163883 1.6449994552433445e-07 -2.1829666085217516e-06 0.9999999999976037 0.4949945634987610
1635266124125119 0.9999805304041467 0.006240096977313037 -3.497410533395139e-07 -0.0022725872308640214 -0.006240096977693482 0.9999805304036034 -1.0973333491459434e-06 -0.004712540116762262 3.428867775078974e-07 1.0994944026015307e-06 0.9999999999993368 0.49500324079917
1635266124374219 0.9999811396602138 0.006141687196754033 6.20468766013335e-08 -0.0032083837536838545 -0.00614168719676324 0.999981139660205 1.486034533699835e-07 -0.007092919095881928 -6.113303044928258e-08 -1.4898172316633658e-07 0.9999999999999871 0.494999447685525
1635266124622979 0.999979236192411 0.0064441587334878704 -1.6560048488763434e-07 -9.198124012845881e-05 -0.006444158733537825 0.9999792361923783 -3.026413098252645e-07 -0.007542723119077757 1.636467777516748e-07 3.0370218165092446e-07 0.9999999999999405 0.4950003485339985
1635266124871902 0.9999806635523334 0.006218723277508182 1.0571274748711858e-08 -0.0012242491063345039 -0.006218723277511722 0.9999806635522643 3.7113668990584735e-07 -0.008969381646984301 -8.26307395624692e-09 -3.7119525327404616e-07 0.9999999999999312 0.4949990737334966
1635266125120798 0.9999802762404694 0.0062806948385373046 -3.827136429140246e-07 -0.002275401263715302 -0.006280694839294977 0.9999802762385146 -2.0116689806118406e-06 -0.006854768562790401 3.700714153754478e-07 2.0140330105437157e-06 0.9999999999979035 0.495004971493073
1635266125369512 0.9999812953827 0.006116280114504199 -2.5517198688735884e-07 -0.0014202022613298837 -0.006116280115060916 0.9999812953802182 -2.2410169724954575e-06 -0.0038566111328432627 2.414605264488784e-07 2.242535758484831e-06 0.9999999999974563 0.495002531513349
1635266125618573 0.999980521552611 0.00624151529153552 2.5971118879614886e-08 -0.0036244450746487442 -0.006241515291507433 0.9999805215521408 -9.701473722086724e-07 -0.0018639529944291676 -3.202580266450532e-08 9.69966376110558e-07 0.999999999999529 0.495001616843669
1635266125867526 0.9999785261391293 0.00655341577849964 -1.261354375882049e-07 -0.021556034857517108 -0.006553415778504134 0.9999785261391367 -3.4896558720311256e-08 -0.000426164443307746 1.259040373151263e-07 3.572242732342803e-08 0.9999999999999913 0.494999673546492
1635266126116441 0.9999801165819118 0.006306063614336831 -5.338627573228545e-07 -0.05566955029092656 -0.006306063613083125 0.9999801165793746 2.3184355512478202e-06 -0.000941561339549116 5.484723443762418e-07 -2.3150228803217504e-06 0.9999999999971698 0.4949967099093412
1635266126365319 0.9999798231584712 0.0063524226191839775 -7.66202304700785e-07 -0.11154349948069743 -0.006352422618978841 0.9999798231587297 2.6992588664472293e-07 -0.0003715296141817298 7.679015284680021e-07 -2.6505319954249556e-07 0.99999999999967 0.4949999095394767
1635266126614139 0.9999705699695954 0.007671974481380373 8.181325747436227e-08 -0.19550106815130566 -0.00767197448171309 0.9999705699546464 5.467938382744624e-06 -0.0064691887886311784 -3.986096596815715e-08 -5.46840513038759e-06 0.9999999999850475 0.4949996941123517
1635266126862757 0.9998939295199581 0.014564673024281662 2.5690713524627247e-06 -0.3272809651288178 -0.01456467307694114 0.9998939292841444 2.1832167684257152e-05 -0.021378200456149736 -2.2508204654976197e-06 -2.1867269620159325e-05 0.9999999997583782 0.4949935010673847
1635266127111504 0.9996291893306926 0.02723020061728844 3.1893541341876176e-06 -0.5126715843777614 -0.027230200705567875 0.9996291888203385 3.2026453086906794e-05 -0.03252241387217807 -2.316084743407156e-06 -3.2101424089668835e-05 0.9999999994820672 0.4949988068510356
1635266127360685 0.9988286264324029 0.04838775666565092 4.668211182208291e-06 -0.7923151537059258 -0.04838775684262395 0.9988286250955397 5.172291743634883e-05 -0.051166409450323816 -2.159987013837959e-06 -5.188821484571546e-05 0.9999999986514738 0.495008107457439
1635266127609221 0.9973208177315169 0.0731518043086911 6.594581114243699e-06 -1.20788010925018 -0.07315180450156637 0.9973208170716747 3.648861293324181e-05 -0.04760685265197452 -3.907705152323638e-06 -3.687325879699073e-05 0.9999999993125464 0.4950028525118594
1635266127858079 0.9949999975818241 0.09987494535308322 1.0032746335424617e-05 -1.7241355793287125 -0.09987494566369316 0.9949999968856956 3.7734695888111866e-05 -0.039701436046311774 -6.2138318827759245e-06 -3.854804231261641e-05 0.9999999992377184 0.4949964691443941
1635266128106767 0.9925548852604278 0.12179819257567752 5.359486507275853e-06 -2.336411193058471 -0.12179819267182258 0.9925548849540823 2.4767586657675105e-05 -0.025480622044002 -2.3029372242809794e-06 -2.5235964903477988e-05 0.9999999996789213 0.4949930905063379
1635266128355509 0.9906487690696539 0.13643685837780745 3.8132726626412206e-06 -3.02883733045371 -0.1364368584252934 0.9906487688983687 1.8464831152755532e-05 -0.016856753541305836 -1.2583303157635185e-06 -1.881243319500809e-05 0.9999999998222544 0.4949990117925594
1635266128604037 0.9902600368095226 0.1392302390877861 4.396350216171194e-06 -3.8154466351947853 -0.1392302391491481 0.9902600365981191 2.0516583345419673e-05 -0.04244690298497837 -1.4970011215199048e-06 -2.092885747086858e-05 0.999999999779871 0.4949954829006862
1635266128852803 0.9909561900846086 0.13418580147986506 3.4598470242778855e-06 -4.674065540609095 -0.13418580152276924 0.9909561898724486 2.0516789815279965e-05 -0.0997123326889663 -6.754949395641897e-07 -2.0795502214261866e-05 0.9999999997835454 0.49499039776661
1635266129101774 0.9919243100061316 0.1268312391196411 -5.904428276573006e-08 -5.597303933225682 -0.12683123911961383 0.9919243100053284 -1.266349209313162e-06 -0.1544814469157193 -1.0204517993343707e-07 1.2636112252236968e-06 0.9999999999991964 0.4949961212998410
1635266129350598 0.992834968271424 0.119493622319666 -4.15313110111437e-07 -6.595603481599615 -0.1194936223192673 0.9928349682410664 -7.781240396197305e-06 -0.22062247592254705 -5.174712225952962e-07 7.77511482981213e-06 0.9999999999696398 0.4949960960271254
1635266129599226 0.9936132336006563 0.11283945236464962 -1.2085281288642094e-06 -7.6680081479601245 -0.11283945237025171 0.9936132334939602 -1.4567975084515877e-05 -0.2801724402162528 -4.430327887104339e-07 1.4611302483007323e-05 0.9999999998931568 0.495001179957379
1635266129848134 0.9943329450231889 0.10631083876204807 9.942581734287598e-07 -8.781943961991818 -0.1063108387570993 0.9943329450156044 -4.138170641300449e-06 -0.35535982045792985 -1.4285560495115733e-06 4.009018980423415e-06 0.9999999999909435 0.4950177694494805
1635266130097164 0.9950532323768634 0.09934316651943259 -1.2334851328504552e-07 -9.929737891920047 -0.09934316650926385 0.9950532322556431 -1.5597334143634182e-05 -0.4273183019895995 -1.4267502262552628e-06 1.5532431588013835e-05 0.999999999878354 0.495009298876170
1635266130345801 0.9956412505865115 0.09326575000576538 -2.038713358535883e-06 -11.133740593248039 -0.09326575002804774 0.9956412503485081 -2.1769986035623402e-05 -0.4984851749275642 -5.669578325998576e-10 2.1865238252283846e-05 0.9999999997609557 0.494978140755323
1635266130594699 0.9962871336127522 0.08609266746974382 -1.843257807913872e-06 -12.379746588665949 -0.08609266748918605 0.9962871334366232 -1.8734985858910123e-05 -0.5901529118918798 2.2346913003017197e-07 1.8824116341244616e-05 0.9999999998228013 0.4949752099746575
1635266130843378 0.9967416318500175 0.0806605190572967 -3.721058804603892e-07 -13.67843266594314 -0.08066051905434805 0.9967416317475468 -1.431390972971285e-05 -0.668447653935577 -7.836739660667517e-07 1.4297283995640866e-05 0.9999999998974867 0.4949933130891624
1635266131091698 0.9971995239442197 0.07478709406171037 2.2346153656919437e-06 -15.048971860558723 -0.07478709407017786 0.9971995239381374 3.982168635746924e-06 -0.7706320911303874 -1.930542558525971e-06 -4.138137057406341e-06 0.9999999999895743 0.495034749078786
1635266131340580 0.9975553089254009 0.06988136823042167 2.5998668435123075e-06 -16.502272354499407 -0.06988136825733131 0.9975553088506502 1.2334270847162761e-05 -0.8654228077133418 -1.7315752491300348e-06 -1.24857996176504e-05 0.9999999999205533 0.4950411674477381
1635266131589670 0.9978542298991891 0.06547469636770821 2.370606193888305e-06 -17.941546103802764 -0.06547469639090193 0.9978542298332405 1.1584330325300807e-05 -0.9569420084281351 -1.60703890717161e-06 -1.1714687736484246e-05 0.9999999999300917 0.4950351122629011
1635266131838267 0.9981381748311859 0.06099331048260878 4.336796567546897e-06 -19.443338054003394 -0.060993310551195175 0.9981381746742444 1.7992786552069187e-05 -1.0689191096532662 -3.231282593254351e-06 -1.8223802709091886e-05 0.9999999998287259 0.4950602912305825
1635266132087351 0.9984524993042427 0.055611209510085344 2.7755412721402154e-06 -21.020738162893416 -0.055611209523109904 0.9984524992955495 4.859520962774726e-06 -1.196283026248627 -2.5010022816924227e-06 -5.006352057939988e-06 0.9999999999843407 0.495030514873282
1635266132336135 0.9988854191027959 0.04720084205548924 3.294162517227172e-06 -22.633139562210303 -0.0472008420602695 0.9988854191070364 1.3887397405138374e-06 -1.4024629293247035 -3.224941221486177e-06 -1.5426791224278238e-06 0.99999999999361 0.495043203399664
1635266132585020 0.9991921906306578 0.040186641699327764 3.066622088048809e-06 -24.300810565481704 -0.04018664169577674 0.9991921906347728 -1.2109640865110278e-06 -1.5909528855917459 -3.1128094218687922e-06 1.0867486153096653e-06 0.9999999999945648 0.495035922883787
1635266132833920 0.9994447656380172 0.03331907007145544 2.4717957824563622e-06 -26.005600386512857 -0.03331907007395408 0.9994447656405131 9.766329194706502e-07 -1.7903332560160081 -2.4378828558358192e-06 -1.0584485962012446e-06 0.9999999999964682 0.4950278325369678
1635266133082837 0.9996229787335845 0.02745724645939556 1.5592244262566585e-06 -27.727286893755636 -0.027457246463574152 0.9996229787309718 2.7248914895558886e-06 -1.9762610426109208 -1.4838185482842488e-06 -2.766676156885578e-06 0.9999999999950719 0.495015242402541
1635266133331304 0.9997430158179694 0.02266941374103286 1.263589187962422e-06 -29.4733741464711 -0.022669413743112946 0.9997430158173477 1.656860597773903e-06 -2.1414193189881603 -1.2257044071283327e-06 -1.6850796369154503e-06 0.9999999999978291 0.495014221552385
1635266133580498 0.9998494977142462 0.017348830459092232 1.9514641880845293e-07 -31.23761946924484 -0.017348830460059885 0.9998494976870385 7.376469660536716e-06 -2.340324147404532 -6.714392729389532e-08 -7.378745047143283e-06 0.9999999999727749 0.494995456536791
1635266133829473 0.9999719307422761 0.007492511283121346 -6.106666877412657e-08 -32.97710129286164 -0.007492511282284525 0.9999719307029108 8.873843588699532e-06 -2.6936005115114425 1.2755232788943827e-07 -8.873136963811885e-06 0.9999999999606255 0.494997285514552
1635266134078654 0.999990598953009 -0.0043361276771265765 -3.701540601143048e-07 -34.75921949588027 0.00433612768099952 0.999990598890376 1.1196792346424364e-05 -3.1334857094343755 3.2159985906771413e-07 -1.119829212014467e-05 0.9999999999372473 0.4950082118920131
1635266134327277 0.9998434775489757 -0.017692382551003537 -4.546583208787421e-07 -36.46017313578274 0.0176923825548626 0.9998434774915145 1.0722624311017973e-05 -3.6507073520410382 2.648783853571987e-07 -1.0728989968548097e-05 0.9999999999424094 0.495004969484433
1635266134575886 0.999580251298607 -0.02897104090713662 5.813336860897418e-07 -38.19605985264532 0.028971040906500812 0.9995802512982178 1.0737660973416263e-06 -4.108636466878349 -6.121977935618512e-07 -1.0564735434189931e-06 0.9999999999992546 0.4950234484309830
1635266134824789 0.9991540661124546 -0.041123620525660314 1.8913152613206521e-06 -39.99294848586503 0.04112362053516411 0.999154066099821 -5.295442365498122e-06 -4.619931788718335 -1.67194757127467e-06 5.368740502482503e-06 0.9999999999841906 0.495054420701722
1635266135073721 0.9988382820194065 -0.048188031346621696 2.285720870412404e-06 -41.792366634682786 0.04818803136375118 0.9988382819879582 -8.148440885318248e-06 -4.945936053512509 -1.8904081825031634e-06 8.249119084038602e-06 0.9999999999641891 0.4950595452454195
1635266135322380 0.9986435701782456 -0.052067453734750795 9.970901774360818e-07 -43.6201688580203 0.052067453743371794 0.9986435700915868 -1.3159743588171257e-05 -5.1458416296901 -3.105433540604113e-07 1.3193809266242705e-05 0.9999999999129134 0.4949853198716711
1635266135571766 0.9987278294771467 -0.05042541646361614 -3.246639664899034e-07 -45.529021993291266 0.0504254164500225 0.9987278293216509 -1.7665558514554773e-05 -5.108059338293524 1.2150440836729403e-06 1.7626713596065603e-05 0.9999999998439113 0.4949119264937194
1635266135820706 0.9987919661619009 -0.049138664289180345 -2.9395786486124473e-07 -47.42998611737836 0.04913866427996822 0.9987919660601509 -1.4291475478147995e-05 -5.084565258943762 9.958667695035843e-07 1.4259766195371995e-05 0.9999999998978337 0.4949273884641778
1635266136069578 0.998838996815704 -0.048173212866454145 2.96947945948091e-07 -49.37551903057626 0.04817321286608725 0.9988389967251725 -1.3452750211490613e-05 -5.074401030444652 3.5145901116775277e-07 1.3451436462297875e-05 0.9999999999094678 0.4949581833100088
1635266136318553 0.9987968410520115 -0.04903947697679686 3.636636069536231e-07 -51.32597692201436 0.04903947697690497 0.9987968410520288 -2.947181940492676e-07 -5.162721646692166 -3.487732357399215e-07 3.121974742982002e-07 0.9999999999998905 0.495020607997460
1635266136567289 0.998782990229456 -0.04932077072735473 9.660621626865125e-07 -53.30634542402315 0.04932077071684425 0.9987829901908359 8.894740225202938e-06 -5.223136778531191 -1.4035818988880041e-06 -8.83626830903807e-06 0.9999999999599751 0.495089657133920
1635266136816324 0.9987865227167811 -0.04924918310660642 6.4812643165078e-07 -55.312489194161955 0.04924918309426193 0.9987865226352358 1.282686656307336e-05 -5.267064108575582 -1.279052644948109e-06 -1.2779381754612128e-05 0.9999999999175258 0.49508394168586
1635266137065227 0.9986436494891635 -0.05206593254953629 6.923163936308985e-07 -57.29675902728122 0.05206593254270933 0.9986436494602694 7.674614479270692e-06 -5.469495192439337 -1.090963329740561e-06 -7.628158913369296e-06 0.9999999999703104 0.4950679366048086
1635266137313703 0.998605013001535 -0.052801780297625014 1.836390248196121e-06 -59.33599675074663 0.05280178026584674 0.998605012901159 1.4394461155369872e-05 -5.567740421900092 -2.593881682925772e-06 -1.427741639487251e-05 0.9999999998947136 0.495157791517332
1635266137562839 0.9984689979143263 -0.05531419527021744 1.8266616929482311e-06 -61.405730130950055 0.05531419524324352 0.9984689978395129 1.2478700815820591e-05 -5.766905625420851 -2.5141143636004027e-06 -1.2358555577345567e-05 0.9999999999204727 0.4951555018414744
1635266137811650 0.9983767556597568 -0.05695483956211241 2.5533381784688776e-06 -63.46567087798186 0.05695483954002127 0.998376755632068 8.020182307572026e-06 -5.915999618222243 -3.0059816832446174e-06 -7.86173862580499e-06 0.9999999999645786 0.4951806707313967
1635266138060289 0.9982632772719252 -0.058910349200308 2.2760179260101893e-06 -65.54388875941699 0.05891034920409528 0.9982632772729585 -1.6343837628314443e-06 -6.08711670377842 -2.175782995760077e-06 1.7656263022241224e-06 0.9999999999960743 0.495124537770601
1635266138308984 0.9982649653040738 -0.0588817377778699 6.938675151602176e-07 -67.60816852034816 0.0588817377819552 0.9982649652384487 -1.1446524581119303e-05 -6.126750323009297 -1.8672372048122793e-08 1.1467520588931977e-05 0.9999999999342477 0.4949722296708813
1635266138558042 0.9984485577949241 -0.055681930955442285 2.759771195558648e-07 -69.70321404206287 0.05568193095560211 0.9984485577517604 -9.287195329125701e-06 -5.955842295190633 2.4158001209359694e-07 9.288153721262488e-06 0.9999999999568359 0.4949611067097895
1635266138806912 0.9986768106313479 -0.05142594583394748 -2.236396702886989e-07 -71.81181565938155 0.05142594582299175 0.9986768104914411 -1.6751724160943948e-05 -5.697809341892353 1.0848170119516036e-06 1.6718057576096788e-05 0.9999999998596649 0.494898092463190
1635266139055791 0.9989741221287679 -0.045284691831371425 -7.501274851422519e-07 -73.91703737288347 0.04528469181484462 0.9989741220150272 -1.5142892464183318e-05 -5.297392686779756 1.4350991645486766e-06 1.5093388413945053e-05 0.999999999885065 0.4948750868335643
1635266139304691 0.9993360349938389 -0.03643472464582932 -7.363324596868904e-07 -76.01259389168668 0.036434724636803376 0.9993360349457135 -9.868483570634262e-06 -4.681323073602104 1.095399042235722e-06 9.835103172491614e-06 0.9999999999510354 0.494903539660382
1635266139553845 0.9996583324499159 -0.026138446006308675 -1.2632588022998254e-06 -78.07797817938909 0.026138445998999515 0.9996583324358177 -5.492234386735713e-06 -3.935191852586597 1.4063856597167376e-06 5.4573382464938205e-06 0.9999999999841198 0.494882259824891
1635266139802984 0.999939362611382 -0.0110123156858886 -1.1594102691247723e-06 -80.12881427012907 0.011012315676120312 0.9999393625792008 -8.1190032417598e-06 -2.784660774961884 1.2487489922321752e-06 8.105743134741407e-06 0.9999999999663687 0.4948915566516862
1635266140052056 0.9999553634619722 0.00944833746204161 -7.780722060453044e-07 -82.12483230112468 -0.00944833746713534 0.9999553634389283 -6.82608635769191e-06 -1.1734019714036281 7.135423081269729e-07 6.833133153620382e-06 0.9999999999763995 0.4949343693782495
1635266140300600 0.9994115858781555 0.03429988349392358 -1.6063956867166327e-06 -84.09921723973308 -0.034299883512387566 0.9994115857891427 -1.3387867626394084e-05 0.8501613273432947 1.1462481608514684e-06 1.3435089200980513e-05 0.9999999999090923 0.494895865149520
1635266140549700 0.9978714903610887 0.06521110887324535 -1.3523941802611183e-06 -85.99958315555192 -0.06521110888674934 0.9978714902213311 -1.670292189249053e-05 3.438524250101483 2.6029953799190855e-07 1.6755560686428602e-05 0.9999999998595916 0.494967742948554
1635266140798928 0.9949433154384898 0.10043803590488411 -2.3669436070144593e-06 -87.76282754365616 -0.1004380359315134 0.9949433152677979 -1.84366502367601e-05 6.459433781568671 5.032337809705089e-07 1.8581153079232586e-05 0.9999999998272437 0.4949438373876026
1635266141047835 0.9892255213291492 0.14639968558270117 -3.1821609792572738e-06 -89.28534219629228 -0.1463996856163769 0.9892255211658925 -1.7979482950732864e-05 10.506315396650093 5.156842022138701e-07 1.8251630762151988e-05 0.999999999833306 0.4949402768881554
1635266141296830 0.9803468572389475 0.1972816248148328 -3.147333760096166e-06 -90.53998351165075 -0.19728162483916226 0.9803468571550831 -1.28350527101542e-05 15.093269172796909 5.533587068863524e-07 1.3203714705028308e-05 0.9999999999126779 0.4949496555307291
1635266141545974 0.968556722578478 0.24879283578825584 -2.4984778538471675e-06 -91.5148301413129 -0.24879283579953024 0.9685567225567908 -6.53016695837089e-06 19.84353704061839 7.952587657608484e-07 6.946440497546449e-06 0.9999999999755573 0.494937561729039
1635266141794731 0.9542277570611508 0.299080904851319 -2.264721748308664e-06 -92.20582937066315 -0.2990809048598151 0.954227757039029 -6.501185565889544e-06 24.590065132270034 2.1667989255399077e-07 6.88094675053233e-06 0.9999999999763027 0.494990783801595
1635266142043192 0.9373308196714237 0.3484407187579611 -1.8164344701849124e-06 -92.64291008228828 -0.34844071876165067 0.9373308196686437 -2.437185807951841e-06 29.351101386323517 8.533852361452674e-07 2.9173691034402433e-06 0.9999999999953804 0.4949414077695773
1635266142292600 0.9179229202252156 0.3967587585942931 -1.3020402048462832e-06 -92.85544077252531 -0.39675875859638216 0.9179229202185608 -3.500630742925988e-06 34.12497530260098 -1.9373336078629117e-07 3.729905049502508e-06 0.9999999999930251 0.4950440053143990
1635266142541331 0.8945406879416369 0.44698652956203094 -2.1821592090286545e-06 -92.66449741130232 -0.4469865295671677 0.8945406879260979 -5.2886671324321076e-06 39.20516460846631 -4.119327675267635e-07 5.706323706759637e-06 0.999999999983634 0.49505661140992
1635266142790350 0.8677640812377583 0.49697635688217623 -3.3876776886488985e-06 -92.1311906495082 -0.4969763568936179 0.8677640812129923 -6.563943178936125e-06 44.38763308768777 -3.224195509138412e-07 7.3795498380173565e-06 0.9999999999727192 0.495037435556232
1635266143039057 0.8351786664318723 0.5499787224213791 -4.31206916407809e-06 -91.0218327535439 -0.5499787224289893 0.8351786663465067 -1.2361814988201507e-05 50.02943969807814 -3.1973870403790245e-06 1.2695870446437124e-05 0.9999999999142959 0.495296394514533
1635266143288259 0.7951961469909645 0.6063522802612747 -5.517607169415636e-06 -89.17628814007298 -0.6063522801519031 0.795196146590038 -2.8296819694054286e-05 56.211825639156245 -1.2770261186143598e-05 2.5847135681025387e-05 0.9999999995844229 0.49619226919334
1635266143537072 0.7472831557629861 0.6645057449362639 -7.5750097689816995e-06 -86.46945709045362 -0.6645057448408707 0.747283155325802 -2.8940635102350357e-05 62.770562347434776 -1.3570541085857794e-05 2.6660486637843e-05 0.9999999995525293 0.496267431394142
1635266143785862 0.6951063886130726 0.7189068844039234 -7.981413499061723e-06 -83.24841826173332 -0.7189068843389446 0.6951063882709857 -2.5153614549266667e-05 69.11442989476159 -1.25351751565084e-05 2.322233128118911e-05 0.9999999996517963 0.496181752943558
1635266144034775 0.638682719873747 0.7694701964929656 -6.4433572943851945e-06 -79.52098411282506 -0.7694701965040903 0.6386827197844446 -1.1767252130729558e-05 75.21349437636259 -4.939288847904891e-06 1.247351199977899e-05 0.9999999999100075 0.495476364926864
1635266144283562 0.5816742434972879 0.8134218305647837 -3.20334818179761e-06 -75.6646902684101 -0.8134218305679297 0.5816742435014962 4.973100966649101e-07 80.7334970113848 2.267828019511603e-06 2.3164008677283084e-06 0.9999999999947455 0.4948203390911433
1635266144532563 0.5240702426896955 0.8516750440883367 -1.4354537304705727e-06 -71.68738280727159 -0.8516750440857861 0.5240702426916457 2.0883344740076304e-06 85.76803974583272 2.5308609401276347e-06 1.281061645714799e-07 0.999999999996789 0.4948236702006598
1635266144780892 0.476403415116786 0.8792268114998429 -1.6279576254256502e-06 -68.67735758884484 -0.8792268114736531 0.47640341511565876 7.055320790108931e-06 89.56719990947957 6.978791774827969e-06 -1.9298349269394497e-06 0.9999999999737863 0.4943681117096186
1635266145029713 0.44193377298936687 0.8970476800519788 -1.5850998750311413e-06 -66.99795907379365 -0.8970476800032218 0.44193377298265274 9.793953003914268e-06 92.1442903542081 9.486151989047425e-06 -2.9063684380367836e-06 0.9999999999507829 0.494115448604421
1635266145278373 0.41691552848434765 0.9089452360321709 8.970883519455927e-07 -66.30442185640409 -0.9089452358867711 0.4169155283995693 1.8325293014407295e-05 93.93451878250507 1.6282677720103006e-05 -8.455503405421484e-06 0.9999999998316893 0.493467142032335
1635266145527197 0.40041529031294554 0.916333779401851 2.913140757761167e-06 -66.50969812431147 -0.9163337789359837 0.4004152900034494 3.331846579666517e-05 95.07702299063045 2.936436958605527e-05 -1.6010632433921104e-05 0.9999999994406967 0.492162230472561
1635266145775817 0.3892484899397365 0.9211327879707298 1.634759819965084e-06 -67.2846233508716 -0.921132787658761 0.3892484897603834 2.6777373660571578e-05 95.84139975921602 2.4029189063507576e-05 -1.192888313207317e-05 0.9999999996401501 0.492694788462038
1635266146024727 0.3834069495104152 0.9235795098767087 8.851156835501243e-07 -68.63740985343378 -0.9235795093390435 0.3834069492541477 3.450283525075965e-05 96.22429530103003 3.1526752166356864e-05 -1.4046101521707064e-05 0.9999999994043853 0.4919019017314889
1635266146273014 0.38386061226818124 0.9233910495267882 -8.247793193215622e-07 -70.6622144670817 -0.9233910491323493 0.3838606121300234 2.8899652159330684e-05 96.15181393265028 2.7002280432810735e-05 -1.0331844331270215e-05 0.9999999995820648 0.492332063444377
1635266146522125 0.38736015109987587 0.9219284751620408 -4.80029941604079e-06 -73.01022764245631 -0.9219284751604376 0.3873601511174979 3.513793141746072e-06 95.85592124201753 5.098910660422973e-06 3.0644292786304013e-06 0.9999999999823053 0.494501831347473
1635266146770828 0.3918395450122679 0.9200335705465069 -5.45816112934087e-06 -75.48349456236367 -0.9200335705152425 0.391839544924906 -1.2481345799536506e-05 95.47536520043438 -9.344533768146343e-06 9.91237633152829e-06 0.9999999999072122 0.49598861951037
1635266147019353 0.40471121589697534 0.914444548184981 -4.441250613405583e-06 -78.82093240330417 -0.914444548195238 0.4047112158867485 -3.040356724990491e-06 94.36121928863518 -9.828136958981524e-07 5.291743877540755e-06 0.999999999985516 0.4951503557894606
1635266147268470 0.4214349371513904 0.9068586404373422 -3.1789920507275405e-06 -82.57410268923773 -0.9068586403714429 0.4214349371595978 1.1077496033795069e-05 92.84094616108415 1.1385461307812093e-05 -1.7855474359267863e-06 0.9999999999335916 0.493922641432455
1635266147517613 0.43983943417847376 0.8980764288917377 -2.8966977935592917e-06 -86.48100688087338 -0.8980764285380785 0.4398394340918059 2.683014508805444e-05 91.0778281383973 2.536960280563788e-05 -9.1994998254829e-06 0.9999999996358764 0.49252265577697
1635266147766696 0.4608470866417923 0.8874795562242679 -3.93902353309649e-06 -90.60205647321077 -0.8874795558199403 0.46084708655817425 2.8464909806496204e-05 88.96088601340468 2.7077313042205132e-05 -9.622167900349882e-06 0.9999999995871165 0.492328823062574
1635266148015678 0.4831236561047365 0.87555213030411 -5.4492092797223e-06 -94.83895931371283 -0.875552129960669 0.48312365607508767 2.5685472697538805e-05 86.58125820100501 2.5121612248191986e-05 -7.638192686968088e-06 0.9999999996552813 0.4924882067626031
1635266148264794 0.5044265475941055 0.8634546068242556 -5.833430774315029e-06 -98.93643779977373 -0.8634546067187562 0.5044265476245008 1.3621760566641644e-05 84.17966927415618 1.4704309260650792e-05 -1.8342749797313928e-06 0.9999999998902092 0.493533405855631
1635266148513602 0.5251880495629444 0.8509861999756239 -6.714516055508799e-06 -102.91989867471665 -0.8509861998562671 0.5251880496026677 1.4370193468037998e-05 81.69731584038838 1.5755219923533832e-05 -1.8330933773738067e-06 0.9999999998742064 0.493408261121219
1635266148762496 0.544537961676035 0.8387361970446867 -7.648040275207111e-06 -106.7087119185714 -0.8387361968646164 0.5445379617202857 1.7673801296131215e-05 79.2559479766404 1.8988305149098886e-05 -3.2093675189750965e-06 0.9999999998145721 0.49306404643160
1635266149011685 0.56195209797645 0.8271697767259161 -6.987960969372695e-06 -110.31619009438009 -0.8271697765414334 0.5619520980031799 1.799961758553952e-05 76.94335192091178 1.8815638986927937e-05 -4.33469275146114e-06 0.9999999998135911 0.4931244156877096
1635266149259845 0.5785974820022545 0.8156132378566598 -7.168918698315153e-06 -113.74384035605141 -0.8156132377114329 0.5785974820375084 1.573200383887212e-05 74.63125563005569 1.6979148896810566e-05 -3.2554328176056287e-06 0.9999999998505553 0.493293430171490
1635266149508957 0.5936893571447104 0.8046943190875001 -6.258782076861101e-06 -117.02585046231219 -0.8046943190405572 0.593689357177688 8.6928022869012e-06 72.44342337200493 1.071082092517104e-05 -1.244178201337314e-07 0.9999999999426314 0.4939365886076894
1635266149758044 0.6082978465216251 0.7937088445263789 -5.959937156786592e-06 -120.23773182992568 -0.7937088444832767 0.6082978465507457 8.277336481984935e-06 70.23068507182953 1.0195212112946127e-05 -3.046311230209683e-07 0.9999999999479823 0.494009974424035
1635266150006568 0.6238022010211528 0.7815822502896506 -5.576621023885014e-06 -123.44285025395556 -0.7815822502636343 0.6238022010459675 6.388054349685582e-06 67.79088512073851 8.471498362717451e-06 3.737056451397589e-07 0.999999999964047 0.49419921859945
1635266150255323 0.6377346159329643 0.7702561649236545 -5.975414419908388e-06 -126.51451060385982 -0.7702561649367223 0.6377346159451505 1.7615769762988345e-07 65.51185033774503 3.946415172800376e-06 4.490257933354622e-06 0.9999999999821316 0.4945682599446852
1635266150504226 0.6510611323789234 0.7590252972518686 -5.912148896619166e-06 -129.47382787851453 -0.7590252972664069 0.6510611323887279 -3.42221293983438e-07 63.24110841726721 3.5894157360999586e-06 4.710277556935176e-06 0.9999999999824647 0.4946022650498122
1635266150753171 0.6651235230714375 0.746733352027777 -4.915891013941451e-06 -132.47233315515686 -0.7467333520099136 0.6651235230895636 5.170320176715148e-06 60.749936030747364 7.130525266948338e-06 2.3195820361231545e-07 0.9999999999745508 0.494389045687835
1635266151001864 0.6783059880148931 0.7347795496533325 -5.670336463544775e-06 -135.34475511660776 -0.734779549649062 0.6783059880356616 3.2020945743437207e-06 58.329632504011066 6.199056786696877e-06 1.9944473490791942e-06 0.999999999978797 0.494410558302987
1635266151250684 0.6918033980221999 0.7220859079409125 -5.987715199478006e-06 -138.19324261677642 -0.7220859079344567 0.6918033980456315 3.5716254560350797e-06 55.75372561468769 6.721342131789335e-06 1.8527821393244998e-06 0.9999999999756954 0.4943490293894840
1635266151499425 0.7060675821177455 0.7081444551957274 -7.464211282521474e-06 -141.03149200977538 -0.7081444552124584 0.7060675821402063 5.482059233618265e-07 52.93415472339486 5.6584465977803505e-06 4.898669401452082e-06 0.9999999999719924 0.494305758541198
1635266151748282 0.7204759290241772 0.6934799460853843 -8.481076233246228e-06 -143.8296029194195 -0.6934799461297222 0.720475929019446 -4.153395323803501e-06 49.97552306933839 3.230114913017494e-06 8.873877643895477e-06 0.9999999999554103 0.494391285238780
1635266151997176 0.7340391390536571 0.6791071655191061 -8.702781469236326e-06 -146.482679618752 -0.679107165568851 0.7340391390408295 -5.19673574872811e-06 47.07615239362273 2.859041732674546e-06 9.72472869104566e-06 0.9999999999486278 0.4943886434286799
1635266152246198 0.7479921715233452 0.6637075494958565 -8.931009509109332e-06 -149.03847998949112 -0.6637075495371941 0.7479921715356428 -2.5482119813753306e-06 43.97038629581949 4.989057666980703e-06 7.83362104965257e-06 0.9999999999568718 0.4942068919619771
1635266152495174 0.7645421012320768 0.6445737935565105 -1.0078539396977761e-05 -151.6218045133192 -0.6445737936182115 0.7645421012322141 -4.671767642314982e-06 40.14248266215942 4.694168696105989e-06 1.0068125422986559e-05 0.9999999999382989 0.4941024621828576
1635266152744266 0.7847767090468984 0.61977860306642 -1.0785351796968332e-05 -154.2695071776344 -0.6197786031420537 0.7847767090384112 -5.9910515183840284e-06 35.2287398804188 4.750967348093927e-06 1.138616796547394e-05 0.9999999999238918 0.494003218942413
1635266152993029 0.8101004594875264 0.5862910927152473 -1.1774000778979858e-05 -156.93432573980564 -0.5862910928191944 0.8101004594445914 -9.289977724632842e-06 28.684193047198534 4.091492249086398e-06 1.442880700694832e-05 0.9999999998875346 0.4938920249624131
1635266153241616 0.8421683918944652 0.5392146136515571 -1.0782357497439374e-05 -159.54915434208237 -0.5392146137435525 0.8421683918545231 -9.182884388382534e-06 19.661523506075042 4.129015216339695e-06 1.354753971157383e-05 0.9999999998997078 0.4939447090005319
1635266153490833 0.876858689215843 0.4807482075102009 -1.0962181494958378e-05 -161.62023037261582 -0.48074820758453385 0.8768586892264963 -5.4786309556484335e-06 8.734753864059506 6.978442085209856e-06 1.0074034263407308e-05 0.9999999999249076 0.4937605779996246
