1 0 0 0 0 1 0 0 0 0 1 0
0.9999999990867254329 -1.571732120701350066e-05 3.974311264140555034e-05 0.003709979089850355422 1.571614344379420298e-05 0.9999999994373985901 2.963453669294729739e-05 -0.0040651824809084941 -3.974357839457803675e-05 -2.963391205742365046e-05 0.9999999987711396532 0.0003966299028352466812
0.999999980592696347 0.0001825402587793925786 7.411923399256843085e-05 0.002647169035802352834 -0.0001825402719543939788 0.9999999833395097903 1.709893157005403472e-07 0.005110235332965800195 -7.411920154527172318e-05 -1.845190575121535823e-07 0.9999999972531549153 0.001284868724704700104
0.9999999704601870709 0.0001959088466965911302 0.0001438726827353450325 -0.005472007546594192737 -0.0001959277015433987684 0.9999999722191285079 0.000131049906764920662 0.00824012617158801676 -0.0001438470049023425092 -0.0001310780915377741539 0.9999999810632863584 0.003219112910209734942
0.9999999948552760198 -1.703946516907821104e-05 9.999552226655631694e-05 -0.0001051904903463531625 1.702839968455816211e-05 0.9999999937322423538 0.0001106596083145422514 0.00671805991446989062 -9.999740722035011713e-05 -0.0001106579049815092946 0.9999999888776732737 0.001655377611593557676
0.9999999828752731412 -0.0001847913546417330401 -1.008010772384000556e-05 0.002402425153133586674 0.0001847904687290752182 0.9999999790702874813 -8.781746569163976742e-05 0.003214438939262420029 1.009633542131261007e-05 8.781560147995853035e-05 0.9999999960932420828 -0.001496715784060922115
0.9999999675180245573 -0.0002447283518293189258 -7.12178609548109765e-05 0.01064564275452677122 0.000244738055128590102 0.9999999607667064971 0.0001362713098207741624 -0.004127929652002161262 7.118450870764567076e-05 -0.000136288735115193307 0.999999988179073096 -0.00375473238656597692
0.9999999785249539253 -0.0001848065964944147399 -9.37902640521544583e-05 0.007168028594754231875 0.0001848051001656444319 0.9999999827961381094 -1.596240394817953305e-05 -0.005289208269838615965 9.37932123961452422e-05 1.594507068624344975e-05 0.9999999954742939678 -0.003277311344393282755
0.9999999605932355928 -0.0002807144818261461433 -3.592628990116420912e-06 0.0110320052430450434 0.0002807145958454009015 0.9999999600948018541 3.17759412892629854e-05 -0.006277325877304648465 3.583708879858295743e-06 -3.177694854047093603e-05 0.9999999994886913379 -0.001039790954493698778
0.9999999921890666554 0.0001191285895900825548 -3.781859022419391719e-05 0.00474895583239813221 -0.000119128877853368802 0.9999999928751222011 -7.62010306167820921e-06 -0.00182544465757585885 3.781768218261080943e-05 7.624608288373496866e-06 0.9999999992558441519 -0.001137992600968967512
0.9999999600923763499 0.0002785526119539656902 4.715599626353493112e-05 0.001443768203735590035 -0.0002785474905823900069 0.9999999553112035588 -0.0001085766385790487012 0.004753241990249889096 -4.718623846246358683e-05 0.0001085634990615879508 0.9999999929937127829 -0.002557817789392863132
0.9999999617039214694 0.0002767526166331651114 3.806293455346757248e-07 0.0008484285716909901499 -0.0002767525991675628505 0.9999999606849527822 -4.514522996061892912e-05 0.001861962620193678957 -3.93123391090322281e-07 4.514512289157295775e-05 0.9999999989808816547 -0.00309216940793688444
0.9999999920703698253 0.0001058314720162251073 6.825657399220873538e-05 0.008759391780234913188 -0.0001058400036113389735 0.9999999865862568837 0.0001250015191055542688 0.001125406045393267506 -6.824334398186137696e-05 -0.0001250087423903762718 0.9999999898578301183 -0.002239664281845205312
0.9999999996263968516 -2.71658585264774707e-05 3.03682668968837904e-06 0.001366237424173296928 2.716590030476511095e-05 0.9999999995363653138 -1.375802364806282999e-05 -0.002651092976508601269 -3.036452939756373875e-06 1.375810614105388546e-05 0.9999999999007472828 -0.003094860168973079077
0.9999999976507714106 -4.176622562200180757e-05 5.435107702115504682e-05 0.001252509227100995519 4.176564585184926653e-05 0.9999999990709098618 1.066822401286796149e-05 0.00477618266641309866 -5.435152254210911252e-05 -1.06659539799713334e-05 0.9999999984660746799 0.0004412170796939084692
0.9999999966524629746 3.052901703095157841e-05 7.591477602919511963e-05 0.007317799188190169009 -3.053039454689929601e-05 0.9999999993693367006 1.814446503922973101e-05 0.005382737869494499255 -7.591422204863625155e-05 -1.814678268655457082e-05 0.9999999969538625466 0.0004616573189737833418
0.9999999581639417157 -0.0002886033593296524736 1.949912137415789036e-05 0.005453892286459410127 0.0002886034453585511594 0.9999999583443039963 -4.409267487488269368e-06 0.005771519025463385869 -1.94978480324993459e-05 4.414894816631944715e-06 0.9999999998001712909 0.001183794477345574258
0.9999999995653803264 2.806065058215670215e-05 -9.046504373694203848e-06 -0.00247383746161304206 -2.806124860893346597e-05 0.9999999974208523268 -6.611249258833716482e-05 0.002143396919535700291 9.044649190808295281e-06 6.611274641581165248e-05 0.9999999977736495627 -2.191831864956929853e-05
0.999999941040713769 0.0003421919791507505959 2.869178072086134933e-05 -0.001585433057602636444 -0.0003421929655219213724 0.999999940860982206 3.438032044569561276e-05 0.001836791332840071855 -2.868001435416047212e-05 -3.439013654418743656e-05 0.9999999989973876735 -0.001532779676190351281
0.9999999721156612731 0.0002296158340428750097 5.518374270352709366e-05 -0.003997226211957432933 -0.0002296225039682284685 0.9999999663293566154 0.0001208916515596654791 0.005162645129456204865 -5.515598220805327664e-05 -0.0001209043196178596376 0.9999999911699815058 -0.002293272879616112866
0.9999999625440049167 0.0002657604598579387596 6.54474347462969308e-05 0.0052101078606589038 -0.0002657675875172418661 0.9999999587517905963 0.0001089220209228937056 -0.004361172104027643236 -6.541848488033831673e-05 -0.0001089394106499527444 0.9999999919263132808 0.0001867769129434154068
0.9999999553159141241 -0.0002866063639525942585 8.499977541684553743e-05 0.003855137302992244809 0.0002866049914041264731 0.9999999587982253413 1.615941280138116396e-05 -0.01879979181255544973 -8.500440330525055245e-05 -1.613505071940987709e-05 0.9999999962569557921 0.0007259103389956906432
0.9999999517950527439 -0.0003104133769641323243 7.30941387636814656e-06 0.01866558476419502566 0.0003104136003182604315 0.9999999513542583429 -3.057576839869322987e-05 -0.02048325263550922898 -7.299922393274376419e-06 3.057803586626750699e-05 0.9999999995058473923 -3.791578638927533152e-05
0.999999999404687312 2.601703482956892844e-05 -2.266581769896155809e-05 0.02650127555444692362 -2.601711458849496485e-05 0.9999999996553645687 -3.518620204606426135e-06 -0.01754507131106131795 2.266572614708569917e-05 3.519209901688063005e-06 0.9999999997369399818 -0.0002497682360847002219
0.9999998971654481261 -0.0004534562049091133622 6.823738147588633673e-06 0.02674175129807258855 0.0004534565752598867399 0.9999998957104825337 -5.43705649907909647e-05 -0.02007330186924637799 -6.799082765884786791e-06 5.437365366854915525e-05 0.9999999984986390755 -0.0008074626791974880754
0.9999996929423805581 -0.0007725541602455861722 0.0001314352084621939361 0.009192164458072726516 0.0007725601925491401957 0.9999997005241695325 -4.585106555287359341e-05 -0.00587594816181994696 -0.0001313997466690811446 4.595259308391184608e-05 0.9999999903112328781 0.006796888799954390985
0.9999999618397071854 0.0002746236582784564195 3.004047897408200545e-05 -0.008865774163366113916 -0.0002746236563514340215 0.9999999622909206964 -6.8272419520137921e-08 0.0002121549971084108008 -3.004049659050480825e-05 6.00225907404316299e-08 0.9999999995487824922 -0.001131943904207159722
0.9999999835385859903 0.000150214047436683266 0.0001017770485278906884 -0.01248224826725296763 -0.0001502201129550484536 0.9999999869414086806 5.959110822436034687e-05 0.01713795553024035842 -0.0001017680957772681884 -5.960639620313253588e-05 0.999999993045166069 0.002625105163583619713
0.9999998617520503563 0.0005167405272877129661 9.734016468984548745e-05 -0.01716264616082976632 -0.000516733972868018256 0.9999998642250932379 -6.734832153859284963e-05 0.01558988911995862203 -9.737495308067749625e-05 6.729801325780567932e-05 0.9999999929945478927 0.003058254147224580451
0.9999999352166513145 0.0003599488274193684439 1.880083813028984037e-06 -0.00220957315543243802 -0.000359948960421513928 0.9999999326816568779 7.122799753177606788e-05 0.00417688256090222379 -1.854445252273864407e-06 -7.122866965160187336e-05 0.999999997461518797 -0.000815087817157993653
0.9999999905939612743 7.718662885052208654e-05 0.0001133768131984076396 -0.01853432628762684276 -7.718217434734075759e-05 0.9999999962494775518 -3.929321652282795156e-05 0.009748506301967314533 -0.0001133798456841054531 3.928446548427120329e-05 0.9999999928008707073 0.003836441843990481999
0.9999999922972643285 0.0001067448935894371932 6.333244853359308916e-05 -0.0006885298007897090733 -0.0001067468577951660182 0.9999999938216932449 3.101163833317362368e-05 0.008968836320090860931 -6.332913780827189058e-05 -3.101839863417660563e-05 0.9999999975136396602 0.002237834108197144563
0.9999999314230354486 0.00032062075377276418 0.000185354408156937977 -0.008901305848812554947 -0.0003206289778799735501 0.9999999476154382005 4.434162158161638608e-05 0.013299494470252686 -0.0001853401816030935225 -4.440104853523548634e-05 0.999999981838781804 0.006897910772957815961
0.9999999944577938615 0.0001043542931544429788 1.394968992995396729e-05 -0.004612096169214653998 -0.0001043531136503944698 0.9999999909827101963 -8.452814420986239584e-05 0.01274930138103747695 -1.395851067890624758e-05 8.452668804781133594e-05 0.9999999963301995365 -0.0009259984901946585528
0.9999999456684152133 0.0003289115560624454202 -2.191700194395469203e-05 -0.0008198543717982350633 -0.0003289129854894874304 0.9999999437794486745 -6.524835244115682138e-05 0.006855634540936361015 2.18955397746368285e-05 6.525555768265279514e-05 0.9999999976311487737 -0.002003786559285659907
0.9999999716830265672 -0.0002300482086444604907 6.092427950491953622e-05 0.006936589276547147978 0.0002300463053139315255 0.9999999730511893725 3.124608504107987604e-05 -0.004075638551853596157 -6.093146596897351989e-05 -3.123206875088129869e-05 0.9999999976559571513 0.001365018454668469501
0.9999999129940564391 -0.0004167331082453966645 -1.858483221563147407e-05 0.01069965052545443843 0.0004167343044966300434 0.9999999110919498557 6.440971789105411093e-05 -0.009488161792847829221 1.855798890135233129e-05 -6.441745722415339866e-05 0.9999999977529960837 -0.002579597836318214214
0.9999999946461272105 -9.816466287178642286e-05 3.27329264943746124e-05 0.008872161590379585433 9.816522135754265357e-05 0.9999999950362604695 -1.706072495630169819e-05 0.001149004577138830344 -3.273125157158320855e-05 1.706393809993574741e-05 0.9999999993187436154 0.0005474223065844376242
0.9999997636512826249 -0.0006809160284717093083 -9.513538253508802749e-05 0.01838964459947090013 0.0006809157697577441267 0.9999997681730441457 -2.751792624565900583e-06 -0.007227894687923117241 9.513723421984700247e-05 2.687012791953166795e-06 0.9999999954708432837 -0.002877361035781966954
0.999999918144718225 -0.0004017066837456731367 -4.839728277735340378e-05 0.01762137952710134126 0.0004017021167908260714 0.9999999148679979966 -9.433666377102925657e-05 -0.01580247950600074253 4.843517432555492005e-05 9.431721475813648417e-05 0.999999994379148438 -0.001628351214854328877
0.9999999314436586184 0.0003622249696452181427 7.68488739830564926e-05 0.0004767362533343378391 -0.0003622281573776787891 0.9999999335354704533 4.147067315961228178e-05 -0.006611915287307583433 -7.683384716200583023e-05 -4.149850714255408818e-05 0.9999999961872169107 0.002078582889017496597
0.9999998072580729147 0.000620443746611003418 2.309489695097653486e-05 0.003212588012689372718 -0.0006204436696386887197 0.9999998075192304547 -3.339886449626414178e-06 -0.001257889948579105554 -2.309696471731505975e-05 3.325556723276072395e-06 0.9999999997277354558 0.00121281142169910993
0.9999999993650904306 3.402793058002660901e-05 1.057917939218567986e-05 0.001933574577238886868 -3.402788064386446331e-05 0.9999999994099106893 -4.720374369274780276e-06 -0.01497258654733546815 -1.057934001051436897e-05 4.720014379224102346e-06 0.9999999999328995637 5.517770597670331595e-05
0.9999999991260455356 -2.489750288960202004e-06 -4.17338010696368075e-05 0.01790639838029738085 2.488480498335380326e-06 0.9999999995340337344 -3.042597623403404874e-05 -0.03266055675566377492 4.173387680327338682e-05 3.042587235369304693e-05 0.9999999986662748697 -0.002622195443053874746
0.9999999721141367148 -0.0002332746091398788944 3.680601145603415968e-05 0.01471837493837921743 0.000233277958681647762 0.9999999686477156757 -9.102725807414004187e-05 -0.02010172512226815478 -3.678477595403329895e-05 9.103584156698604573e-05 0.9999999951796778586 0.002397951090415553245
0.9999999017322901418 0.0004379686995007254688 6.869372836217894787e-05 -0.0005665176559503683467 -0.0004379671545205873415 0.9999999038391599315 -2.250427755394215733e-05 -0.008804089057328630744 -6.870357792570582248e-05 2.247418974575414506e-05 0.9999999973873645587 0.001283101088141059805
0.9999999750167756218 0.0002201034207744077787 3.899913265204522916e-05 -0.004689348154722566657 -0.000220101392599678352 0.9999999744255686496 -5.200229887633735617e-05 0.01008093394211225652 -3.901057753853540204e-05 5.199371381374535761e-05 0.999999997887414227 -0.003004725255984193669
0.9999999974034637917 7.174000822994470788e-05 6.814963482507056221e-06 -0.01042078740394625398 -7.173972983188799774e-05 0.9999999965926522627 -4.084246218878170588e-05 0.0036281815619037339 -6.817893497859660514e-06 4.084197317909372488e-05 0.9999999991427247492 -0.002998215842966395293
0.9999999277312241475 -0.0003801290233541474383 6.28267936066364575e-06 0.001023322786945139815 0.0003801284542647458587 0.9999999236709686823 9.033501582640590872e-05 0.01023187246008439889 -6.317017842453589494e-06 -9.033262107281089847e-05 0.9999999959000563932 -0.005707801196693850637
0.9999999904044825083 0.000137856660369426652 -1.365928584791113115e-05 0.003742460692639583246 -0.0001378570624363876758 0.999999990064391775 -2.943886272007937777e-05 0.005825407898427528014 1.365522736889815424e-05 2.94407454666202259e-05 0.9999999994733886899 -0.002700573011134350769
0.9999999077062239339 -0.0004114135074408288443 0.0001238001195789679846 0.003112117574721543975 0.000411412877876085408 0.999999915356658442 5.110755785925475255e-06 -0.001332802870020235227 -0.0001238022117340757526 -5.059822350757138402e-06 0.999999992323705289 0.002367009781478592555
0.9999999979746805323 -5.612396123424410874e-05 3.001233078861020769e-05 0.00322697812734269382 5.612584569708987421e-05 0.999999996453497908 -6.279246453766581214e-05 0.001683919251128831139 -3.000880652032589813e-05 6.27941488779378595e-05 0.9999999975781831418 0.00120518016669224153
0.9999998873024553703 -0.000471423880088969586 5.616584190299791401e-05 0.007604474800356329778 0.0004714204558549881527 0.9999998870230577541 6.096413344433380407e-05 -0.006920142739884664607 -5.619457550588742985e-05 -6.093764884703226499e-05 0.9999999965643863176 -7.745533893191745367e-05
0.9999999534424564018 0.0002883968268231884287 9.971135962877605342e-05 9.103368593931741165e-05 -0.0002883972925313487779 0.999999958402659761 4.656216037181827518e-06 -0.00811012545349049617 -9.971001264311858648e-05 -4.684972306551405058e-06 0.9999999950179822017 0.001760644538672672234
0.9999997804358101705 0.000646239818616332006 0.0001466370634854585069 0.003044786868008342133 -0.0006462754440249861331 0.9999997616316307347 0.0002430323684504448641 0.004067165727718063083 -0.0001464799713381154957 -0.0002431270830225543719 0.9999999597164189735 -0.005039988719011866992
0.9999999963579326856 8.127901913238630047e-05 -2.603566128490113652e-05 0.02122264497251455384 -8.127972112772398751e-05 0.9999999963333040531 -2.69629155654910981e-05 -0.005702325435444508851 2.603346967010617151e-05 2.696503163857895714e-05 0.9999999992975727725 -1.84445679881411681e-05
0.9999999990494286006 -1.433937244052319982e-05 -4.117675530309822317e-05 0.02208275597293071768 1.434235168921186717e-05 0.9999999972796486114 7.235329839468942689e-05 -0.0145567937846446966 4.117571769018999703e-05 -7.235388889741843014e-05 0.9999999965347374786 -0.004624006819008886701
0.999999858452631285 -0.0005319578225947101243 1.075139297672163652e-05 0.01183435654692137524 0.0005319578099307623259 0.9999998585097371606 1.180714349102608766e-06 -0.01473289576651963181 -1.075201954573847275e-05 -1.174994894513997678e-06 0.9999999999415066787 0.002254638346730826123
0.9999996407799812692 -0.0006990342983432762608 -0.0004793651615444717985 -0.01010001623090733651 0.0006990238156366108827 0.9999997554400501532 -2.20350894638331261e-05 -0.001775348680390261436 0.000479380447594254203 2.169999388408180223e-05 0.9999998848617417391 0.01587366003449553961
0.99999915054058508 -0.0007432418811098309925 -0.001070751892077334306 -0.02110298931884386012 0.0007434636779849337993 0.9999997022563791305 0.0002067581015255470583 0.018659333526047997 0.001070597901987476418 -0.0002075539910328242418 0.9999994053705597574 0.01651740048043385395
0.9999994314802549411 -0.0008598168041126470285 -0.0006306775961307247054 -0.01791627648386789201 0.0008600425926535428759 0.9999995661436740235 0.0003578256593297670903 0.0531849299191578806 0.0006303696579924256095 -0.0003583678654937192884 0.9999997371032490756 0.02454363047881571655
0.9999958207625053719 -0.00280607536714391325 -0.0006959874690799534988 -0.003288310300016897628 0.002806600226731467175 0.9999957770078629071 0.0007542954380482133582 0.06118979919264373735 0.0006938679200820879137 -0.0007562456442569586617 0.9999994733197787866 0.01579046115467908074
0.9999891687036718269 -0.004615777536852988874 -0.0005975559134287103218 0.008999556878652651207 0.004616370021707002363 0.9999888505228282654 0.0009939606910033078543 0.0369462668186085752 0.0005929613495626468713 -0.0009967084643255710603 0.9999993274843114177 0.01604813746881888353
0.9999803043765188582 -0.006251599624185517554 -0.0005553027854145180676 0.03295270202457038083 0.006252279281956542659 0.9999796969161739435 0.00123075554734656872 0.03818660790095314284 0.0005475973201382608804 -0.001234203214949170782 0.9999990884393841206 0.01429577428909866929
0.9999595044778586406 -0.008956418273247827855 -0.0008786217104153926398 0.0678631057391801823 0.008957759380345643035 0.9999587010695160094 0.001534503910114521285 0.03638915287837660856 0.0008648417654175325061 -0.001542312251445702043 0.9999984366595978669 0.01178564130327390547
0.9999260600755309758 -0.012142279080424076 -0.0006629031292107666036 0.1073939652944300993 0.01214383481767154598 0.9999233913405498608 0.00239556380311189759 0.04094850892107925605 0.0006337647408383456247 -0.00240343686140648792 0.9999969109119820621 0.01530162913690729862
0.9998954753901486692 -0.01445815568301560446 5.343628414977923165e-06 0.1583728296668762137 0.01445801255038147749 0.9998870902814152029 0.004095431803613024287 0.03250710620521144595 -6.455541567320785751e-05 -0.004094926471954890568 0.9999916136697285518 0.02091395656247447069
0.9998544583697948074 -0.01701665925152542544 0.001222859747334724238 0.208831071763625975 0.01700934029998533298 0.999838710007639353 0.005765094346058292386 0.04033560011793850542 -0.00132076515833518828 -0.00574345524724731004 0.9999826339998206803 0.01830608046536426683
0.9997954145215180999 -0.01998326603525797662 0.00313020451566511709 0.2644329357821260107 0.01996058945938918722 0.9997754471584608948 0.007115485052560169277 0.05197620235666142174 -0.003271692250121737647 -0.007051548600384942647 0.9999697853896171162 0.02758241798574145864
0.9997426020619849529 -0.02209082334394014621 0.005169636961965935751 0.3113613108598839441 0.02204846331780896396 0.9997239893546530087 0.008112359344906656597 0.06438111481070753206 -0.005347418784322748725 -0.007996288689416545387 0.9999537311693679209 0.007652903388044828004
0.9996960164262517212 -0.02319813804979371091 0.008349918113736086098 0.3711458099969738855 0.02313535972563141724 0.999703922149183688 0.007538114479395546103 0.06035060010590007074 -0.008522316108254645098 -0.007342644657175926258 0.9999367258469854525 0.02324873134133738015
0.9996401144870015187 -0.02518054911627287326 0.009251024517184770757 0.4248450251867867955 0.02511750280407261393 0.9996609050767677473 0.006869200389056549783 0.05501815461621434311 -0.009420857779522456496 -0.006634365629099712135 0.9999336141121556443 -0.0005204520950755258182
0.9995925786556209003 -0.02604355050095773921 0.01167947661114678709 0.4754555599775181496 0.02595450519191889668 0.9996333775129161436 0.007711953213186639039 0.04369990075982525812 -0.01187604129535241998 -0.007405676162497829354 0.9999020530050567457 0.01598946483819801978
0.9995285998937735172 -0.02804458425848097014 0.01249316966032602144 0.5206251889077735395 0.02794567214578614484 0.9995772479425714119 0.008022767843793139619 0.01540241731416786518 -0.01271288333592980255 -0.007669855886790192222 0.999889771878862077 0.00875837301681235865
0.9994720839225157416 -0.02975828979996380033 0.01303831460599831453 0.5915006421784662072 0.02966028944601930076 0.9995307901444927534 0.007646357505658126809 0.005885925481770171684 -0.01325973942285347922 -0.007255600685494526664 0.9998857612593203825 0.006895038662220472937
0.9994296479125275301 -0.03076083348906818657 0.01393377179729210144 0.6283729090976850618 0.03065798386126058345 0.9995015257036531375 0.007535790710485784465 0.006567118683425909875 -0.01415863337345370752 -0.007104311305635434802 0.9998745230587029464 0.01254654897806583257
0.999405690504795996 -0.03119319683616971275 0.01467140953596146428 0.646534968356100137 0.03108655630047987492 0.9994889952927443755 0.007441391407360696715 0.01940691824919273112 -0.01489603316353129737 -0.006980885319242709566 0.9998646785621294608 0.01007431218657430308
0.9993781480284213981 -0.03169126066012131065 0.01545901811418870508 0.6517487788252078751 0.03157806392710862942 0.9994730561386109269 0.007512385211145258292 0.02958809418197043406 -0.01568894903739597585 -0.007019547757330268922 0.9998522805031674343 0.01163649352592517616
0.9993578219249330541 -0.03222775861357730226 0.0156625455210460951 0.6323229742667337838 0.03211399106688158506 0.9994563591019949289 0.007461757724588615956 0.05931131649443638354 -0.01589450644751502773 -0.00695397910042892288 0.9998494920934153374 0.01031373338929174668
0.9993433942604467157 -0.03277678779967192757 0.01544223201304377631 0.6421501159422817739 0.03266526075702119031 0.9994388048419661219 0.007419980844863654362 0.07390162645734044133 -0.01567676904483854619 -0.006910684307477045832 0.9998532299066283935 0.004775489370274145495
0.9993832195112379857 -0.03168669961534845148 0.01513716046156889268 0.6382035103281877841 0.03157425553421167042 0.999472434033944479 0.007610518623771289973 0.08143332702802519307 -0.01537032682843510363 -0.007127880031898846044 0.999856462888267794 0.008661546298397083954
0.9993846256776572901 -0.03241381829862372693 0.01340575780896438585 0.6275021329752407118 0.03232010464212716622 0.9994520000532142179 0.00714915558312580017 0.0569046785847626968 -0.01363014288445848349 -0.006711480681160768985 0.999884580955229918 -0.002112315689280384098
0.9993624857948211204 -0.0334876709750877577 0.01237731306302635934 0.6601598306967011442 0.03339891016675928387 0.9994153692212750517 0.007309758133831158362 0.02865892806809323262 -0.01261486368014501022 -0.006891709292086545258 0.9998966794411133785 0.007302207160505403902
0.9993370840607145311 -0.03427904756197161507 0.01226129353994011642 0.6995413180665122077 0.03418797369592615348 0.9993868123973823625 0.007561855643028403233 0.006284874795062227182 -0.01251298827599350329 -0.007137653987370561927 0.9998962341263024634 0.008764776761269646443
0.9993181078388969629 -0.0346455073915602485 0.01276746501338616932 0.7285583498437899763 0.0345555981170533183 0.9993768649143899285 0.007196701512351915894 0.01075970079897394481 -0.01300884253342307097 -0.006750606748028733714 0.9998925938942012648 0.0008864382576682702103
0.9992650309528692265 -0.03571222255917464589 0.01392964732666508026 0.7539889064589397893 0.03561157675736016659 0.9993382518029736428 0.007407704383354416118 0.02726480346233994823 -0.01418497499525237307 -0.006906203244945865322 0.9998755376751266022 0.001829827289576497346
0.9992286527579156141 -0.03637055236138785758 0.01480818788807445469 0.7855605985053910612 0.03626369922712519012 0.9993146972896371771 0.007421583340871929467 0.05319090856616993934 -0.0150679668822827819 -0.006878859051358157499 0.9998628094254661258 -0.00212892935376761492
0.9991583596893961472 -0.03767434326963420982 0.0162239366985010465 0.8165845934592128597 0.03754209459541522215 0.9992599061525970772 0.008380399112919829918 0.06372712800992401394 -0.01652765549568650794 -0.007764265264962293654 0.9998332624936575597 0.0072413319054540062
0.9991360693815641847 -0.03775908802313572565 0.01735990012699837118 0.8735526328826881404 0.03761527992336313742 0.999255826162168348 0.008537247638984179349 0.0692004950697076987 -0.01766934002857220229 -0.007876874546633020821 0.9998128571239376372 0.005228566876941651703
0.9990742475751499541 -0.03876503392298190354 0.0186526131439558665 0.927586095971167035 0.03860885128150988443 0.9992168577274301855 0.00866186100343900589 0.06868506409121766243 -0.01897378282974341093 -0.007933686297724829722 0.9997885037280930254 0.002099812079544100853
0.9990145023534339197 -0.03944333467543023608 0.02035306947864906624 1.013236255064618785 0.03926817445719001098 0.9991887563963260943 0.008935298873739687744 0.07880063603493686619 -0.02068899616512128933 -0.008127265274701353515 0.9997529259756303688 -0.003169753843139986194
0.9989390276191193463 -0.03968247761082639713 0.02336921201141718349 1.073127467468801388 0.03947060463387788709 0.9991759594780296183 0.009459036472869343168 0.07143452921635277952 -0.02372531283680788528 -0.008526603768513968395 0.9996821527660531004 0.001545882267149744325
0.9988741462217237688 -0.0395862562008447369 0.02614131461544023233 1.126347941370320793 0.03935130568100122378 0.9991808261592468599 0.009442000684453010634 0.07548310660888971069 -0.02649367379248767501 -0.008402675509972519149 0.9996136655194602927 0.0006483950445662831335
0.9988102966339604816 -0.04019181477430516791 0.02761538272644028721 1.189517052062403879 0.03994089333183514778 0.9991561296358062449 0.009578812611749856418 0.07949436330952917851 -0.02797706878561080288 -0.0084644336103484423 0.9995727272118928308 -0.006648705519371670217
0.9987896186473462778 -0.04031160143218626146 0.02818284003185567502 1.24389262437748549 0.04005668596461473691 0.9991517499816726655 0.009552089723897705387 0.07829450654199383852 -0.02854399397107638264 -0.008411616879870008681 0.999557144494323313 -0.007087454413752226901
0.9987729765279127481 -0.04070733740606421319 0.0282037947603226806 1.307698069036040023 0.04045439615669815803 0.9991363950894465162 0.009481868975171404632 0.06747759010669393542 -0.02856541946428381787 -0.00832926701302331117 0.999557222034764381 -0.01416309712491186333
0.9987419340544376745 -0.0408746542597414747 0.02904843886249010992 1.35864017194082809 0.04061096207887770343 0.9991288132279056988 0.009610636650330054223 0.06555123969635370806 -0.02941596369710135911 -0.008418860786549917444 0.9995318023268832119 -0.009320097024048883821
0.9987072566382986238 -0.04144536416223416897 0.02942953155358105782 1.39779570161761213 0.04117894714539918621 0.9991056474664420373 0.009602057730407191974 0.0566840667440880186 -0.0298011719568182093 -0.00837776760965876395 0.999520736733299997 -0.01264022953497618076
0.9987021455242528489 -0.04138896973436539256 0.02968126866530147387 1.44933590942478796 0.04112454140210147074 0.9991091963763822914 0.009464978109137408072 0.05243564055044534766 -0.03004657417611637099 -0.008232065382842528728 0.9995146004335363488 -0.01731460423219916694
0.9987133028165203763 -0.04093512852299287935 0.02993416159045385327 1.491674647108350182 0.04067711886357194828 0.9991301876705435125 0.009178239830347925329 0.05056333770562420477 -0.03028383691470067779 -0.007948794765912654825 0.9995097327607637139 -0.01755726401805770415
0.9986623491202085701 -0.04197841274827868868 0.03018816511220535903 1.503445897468830061 0.04172276064268093387 0.9990882430419382176 0.009049522624237804624 0.05125910785964311878 -0.0305405254385083258 -0.007777883935119526276 0.9995032670418999565 -0.01857582404807065629
0.9986607567808006847 -0.04222239886131981534 0.02989919564794299434 1.511818550205170197 0.0419773261107502238 0.9990800048340432449 0.008777700917652460355 0.04783508905755590873 -0.03024230412171138513 -0.007510857155055508487 0.9995143771183114811 -0.01932718326479138798
0.998716144780428472 -0.04137840509275687861 0.02922139193977402877 1.524616906755752233 0.04113716182113824615 0.9991146719781300867 0.008809435585502229174 0.06011385701567376061 -0.02956004181694715793 -0.007596040416778913548 0.9995341435377618211 -0.01944717307192439515
0.9987573172453164672 -0.04123668456553324091 0.02798851719868424362 1.520831930894023243 0.04101203798591241539 0.9991220374917669789 0.008553767505740921678 0.07208462799886278249 -0.02831667334240391132 -0.007395271755852163981 0.9995716462397663538 -0.02039259687348456834
0.9987229016266214732 -0.04226324632028104905 0.02768363735084174854 1.541433272248473818 0.04202775447468901776 0.9990755990275810294 0.009034117637896044509 0.08681408644757050708 -0.02803985770857133145 -0.007859099067408269537 0.9995759105448328574 -0.009475750484289880565
0.9987351189820574682 -0.04209393989153949189 0.02750022429550396524 1.556782526390326549 0.04185064924112851664 0.9990800001411732634 0.009363571754906404102 0.08532955908463607519 -0.02786907371965554464 -0.008200825709689982257 0.9995779415271666135 -0.01419619400274734801
0.9987359633341642562 -0.04174664412898037441 0.02799452173099694491 1.600384642701867532 0.04147911071557389834 0.9990886193921184599 0.01007045060540478869 0.09126400396767309076 -0.02838941558440670129 -0.008896533320288507393 0.9995573484186172086 -0.02004523560761234391
0.9986797248445135056 -0.04219116411667269556 0.02930380273900811544 1.651331739011982158 0.04187532192134466036 0.9990588300424065871 0.01130979788862350108 0.1190796358033405361 -0.02975339641907222971 -0.01006775967024203279 0.9995065660698542187 -0.01779154821865454317
0.998670538200803426 -0.04153788144588175385 0.03052475281972779481 1.708152934796905775 0.04117190159784794162 0.9990736058980359546 0.01252216102408043943 0.1002446154020396329 -0.03101661890881618477 -0.01124875116996307267 0.9994555692718819495 -0.0209814932901231585
0.9986083126248066488 -0.04198619120116540981 0.03191547751570728009 1.788545350559402003 0.0415647990157463898 0.9990411322919480197 0.01375439826393783267 0.06843880792903453414 -0.03246236959029707991 -0.01240869603308858253 0.9993959269595515948 -0.02056934037776671914
0.9985667048478060748 -0.04199678395021933658 0.03317839820173937998 1.83922460275926003 0.0415190173433178239 0.9990257058661622391 0.0149602880139878807 0.06299852370270014879 -0.03377435666655780044 -0.01356131101534048533 0.9993374723662199477 -0.01832850710223905832
0.9985679293584924787 -0.041621283978353317 0.03361189040631428621 1.884766440464353376 0.04112010566915149518 0.9990344863787103957 0.01546712435406418645 0.06753260246275960554 -0.034223199243358704 -0.0140628498541206029 0.9993152700161895829 -0.02459395901859542932
0.9985441872018087084 -0.04156085403831891872 0.03438315891660988916 1.913931529874931758 0.04102864001045537085 0.9990291714397584455 0.01604260924170795855 0.07468459474747916882 -0.03501652330503073757 -0.01460855995624562968 0.9992799573050752393 -0.02660793895107299231
0.9985374060377628647 -0.04137089767558834591 0.03480657364481579141 1.936213687539556361 0.04082556954320337023 0.999034379782820503 0.01623517426540807898 0.09272265763042264464 -0.03544462744689315381 -0.01479043060465456798 0.9992621885910023538 -0.03018236346571216699
0.998499343910044912 -0.04186225009356091264 0.03530739622676979522 1.948614006222985529 0.04130503311982051257 0.9990125259776492239 0.01636664836572639461 0.08547434048442761889 -0.03595767581727841999 -0.01488371448466285947 0.9992424733731840591 -0.03318969480873790179
0.9984938246773514825 -0.04167664000245974165 0.03568108405443828207 1.95343600739226364 0.04111473995343739585 0.9990208173300443306 0.01633966645227019274 0.08886359817882344414 -0.03632712815177847887 -0.01484803755772450516 0.9992296410440038024 -0.03144565844336227878
0.9985173879057529511 -0.04106169757870350989 0.03573461965415438563 1.967735474325543077 0.04049904282428843511 0.9990461310953163698 0.01632958890469421095 0.08819748598502874515 -0.03637105415283470311 -0.01485816056700677186 0.9992278926673217043 -0.03001279187654484759
0.9984788368391155355 -0.04202578640794860793 0.03569097450617308293 1.961813169649612165 0.04145782383196752741 0.9990038817034734286 0.01650736758269027646 0.09637266679434330907 -0.03634915717763425452 -0.01500258704977214252 0.9992265314503461227 -0.02753206798069994521
0.9985292352097285828 -0.04107881074789267173 0.03538216696322177973 1.960008862623014547 0.04051577857738833388 0.999042886570562283 0.01648582661035369323 0.08213505625435038593 -0.03602552036740797048 -0.01502804379476658722 0.9992378694695073227 -0.02423844345194165611
0.99852168022673371 -0.04166589338074695031 0.03490569360383607295 1.975826583282634274 0.04112280937016384724 0.9990238118954084534 0.01613498730934586484 0.07971633995847851595 -0.03554389774188839585 -0.01467571445456115897 0.9992603538310536049 -0.02260865529441005023
0.9985343235940954409 -0.04141579687471534654 0.03484158971279237987 1.965306891637322639 0.04087684509873727029 0.999035410131439372 0.01604159712374389132 0.07244097255620607356 -0.03547235739637386726 -0.01459387106764302097 0.9992640946156351456 -0.02167407707048216864
0.9985436332855884833 -0.0413201394040454556 0.03468801672691174814 1.976917395340807904 0.04077985101057152867 0.9990377637734044747 0.01614157074732478978 0.08043680035057876321 -0.03532161061406808439 -0.01470349054699439384 0.9992678275564377266 -0.02594583517153664642
0.9985258178727287603 -0.04179731012580328864 0.03462911936283635111 1.966928596117170969 0.04125407442709824041 0.999016433360307432 0.01625629783234137232 0.0877209881949998771 -0.03527452883826492913 -0.01480374082108201587 0.9992680105321798401 -0.02524218688891098281
0.9985508546601283841 -0.04101764947134439732 0.03483881584343914012 1.967898302667470123 0.04047373039631268349 0.9990496382642503059 0.01617706499576474291 0.08485577438920527404 -0.03546925154741414205 -0.01474356523763918798 0.9992620074228528715 -0.02192615891258375624
0.998528998668546719 -0.04154218245194119669 0.03484373537838730828 1.961949166146629731 0.04099787698370567501 0.9990280034118782515 0.01619328508070567302 0.08839721356027499533 -0.03548257178980107618 -0.0147409455600954354 0.9992615731744995955 -0.02635107130033153416
0.9985389563040291128 -0.04134634288596555213 0.03479127294619137334 1.964791733077329017 0.04080316099148480202 0.9990361792655960693 0.01618068513700068878 0.09485047043664007749 -0.03542675255175380816 -0.01473745053786264768 0.9992636052390184709 -0.02372080422625810064
0.9985367121856990602 -0.04144514982848124252 0.03473807670365702122 1.964689207948991267 0.04090512999244549919 0.9990330723600916452 0.01611492075863398682 0.09587796950324270484 -0.03537237280245068838 -0.01467037444820881893 0.99926651868051386 -0.02754744367299441152
0.9985322686740142339 -0.04139161575278477168 0.0349291076625221214 1.965753061464540874 0.04084591369804345395 0.9990342002828209722 0.01619499921075226098 0.08256684280932780062 -0.03556571032466845222 -0.01474451798595327948 0.9992585648561955747 -0.02240912909810417741
0.9985355853314907826 -0.04141670188421626292 0.03480433351941945863 1.966161863409726873 0.04087220828717176568 0.9990328292776911034 0.01621322346548401822 0.08261931377438438973 -0.0354421700298821335 -0.0147669506143154397 0.9992626230141540278 -0.02303466217503098712
0.9985350628566498354 -0.04145675608212468638 0.03477162091438355807 1.9611849194279658 0.04091553593273610651 0.9990323212585418 0.01613505500786007948 0.09435986338005258878 -0.03540688019585119112 -0.0146887186615071285 0.999265027096855718 -0.02318275075319919595
0.9985074398779066884 -0.04194508010116104746 0.0349786043714704481 1.966068531582422896 0.04139890030434777851 0.9990114259165566724 0.0161957383826369615 0.08794889851502957212 -0.03562335697347095154 -0.0147234895142194528 0.9992568214900838797 -0.01987773284091155085
0.9984941546478010022 -0.04244457939199587637 0.03475457976166398955 1.974010887371477896 0.04190068565103233916 0.9989899260193751962 0.01623145876921014766 0.0713447236910537963 -0.03540841250531683027 -0.01475077598093590785 0.9992640586610795905 -0.02520949155948923326
0.9985348796021151774 -0.04156360774116009404 0.03464910863973708066 1.982507288683652558 0.0410236865861994815 0.9990276317247928084 0.01615079531258263243 0.06482323481971362378 -0.03528670226681154126 -0.01470569827960035297 0.9992690283808673968 -0.02798686154976161647
0.9985136808769350392 -0.04201295235858754779 0.03471802033108046387 1.99071150369115446 0.041471796007091076 0.9990089273522726465 0.01616332906327683575 0.05555945822251827371 -0.03536268142463871306 -0.01469948654125708722 0.9992664338693073578 -0.02451416297548424453
0.9985154105806326452 -0.04195854917658543154 0.03473406086230960976 1.968057341701912488 0.04141826720793804345 0.9990116673615964116 0.01613120010708384705 0.06683421182754985257 -0.03537657380926551021 -0.01466862728407125095 0.9992663956118601476 -0.02627815006671239267
0.9985258695516068261 -0.04156217958518278882 0.03490949819657310216 1.963953296488109901 0.04101353099371793376 0.9990258152051726404 0.01628836483713385144 0.07541326990696557708 -0.03555246983874488231 -0.01483259187631260495 0.9992577325728312365 -0.0240620736294216396
0.9985210445123058332 -0.04186853935849305097 0.03468067297559385836 1.969872015893433748 0.04132704989052798927 0.9990145540591901518 0.01618628200864067473 0.07691607363040306455 -0.03532419303253194615 -0.01472909331573917652 0.9992673592170899788 -0.02674093306198238248
0.9985192441429644461 -0.04182161162823468115 0.03478896199917441701 1.970095433690250974 0.0412763264315883921 0.9990156550968909421 0.01624763821737847808 0.07762553753832437953 -0.03543422007714934485 -0.01478761888023105361 0.9992625993077981494 -0.02477531242742698689
0.9985143278272839984 -0.04197841363938887432 0.03474118466528682697 1.963737626920492474 0.04143650667395964299 0.9990102122794524142 0.01617441424046846613 0.07076276875097620156 -0.03538577451866906087 -0.01471083103307699834 0.9992654494237405149 -0.02630248047372458348
0.9985339870772865778 -0.041500880968972996 0.03474987093985207331 1.968276762786831391 0.04096059852332319812 0.9990307463264634924 0.01611822766312912339 0.08309623254721293373 -0.03538511014746703598 -0.01467122262077916357 0.9992660552658951811 -0.02665044436771110692
0.9985044471307729097 -0.04219013331250181381 0.03476868866009747566 1.979209167593669605 0.04164807003675917441 0.9990014802128802662 0.01617036779691281845 0.06012339124574556104 -0.03541620140956210083 -0.01469813537655567486 0.9992645583098450635 -0.02437587051955967393
0.9985192297616956036 -0.04180985264263105405 0.03480350583075698945 1.987108551756952668 0.04126567974587494469 0.9990167055791197015 0.01621004777763806332 0.04379255822365507589 -0.03544702344655958903 -0.01474985409568173485 0.9992627033633023625 -0.02643000071389736694
