1 0 0 0 0 1 0 0 0 0 1 0
0.999999918610656513 -0.0003148406949794689807 0.0002522974776514887423 0.113095735290118557 0.0003149237982586630485 0.9999998961546758824 -0.0003294140839635608092 -0.000655526636956641753 -0.0002521937384924442826 0.0003294935116327178388 0.9999999139161682704 0.00334303744942272699
0.9999999293236215836 -0.0001700047995966592234 0.0003353373226696587921 0.4218843902121095502 0.0001703065657237057338 0.9999995804391650367 -0.0009000650907212917216 -0.004575867978858149873 -0.0003351841665898796759 0.0009001221372557336332 0.9999995387157498694 -0.00199183843971945107
0.9999998993099399325 6.373445126387267449e-05 0.0004442049411634649433 0.6488822130336112659 -6.346235791421314264e-05 0.9999998103913974035 -0.0006125273041206283917 0.01520239586773205684 -0.0004442438960299990944 0.0006124990521522539425 0.9999997137460949759 -0.003343943910919479432
0.9999999885695857182 -1.672026979036525217e-05 0.0001502706261232770958 0.8669572482147728243 1.672845689060533221e-05 0.9999999983759744193 -5.448128082143194724e-05 0.01688188624787801545 -0.0001502697149375198783 5.448379399437936578e-05 0.9999999872252643973 -0.01297382429504925078
0.9999999331983663309 -0.0001596850986233523098 -0.0003287916242796704285 1.08695238342609235 0.0001597423964320752803 0.9999999720598325981 0.0001742489621620782849 0.0126161479450375251 0.0003287637901304695529 -0.0001743014724839521607 0.9999999307666811443 -0.01563942335921110482
0.9999997938006152109 -0.0002783153248580984371 -0.0005787394119975877282 1.3198290004508475 0.0002783486389101855391 0.9999999596088472442 5.748338121806762999e-05 0.01672451138465052417 0.0005787233901157181129 -5.764446069264299565e-05 0.9999998308781626877 -0.01681142640514295822
0.9999999446821344895 0.0001043290037930340124 -0.0003158341131057906554 1.552997477169663298 -0.0001044145857946317626 0.9999999578372367193 -0.0002709670072154652005 0.0134856248773003503 0.0003158058300714281538 0.0002709999699142484836 0.9999999134128432221 -0.01650048661866617208
0.9999999934595439344 8.049579736323524734e-05 -8.124862238720322266e-05 1.791660884884650695 -8.051154707544049319e-05 0.9999999779678538925 -0.0001938612453404342539 0.004065178706154024164 8.123301558160019161e-05 0.0001938677855247794384 0.9999999779082392459 -0.02100848081985721288
0.9999999787629895165 6.686049041402372856e-05 0.0001949453650618759631 2.029212577309765564 -6.686587393270442003e-05 0.9999999973833452183 2.760913858378563783e-05 0.001819697648911742377 -0.0001949435185912256198 -2.762217318965406237e-05 0.9999999806170198902 -0.02255306665312544964
0.9999998528158471345 0.000254897748929931332 0.0004789524211305694269 2.267120158173041133 -0.0002549878373119725001 0.999999949810517208 0.0001880429894183020627 0.01319187147177411368 -0.0004789044653574903838 -0.0001881650887833933824 0.9999998676221975025 -0.02163189536105909055
0.9999999038036622157 -2.719289655781827812e-05 0.0004377821520478553758 2.503612734044649013 2.716219793289006759e-05 0.9999999971720793246 7.01288547036708383e-05 0.005235895135421644343 -0.0004377840578165338769 -7.011695683206643683e-05 0.9999999017143607061 -0.02496568057755487596
0.9999999547162076174 0.0002217209255972011912 0.0002034881170784082075 2.727987964554439593 -0.0002217710793947202919 0.9999999450323657779 0.0002464809399116018218 0.0103381701044735156 -0.0002034334559110085596 -0.0002465260565293786216 0.9999999489198648783 -0.02506765888642916579
0.9999998004095321802 0.0006275902390954006234 -7.287926716353877385e-05 2.971877096200691959 -0.0006275397511333498379 0.9999995645426038582 0.0006907303839784996805 -0.002732286608100785875 7.331273107455438828e-05 -0.0006906845114781207107 0.9999997587900454343 -0.03087866906144192888
0.9999987143807874679 0.001595048881133878486 0.0001644865923718078664 3.195825773912389423 -0.001595284682218426264 0.9999976856382520873 0.001443532099509305718 0.00307566932490684064 -0.0001621837074301272705 -0.001443792646617945768 0.9999989445790623543 -0.03756736267046441313
0.9999929916162278998 0.003619191724882898399 0.0009582117121771948666 3.447116638131855204 -0.003621584654432510961 0.9999902983830288861 0.002507441806249396683 -0.001238340124323034606 -0.0009491275033383828226 -0.002510894477967450834 0.9999963972764616127 -0.03996726669228687495
0.9999752486190264245 0.006873029083081584265 0.001504533329415292525 3.713135977390184195 -0.00687692029030401511 0.9999729824265461975 0.002596610151548636985 0.004544548544724523118 -0.001486646103486532816 -0.002606892437642030665 0.9999954969874522703 -0.03975346391875121677
0.9999628967403040303 0.008530707926314950312 0.001196730970551603077 3.951516596243105361 -0.008533005161280632703 0.9999617349689081669 0.001927802087523379981 0.0005048169462184750461 -0.001180239661055404021 -0.001937942271330265554 0.9999974257037341774 -0.03652961262099797823
0.9999396208853779111 0.01098584536207597093 -0.0002564864270943729941 4.214340044111823502 -0.01098566410815250347 0.9999394123597084016 0.0006977061156252485023 0.0007530807683675741493 0.0002641357786814222167 -0.0006948463150113616624 0.9999997237104063519 -0.03443069538498781668
0.9999100759918874148 0.01323225689813702088 -0.002178831631797173603 4.49025510899144642 -0.01323058277043777896 0.9999121670096543513 0.0007809901483008948545 -0.01270001308731003378 0.002188974520776724476 -0.0007520927062891226682 0.999997321369966774 -0.04237363966312182595
0.9998687560949390818 0.0159046500190383501 -0.003084265379499900785 4.763748302153818059 -0.01590028733474435976 0.9998725542790680709 0.001433897529357799298 -0.0229902113006886441 0.00310667794144266424 -0.001384668633295936448 0.9999942156057424203 -0.05180694655571592422
0.9998330080112798335 0.01800221979766442049 -0.003142637979876999627 5.076702887098173633 -0.01799588659910711028 0.9998359960130975832 0.002032029037470664459 -0.04924110777302950076 0.003178703608086692282 -0.001975135148192646781 0.9999929973177403841 -0.05407957765051629728
0.9997829035361098793 0.02060714005315929589 -0.003080840102151784481 5.370900236995376886 -0.02059981539898329828 0.9997849431639357354 0.002390612518512209156 -0.06299950688744761218 0.003129441233408812844 -0.002326628787609797116 0.9999923966691203203 -0.0535105923638023312
0.9997322783073943064 0.02288635205717946472 -0.003403909490794939947 5.700969136806874005 -0.02287731766231896127 0.9997347150741828781 0.002669796269319178392 -0.07084873873579961012 0.003464108382258769374 -0.002591209188228345804 0.9999906427502502915 -0.05459465305502903681
0.9996956706435264906 0.02429486296693720085 -0.004280856223654178061 6.039260617695863864 -0.02428475871234123118 0.9997022087690771164 0.002396722034785664368 -0.06472036474709172427 0.004337809455614888461 -0.002292033081437506222 0.9999879649243186286 -0.05509627161068963996
0.9996644904440958879 0.02531709398938348024 -0.005472777821075856461 6.415064960002505146 -0.02530331809763317064 0.9996765113113639245 0.002571930323800214555 -0.0897243924786197411 0.00553612124109711598 -0.002432587978515106126 0.9999817167715271404 -0.06276905011247110866
0.9996148057958587074 0.02709968528790797707 -0.005987244024088693786 6.797027494173159212 -0.02708083812931859347 0.999628102976655164 0.003206859134299865771 -0.1047012029773895236 0.006071922259160275268 -0.003043484284490759889 0.9999769342157291963 -0.05301324423644905581
0.9995778357721212259 0.02817796098523463535 -0.007081860478493744344 7.184501979264460658 -0.02815201267908810229 0.9995966665569224752 0.003737430990025025421 -0.1252960669711712383 0.007184317311945490232 -0.00353648455437478252 0.999967938916922483 -0.06725219324722639391
0.9995375683140043099 0.02948382347145728569 -0.00744000553972892862 7.571713699657276919 -0.02945602713305809153 0.9995587837665497188 0.003818410752193909102 -0.1391155216980651255 0.007549304237067040214 -0.003597491993023589976 0.9999650324170822335 -0.06744570979536591848
0.9994919573178465688 0.03087405017092819184 -0.007913297857588352455 7.995606695344838144 -0.03084440369870836487 0.9995168161012311092 0.003841495975386997191 -0.1628631440480698966 0.008028076818952919677 -0.003595463377760600709 0.9999613105644078459 -0.06340905510799153821
0.9994367254559332059 0.03251124961151595494 -0.008321686044262458296 8.406432060922902849 -0.03248513804365758817 0.9994669216335723139 0.003253977042800343909 -0.1978075268391165098 0.00842304079332868369 -0.002981813040461311643 0.9999600797905812133 -0.06265943197986098556
0.99936355662073173 0.03453571298048321858 -0.00893119405741321995 8.830374786015109834 -0.03450900894156104515 0.9993994946621794773 0.00312703867124478627 -0.2091960170890068416 0.009033825337737614453 -0.002816841832599667212 0.9999552266986043714 -0.06627799882776962137
0.9993037896908808504 0.03613782772820356426 -0.009273258139969334235 9.282278924340431558 -0.0361052396843990972 0.9993412986953914556 0.003657921423483252114 -0.2204089184931971312 0.009399339166979709184 -0.003320561533079377601 0.9999503119127115536 -0.06910600199643028574
0.9992222173491128734 0.03841362797531271828 -0.008908060490162629866 9.754083145957070045 -0.03838003013277143521 0.9992555559018574396 0.003912452718871124377 -0.2224684116702002057 0.00905172044031854646 -0.003567518050986977652 0.9999526684658760489 -0.0698922476146953825
0.9991804910450295951 0.03956571267756803234 -0.008538190401349680242 10.2208428806512881 -0.03953242701592802472 0.9992101503808999974 0.004032690170277225712 -0.2570964146648898607 0.008691002775508212957 -0.00369184995568060852 0.9999554173635246679 -0.08294338244895965717
0.9991195270826483954 0.04098923521008315807 -0.008947245332368200174 10.6850724762275 -0.04096065795450748448 0.9991551298038497952 0.00335426394098778391 -0.2954659916522388019 0.009077174785083087435 -0.002984825546735897853 0.9999543468150816627 -0.08221033968718988172
0.9990433142367585173 0.04260422645282088694 -0.0098659093443123555 11.17892956749028954 -0.04258186161070915549 0.9990899377284011562 0.002466047774468404629 -0.312041520340322065 0.009961994810270009132 -0.002043579755307786162 0.9999482898836238309 -0.07187269735417536887
0.9989250722852145437 0.04524859925837465546 -0.01006301272650994907 11.6946344303603631 -0.04523193148960880788 0.9989747473152049695 0.001877924450463601316 -0.3514089834253849576 0.01013766904659149821 -0.001420736315200965289 0.9999476032146006332 -0.0688322236129815801
0.9988992563065062225 0.04601533148179012822 -0.009103022516166327238 12.19509622856719488 -0.04600401467324059801 0.9989402042030062212 0.001448813583773674767 -0.3729481370572575449 0.009160042808476419676 -0.001028443229953732467 0.9999575170577346128 -0.08026614630519578186
0.9989406105433137339 0.04546218257795929529 -0.00713067756947897459 12.69638092607808133 -0.04545525285826813172 0.9989657355901636615 0.001130974975067294353 -0.4162053175117305104 0.007174719154258456244 -0.0008056500801314844416 0.9999739368268584228 -0.07466639248424856989
0.9989769158373555946 0.04484574803120276038 -0.005829280196288105613 13.21314247570049005 -0.04484095074338745324 0.9989936859030854599 0.0009511373174064610431 -0.4450123729101927994 0.005866068573931200632 -0.0006887737577293634667 0.9999825572629738035 -0.08432746650710229441
0.998966282551970397 0.04522120687196975325 -0.004626961566649789338 13.75356503125630603 -0.04521813601575874753 0.9989768431205606758 0.0007662141600265306345 -0.4654142611416474118 0.004656876588130762738 -0.0005561995336199255418 0.9999890020107830013 -0.08802545159638879013
0.9989950021595560559 0.04471265314796270263 -0.003124789384670534353 14.29750815539965458 -0.04470963910030431587 0.998999495308788843 0.001027883410618960327 -0.5163321532255094048 0.003167622412647674857 -0.0008871421843579785881 0.9999945895588613354 -0.08250276782891147187
0.9990065617947071486 0.0444937960724578821 -0.002488293025464274714 14.86829669933128528 -0.04449222738327741206 0.9990094975395296117 0.0006822963368010599022 -0.5482918315672767884 0.002516186319170792343 -0.0005709088184675705901 0.9999966714292244374 -0.08995378917834548349
0.9990186927570312569 0.04421935791022696405 -0.002509961760596892549 15.43467865009536766 -0.04421840710795862939 0.9990217940154125786 0.0004330762765351203357 -0.5632034532360834511 0.002526656855856125941 -0.0003216647846927165547 0.9999967562631886242 -0.09191318516882422684
0.9990494738068793623 0.04348098938945137854 -0.003090703465534950199 16.00637701391713819 -0.04348194753600998635 0.999054183197811696 -0.0002434613499615361691 -0.6000362808151338267 0.003077194285892246618 0.0003776197395091401669 0.9999951941277813727 -0.1039830046222887661
0.9991055289360806224 0.04210306045298062294 -0.003933745015530180217 16.60741753082858452 -0.04210493858877870088 0.999113115455872669 -0.0003958162393278069277 -0.6401945322124761306 0.003913591162822678202 0.0005610922854579113378 0.9999921844592873921 -0.1155384383973162288
0.9991244967009089706 0.04149948518651031676 -0.005294603045553660826 17.24865129101129924 -0.04150236851270358573 0.9991383104763948975 -0.0004358281896999442045 -0.6666321328682003333 0.005271954096075342697 0.0006551851874070757208 0.999985888516622512 -0.1186568035754810152
0.9991432063207764669 0.04081962694616739218 -0.00682724827540955384 17.8649572540601369 -0.04082606493713329676 0.9991659433793741441 -0.0008062335605919387048 -0.7031953497602578818 0.006788643810609949411 0.001084272466207047416 0.9999763690550050876 -0.1180273534291476079
0.9991644924735467725 0.04021153762980662211 -0.0073040551426114559 18.48778021855524045 -0.04022136837581443553 0.9991900679566597665 -0.001204002800119896577 -0.7293856975249281005 0.007249724550401717184 0.001496775939246762716 0.9999726002024910132 -0.1191425815709759028
0.9991877250118897935 0.0397336080871880451 -0.006717929289433636 19.12121639563338249 -0.03974212985742882343 0.9992093194434997772 -0.001139759471648494303 -0.7611560566992543464 0.006667330797204396205 0.001405818491730908681 0.9999767849177344514 -0.1271371235348552342
0.9992339282707869419 0.03887037010012879545 -0.004544328422415776225 19.77452391083098604 -0.03887453537498915257 0.9992437533113558423 -0.0008318459069169695849 -0.7783953649498418503 0.004508557630826073512 0.001007867309297389531 0.999989328498847696 -0.120570508709283708
0.9992664716624152232 0.03820494930993022231 -0.002626872584104419494 20.45375463664968407 -0.03820873926708166085 0.9992687875200416681 -0.001408024092840663233 -0.8250467692128735653 0.002571158292993524011 0.001507360756922453441 0.9999955584944268949 -0.1284388770205340813
0.9992793831334972898 0.03791340184395041585 -0.001813395973370877587 21.13585876020065868 -0.03791776386790639969 0.9992778967807549595 -0.002434787195728874837 -0.8621226546173550442 0.001719775448944566628 0.002501792567326577288 0.9999953916925593544 -0.1312191509239613585
0.9993291801765080695 0.03656865522896426968 -0.001980682330285417174 21.77629094626345818 -0.03657349643406524603 0.999327923833698395 -0.002465766578011843128 -0.9206020355198787364 0.001889181393031799791 0.00253655297105491841 0.9999949984338367681 -0.1331392632393083586
0.9993350478048920182 0.03636503227937134403 -0.002654553844708794699 22.41842533301288398 -0.03636837127329307917 0.9993377065648813007 -0.001220577146709896218 -0.9312416090140042124 0.002608409423784706881 0.001316307321046209866 0.9999957317585482786 -0.1323891045740417383
0.9993368122096930595 0.03610354945458948278 -0.004740198239387760637 23.07640415653571608 -0.03610023865128816206 0.9993478678327137876 0.0007821940480609934979 -0.9243469017825602929 0.004765346985133798487 -0.0006105530188223544895 0.9999884592799671568 -0.1380093021398879072
0.9993193143072633955 0.03619622062622605135 -0.007123318386718402971 23.70813351228672161 -0.03617691165570369877 0.9993414192266949492 0.002821148884840296404 -0.958878065957199599 0.007220742033641890968 -0.002561528909185544541 0.9999706492963336135 -0.138102627330274591
0.9992677360713224655 0.03724072020578142461 -0.008781822444597558314 24.38386081147134021 -0.03720821252087334885 0.9993001700888860528 0.003836532461091652843 -0.9880140159103922848 0.008918551894520648782 -0.003506967190920033846 0.9999540792522557675 -0.1342720301333369115
0.9991039693582999259 0.04119575616104589888 -0.009704024258462635305 25.02525622059908272 -0.04113422573272904753 0.9991327635271900487 0.006457268763883099519 -1.014272520545730361 0.009961620644155930876 -0.006052315328845486384 0.9999320654891021842 -0.1332746210457027569
0.9989246244109630801 0.045619659014073069 -0.008272935201968088445 25.67811621240733189 -0.04554089788471011452 0.9989175754053000178 0.009471228339089456105 -1.020582941628400242 0.008696054580708805631 -0.009084286314095753323 0.9999209240619444383 -0.1330990154960942085
0.9987201459245365065 0.05027447960650139464 -0.005526918198063831417 26.32900608225737216 -0.05020603475266589844 0.9986680538261122342 0.01189421462642839371 -1.036068405277313254 0.006117532091188254174 -0.01160150712023718701 0.9999139867176838337 -0.1308530200799067622
0.9984856763523399792 0.05497029565964775544 -0.002149584681050382712 26.98491655158912295 -0.05494088456018575428 0.998418249806929059 0.01193723821547564359 -1.080087899410790753 0.002802378089130451184 -0.01180106128954426514 0.9999264381090671172 -0.1348429089276259041
0.9982504430897544134 0.05904459266642454046 0.003128729448979253314 27.61925246959251012 -0.05907936649326380601 0.998174725038776689 0.01252384719314271477 -1.138980517505327583 -0.002383553201319933441 -0.01268677936351760537 0.999916678680537796 -0.1363939520507556069
0.9978948241669588493 0.06447549754691396517 0.006987854955005265781 28.29663182447617586 -0.06455016795591551892 0.9978533250966640233 0.01104614912059540162 -1.214439300323552295 -0.006260648341617409442 -0.01147396224541572148 0.9999145725874453161 -0.1407539529452832838
0.9974540287133306649 0.07102117112473836646 0.00643846686850684663 28.94686766994657035 -0.07109793140839743009 0.997389744126757849 0.01260089124654985467 -1.281117995403686871 -0.005526730769003216671 -0.0130265714150420344 0.9998998768297632234 -0.1406249397493589681
0.9969206878444272224 0.07831987291085569514 0.003890970961275930923 29.59936425766225909 -0.07836653377258766262 0.9968291193004872319 0.01379830783411064438 -1.342879080017281401 -0.002797951440600046375 -0.01406074044431572002 0.9998972282419297253 -0.1445080115827124811
0.9960161303725847404 0.08916198225260288379 0.001417377299396005647 30.23174678950083205 -0.08917324632268544549 0.9958879172393133583 0.01598087722924717083 -1.418512769065975565 1.33377652573909888e-05 -0.01604360363288534486 0.9998712930195440274 -0.1533176382534643667
0.9947633779583890945 0.1022045450919535914 0.0002298594394001786596 30.88970631653429066 -0.1021949413724673184 0.9946336306938775573 0.01612869029379680047 -1.472407113905250586 0.00141979952564665079 -0.01606772091063540103 0.9998698977937303667 -0.163944052651028932
0.9931889150900514718 0.1165072685969241739 0.001354734782442212383 31.53658459215616006 -0.1165145934178360571 0.9930813128752228325 0.01462380041918089763 -1.547405477137308694 0.0003584172469998788096 -0.01468204284518496994 0.9998921487615397563 -0.1646972707050960438
0.9911320081009591387 0.1328783813015104176 0.0008235899772138474987 32.17352029757932996 -0.1328757010464279853 0.9910189401828866096 0.01501693278297792054 -1.649336754941220118 0.001179232453951977247 -0.01499319784030713441 0.9998869003189015947 -0.1654664813602264584
0.9883840757746408245 0.1519695979451234913 -0.001469712729278696214 32.81331720908262639 -0.1519189626371260093 0.9882289030843595112 0.01800732906188439592 -1.786713344363298539 0.00418897915590431616 -0.01757488005879383891 0.9998367747010260542 -0.1615617100529020411
0.9846936563486360372 0.1742550123752683311 -0.003686978281647289735 33.41530325692273351 -0.174144148456217257 0.984503863523197964 0.02063875641494216165 -1.890450694414330446 0.00722625111750377358 -0.01968078682348422745 0.9997801998063351459 -0.1570674745244266535
0.9801067320503226155 0.1984365185373337392 -0.003707006935445425217 34.02214053008781036 -0.1983120690436094291 0.9798980080540596882 0.02173055644314583756 -2.038559686168411211 0.00794462467834244207 -0.0205631204457995577 0.9997569909814343347 -0.1588550972626606717
0.9744402213712249905 0.2246436095706920988 -0.001226235315317057402 34.64551698374660305 -0.2245568403521496503 0.9741894136230135892 0.02300460466750313057 -2.185397024572381941 0.006362422892047248958 -0.02214125253682344349 0.9997346070388097861 -0.1621642270495913529
0.9673842282331230891 0.2533110522667233466 0.001125062367248889309 35.27926893199959579 -0.2532703478887887161 0.9671276764022366246 0.02276375226324850801 -2.344176253068963156 0.004678231086297467145 -0.02230623985202237827 0.9997402391709394598 -0.1605558611388780976
0.959015949800767542 0.2833487839192685986 0.001369189250400480338 35.89242269932142904 -0.2833027822386208761 0.95874772092338989 0.02328822019953756192 -2.518381059078897977 0.005285981799848848972 -0.02272166973787860186 0.9997278550289245835 -0.1601491512541926565
0.9491115664849137934 0.3149400414150466676 6.839621172694780994e-05 36.48246197759510068 -0.3148439774320080375 0.9488166570389098275 0.02490424060879885271 -2.764948832515819355 0.007778447103780510193 -0.02365843695167567373 0.9996898389608935842 -0.1532185337965509542
0.937308652416004584 0.3484957484669356509 -0.001789806292265304745 37.07713773372557853 -0.3483295566391342857 0.9369977200186020427 0.02649136937807723691 -3.004274218664928497 0.01090917401445462218 -0.02420714730016547758 0.9996474398216155244 -0.1514229743903165448
0.9242859438742084821 0.3816856282328469074 -0.00340222824933682829 37.63221358269206007 -0.381478561820820572 0.9240152319717234164 0.02588354603528194436 -3.263581633437795837 0.01302308825440211953 -0.02262592063848891527 0.999659175363072805 -0.1440565557223506543
0.9103681389189575146 0.4137682600494277385 -0.005067407315656354688 38.18393719822476839 -0.4135393243023839926 0.9101620041080329404 0.02429719188665246943 -3.560281091423378008 0.0146655684090767572 -0.02002381716152711738 0.9996919364731919888 -0.1404607965562686411
0.8955758485625080478 0.4448647804660911809 -0.006263112037959841366 38.70364909791446451 -0.4446126756201333463 0.8954045347046525327 0.02388070158623575509 -3.85926725882326771 0.01623170198868954459 -0.01860232058645512956 0.999695196307028966 -0.1298602497140879386
0.8795937552953370098 0.4756744828232825628 -0.006972233232577895734 39.24816224873456605 -0.475391104746655746 0.8794304097836773693 0.02460593171305678825 -4.173042090082986988 0.01783600777082664304 -0.01832868621904169826 0.9996729145516962678 -0.1152931584891067895
0.8622208432655619204 0.5065128919606778357 -0.004461806366711494956 39.78090161922847301 -0.5062082698128193003 0.8619505730975489666 0.02818505117821891795 -4.484692277381579828 0.01812194833717663961 -0.0220431353132340864 0.9995927646667052135 -0.1066222108689326709
0.842042138546696517 0.5394112053267111628 0.0007671242993789260511 40.30105266882179649 -0.5391425945727034152 0.8415762035171714395 0.0327834774091763162 -4.816637569005674635 0.01703818150858771654 -0.0280186588117470603 0.9994621829410411662 -0.1037948528518425617
0.818050567402631712 0.5751047683935420762 0.006911913139121260083 40.80429788942757341 -0.5749713210969408239 0.8174462073821455732 0.0344917084613806102 -5.174890588322706542 0.01418622882485037241 -0.032190113506426421 0.9993810822224785673 -0.1003091141243973583
0.7914554571900849211 0.6111086882277998455 0.01201792230509837918 41.2988547483429187 -0.6111409361015770481 0.7908615859931706904 0.03232194333970055122 -5.570853843703941877 0.01024770730074487345 -0.03292602273072856717 0.9994052538996449631 -0.09623479798245009043
0.7636796065086296492 0.6454197825046426029 0.01505865048682938218 41.74803163992537236 -0.6455525900715800569 0.7631524664973341476 0.02932859237859541945 -5.98906424388084524 0.007437207453015244607 -0.03211879871189311092 0.9994563876000821523 -0.09459267043828800681
0.7346799061190039115 0.6782262601681200431 0.01595542426064422079 42.18998010522520303 -0.6783857607679584234 0.7342319630176725731 0.02638530027294446259 -6.417019907989875094 0.006180221051859395749 -0.03020868255288123791 0.999524507136352991 -0.08857945091063712528
0.704645581134987653 0.7093812222717126303 0.0159024046995023538 42.61793148620957083 -0.7095330196169840065 0.7042489409048664495 0.0244197319309326609 -6.885596474429148017 0.006123647617247470441 -0.02849053742324187885 0.9995753049256441702 -0.09080937442815853466
0.6733796555465166866 0.7391256540269349751 0.01590933861950743003 43.00710506562757018 -0.7392584819646252914 0.6729695233059842518 0.02467625467274368878 -7.358796291941686718 0.007532352847043490875 -0.02837760138862851708 0.9995688947741500074 -0.08852027104382692579
0.6416332321233837455 0.7668426005691174607 0.01610035363876176004 43.38809137695844242 -0.766952130274771271 0.641180729162902252 0.02591722240363538571 -7.860619627204510351 0.009551193741650094993 -0.02897755169993063845 0.9995344297199507677 -0.08308590301046822613
0.6084421908317512173 0.7934127072081290644 0.01715740238283192803 43.77217932719020155 -0.7935221869308141107 0.6079424908987074438 0.02699012057055638972 -8.382465241801195788 0.0109835906877887024 -0.03003670755163919542 0.9994884476246138627 -0.07950190477753985019
0.5748231645961441316 0.8180644448982145045 0.01867868938256884645 44.12863765841758834 -0.8181940105246247041 0.574288251955446194 0.02741468233608542263 -8.909526132946577803 0.01170002501299638453 -0.03104138623409436262 0.9994496194182881377 -0.07833094643339771901
0.5392857023392269022 0.8419167708817553164 0.01863014118370576871 44.4478370595852823 -0.8420486800256936633 0.5388125634677629616 0.02520003802150320993 -9.458895354534380573 0.01117818050820258702 -0.02927750599583333474 0.9995088173313879665 -0.08115656704036273983
0.5037490965384383568 0.8637013356909745143 0.01602655491157458853 44.74694913499526194 -0.8637953767966165541 0.5034218799097147645 0.02059023683594019341 -10.05622785472050396 0.009715696655333897619 -0.02421597724221258296 0.9996595378851272917 -0.07966096951118301073
0.4698434851325204997 0.8825813380310767453 0.01724184554509843037 45.0171905404631687 -0.8826675172183926499 0.4694435240815328925 0.022821738440127734 -10.6432479343217743 0.01204796771432271527 -0.02594146212504746044 0.9995908598105374132 -0.07599925323084205653
0.4365732042020774584 0.8994697187710403163 0.01892253647576902509 45.29455890952903019 -0.8995016655754493051 0.4359902491563328875 0.0284474298943036448 -11.2351225393402725 0.01733756037404785011 -0.02944023869713653652 0.9994161702442740935 -0.06361930609782859292
0.4044208697652599271 0.9143710212822083738 0.0192196653883969816 45.54078513566328468 -0.9142833542177076778 0.4036746655288311336 0.03365579609226397595 -11.85452436028189638 0.0230153926477119665 -0.03118332646652120788 0.9992486636727386795 -0.06041132263896513421
0.3741323997021578363 0.9272176850030049433 0.01709713750231844909 45.77923291352004043 -0.9269993227295921789 0.3733922386875755395 0.03536229272485161279 -12.52911303262180098 0.02640460474959552967 -0.02907921432138280138 0.9992283003110293826 -0.05394645763608722777
0.3474644217079555508 0.9375501005519067954 0.01637939566241328887 46.00112513578739026 -0.9373651443007252615 0.346827883560090755 0.0325116200043789258 -13.186385780619446 0.02480044147262269738 -0.02665010582226703256 0.999337135286398226 -0.03444867271310732282
0.3229544773355007559 0.9462652567757238176 0.01680682564101145318 46.21561111972513913 -0.9461592408521319886 0.3224040386197765118 0.02895387421011656748 -13.84797364959804611 0.02197945675104744437 -0.02525271670199957449 0.9994394447789707314 -0.0236309506503997839
0.301813640554606244 0.9532169307713632689 0.01691180847802622317 46.40597432418091017 -0.9531477206622313014 0.3013163688880233781 0.02679306694893811638 -14.53347117557530765 0.02044380032108988193 -0.02420596478058920434 0.9994979351141612955 -0.01342438916006972321
0.2823909024694325476 0.9591338832697563488 0.01782055460353037385 46.59103218473138952 -0.9590825757401135743 0.2818833893139063296 0.02650222142792159341 -15.23170318452048733 0.02039586022234068929 -0.02457536963674676264 0.9994898999454712163 -0.007209304315557984837
0.2637495709667421195 0.9644231148017335942 0.01800609482874842085 46.76172366612150455 -0.9643754948718208375 0.2632499024234453699 0.02606518299911551872 -15.9143697998787399 0.02039776226918884813 -0.02423931744436953403 0.9994980674239649643 -0.001200301122598159027
0.2480038433530643571 0.9686349491033484638 0.01550577497780052626 46.94238391609977867 -0.9685676600167721917 0.2476049423002327776 0.02384282949091302145 -16.63008427874750339 0.01925569141171165621 -0.02093150553715309239 0.9995954633871669825 0.01256114110231933839
0.2367393820266187054 0.9714950716527703811 0.0123203389577378631 47.08186769977496056 -0.9713984331476316347 0.2364372636623005564 0.02196598347924387518 -17.35796182594451409 0.01842685746353200926 -0.01716817131387739573 0.9996828021016246346 0.01994829082655859981
0.2276960363226402384 0.9736803342555419016 0.01005592994086015012 47.21653034673495597 -0.9735665548441805317 0.2274546332124288694 0.02079791141036108071 -18.08066665472335899 0.01796324947754929235 -0.01452571906020629078 0.9997331269663876085 0.02962925496450780072
0.2203013224587507812 0.9754012369807755212 0.007730085335796370132 47.37020377833623286 -0.9752648246262126674 0.22011002366571919 0.0202509093296913828 -18.78663543748718823 0.01805129274396632955 -0.01200018242568437303 0.9997650456242316297 0.03551906285208359521
0.2154471906392216862 0.9764943298175517983 0.006428987465931811085 47.52796504129770483 -0.9763388391066014638 0.2152783253428631749 0.02043805004265281111 -19.5453716055248421 0.01857361832386178468 -0.01068019062295212998 0.9997704507688837117 0.05117093904803221571
0.2123583064863899805 0.9771704902464407594 0.006463950631250189698 47.67542912612051254 -0.9769731741159136673 0.212166196798861062 0.02255929949674352966 -20.30589286664216075 0.02067284992712120628 -0.01110576100218879127 0.9997246097543327492 0.05577510850458369807
0.2085135025261996011 0.9780086860405954319 0.004596661114867443831 47.86240279418697696 -0.9777486527334369182 0.2083428571397546447 0.02451175140199128577 -21.0556073454250452 0.02301502427124051814 -0.009605410350014512155 0.9996889740063166219 0.0681023496429116193
0.2070015445924514585 0.9783365385619962051 0.002824508961060628095 48.02562640566704033 -0.9780334257339542425 0.2068633432744914069 0.02565492850128104491 -21.84620005142889809 0.02451486658020503653 -0.008073074001376460973 0.9996668679078660746 0.07456378268860269776
0.2056748344931161876 0.978618267928267227 0.002036696665683579172 48.18323635677954542 -0.9783110056759007911 0.2055570391920314988 0.02557107373603676251 -22.6327060316045916 0.02460566255229609464 -0.007251849121732292965 0.9996709318844266834 0.08554360161153337638
0.205934690403395293 0.9785646312296405469 0.001471663975121174786 48.32132447280309151 -0.978284013936562058 0.2058390856979401828 0.02430347455004839424 -23.42935585314556945 0.02347959464357351686 -0.006444633847938399142 0.9997035437218072529 0.09704403513633819145
0.2062909263507878288 0.978489710146493441 0.001393141329921156234 48.47431886179120397 -0.9782272834438469067 0.2062021473606808764 0.02349587942418020214 -24.24613738351053627 0.02270320751359638373 -0.00620979559046267067 0.9997229630289179436 0.1059884483981175796
0.2069287688021284044 0.9783545917953736515 0.001666539811572430004 48.63643886620244672 -0.9781023809137903147 0.2068360397278370399 0.02312109687016588797 -25.06851656653476823 0.02227593079559801389 -0.006414466666284790973 0.9997312826577834377 0.1154400292791291638
0.2060973912762666949 0.9785306828499550358 0.001252210173291939954 48.79929019073496477 -0.9782698131829732358 0.2060125173942736199 0.02338835804037626628 -25.91797161572063501 0.02262825499388203265 -0.00604527899064896939 0.9997256707106489948 0.1316148569460299789
0.206676121503067578 0.9784093596218763622 0.0003252764347262846953 48.99438884299224384 -0.9781411414902726476 0.2066116563591323674 0.02348469247493347595 -26.74672544657462581 0.02291043702236297136 -0.00517189141857458002 0.999724143658938913 0.1386779556034525018
0.2078224738110233671 0.9781659693179178827 -0.00107510343892035687 49.18364064681504999 -0.9779224285225408542 0.2077950343020082968 0.0221121575610116923 -27.60682977129868476 0.02185276119034619199 -0.003544035519726642866 0.9997549182877735197 0.1462584447289972389
0.2095443531353289313 0.9777972485730895835 -0.001924773231368497343 49.35420386043129781 -0.9776060610129100326 0.2095416867281320039 0.01945947054654897923 -28.47159511958172118 0.0194307369885747816 -0.00219595219097134392 0.999808793847131505 0.1621647672153382347
0.2121183516278311032 0.9772438948289909888 0.0004182369611447052187 49.52515253543768381 -0.9771009810902671067 0.2120799709186296234 0.01719763610472666016 -29.34965865996777978 0.01671758520627809538 -0.004056593967492596285 0.9998520222464191143 0.1733425693946359092
0.2126037759124141946 0.9771325687799562454 0.003402572154719729191 49.70751397710905906 -0.9770075960885367117 0.2125170116332150139 0.01710780382710523975 -30.2126167241076331 0.01599348783357548015 -0.006961522532611941899 0.9998478612023656842 0.1835810906627684536
0.213139087663584581 0.977005232633846199 0.005701290732689171838 49.906142312865029 -0.9768720109837105703 0.2130005674517955194 0.01875719653504301365 -31.08432196582977269 0.0171115010030080221 -0.009567323099850481155 0.9998078129631350341 0.1921021674290715464
0.2130618843348380809 0.9770065967653888128 0.007921068147722781783 50.09562163500023502 -0.9768551170245725057 0.2128576912699997603 0.02111122000534631366 -31.95153227276198393 0.018939740932672193 -0.01223573226734976822 0.9997457542141826581 0.1961983111187229067
0.2144965365657608425 0.976679719630675458 0.009378755964311076207 50.27620176028759147 -0.9765634805663265805 0.214276748068002898 0.02022977166414023642 -32.8287972496946594 0.01774835838816910677 -0.0134981665253640689 0.9997513667282373895 0.2003914733172229568
0.2150115252334093841 0.9765553018725074974 0.01047790062459195634 50.44116418499919519 -0.9764922047069113376 0.2148051879292248723 0.01793614744938708261 -33.68515618091953456 0.01526493247409678802 -0.01408806670151176513 0.9997842308284198287 0.2156678324336256947
0.2155593086389212543 0.9764304909957638445 0.0108480741554630878 50.60195641064866834 -0.9763810612966110636 0.2153552869339477871 0.01738170103588893012 -34.57296543980623937 0.01463583275438409652 -0.01433864161520002727 0.9997900758440326774 0.2254650974426548049
0.2152234242810477927 0.9765122927374431105 0.01013014182536365985 50.80220731696822156 -0.976417189948482811 0.2149989335629283183 0.0196196263958245791 -35.45349748829535486 0.01698083666514431725 -0.01411384779092537609 0.9997561955230316322 0.2299586030984376028
0.2144015263882059763 0.9766862775218283499 0.01076572259355212079 51.02701692735207928 -0.9765526245368306713 0.2141270521073690425 0.02223908869616104955 -36.34729717268245253 0.01941538031136829864 -0.01528138921570840365 0.9996947144758758785 0.2474459311609693568
0.2143970616099355464 0.9766767464247638753 0.01168045230986612497 51.22708529346858342 -0.9765123975148624069 0.2140684737358059531 0.02445866006546422097 -37.25741386380410347 0.02138778793612998441 -0.01664997133811718655 0.9996326030005419083 0.2508818587431050906
0.2148491549304034631 0.9765735782632314343 0.0119952850670539176 51.41665267954168428 -0.9763778927132085173 0.2144852642000426579 0.02612052951133263246 -38.15337313292542376 0.02293580708425055348 -0.01732390484810880649 0.9995868301824547553 0.2615745956380276516
0.2141942240821388399 0.9767199607244788639 0.01178781965518676048 51.59972313015067158 -0.9765204650004127851 0.2138352335960866935 0.02612038108996383307 -39.07156240599222485 0.02299164642274248785 -0.01710588189131855702 0.9995893021633894815 0.2741465934351190459
0.214438664199678275 0.9766725937454251438 0.01125628370472309819 51.78879841402143569 -0.9765042672007087088 0.2141214220886291653 0.02431939023803544528 -40.00682013445222651 0.02134187046780088026 -0.01620682662727892381 0.9996408671796130907 0.2846675137654516852
0.2143048302053720544 0.9766832527931252894 0.01277745921875002126 51.99003704654717239 -0.976558939967287154 0.2139710081667424157 0.02343169720861892555 -40.92995810860682582 0.02015134041733214476 -0.0174994679218545314 0.9996437826055023512 0.2865571033846468496
0.2142593918719972734 0.9766822319671317754 0.01359156923771775299 52.19154281077506141 -0.9765478941249104983 0.2138872163608909194 0.02462659451877023328 -41.89076149988427744 0.02114529439011027939 -0.01854929748241615842 0.999604321763398751 0.3045145381131240669
0.2145633491182052932 0.9765913551270674064 0.01522807624940044312 52.40362978239961933 -0.9764082184544791154 0.2140833707563285504 0.02820108686130408729 -42.82484890868740024 0.02428085974033105179 -0.02091973844690087417 0.9994862702376574592 0.3160538226038748788
0.2147335873065677747 0.9765297286450851377 0.01670854735784114628 52.59031497248608389 -0.9763072754666742847 0.2141539261294271856 0.03101934548296158417 -43.79726701465598637 0.02671311201062346805 -0.02297357167939790765 0.999379119579251296 0.3227340143835651931
0.2146920125464579776 0.9765041007360144576 0.01863010988961584166 52.80597857434756293 -0.9763429765455174936 0.214076084205280126 0.03042732853164583154 -44.76251076114118632 0.02572415011211106814 -0.0247218813418689197 0.9993633456776009893 0.3417200354947016461
0.2152222898349531732 0.9763167647899472223 0.0220213702636777274 52.98446630456474793 -0.976299050995789508 0.2145826312504915956 0.02818612052652940889 -45.76042999661669342 0.02279317842951942771 -0.02756572429133909846 0.9993600961922454173 0.3527309856424731827
0.2154566222648817142 0.976245904962881772 0.02285556749267998386 53.19413748695910726 -0.976311357968966842 0.2148769279896702855 0.02537790610972866928 -46.75160663418948559 0.01986394278586745346 -0.02778198806648721556 0.9994166222932623356 0.3639354181648652986
0.214532873366194532 0.9764438538843592807 0.02308779887093889704 53.4087874614818432 -0.9765503120500806933 0.2139999851349293492 0.02352646163664468687 -47.77395250259966986 0.01803148025356869633 -0.02759359660701380529 0.9994565819214732416 0.3593147538160176291
0.2127372481559178796 0.9768553402891031467 0.02228244590946151446 53.64712434169321398 -0.9769789529071087886 0.212280840897010159 0.02118891607864331617 -48.80318120919055502 0.01596836947145772664 -0.02627715237081226091 0.9995271494260193901 0.382309329070752324
0.2119164246242318805 0.977058855626803946 0.0211523430315132821 53.85849154517032389 -0.9771732686251356492 0.2115106134117897829 0.01989129203036054533 -49.8248039173834556 0.01496101797843066468 -0.02488479566741442703 0.9995783685562829035 0.3957276498379144192
0.2105014893626748762 0.977384736717377578 0.02020394535724275367 54.0681442399215868 -0.9774819443310300837 0.2101202440696277041 0.01945588699981240163 -50.84578557001984223 0.0147706290632814187 -0.02384448498128794586 0.9996065571278792694 0.4050995314015476412
0.2096459707310498466 0.9775699956865517848 0.02013629781342516148 54.26392127501274842 -0.9776595581904845567 0.209256589039461427 0.01983603343303660255 -51.84672582959952081 0.01517745812125177209 -0.02384498850838778425 0.9996004508242343212 0.4189776305913832655
