1 0 0 0 0 1 0 0 0 0 1 0
0.9999999995092767602 -2.835894280296235194e-06 -3.119942629199211402e-05 -0.003802474379595056908 2.836229522539604238e-06 0.9999999999382492843 1.074510228316398364e-05 0.004841095737593834221 3.119939581809142164e-05 -1.074519076662504744e-05 0.9999999994555692773 -0.0005277831185363579059
0.9999999881920247358 -9.662475438789803117e-05 -0.0001194973102406881856 -0.0002402247641230577792 9.662475843674338304e-05 0.9999999953318275958 2.810911471047484844e-08 -0.001301726709324973119 0.0001194973069668178343 -3.965551311441019087e-08 0.9999999928601960297 -0.001315816648215096217
0.9999995211103275272 -0.0003946421438757472607 -0.0008955650137533954173 -0.02048305163944829851 0.0003947674209306163413 0.999999912319393558 0.0001397135946236206013 0.001670561433230207445 0.0008955097983572011568 -0.0001400670676069781611 0.9999995892216244631 -0.008549547616205382949
0.9999986200668298242 -0.0002297990170311278778 -0.001645313601658188142 -0.03083997808376649774 0.0002301332500405278746 0.9999999529237745266 0.0002029559949109438293 0.004558934363797347879 0.001645266885114902858 -0.0002033343562117198447 0.9999986258750640511 -0.002723512156046305633
0.9999966001127109649 -7.355762715915036465e-06 -0.002607625147832092188 -0.02023480187523249429 8.176200168556257904e-06 0.9999999504738227296 0.0003146196145052019633 -0.01013900014131651102 0.002607622704419157098 -0.0003146398652991469719 0.9999965506468442289 -0.003361752971747336647
0.9999944312570655525 -0.0002582739896419841371 -0.003327273569190572662 -0.007089698258036861156 0.0002583017318500095282 0.9999999666088380534 7.908101213403245062e-06 -0.01001687940144559141 0.003327271415632191125 -8.76749770048117574e-06 0.9999944645787084418 -0.006693363436345215085
0.999989815613633648 -0.0004640079539472805482 -0.004489250007481225893 0.01158171425633850414 0.0004631924530589119128 0.9999998760377517559 -0.0001826943695353444455 -0.02315834128206434653 0.004489334222624307216 0.0001806131221819381918 0.9999899065776302054 -0.009111458797296920556
0.9999822675454971277 -0.0001155627830528987976 -0.005954094373528890163 0.04443284258514659801 0.0001156494109834288247 0.999999993211715732 1.420500949070150576e-05 -0.01586425339422157035 0.00595409269154037555 -1.489334510825536257e-05 0.9999822741221010558 -0.007543193893309622575
0.999971619154676028 -0.0007510791162080890327 -0.007496450182370989826 0.07846330088983102802 0.000754295943901873208 0.999999624654870134 0.0004262953762669310616 -0.0220625465977527524 0.007496127187060472145 -0.0004319378196100197949 0.9999718103561296978 -0.005631583645315966363
0.9999700253776856451 -0.0009902869591313075235 -0.007679041469434200878 0.1151158513524810495 0.0009912404893586521278 0.9999995014767787405 0.000120368128337055945 -0.01675757016908969305 0.007678918442265924259 -0.0001279762971718376976 0.9999705084819373591 -0.004695754722777641457
0.9999687212751893206 -0.001278125118220391123 -0.007805310208114500659 0.197429883048935495 0.001274118057781333186 0.9999990539796294042 -0.000518327137153301587 -0.01265985674709134076 0.007805965311065495189 0.0005083660378586730153 0.9999694037667022917 -0.006636850536641486151
0.9999634983270727639 -0.002793617027677637935 -0.008074510349548735463 0.2689515273468507939 0.002782311538495506852 0.9999951338430046466 -0.001411039621676390705 -0.006965167882785016501 0.008078412962027558403 0.00138852231305638214 0.9999664050605905352 -0.005122258592590269582
0.99995532719089808 -0.005221994059781119926 -0.00787873089930641278 0.3441496219670473478 0.005203700988829674731 0.9999837215386849776 -0.002340545590366285671 -0.005281246448357476871 0.00789082496085979565 0.002299442471848489166 0.9999662231524401035 -0.006412085638206995591
0.9999323968563585963 -0.008305701947476607991 -0.008137384853715276534 0.4575511898314799653 0.00828885371719979662 0.999963437549830414 -0.002102015123924050322 -0.00386749708088574267 0.008154546042095454222 0.002034423428400688235 0.9999646816263868532 -0.003269757157825388047
0.9998870525301538636 -0.01255082113354242211 -0.008267954489180025582 0.5839223319962605352 0.0125387664633278325 0.9999202491131901072 -0.001508227102887444446 -0.002555215180299632866 0.008286224601074511364 0.001404386801982968622 0.9999646824661213573 -0.008134920845377736909
0.9998151505546744033 -0.01707886184939351806 -0.008830469934445339328 0.7088723464042545608 0.0170664172152613404 0.999853258695328373 -0.001482727138558715589 0.0004629754377643766875 0.00885449743172608654 0.001331748573161518033 0.9999599113569350717 -0.009106789449164433628
0.999691815122349392 -0.02278863044713073244 -0.009846476513282156201 0.8644829440952264132 0.02277848198249716322 0.9997398849189458314 -0.001141604496327374221 0.01063375164922582793 0.009869930899229393054 0.0009169648832364690272 0.9999508706128753532 -0.01143243255036964848
0.9995235251646209518 -0.02870739628923681466 -0.01134054852209893938 1.022895911545030678 0.02869750394613317102 0.9995876069192252134 -0.001034099007872089828 0.01396439138416401618 0.01136555804837752724 0.0007081608497532992973 0.9999351591970651043 -0.004994221947689453031
0.9993025953492604696 -0.03506821343952375158 -0.01282744457762786082 1.208622767652885344 0.03507552889407265784 0.9993846045266363554 0.0003456992040644994951 0.01662391176704003382 0.01280742757282595998 -0.0007953875147515296427 0.9999176651893235679 -0.01083064136478473563
0.9990435625251390395 -0.04114630886057561027 -0.0147966700385154977 1.426594536380782374 0.04116888712459659122 0.9991514517399660011 0.001224425922859458679 0.03595783552164341645 0.0147337337427011477 -0.001832417274657189383 0.9998897735935350362 -0.01648120880615881398
0.9988175566804606831 -0.04581223943074061444 -0.01627043899884392242 1.653029970719628983 0.04585012230241943681 0.9989464018432059333 0.001962786123187751017 0.0332780206878332957 0.01616337686647769875 -0.002706466857859752238 0.9998657011246158133 -0.01494540973927060978
0.9986668482088326693 -0.04874968731529519261 -0.01697039408197073204 1.907236115210125149 0.04878445875716405644 0.9988079817404852401 0.001640791049789033524 0.04985952321073454374 0.0168701770117269112 -0.002466495116446797923 0.999854646200853292 -0.009289432415770864163
0.9985551593153028094 -0.05085935220385043309 -0.01734704868832040794 2.185084820534061389 0.05086861267682148136 0.998705349763592598 9.272494616331454183e-05 0.06901915263948239787 0.01731987439694009784 -0.0009750112742007462216 0.999849524330481132 -0.00975554887433765193
0.9985403467604991867 -0.05104476787646858305 -0.01765240957658591528 2.483191399364625518 0.05105493414872078195 0.998695838562900895 0.00012544406756941713 0.07517383734882115975 0.01762298472143369182 -0.001026503571228655097 0.9998441762094363305 -0.0150905646354673826
0.9985934805650452661 -0.04985572109266132867 -0.01804072191790790855 2.807233701214819632 0.0498570355387359318 0.9987562934691798233 -0.0003771776700030107787 0.07224988940657978143 0.01803708901895594713 -0.0005228097515258658999 0.9998371817899581737 -0.01637727983930550857
0.9985733384957067305 -0.05016075909885599898 -0.01830808270041561422 3.144657538106556682 0.05018513520618105711 0.9987395496635252945 0.0008741522957106461844 0.06966193226226749524 0.01824115812869481559 -0.001791698781967768087 0.9998320108726258537 -0.008259897308676576039
0.9985641582632327484 -0.0498918774949938526 -0.01950441980849173737 3.507442903833775105 0.04996153501272166536 0.9987463308932676975 0.003100249410628867514 0.09319186038635846048 0.0193252904561340734 -0.004070268696295480625 0.9998049640112445235 -0.01480007943379993765
0.9984801541719889872 -0.05065267863631996853 -0.02171837635843925501 3.926600200141389774 0.05078516413028299342 0.9986939438958832849 0.005592274130123435841 0.1350726041466705496 0.02140674727606546243 -0.006686746043624268616 0.9997484876699772594 -0.01330976802972916144
0.9983691544329144074 -0.05215166422492473891 -0.02322144257961012564 4.343714128784259998 0.05234176377737324165 0.9985998915155713807 0.007654830485561979134 0.161079537303421505 0.0227897178916519963 -0.008857797901269599469 0.9997010393986590637 -0.009157776893983067545
0.9983408110810809699 -0.05261598112478719363 -0.0233919528950750355 4.812171112033447606 0.05278291775601283431 0.9985843522531614447 0.006576855502134808067 0.2182182722805327268 0.0230127904247041902 -0.007800638782177606902 0.9997047371656586634 -0.01172266747563043172
0.9983065618598029323 -0.05364967980365394767 -0.02248822813440309876 5.259580290132363167 0.05380601049041240647 0.9985308668651278197 0.006404775771401602889 0.2757536560649634927 0.0221115757639563891 -0.007603931518741381852 0.9997265918453370759 -0.009401953530765550654
0.9982442934800822565 -0.05518576696971978085 -0.0215142199118421272 5.711269214235243474 0.05533733321352736489 0.9984464671273735048 0.006513972189210642631 0.2930915500157930675 0.02112131831269915133 -0.007693075121858196017 0.9997473213306965478 -0.009933633315106764339
0.9981803104950563998 -0.05718047622856996942 -0.019143167926621657 6.200600416550681615 0.05738025663889342182 0.9983017661671115262 0.01005434312525922691 0.3103736847810208976 0.01853574622311223233 -0.01113448723110607545 0.9997661973211799946 -0.01209014259101069688
0.9982196280542794398 -0.05780839636114513264 -0.01468888958801329442 6.712250420210287949 0.05801224742889001668 0.9982197563485808445 0.01385269589751589141 0.3459671775620745127 0.01386193765046382989 -0.01468016844360282847 0.9997961488918839512 -0.01449929322234070304
0.9981910274584618881 -0.05927524627020482745 -0.01005573871114019517 7.218265339627818022 0.05942228397302139892 0.9981200124044529165 0.0150144265679476533 0.3624569271361980372 0.009146850214678186458 -0.01558480084381117306 0.999836711225292496 -0.0111707676569706444
0.9981750113561228543 -0.0601236741490644433 -0.005638307460668312045 7.730278517653209391 0.06021453546654276234 0.9980296572061356786 0.01763556224087378319 0.3807218438517352976 0.004566883264587752629 -0.01794288560461748672 0.9998285835249096642 4.149250605308980183e-05
0.9982100155514526119 -0.05964020877493559497 -0.004450881940792995872 8.242279981560095337 0.05971459716549523677 0.9980338056610933428 0.01904441238257673086 0.4266953946948838228 0.003306317911425021416 -0.01927610580270582366 0.9998087317116967077 -0.004641115756619176511
0.9983458509481549781 -0.05707174407655245252 -0.006955423974488961388 8.772289205878399443 0.05717642320766964936 0.9982372058854980246 0.01591657673908886475 0.4575497313524959919 0.006034776199814778815 -0.01628793461352143201 0.9998491309503868552 -0.004320748954055243785
0.9984720615696212054 -0.05441560955158004226 -0.00961684470294648687 9.323367797737720508 0.05454365359787296391 0.9984188269297205043 0.01359543616350620057 0.471024580977525642 0.008861834861124342697 -0.01409920102029627031 0.9998613305921393302 0.0005795506042245331113
0.9985007674709822645 -0.0536243796933993308 -0.01098377268325638478 9.907184453834062765 0.0537420703286853596 0.9984973544144490898 0.01071555430823149802 0.4698704951977101252 0.01039265301287134804 -0.01128977988466399983 0.9998822598853877031 0.0001192362271338238966
0.9985920456948776947 -0.05151640680630032582 -0.01264856136827530002 10.46927849317195935 0.05166674895443921361 0.9985939353496166015 0.01186167506908966315 0.4829848008884901067 0.01201970579499378987 -0.01249848441745967514 0.9998496459767679534 0.001943336801222166239
0.9987055811742899802 -0.0493902891129703453 -0.01215571769418867 11.05254105295215794 0.04955351642071956914 0.9986800331606030534 0.01351445066135414236 0.5010197618991231172 0.01147218992455601751 -0.01409931585836356541 0.9998347854274030055 -0.002205291094100464248
0.9987178908142476663 -0.04952327334254075925 -0.01048904023161638562 11.60053065275646489 0.04964774353367709669 0.9986951950816260748 0.0119586321495048567 0.5118002816060480686 0.009883123471590324685 -0.01246405705671065414 0.9998734775721037638 -0.008035377512915791234
0.9987966012184380515 -0.04827882938932057111 -0.008631571542504348077 12.18757658315793257 0.04834675876457155547 0.9987998238008158891 0.007842377982436662606 0.5220255216609945847 0.008242591307156856006 -0.008250248981452648275 0.9999319942277510309 -0.006953529535584732774
0.9988336435503245569 -0.04776490721312019738 -0.007061596909001819841 12.84162796645239979 0.04779501333837896104 0.9988485116607784819 0.00415781830193381885 0.5367487864753719418 0.006854867757103939169 -0.004490477922196777806 0.9999664226343116802 -0.003138097761296853531
0.9987761149003554495 -0.04927009170784459047 -0.004327859476975170171 13.44483306021100155 0.04927733687952913499 0.9987838785960660992 0.001583643476338896525 0.5538171302739116619 0.004244570015120255335 -0.00179497066809922428 0.9999893807964599368 -0.00472326052051808172
0.9985413150364500501 -0.05399225788871239717 0.0002797380125815875974 14.09170098640221269 0.05399227420223159241 0.9985413520311047231 -5.109172631043347744e-05 0.5791558384126855863 -0.0002765714156347802064 6.612089105759502965e-05 0.9999999595681391407 -0.008765157526752500108
0.9980722567519227928 -0.06192086745725751407 0.004192430734615077564 14.72984144772463111 0.0619226660532621806 0.9980809051168345603 -0.0003004496903281179618 0.5974448262377320962 -0.00416578095679187143 0.0005594769887972031279 0.9999911665882449396 -0.01054145122278927343
0.99748083767804685 -0.07063087521899585886 0.00657707616654325776 15.37972844684670193 0.0706239879653979552 0.9975021952620556354 0.001273880388045366477 0.6444039290294750755 -0.006650623201264603546 -0.0008061719285356706106 0.9999775593971378385 -0.01558237574970169556
0.99657512987112995 -0.08242599272634175411 0.006630704745169964213 15.99389644098899588 0.08242344264895408446 0.9965971823778815297 0.0006574027395936425872 0.677506087216660835 -0.006662328739648058426 -0.0001086257083025067322 0.9999778005417021554 -0.02045100954093803311
0.9952998600968581133 -0.09673417430718554699 0.004548407664403646654 16.62405799433417997 0.09674211528094003865 0.9953082600728433427 -0.001559025894107574778 0.7142389626513869771 -0.004376256635969561111 0.001991720832907097234 0.999988440646180643 -0.02873915191457150284
0.9934607713733526468 -0.1141304234517721422 0.003153123052205189254 17.25700884637580756 0.1141416726104934609 0.9934577664492250104 -0.003653061099422254265 0.7865933181976993982 -0.002715569174611072271 0.00398907563683142518 0.9999883564120242152 -0.03471940840584232524
0.9907882349624672624 -0.13540164898023474 0.002250980540152570323 17.89232452989326205 0.1354134683036402609 0.9907686208012491669 -0.006382212591996825647 0.8672600767751172945 -0.001366038776118624638 0.006628234231205828997 0.9999770999623133205 -0.03595749892812664245
0.9869689876410603357 -0.1608933399679726706 0.002355968745723852845 18.52018769166185663 0.1609033628815998151 0.9869576293355113439 -0.004974505987498080428 0.9686974311948796101 -0.001524876445048927711 0.005288766432526285921 0.9999848517359898326 -0.03697123985891164616
0.9819183578626371478 -0.1892914397257080827 0.002255956318418516314 19.13621501571322625 0.1892951705483030822 0.981918971179819855 -0.001572400792737103882 1.085447155093397509 -0.001917524297325072643 0.001971010840350880932 0.999996219101270567 -0.04614420009602203387
0.9765241180043673364 -0.2154080864318639599 5.705747243714986587e-05 19.76014768030930213 0.2154080922043277724 0.9765240415655428441 -0.0003873724175676327374 1.240030581764837825 2.772515761888856583e-05 0.000390569149688139495 0.9999999233435244994 -0.0448536176717105467
0.9702435668456717011 -0.2421228033090249143 -0.001992263127136450433 20.37460246835767208 0.2421208248713413169 0.970245383237336001 -0.001184259370377344035 1.41383606713545662 0.002219720299898861934 0.0006666516438822885082 0.9999973142050812003 -0.04608194756045052437
0.9630334491762642113 -0.2693039566615597624 -0.006477244328923505677 20.96509406140322795 0.269320307960064842 0.9630490060246633677 0.001784296837340776463 1.594891875773689183 0.005757385514594091577 -0.003462790975016849255 0.9999774305406595731 -0.04957536919737086378
0.9555113926824856385 -0.2948036561365175445 -0.009422461595498306947 21.57510389782705573 0.2948291845719779869 0.9555489266752844602 0.001414444885583042389 1.801256750560794373 0.00858663954054401761 -0.004129534871357616078 0.9999546072513226802 -0.0475935496344840267
0.9471507017683021834 -0.3206201113422516569 -0.01040636068445317808 22.17553484326366942 0.320643891587055585 0.9471995891007745083 0.0006581756851803021368 2.009217861289552154 0.009645876202883233927 -0.003960127549226958102 0.9999456357533006434 -0.04030455880472910701
0.9380336363030019609 -0.3463362006351275446 -0.01200555262335381047 22.77821057928664672 0.346365029945641445 0.9380997531575575588 0.0003451905046571962336 2.226168622649555395 0.01114285398460998153 -0.00448210389820277548 0.9999278711735778424 -0.04228054547788888395
0.9284559199073660896 -0.3712194542231405103 -0.01287328999285854668 23.37326863915304642 0.3712944393587497283 0.9285068188613377904 0.003940384406445718128 2.465464162526534331 0.01049019019075842982 -0.008438254219476217649 0.9999093717810075832 -0.03924063182964143692
0.9181919931821485026 -0.3959730843842120818 -0.01134813198050922851 23.96300388795169312 0.3960810505316014196 0.9181642923238290122 0.009702252896383907824 2.74926074536864018 0.006577618564224877243 -0.01340331096169937106 0.9998885368826304632 -0.04405741487548361923
0.9071308196380492017 -0.4207336145828581286 -0.009843862191440689788 24.55800133374552274 0.4208369565299600601 0.9070323643198990871 0.01373120879072020455 3.048122686921861835 0.003151520490430082498 -0.01659866369009344728 0.9998572659546469676 -0.04535645322260629941
0.8960380952676648691 -0.4438876094564345176 -0.008917510871708217782 25.15050091073644722 0.4439727592143561941 0.8959380045700084949 0.01353813291050912603 3.34910689041628995 0.001980127441980239662 -0.01608981473364939907 0.9998685898442606357 -0.0492358558767963736
0.8847032083190795593 -0.4660663657472349786 -0.009076117512014205205 25.73915428506685998 0.4661533517225932011 0.884580248007918124 0.01479315760892072236 3.646210828054581299 0.001133961075010799608 -0.0173184165966355115 0.9998493819465338328 -0.05304575935237635514
0.8732094838003269244 -0.4872755654710237971 -0.008229258536504708427 26.33711417982699743 0.4873447359971875836 0.8730652651404442466 0.01587926638977174218 3.973635998657023549 -0.0005528987232583005987 -0.01787641183626595409 0.9998400513096392661 -0.06143921695574158792
0.8603793414228824155 -0.5096035043012139276 -0.007187298285842639439 26.923158177833308 0.5096380566950192703 0.8601543647973109996 0.02008780446586387256 4.322565782247846045 -0.004054629557854023958 -0.02094605270825588075 0.9997723855233707768 -0.06962398826781099337
0.8475009057212820052 -0.5307589172419354684 -0.006098079187327114063 27.49510591455582187 0.5307419051873081273 0.847201010573776947 0.02373768651148504966 4.672970278230494934 -0.00743268994060185522 -0.0233542169840765014 0.9996996227213990061 -0.07813551465670609542
0.8350758063322696323 -0.5500974312662206822 -0.006419796945026402801 28.09596786146269665 0.5500746169667798391 0.8347547232098662118 0.02454522046489017451 5.06492002090199378 -0.008143306905690095299 -0.02402848711686138977 0.9996781073723254307 -0.08605645495479791185
0.8213586062674609334 -0.5703619638351159482 -0.007567702460066090195 28.69933127167489317 0.5703823086157469024 0.8211075830633023376 0.02112721122422367426 5.477778332157486219 -0.00583625980788044299 -0.02166950036553617898 0.9997481536994019535 -0.1068170242025188593
0.8089438562497681673 -0.5877933253233897926 -0.0104328395476007401 29.28248659823260525 0.5878751507566380985 0.8086943268736217494 0.02040325477171888585 5.892755367840544878 -0.003555918814361484423 -0.0226382947169463597 0.9997373970466916226 -0.1077250478385056859
0.7950571780168140812 -0.6064091717588233621 -0.01232883168503098176 29.84636621279510038 0.6065312287619772924 0.7948220186751745464 0.01943777676603786198 6.327990509097153549 -0.001988019221723141741 -0.0229319653736482984 0.9997350512729239469 -0.1275155870156313709
0.780217102325029721 -0.6253863608231740034 -0.01237630542128504568 30.43279372323596021 0.6255058435358182845 0.7799997130877095453 0.01851721592560026663 6.77947998749387537 -0.001926899602599870974 -0.02218889991499655573 0.9997519391221423302 -0.1334454013250626625
0.7661052773504374303 -0.6426147076747239506 -0.01135964330155379669 31.03303791083058982 0.6427129202751644677 0.7659369396800576046 0.0161464096602894 7.256112560110739018 -0.001675149897594031779 -0.01967083917063564349 0.9998051069879286823 -0.1412399172659014601
0.7505948171634384547 -0.6606573393674883832 -0.01180255850465147457 31.62462266719707671 0.6607625377233480313 0.7504602827209743143 0.01422085791210742946 7.75195183863688797 -0.0005377627595044018674 -0.01847279075360730438 0.9998292188233888211 -0.1547550316097648926
0.7349442219913728813 -0.6780121270680670165 -0.01251183879896070918 32.22442588313624157 0.6781275482107124164 0.7348228424963048067 0.01335733893329445546 8.274957339201765905 0.0001375471689757826015 -0.01830152163855205613 0.9998325036657339515 -0.1624729624531734973
0.7194053977051029225 -0.6944818591675260278 -0.0122809217886678864 32.81659536780796316 0.6945899925942146114 0.7193124603002098993 0.01158993722277449484 8.818704663927150023 0.0007848189164538102534 -0.01686806877136821578 0.9998574159924967786 -0.1670825537365679958
0.702860314519285545 -0.7112135302577592411 -0.0127551029845539253 33.38715246551174687 0.7113232292605575768 0.7028076621556558212 0.008980731018905740298 9.392148697777367161 0.002577166696877659837 -0.0153852004730850641 0.9998783195060384488 -0.1798011538643950469
0.6858463260411871154 -0.727609866870298938 -0.01409605224136858091 33.92689079640827998 0.7277372052540524994 0.6858063436322823225 0.008259486832787521146 10.00623773137691686 0.003657477932481109379 -0.01592296036250157726 0.999866532187405288 -0.1821860651524255248
0.6684305805668838696 -0.7436662539300492591 -0.01269100975754346508 34.45357048255684873 0.7437688716073899142 0.6683947660729804285 0.007503486797197665703 10.59849248416556833 0.002902514580237606362 -0.01445473804305326231 0.9998913120720762659 -0.1885739789688102852
0.6500456124974871575 -0.7598525817264786264 -0.008047093659941663771 35.01266776816437698 0.7598943093715887498 0.6499922748233569747 0.008407214439617451476 11.21688404283332474 -0.001157694883329354451 -0.01158001353896870658 0.9999322792214452305 -0.2001712265786434741
0.6299496727477390534 -0.7766350743778379639 -0.001170918932514098884 35.56889587553740739 0.776604859206415199 0.62991024051888167 0.009898562846633937942 11.87013398697464694 -0.006949997266221185147 -0.00714493775863721519 0.9999503224672837698 -0.2087276952819472342
0.6066772171338801201 -0.794912044729346734 0.007589160355397315053 36.10744443640693646 0.7948503627564461604 0.6067246826518271074 0.009902539421053400612 12.52219683441898823 -0.0124761787674247844 2.460180298117338869e-05 0.9999221691502366838 -0.2108930632347286172
0.5805728988459265549 -0.8141254715850714252 0.01161144444169587286 36.61912222365471337 0.8140372647001498096 0.5806842023330170965 0.01221428836919696836 13.2065019952913687 -0.01668654563220884832 0.002360863666691096797 0.9998579826743453358 -0.2229102095749768975
0.5534222380896693938 -0.8327907535480736367 0.0135420527488611421 37.09718098888821203 0.8326820552960086941 0.5535763734831398164 0.01392097371846063268 13.89820911129524106 -0.01908981864335169629 0.003572047884190707699 0.9998113918625237684 -0.2495279370711451505
0.5257999128587200754 -0.8504407048839368599 0.01688369373907748494 37.54385539577098996 0.8503549218474913962 0.5260241658773493478 0.01396724034252152906 14.57959758886024559 -0.02075954063820422899 0.007013158315015592843 0.9997598997173967605 -0.2629214101234346179
0.4991434561016102611 -0.8663234009148809145 0.01842756788657277586 37.9919632119660875 0.8662212246423771633 0.4994166876059460414 0.01561288313429527036 15.29546842917288707 -0.02272884092953514693 0.008169281974524929962 0.9997082887632874337 -0.2770237466310214725
0.4713114840957464136 -0.881738959927855559 0.02004723184902542851 38.40938380057195189 0.8816330150602433857 0.4716366941366900711 0.01679450801896211279 16.02897310743045978 -0.02426338218900580407 0.00975885695959307492 0.9996579680048534033 -0.2960900043272010618
0.4420183908175262522 -0.8967045114126298566 0.02325427683935456236 38.79639582584693613 0.8966369934652270723 0.4424315789730770554 0.01721626780194394218 16.77072227148219952 -0.02572633142760382546 0.01324073788074808626 0.9995813317242626672 -0.3190269396405432945
0.4128636741232596385 -0.9104046992594466703 0.02658702984086793591 39.15841429145335439 0.910343172529449518 0.4134011458123560967 0.01935977453504831094 17.53989078782703359 -0.02861633831327346084 0.01621037344873290167 0.9994590181564189102 -0.3393861876395519728
0.3837810121251133966 -0.9229206018381297394 0.03049094021128159748 39.49089342861108776 0.9228697817430699946 0.3844854368375362208 0.02196166672516784019 18.32989326880123571 -0.03199219713808212906 0.01971069665418710704 0.999293744481413615 -0.361550063432712343
0.35469552958038153 -0.9344283850122492296 0.03216635787733060359 39.80111006938485474 0.9344194996141099718 0.355465389708002677 0.02246231200598770503 19.10004299480809209 -0.03242344886974875273 0.02208959037958007146 0.9992300885983433911 -0.386086300807509164
0.3257063858264510614 -0.9450093795943484976 0.02954018805924376462 40.05465915032155522 0.945007426304258491 0.3263660082777887217 0.02112327793273965568 19.86848845306975875 -0.02960260903488787926 0.02103571057812947745 0.9993403746566035251 -0.4114757312468064754
0.29520387878031773 -0.9550648582574123857 0.02656664214394664769 40.31988343258106511 0.9551080859196464656 0.2957155189891098601 0.01791301314438757675 20.65039088676577705 -0.02496425772910282684 0.0200860237665510602 0.999486536920475177 -0.4389477664437155258
0.2653585334985026911 -0.9638228865128346534 0.02510561956199664976 40.5361032474304892 0.9638895349565053117 0.2658019445045974871 0.016318415943560486 21.44100116810317047 -0.02240118525561090104 0.01986881304060609046 0.9995516080560828964 -0.4638055054161556168
0.2358664319359442541 -0.9714633935196901326 0.02501802024569897004 40.74414536490527894 0.9715264351906020002 0.236319795306053626 0.01700999918711921036 22.24085227199062587 -0.02243684495751228219 0.02029358020933111004 0.9995422745390212249 -0.4864056705774935652
0.207126853547490275 -0.9779304135443660506 0.02739658381006141938 40.91615522092308765 0.9780199789285285439 0.207670001879538435 0.01871072248720096268 23.06293205290864989 -0.02398723319095069639 0.02291891324425572932 0.9994495165137382564 -0.5003206030995696052
0.1767673873965196485 -0.9839541229794089849 0.02423993863092399614 41.06449154696574055 0.9840319390729567184 0.1771956753642881521 0.01681771436642377424 23.87228024525618508 -0.0208430716864281898 0.02088005038346396267 0.9995647001863653403 -0.5095218765953316575
0.1476269538205279286 -0.9887622701529961144 0.02356810615144151744 41.16666557810538762 0.9889834552492984265 0.1478378595249059124 0.007462743078345266887 24.68576951748717008 -0.01086313715419810755 0.02220676502753353085 0.9996943792170590593 -0.5363372283620111425
0.1179281216101378815 -0.9925269473954491106 0.03135628848215359088 41.2974068150497402 0.9930099683044592007 0.1177115690209199483 -0.008671180231672077909 25.49990867667343153 0.004915382129750351346 0.0321596830286728641 0.9994706568008956404 -0.5355001026645785922
0.08805711622967604679 -0.9956629683462178138 0.03001995578464188366 41.39646613413421505 0.9960224237170088868 0.08759708787662223717 -0.01631200933149535084 26.33265556730477641 0.0136116029257682767 0.03133693762213949491 0.9994161898860041138 -0.5369201981101493493
0.05777027172327164894 -0.9979692977371439344 0.02683051395428523792 41.45310828908853296 0.9983134892590648235 0.05759434254305284551 -0.007284838393839378722 27.18768760357344405 0.005724759244739208337 0.02720611109778874742 0.999613452615822129 -0.5409475839070561065
0.02690665707760619973 -0.9993162561093169582 0.02535847157394281043 41.47163027177622041 0.9995275707071753502 0.02727199790414902569 0.01417298580147687698 28.02971080115632674 -0.01485487129263936973 0.02496514382042389762 0.9995779481325629545 -0.5448309430962895439
-0.003204504871532343202 -0.9997065283425383697 0.02401225390999576353 41.4809520795948572 0.9995550982521602679 -0.002490114677874633031 0.02972212790170586719 28.87596678325371258 -0.0296536120336571285 0.02409681551991495543 0.999269736745367787 -0.5482687598538256157
-0.02962929479215348216 -0.9992839745829094067 0.02352962030936715798 41.46114660722346912 0.9991394074817535609 -0.02892500486515059421 0.02972858070210478154 29.72942612329443079 -0.029026699900784457 0.02439020777554672115 0.9992810257667936735 -0.5810653130294280988
-0.0544017915967922594 -0.9982386283396817994 0.02366613533236343672 41.40636422359953883 0.9983215715494266895 -0.05390430556754632896 0.0211746456962927411 30.57300363870326265 -0.01986164268488738519 0.02477835207981210833 0.9994956470230706991 -0.6055508674963709925
-0.07796793982117189437 -0.9966841617104319484 0.02327406615990023145 41.35192054504871351 0.9968943123725260147 -0.0776824624912852979 0.01292922969856968168 31.42103998107815599 -0.01107837169219440254 0.02420984958365861306 0.9996455136015898191 -0.6381993531249153806
-0.0998710467000225588 -0.9947769254721029464 0.02108654972516060822 41.26890349324351348 0.9949555667155920435 -0.09964296561815477737 0.01160601845914127628 32.25182529478610149 -0.00944427301048733972 0.02213928524340791348 0.999710286911270285 -0.6607751377782196123
-0.1201303661578712045 -0.9925660955374309147 0.01952539670161235544 41.18622812612252915 0.9926720359190457366 -0.1198377049682481932 0.01552912013862603295 33.11702302216458094 -0.01307379941381190194 0.02124783418427927256 0.9996887542187141706 -0.6646552066204911569
-0.1379788857444099737 -0.990282358378834715 0.01739763697701767614 41.08545041191256075 0.9902996749580654789 -0.1376481787499770348 0.01896134659680395393 34.00421152537312253 -0.01638233398148178019 0.01984513971901959509 0.9996688399479358722 -0.6844034430030544458
-0.153224601268032945 -0.9880632137950320359 0.01591562475322137737 40.95798324939745783 0.9880487511925670763 -0.1529089734162567549 0.01945536212964068742 34.91242368212121505 -0.01678948578906549333 0.01870645326670926714 0.9996840409715057607 -0.7037781056876531993
-0.1628094885674991055 -0.9865588749893936527 0.0139519393652473532 40.81143627199553947 0.9865408336533202371 -0.1625564840050626181 0.01767973536351533093 35.78917162939620766 -0.01517412162207344706 0.01664258656501435563 0.9997463530043130264 -0.7268179759489044045
-0.1686584458612681026 -0.9856104394814935166 0.01124234071531826293 40.62264040063414683 0.9855769386517725383 -0.1684702555673314173 0.01599596783188274307 36.63405454910687808 -0.01387179287122909666 0.01377804682005573031 0.9998088511252348765 -0.7515832152273558275
-0.1724549278154301479 -0.9849617478247003621 0.01047154211596658564 40.46562566743085654 0.984913900758976224 -0.1722729489666470215 0.01632908895416396167 37.53137799706857436 -0.01427956455613233616 0.01312959924928063307 0.9998118361269987542 -0.7729628887513084745
-0.1757397869105083998 -0.9843818449074445143 0.01038800814714160511 40.32261391620775726 0.9843133890505384453 -0.1755410150414162818 0.01767778758987336579 38.42168035133242654 -0.01557817166719373432 0.01333174612889112716 0.9997897704581010236 -0.7930120851324564679
-0.1802082538100804321 -0.9835517554887525105 0.01228533816037261951 40.18244280012787328 0.9834902461894649006 -0.1799594887217368377 0.0190136285121165656 39.30083088364011701 -0.01649002452718894771 0.01550892304462777975 0.9997437433648127536 -0.806923954595629489
-0.1829883505410736522 -0.9830201183920179719 0.01366420150613113782 40.03411942088997932 0.9829895949681958234 -0.1827252565692154551 0.01851855275059970454 40.21543057739208393 -0.01570731519132207918 0.01682044732631575792 0.9997351413255528563 -0.8336074720221899881
-0.1839943510052552966 -0.9828379037005385843 0.01325646437347992312 39.8890455555192176 0.9828259892688118171 -0.1837650210797348027 0.01683721608062222624 41.12400219807013002 -0.01411217970179645675 0.01612675035756151037 0.9997703607864003583 -0.8606116961043352998
-0.1846284905676864874 -0.9827273097681723524 0.01262359324869818597 39.71103857155319616 0.9827209651042394523 -0.1844255265984169334 0.01570763774374992275 42.01577092525937474 -0.01310821175027298245 0.01530554718745661021 0.9997969368876874485 -0.8767633044459126612
-0.1853627743493240221 -0.9826074364647096049 0.01110259833432391055 39.5470141460447735 0.9825787184015178921 -0.1851795650042509234 0.01573501983688237876 42.92190008886518626 -0.01340537317467332436 0.01382586377367298058 0.9998145535352841451 -0.9023912949646089032
-0.185844405870516427 -0.9825240079817540995 0.01041299890064543293 39.3822567977671909 0.9824669658300759778 -0.1856525823218937443 0.01708156110713858478 43.83873460746637818 -0.01484984374595118596 0.01340494001040612795 0.9997998748369787414 -0.9226935600536735338
-0.1855231345278662847 -0.9825832474139994943 0.01055123008535441449 39.2019890420133521 0.982516207617196824 -0.1853187236037976415 0.01785700006665266043 44.76265769493794977 -0.01559064862269570612 0.01367964119478861512 0.9997848764070725869 -0.9395627703905078398
-0.1860629046711970158 -0.9824759396727389404 0.01102830310998570255 39.02441954134653912 0.9824259462927787956 -0.185860610379272817 0.01717828746360685471 45.68747265294095428 -0.01482752697030600281 0.01403073318158679951 0.9997916197740066568 -0.9606046147330424834
-0.1865573430702824886 -0.9823801361800986731 0.01120829091914410727 38.89082166933880558 0.9823530244456496474 -0.1863725960839157647 0.0157413719677467305 46.6244970839520505 -0.01337509286107195321 0.01394716701387177342 0.9998132742783748528 -0.9889507971100175432
-0.1869277612467097338 -0.9823107861913464856 0.01111446838278408282 38.70214895812986811 0.9822955609048052983 -0.1867582745997804494 0.01472337920543348444 47.59567354240219572 -0.01238721526442011951 0.01366990126708365547 0.9998298308699041792 -1.018714126798654585
-0.1865955456524290845 -0.9823801589762628517 0.01055109437190623368 38.5212220531642302 0.9823528262230432073 -0.1864284004286613783 0.01507900279230485648 48.53554405923927817 -0.0128462895137816252 0.01317857212991275888 0.9998306346988697912 -1.032486907941521093
-0.1868639704389285505 -0.9823293110435690201 0.0105347622880514382 38.33441624984578766 0.9822945789372564684 -0.1866897420016926379 0.01563011266174906336 49.50801051226598304 -0.01338718574894384034 0.01326894479632778102 0.9998223433999238186 -1.061176510964096042
-0.1872869822627687419 -0.9822471646776285148 0.01068146795459915671 38.16102034128996934 0.9822064814384546816 -0.1871028915325345654 0.01621529526265743162 50.49653276934743928 -0.01392889425603823297 0.01352832077252732676 0.999811467448678437 -1.079910938333227488
-0.1874162627079911658 -0.9822178624973161298 0.01110022809552457281 37.95843743604567067 0.9821876637496489426 -0.1872311373128132672 0.01587118138504906018 51.48824371163219382 -0.0135106495245733739 0.01387702460017802876 0.9998124276771469532 -1.102784918694678096
-0.1884326349412213109 -0.9820146439668091531 0.01184825404221727385 37.76692526502894509 0.9820019196637325143 -0.1882447933566642195 0.01536644236154277761 52.47961875587125036 -0.01285969929089247378 0.0145305474379788576 0.9998117279394658219 -1.118558719578681471
-0.1905586539824981607 -0.9816105623348493348 0.01131827305904809476 37.63033275971412195 0.9815960493068525139 -0.190383534323286252 0.01494342142058189236 53.47685951542734273 -0.01251380747644641536 0.0139575703915371125 0.9998242799868423125 -1.142418943327605296
-0.1923681139041744093 -0.9812689767642760463 0.01028124471751357127 37.46396814254699592 0.9812425590676324694 -0.1922078123789321413 0.01480530766006876026 54.47324458766829736 -0.0125518535425902366 0.01293646398735204261 0.9998375362388377541 -1.16019069398724084
-0.193364476592211787 -0.981084790041268251 0.009100216585372128755 37.25958587417513002 0.9810536025098729462 -0.1932282475402975486 0.01402402777042864417 55.48897442581828443 -0.01200034143765529339 0.01163954905424299628 0.9998602465860884081 -1.18933177181961014
-0.1938275958354938044 -0.981007635023461888 0.007408314133927924351 37.06289784854473623 0.9809685332398542235 -0.1937205139860691538 0.01315671897634364609 56.50802084953700444 -0.01147169934585640615 0.009817458258007262517 0.9998860023159993338 -1.213487036623372317
-0.1947375820425838455 -0.9808336096384352443 0.006534856069252845991 36.8642691665290485 0.9807899193235664059 -0.1946432938831006432 0.01284999220269820129 57.53673639466464351 -0.01133173832562687708 0.008911697367773115455 0.9998960812787220931 -1.228450913467918681
-0.1937958988935504223 -0.9810165192345343677 0.007052557053963944521 36.68101651151569342 0.9809881034368602704 -0.1937050080661655294 0.0118621568628470269 58.55093490651009347 -0.01027085621517905348 0.009217311920800075678 0.9999047708024808578 -1.255861547680181989
-0.1939981115380451371 -0.9809756620791705295 0.007175174423349604813 36.47671987965266283 0.9809666802242973382 -0.1939239777385477481 0.009892580440947129281 59.59097376528682588 -0.008312942282585715492 0.008957748957885492899 0.9999253240738599224 -1.279909977665833143
-0.1938738243945585804 -0.9810033674662009817 0.006732995960335231775 36.25503579650504093 0.9809932439474131627 -0.1938062036621119866 0.009560897008719284468 60.64840900180014671 -0.008074375775206241168 0.008458631216336987696 0.9999316256693688842 -1.299810227116374062
-0.1936659269352336565 -0.9810493318501516402 0.005976388599131082432 36.07247569452940184 0.9810035740800837623 -0.193580148082687975 0.01259817091431424986 61.73438015997110995 -0.01120251696800252626 0.0083026950236482263 0.9999027797085704439 -1.316607899401225135
-0.193698387181101328 -0.9810438156663299214 0.005828082556745442337 35.86227980167639373 0.9809461964162570213 -0.1935813492477562736 0.01645663877880487735 62.80118407156364668 -0.01501647561573913464 0.008904659806315849691 0.9998475946332099351 -1.340842353625518957
-0.1934374213550074106 -0.981095838105216389 0.005737636460121630852 35.66781465250667793 0.9809713228626932846 -0.1933070104502911946 0.0181014759560828957 63.92063236718795594 -0.01665015737291786896 0.009129959660055078294 0.9998196917925066263 -1.371695086650533746
-0.1934122675107936562 -0.9810934484001947453 0.006880427497463961241 35.46819510715674539 0.980975239307022906 -0.1932600021552715042 0.01838889429720867719 65.03800539514276124 -0.01671151228532606267 0.01030616675389875968 0.9998072355629250563 -1.402140806049199551
-0.1946338855988116734 -0.9808371579571095733 0.008724686087675693688 35.27676965151256638 0.9807550375529574538 -0.1944625280381331311 0.01743219732320456378 66.15585270860827904 -0.01540152236649095473 0.01194967613109665025 0.9998099811209909538 -1.43159204810422791
-0.1945041866986170209 -0.9808525005176380596 0.009823114832204675809 35.07938802628989095 0.9807887953577847373 -0.1943201178733098278 0.01711813921922438614 67.25496771233582649 -0.01488154082530821799 0.01296395070956814569 0.9998052188924924089 -1.455221318560307564
-0.195056150961697039 -0.9807355430806093954 0.01053055128612995044 34.87613589474953812 0.9806610861868733098 -0.1948433869438213062 0.01843606799298945845 68.37005107905810064 -0.01602909887640038139 0.01392297032398344056 0.9997745840371058401 -1.480616353425874721
