1 0 0 0 0 1 0 0 0 0 1 0
0.999999995499528227 9.074512468075748481e-05 -2.768150878759532505e-05 -0.004201472186993190396 -9.074861223760842196e-05 0.9999999879426491045 -0.0001260134558393958399 0.00450479145501436317 2.767007334706806119e-05 0.0001260159673307829583 0.9999999916771714625 0.0005604778001086380699
0.9999999962340062609 7.070063060355227021e-05 5.033297417890475911e-05 -0.0003505776124260324956 -7.070055649866009858e-05 0.9999999974996292007 -1.474070893716119956e-06 0.009495924360930265914 -5.033307827079540401e-05 1.47051231888009682e-06 0.9999999987322094608 0.0001083121120209111585
0.9999999161412995718 0.0003118882883483921125 -0.000265411170427757746 -0.003343802265077776888 -0.0003120629923704880794 0.9999997345284576955 -0.0006584525062840566878 0.01475291496139858466 0.0002652057363435013295 0.0006585352760711374364 0.9999997479985720528 -0.001005498797038718514
0.9999999855884413869 0.0001666200485256942598 -3.25710984398813451e-05 -0.0122342826082512228 -0.0001666290537585047075 0.999999947843588477 -0.0002766723310399423624 0.01146757307466650735 3.252499758386613577e-05 0.0002766777543439757599 0.9999999611957716139 0.00218784695211320622
0.999999964974066069 0.0001818080004781029001 -0.0001923479079102875257 0.0005422472829821455703 -0.0001818544115335398142 0.9999999543523495626 -0.0002412970612916982155 -0.003466966176211001231 0.0001923040293938227917 0.000241332032155646011 0.9999999523890041875 -0.001176621134699787005
0.9999999957120916383 -4.34714747792854913e-05 -8.176825486566468573e-05 0.009980420979509036644 4.347470705886727685e-05 0.9999999982737277637 3.952839907286388472e-05 -0.002448783238349636852 8.176653636670706046e-05 -3.953195375429672924e-05 0.9999999958757290752 -0.002792429368131584596
0.9999999925027295289 -1.79342722359958191e-05 -0.000121131757820245063 0.004745188021524677016 1.792370299299258864e-05 0.9999999960326855231 -8.725462604830490072e-05 -0.006368508047863707076 0.0001211333221878946841 8.725245426448317756e-05 0.9999999888568636974 -0.00376841385806597675
0.9999999793503631107 0.0001217874531677696446 -0.0001626870911156457725 -0.0002780362235823450809 -0.0001218402213151381712 0.9999999399652808041 -0.0003243830996414954408 0.003867114985474367529 0.0001626475755572159311 0.0003244029147742888723 0.9999999341542553655 -0.0002455071287666962592
0.9999999683389294569 0.0002395657566043323417 -7.700901495740851541e-05 0.001458177253072573702 -0.0002395862450407221082 0.9999999358803954852 -0.0002661534069179085325 0.01222717399766393154 7.69452487773198329e-05 0.0002661718487919346294 0.9999999616159870319 0.00191435432469211006
0.99999993420168376 0.0003113778798337725668 -0.0001861194351200466538 -0.001866209767760115866 -0.0003114452776992765893 0.9999998859056367095 -0.0003622023640175909176 0.006027418473980177688 0.0001860066320806896356 0.000362260306204441405 0.9999999170844982022 -0.001231704243222712936
0.999999990861981769 -3.080145543421080332e-05 -0.0001316332282260347013 0.0009374411388791479942 3.078890000022443588e-05 0.9999999949770718155 -9.538291198662559776e-05 0.0008191276752257663652 0.0001316361654973632076 9.537885827271425912e-05 0.9999999867873965442 -0.005237935327457324264
0.9999999324457949923 0.0003619734174881567555 -6.390344682195386828e-05 0.006291508702853247301 -0.0003619800046335660193 0.9999999291706159754 -0.0001030982023611530702 0.01327328286997280643 6.386612348706653458e-05 0.0001031213271664126858 0.9999999926435551023 -0.001754543180501057361
0.99999998943795676 0.0001284705978021102987 -6.796610862041009018e-05 0.005919227000637854348 -0.0001284814786361586803 0.9999999789283412488 -0.0001601119194689686271 0.01288860841412298175 6.794553751424201992e-05 0.0001601206501639923106 0.9999999848723905016 -0.000368898999091547765
0.9999999894348730045 -0.0001016349744085583943 -0.0001039258667877838879 0.001283485132615042002 0.0001016138644720399905 0.9999999742104628275 -0.0002031100592688725773 -0.001262109408744814879 0.0001039465071932598004 0.0002030994968140460808 0.999999973972858669 -0.001287658456579269736
0.9999999825165594158 -0.0001864181537486957034 1.466808705466122701e-05 -0.003014048197970779601 0.0001864188904097772309 0.999999981362135526 -5.02366989964373424e-05 -0.002128364902175593557 -1.465872174860206387e-05 5.023943252664016642e-05 0.9999999986305606603 -0.000125493720198917118
0.9999999744719130224 0.0002213069273819190863 4.560062764376616047e-05 0.001956263596211316614 -0.0002213016852965673782 0.9999999689083950427 -0.000114929426273409173 0.007850397084799676239 -4.56260609041637922e-05 0.0001149193318437326434 0.9999999923559048653 0.001639183895357150186
0.9999999553013089182 0.0002916873183956992382 -6.569542119158143631e-05 -0.007522897689706129626 -0.0002917047257742746069 0.9999999223105494606 -0.000265117423216926283 0.01232154317854596698 6.561808469750213908e-05 0.0002651365750313478052 0.9999999626984310552 0.0008906946411472499089
0.9999999713866811746 0.0002386700892707400686 1.622422095104303425e-05 0.003087081516280417489 -0.0002386656660500301175 0.9999999345033775411 -0.0002720881116773138549 0.004752200689882864204 -1.628915918231489148e-05 0.0002720842317274705107 0.9999999628524163242 0.00106358773900941026
0.9999999704341836493 0.0002133973248938623459 -0.0001165899374191138008 1.682494462636354013e-05 -0.0002134244771558500234 0.999999950098187651 -0.0002329240535948844115 0.005175644320342057646 0.0001165402262311240363 0.0002329489298547299367 0.999999966076585256 -0.001773455512813639163
0.9999999975649668249 6.264009138305870949e-05 3.076175066344765378e-05 -0.01259917899905083939 -6.263394156444482838e-05 0.9999999780628884283 -0.000199877993102418847 -0.009554131240049454701 -3.077427036437709306e-05 0.0001998760658860158359 0.9999999795512510836 0.003036881334249048534
0.9999999946419440011 8.325000601594604633e-05 -6.152681060705716563e-05 0.01488272608490166446 -8.325105552040255863e-05 0.9999999963891890165 -1.705531267393172408e-05 -0.00517761238054142113 6.152539053001276545e-05 1.70604347544742451e-05 0.9999999979617839596 -0.003999755942829651828
0.9999999663045315845 0.0002471726239204474632 -7.935130609051650567e-05 0.01361222071547110203 -0.0002471780253634815218 0.9999999671349254493 -6.806740641726740466e-05 0.004612585012354916345 7.933447908318230139e-05 6.80870180228537313e-05 0.9999999945350991348 -0.002854709850368601469
0.999999967592190564 0.000254432423355008242 8.930829629722121757e-06 0.02216981493547335799 -0.0002544334202085563545 0.9999999613826137113 0.0001117962692048225353 0.01314746104661212653 -8.902384689140990681e-06 -0.0001117985378832783391 0.9999999937109171899 -0.003938832120497379186
0.9999999896478390937 6.341087221161643983e-05 -0.0001291641708400106481 0.005879547196852875739 -6.343138564788388973e-05 0.9999999853765136892 -0.0001588188641644336385 0.01016031808530359903 0.0001291540981084798401 0.0001588270555826476449 0.9999999790465924354 -0.003105282778831403891
0.9999999258871350438 0.0003418115339523016146 -0.0001771739250488452285 0.01445734044206966815 -0.0003418387837161705896 0.9999999297466879433 -0.0001537948803819790271 0.008392628903597770459 0.0001771213437378128179 0.0001538554339028447488 0.9999999724782671073 -0.005133568075347183166
0.9999998720429662535 0.0004227814224057081251 -0.0002777947443427412422 0.01336883432512292122 -0.0004228226709490329844 0.9999998995927176226 -0.0001484437389962835749 0.003088129583303851622 0.0002777319571950058485 0.0001485611779176416547 0.9999999503972669679 -0.006584385403422201785
0.9999999950050126873 -6.112199286880770459e-05 -7.908272008657830953e-05 0.0009495921784923690764 6.110580000114520919e-05 0.9999999771728187437 -0.0002047448244655178601 -0.003784343948805580019 7.909523269304362674e-05 0.0002047399910299429028 0.9999999759127398136 -0.001607685408825899106
0.9999999663815157813 -0.0001985643464537118071 -0.0001667608098533531705 -0.01150095650547542855 0.0001985330168817418318 0.9999999626453420776 -0.0001878668559682495341 -0.01435478482715527894 0.0001667981072835357991 0.00018783374212577277 0.9999999684484378593 -0.003382770073756755699
0.9999999995582007362 -2.965635689905424735e-05 2.024584115057693253e-06 -0.004868198973102117778 2.965654706905840812e-05 0.9999999951427067657 -9.399508280465967828e-05 0.005997530657110995006 -2.021796553501283364e-06 9.39951428053068292e-05 0.9999999955804127483 -0.00116138401093654085
0.9999999704911473053 0.0002299354620049812691 7.840527997607904238e-05 0.01062881725591377849 -0.0002299385985242387764 0.9999999727642295833 3.999726171070991707e-05 0.01292537579845177108 -7.839608105180045688e-05 -4.001528893063121303e-05 0.9999999961264155468 -0.0003815881809407316696
0.9999999826485393983 5.628505099168025283e-05 0.0001775807249847181912 0.002283575495166602094 -5.633666484937800917e-05 0.9999999561719075114 0.0002906584993681292665 0.01686711851311186589 -0.0001775643574732356468 -0.0002906684986305669606 0.9999999419913597754 -7.273185531090698482e-05
0.9999999429286656749 -0.0003250282103243560682 9.219179912736454052e-05 -0.001435591921286357049 0.0003250378393065892066 0.9999999417203654373 -0.0001044493599911496716 -8.366625494329047244e-05 -9.21578447659127315e-05 0.0001044793198532754713 0.9999999902955016839 0.00327296438072146971
0.9999999942247964624 -0.0001067580751608088478 -1.237418360579456325e-05 0.006967713309944707431 0.0001067565018831951923 0.9999999862277588747 -0.0001270729371990564718 -0.01057082478775731547 1.238774949755472471e-05 0.0001270716154406289914 0.9999999918496740303 0.0008234047595887211517
0.9999999948437003905 1.806624219717568861e-05 -9.993102626535312202e-05 0.002552307814330293488 -1.807430696697350425e-05 0.999999996580168804 -8.070304775376070628e-05 -0.00778925884261613688 9.99295679227991051e-05 8.070485352167585421e-05 0.9999999917504039937 -0.002993120048165235844
0.9999999979524997196 -5.534927457272778947e-05 -3.211632655085545695e-05 -0.0003721290497181927934 5.534427579279134555e-05 0.9999999863587660798 -0.0001556260867365609848 0.002035062272669623234 3.212493990375459127e-05 0.0001556243089630824261 0.9999999873745312184 0.0001788638602064239664
0.9999998855673762899 -0.0004753809286107088549 -5.364892405079609787e-05 0.008615561520509150417 0.0004753835972227783506 0.9999998857681600128 4.97403510439820858e-05 0.005906314416307383713 5.362527230811207647e-05 -4.976584917056560615e-05 0.9999999973238452577 -0.003353698747391339798
0.9999998977036190784 -0.0003590188653436748195 -0.000275133069216134177 -0.0003108268967893313209 0.0003590023274431827869 0.9999999337493042928 -6.015576363990267117e-05 0.01060001660202041646 0.0002751546480423827786 6.00569840739805766e-05 0.9999999603415383742 -0.003416592443427894643
0.99999981212781619 1.064208110592795731e-05 -0.0006128874925555346641 0.01381263121399640796 -1.072382479558765365e-05 0.9999999910485112276 -0.0001333715750552303704 0.001551801130552812272 0.0006128860677181602757 0.0001333781224965108691 0.9999998032904529044 -0.006209822908173586939
0.9999998755852753662 -0.0001236186539197517702 -0.0004832678989612952214 -0.004339197407718398472 0.0001237318242629264662 0.999999964931085672 0.0002341543573017294171 0.001797643750039028959 0.0004832389361671556071 -0.0002342141237882257136 0.9999998558119269632 0.00247367792771655947
0.9999997450053254022 0.0003349798779750858685 -0.0006306962546028528323 -0.005980284480701162676 -0.0003348616521813894509 0.999999926346503476 0.0001875490909164490548 0.003464258755256703105 0.0006307590333214580566 -0.0001873378471025887164 0.9999997835237630639 0.006810362539488965146
0.9999997040332151421 0.000189535496049833324 -0.0007456606317754761043 -0.02011034016867148388 -0.0001896193359765715439 0.9999999757089673702 -0.0001123680212624626485 0.005856233407720294777 0.0007456393159339592047 0.0001125093796791218044 0.9999997156817845845 0.01043011386358016351
0.9999998146398549892 0.000266803933379518288 -0.000547298745512382178 -0.01329551112579983874 -0.0002666831196824068152 0.9999999400622927581 0.0002208065319134464076 0.02096581358328762634 0.0005473576247597806369 -0.0002206605356478641357 0.9999998258542641683 0.01205669326107462226
0.9999994620005930868 0.000652397339882007936 -0.0008064590722601278246 0.001567057308572498671 -0.0006520847900462284569 0.9999997122136015104 0.0003877604167221044835 0.02000875212952243215 0.000806711814036556907 -0.0003872343284124146398 0.9999995996327318837 0.004860018420023905217
0.9999989029438610677 0.001113167948936463021 -0.0009772247396074929329 0.003668504116007262773 -0.001112759811235920293 0.9999992934811756662 0.0004180941904706057441 0.03812265718608519316 0.0009776894582322870862 -0.0004170063153810267802 0.9999994351143685067 0.006574568737101344623
0.9999978443405926898 0.001530096696575271526 -0.001403609014958822048 0.002312550923172018887 -0.001529522927879819376 0.999998746326004162 0.0004097633866491151231 0.01835157075477702668 0.001404234232894988966 -0.0004076156511686575756 0.9999989309872786558 0.001169704856511224501
0.9999967054399547806 0.001690678615535130824 -0.001931505903484250983 0.01224945367772789853 -0.001690929513865072759 0.9999985621507845313 -0.0001282721433056679451 -0.002036817396127107473 0.001931286259300346976 0.0001315377610437958381 0.9999981264138458892 -0.003210236494105179507
0.9999962471570863487 0.002184573951188855528 -0.001653272026985174847 0.004454861351552173721 -0.002184987941722837078 0.9999975819994935122 -0.0002486420333005614006 -0.001058643130085515881 0.001652724852463457192 0.0002522534796294189979 0.9999986024333954449 0.007414827497801796015
0.9999925665676604458 0.003465470247357571067 -0.001690362501910059679 0.001542127209153471359 -0.003466245317032900109 0.9999938886721697617 -0.0004558088570878486481 0.006354745721626037756 0.001688772579517938471 0.0004616646799698834896 0.9999984674552746533 0.00957656908654259606
0.9999886730029926563 0.004576585712352108926 -0.001307183587484720766 0.02573805925013943063 -0.004577017211588366684 0.9999894718393530502 -0.0003272978713083838352 -0.01289180463894863508 0.001305671918484403336 0.0003332771657849984011 0.9999990920731738342 0.009120964431083150581
0.9999848540025493282 0.005355657057560136124 -0.001268346554346915867 0.0430043498491599202 -0.005356107091321493478 0.999985594112171694 -0.0003516887165387639355 -0.02936228161938687214 0.00126644475853193131 0.0003584767898363504994 0.9999991338056571921 0.003277607774955811851
0.9999711309565270101 0.007450131926091807001 -0.001494251587991364191 0.07132508398802663019 -0.007451381239828198944 0.9999718917332145462 -0.0008322626478733448786 -0.02569613744697998164 0.001488009120645269372 0.0008433728594971247328 0.9999985372744686352 0.008860027620999893355
0.9999534418359729004 0.009551145368884348882 -0.001374693614582972586 0.09911438336385232362 -0.00955249810686232409 0.9999538927939461974 -0.0009808497089945134896 -0.002623797308449101525 0.001365261993145589631 0.0009939358005836957353 0.9999985740746405449 0.01019108651530517898
0.9999321999264767502 0.01154948198773800283 -0.001484929631803610581 0.1167149484596405884 -0.01155109013935089191 0.9999327017678206753 -0.001079005050618856614 -0.01316458775191689176 0.001472367749267678534 0.001096084450024649264 0.9999983153646256895 0.004679599855289111668
0.9999024569659281658 0.01389197169542311788 -0.001445571137556592081 0.1486405461639234427 -0.01389330970768905445 0.999903060344994099 -0.0009197054317935920292 -0.006661259113170071508 0.001432654482562627446 0.000939699488453892679 0.9999985322319253633 0.005414624228248263865
0.9998679817212220433 0.01618338764797600318 -0.00145502335560749067 0.164170839207597119 -0.01618450151739466922 0.9998687357810994714 -0.0007570456652743534284 -0.02012341663765494781 0.001442580799634880177 0.0007804945491153416964 0.9999986548935430042 0.002047844028806156298
0.9998163118501067759 0.01912099631958144932 -0.001315316766642865912 0.2155528526856274607 -0.01912193877715381851 0.999816908534046811 -0.0007077194530353605193 -0.01097003536375208699 0.001301543642311083285 0.00073274086004269782 0.9999988845368674717 0.006126560462816911176
0.9997428816674408525 0.02261353003699620792 -0.001672965793799077467 0.2416741616270638437 -0.0226152033203913562 0.9997437552639441005 -0.0009881242453811714919 -0.004524457394332905696 0.001650192127817603702 0.00102570464209766378 0.9999981123961827478 0.005633060807920118457
0.9996566927079176823 0.02614694587942740719 -0.001683432637806590209 0.2679950711593753754 -0.02614846386579601847 0.9996576777291840132 -0.0008861120436776067678 -0.03466030839315727141 0.001659687237674103456 0.0009298270124515976278 0.9999981904283626877 0.01097523086095271438
0.9995377881363699535 0.03033810776035856041 -0.001951744085218774143 0.2954391132722855584 -0.03033925062473936951 0.999539502869912333 -0.0005586359259926584539 -0.0294887759386140598 0.001933897355747292261 0.0006175921707970197889 0.9999979393083407997 0.01719991164905683434
0.9993733326137550499 0.03527720973588355929 -0.002908699662643442121 0.3310388054420708159 -0.03527783308939692192 0.9993775301844481929 -0.0001632634343179306853 -0.03025146979294408844 0.002901129606486306609 0.0002657737436541977557 0.9999957563966577201 0.007361326415655861793
0.9991349378939069492 0.04140563271282458185 -0.003866453076063348492 0.3904245933717919725 -0.04140150026443490533 0.9991419367313996158 0.001142821281645777041 -0.03452198608024595328 0.003910454652943236645 -0.0009817557122099266221 0.9999918722170340057 -0.01138850075364934017
0.9988744468277815924 0.04725761023775276043 -0.004069121417459778747 0.4645553490242327888 -0.04724756623618885792 0.998880005774373414 0.002530128246670891156 -0.04889507464645977131 0.004184131839501552264 -0.002335024369102205611 0.9999885202850807842 -0.01679273493747051454
0.9985144517893909111 0.05432236172247199152 -0.004239172634506195234 0.5207403429604764433 -0.05430865782949754333 0.9985187969792411744 0.003283559636674319732 -0.04874200851039105914 0.004411264273515177331 -0.003048457974444063277 0.9999856237224049593 -0.01038839264770144433
0.9980215399181070479 0.062742141747575364 -0.004053333001050564259 0.5985009937996712548 -0.06272217056291734538 0.9980190976694086613 0.004879549878394309065 -0.0574104176552708359 0.004351457154396699833 -0.004615662039902105468 0.9999798800398770338 -0.0005569886812767342599
0.9973868907708342002 0.07213980994587479434 -0.003903580338752963858 0.6838668393510061172 -0.07211151895005192547 0.997372299205086299 0.006958851419308700881 -0.08446991612242196745 0.004395333116424324574 -0.006659174072869477289 0.9999681677170842997 -0.002411458113083501768
0.9965954618372274698 0.08237740219896060034 -0.003383644838642347295 0.7844352200714026502 -0.08234704413637145004 0.9965691454512234371 0.008300762412023179188 -0.08544918537668833025 0.004055831289129493977 -0.007993868998741850834 0.9999598233384104917 -0.002699229074892912222
0.9955739686785353149 0.09393856513082614323 -0.002831761083204954992 0.8942754371135002156 -0.09390915244330177991 0.9955385711035806828 0.009166489645521653379 -0.1047473097775675627 0.003680214267067468195 -0.008859990191996989367 0.9999539772393258863 -0.01479037657891932832
0.994351597728504677 0.1061196162888899397 -0.001878066417581927003 0.9936938421877146155 -0.1060964403422262892 0.9943076661448095876 0.009788278314917842754 -0.1462722511904508138 0.00290610417543877295 -0.009533734019818112734 0.9999503300035261777 -0.01409221934107308255
0.9927716756024921319 0.1200094934819426612 -0.001456569815565537203 1.116298604713251041 -0.1199904598558600849 0.9927295609489649175 0.009503071169607567661 -0.1890192061120385125 0.002586438671085346946 -0.009259605406439165923 0.9999537839533974015 -0.02230930938719949755
0.9908068320974202647 0.1352767029078394412 -0.001426576131337788447 1.229871071168668006 -0.1352588406479801053 0.9907701105149768761 0.008923796092739379876 -0.2139390130704917903 0.002620590704151212497 -0.0086488011033096137 0.9999591645381509242 -0.0253463613088650945
0.9883218786127568878 0.1523676657450211136 -0.001989645889242137346 1.360745490847292904 -0.1523481850764624446 0.9882965811357671271 0.007739393985448120468 -0.2518510224448612389 0.003145593625852623546 -0.007345893462851474202 0.999968071035257311 -0.02397012251685965226
0.985372820734711885 0.1703923629865157219 -0.002616637764174303479 1.512156512008751452 -0.1703704430870848219 0.9853546922173467282 0.007074082807562806323 -0.3017249457266163448 0.003783685984305168795 -0.006524811194918316883 0.9999715548750588434 -0.02443898446480606557
0.9818871261765202973 0.1894344102589694268 -0.003503663604072932477 1.679707536938254808 -0.1894071028147469027 0.9818740703280550708 0.006946900081434928022 -0.3519149561904050261 0.004756138364045965281 -0.006157452984310647637 0.9999697320022281621 -0.022884606985437983
0.9780806143982722078 0.2081955083605099843 -0.003597504247004598699 1.871273964208672869 -0.2081618677734550504 0.9780613955721718655 0.008033884271142221339 -0.3915845975716747418 0.005191198644342092869 -0.007108923260543984456 0.9999612565828291944 -0.03332071069523061951
0.97422811192507075 0.2255566642837893709 -0.001943484520562180264 2.070754788234149935 -0.2255311463824256069 0.974194931651478413 0.00894075813341899811 -0.4410468264433510255 0.003909980350416927646 -0.008272021623600623458 0.999958141979912063 -0.03800494095867310712
0.9697708557200304114 0.2440173755686857737 -8.84115989503121084e-05 2.258720425792700048 -0.2440060055604317824 0.9697290419222331925 0.009308840047516017679 -0.4963664018202370576 0.002357254013128437607 -0.009005868817535419776 0.9999566679013440762 -0.0314153099752589593
0.9655767160225811052 0.2601169382010303233 0.0008854015863060440408 2.466179727610479766 -0.2601149627782317064 0.9655405829733890721 0.0084610147315303183 -0.5705028355646475369 0.001345962082231977764 -0.008400065019355508478 0.9999638129921221141 -0.03778336457093944833
0.9617673681172639322 0.2738636349916699908 0.001496346865090280838 2.698231159323592809 -0.2738675749116389335 0.9617468135407435392 0.006294287588290134461 -0.6798659725604128123 0.0002846696491598298216 -0.006463441295131871524 0.9999790712259007952 -0.04366741616466319337
0.9579846234164823837 0.2868132306606120396 0.001905784773497453148 2.903182972229630288 -0.2868188028686832203 0.9579762294245223186 0.004064256211212603428 -0.7795193580970289915 -0.0006600140572394119949 -0.004440109863226509614 0.9999899248521690875 -0.03764751014468324664
0.9547063382176788071 0.2975432131728387719 0.001960627902936876686 3.149344474373981129 -0.2975481399338077981 0.9547018444988932817 0.003080995349262972711 -0.8954104374650346809 -0.0009550858193195557169 -0.003524826973581740835 0.999993331680708808 -0.04031431025819599834
0.9521596471013121787 0.3055924612159662268 0.002292177975811039454 3.408319437164288424 -0.3055976858030234333 0.9521575920419772521 0.002444248076664675036 -0.9926413811096322926 -0.00143557087640954319 -0.003027798670961610004 0.9999943857699736816 -0.05143565185573718834
0.9504285225128130676 0.3109354023503346776 0.00219069836963298745 3.704063274905788461 -0.3109397853969503855 0.9504273695063464311 0.002065224090799178125 -1.081104265923015895 -0.001439948405215875533 -0.002644023162199260653 0.9999954678347837689 -0.05827240682129086746
0.9488883957267260083 0.315606386652542259 0.00184963760942043632 4.005363257070534644 -0.3156099982892435762 0.9488865024839605589 0.002175863879091961654 -1.189473150126051593 -0.001068379625337753745 -0.002648416108296206863 0.9999959222202325915 -0.05947137083567108351
0.9480229300399006798 0.3181967840043005702 0.001825039145334212852 4.316665560596188556 -0.3182008643112774204 0.948019343634104783 0.002744821873476326144 -1.29687872089874956 -0.0008567789198614620544 -0.003182883108377897868 0.9999945675777448528 -0.06586975453541492331
0.9475983571517767601 0.3194560202853125586 0.002281365100914640402 4.69096819822194 -0.3194635644814357023 0.9475862705056482538 0.004826066515492887475 -1.405363000859579214 -0.0006200742449658829458 -0.005301985728608001568 0.9999857521261312776 -0.07913349136759263713
0.9477283792623965031 0.3190546901210217223 0.003876061461070051152 5.073190691461238799 -0.319074582176404109 0.9477057207239256709 0.0067288866908096958 -1.482029952721909627 -0.001526482762537871617 -0.007613909568902371694 0.999969848661174554 -0.07954300104262210236
0.9482493407853765932 0.3174880119388828192 0.004954793153555469426 5.459991874592001082 -0.3175184542089665163 0.9482216150826809908 0.00760262630545994935 -1.607910994077040412 -0.00228449925523024509 -0.00878242364543206297 0.9999588242013093264 -0.09014602626270835917
0.9491612329690350958 0.3147326515390081458 0.006025934278297931726 5.849342776526500032 -0.3147731662340115255 0.9491354738796773383 0.007726968501020254655 -1.738732387715485217 -0.003287498702115598977 -0.009230941361839184803 0.9999519898844433374 -0.09507835696871799747
0.9499520780538486253 0.3123259203441384746 0.006600672871887383608 6.238959391463215098 -0.3123700646543191572 0.9499326624475238345 0.007271830802161985234 -1.874927180929794712 -0.003999013507265029507 -0.008969743393523233604 0.9999517746343685731 -0.1026986719362049799
0.9507305811069066692 0.3099392802243606804 0.007000337286795844591 6.663059774683087966 -0.3099910546954101065 0.9507040607074633831 0.008205788393991577528 -2.02690961001597092 -0.004111952936371515363 -0.009971535907017371053 0.9999418284653883715 -0.1189604401403196732
0.9514131800742043898 0.3078020936288607401 0.008416171266052768427 7.081248789980824299 -0.3078897927419707581 0.9513375076228743898 0.01268156596023508817 -2.169504879186495039 -0.004103206842921039259 -0.01465666222533396415 0.9998841662642812267 -0.1243999475370449886
0.9520718864206906273 0.3057083156701406179 0.01007714331907601409 7.563042958296875895 -0.3058484785154779173 0.9519031052679736149 0.01836263518551575422 -2.284288954896662283 -0.003978853743829589146 -0.02056462767265074612 0.9997806083394348287 -0.1402899802604539448
0.9530427765904594395 0.3026145211441748639 0.0115722764151840133 8.016465857397127692 -0.3028059170377173648 0.9527889896804390135 0.02239905691486154468 -2.429952211943074314 -0.004247657671554003547 -0.02485141316726111743 0.9996821318138557899 -0.1531105856025111178
0.9539693676090109653 0.2996510394700337976 0.01231666384180120366 8.496813937372090564 -0.2998692563012290702 0.9536795732117703261 0.0239520513518861472 -2.580624813101824788 -0.004568893631009506885 -0.02654291210745054683 0.9996372337142332976 -0.1621389204128491635
0.9556190465364974296 0.2944190868206341127 0.01047087448017395943 8.993566542596848734 -0.2945878481777128299 0.9553449550198148676 0.02310879971380307499 -2.729636507977432736 -0.003199625400021087213 -0.02516780153076075138 0.9996781202784262854 -0.1679645835698173051
0.9577095617553651463 0.2876322566638150335 0.007751145001070040841 9.488172066602725607 -0.2877355053719292122 0.9574349843320703046 0.02294623553894732659 -2.863209126893828227 -0.0008211398826482480288 -0.02420610880603462148 0.999706651986353223 -0.1675742335409196593
0.9599049338745641036 0.2803009233899423358 0.003729647438341307259 9.983869942528610153 -0.2803059500100357759 0.9595941561022753863 0.02465015138560442548 -3.004387066906439863 0.003330512308932647141 -0.02470724430420336709 0.9996891815792808833 -0.1823725551322445404
0.9625817345032889882 0.2709912502066549878 -0.0003830301211316458621 10.49216063013365741 -0.2708684529905227567 0.9621862201006302628 0.02877427710616740214 -3.187024986465676335 0.008166123631229376886 -0.02759384278957319539 0.9995858613770723933 -0.1851723736719946556
0.965110932803902255 0.2618332401255653585 -0.002059550370782947584 11.01071616493873861 -0.2616305973175792055 0.9646198470617598497 0.03252662296940392328 -3.319602541781678795 0.01050323424610230365 -0.03085295804124866398 0.9994687474105813374 -0.1881602802557674758
0.9673248418125212078 0.2535356759519311609 -0.001520339428636843576 11.55267485034534758 -0.2533134009904083328 0.966695630780072479 0.03649490799262892354 -3.483049535427896082 0.0107224666496806148 -0.03491730874960446984 0.9993326824729746871 -0.208218584436700771
0.9690755685693951405 0.24676367856500242 -0.0004788976629901401023 12.09207868117249873 -0.2465726962832862357 0.9683983392083919117 0.03750416064943315475 -3.633270605403131626 0.009718428344837368171 -0.03622628271706012509 0.9992963567385853008 -0.2185307509112335567
0.9705034179007367978 0.2410846972243903819 -0.001133405140218977144 12.67964368734524783 -0.2408775205756801541 0.9698440877409916228 0.03715461687538353097 -3.768496661238914136 0.01005663583414668702 -0.03578567084836842965 0.9993088860996041101 -0.214090433439778155
0.9716863631105726595 0.236214463795594326 -0.005323423589035515546 13.2425912187902366 -0.2358646537241065599 0.9710812568490180263 0.03700077999365514875 -3.909881343638241802 0.01390959627580032332 -0.03469754588283460728 0.9993010574602394502 -0.2056230351090597153
0.9724962661040421619 0.2326354387708831073 -0.01147889548583226442 13.834357819558182 -0.2320594407181250096 0.9719609890254237161 0.03795064935295693748 -4.061923599595174572 0.01998570457319406857 -0.03424307872547036058 0.9992136824384032501 -0.1996013793212106369
0.9726111735248527124 0.2319141323795085308 -0.01559936977152055412 14.46285081538536232 -0.2311523085431951841 0.9720994298024373537 0.03989121247753222438 -4.211685616920330055 0.02441547439146601883 -0.03519280864659594943 0.999082254286304372 -0.1935325728799963119
0.9724207166150868886 0.2326718291140518202 -0.01617930265871719148 15.11163645345026652 -0.2318846284023706739 0.9719174307729091522 0.04007526507063807752 -4.356996335584257807 0.02504933149797354194 -0.03521828639370331443 0.9990656651566981461 -0.1821767590240359613
0.9722789789279332462 0.2334505923322493792 -0.01320636492670869758 15.76082128414364192 -0.23279195298937011 0.9717433664535605198 0.03902225489251192475 -4.518616578502005154 0.02194296603129106127 -0.03486618265917820758 0.9991510674310098983 -0.1826560247092940958
0.97214358132543921 0.2343492187796230031 -0.004159440482757768148 16.46279574283800073 -0.2340677398745424354 0.971594810089107308 0.03486858411141977726 -4.691656143105348065 0.01221271623238477655 -0.03292367940088114509 0.9993832502583457345 -0.1740515298286859913
0.9721332950395140671 0.2344262346845311928 0.001094151383623112898 17.17411830245922033 -0.234323089770120091 0.9715442602321392451 0.03456067144268890057 -4.864936056512615181 0.007038911577894672346 -0.03385396434124601783 0.9994020026106512633 -0.1970527177756555282
0.972368834845016905 0.2334101660949847168 -0.004306203160071222537 17.85786852329328056 -0.2330984520225092005 0.9717516075158219024 0.0369313546343219834 -5.04120483899136218 0.01280471346239880036 -0.03490712898431674177 0.9993085267619896683 -0.1864918319818532899
0.9726204739530757148 0.2318655816243481993 -0.01574057512599477682 18.56139774320107705 -0.2311214920053983879 0.9721443513756535815 0.0389642916220516583 -5.207579320907977483 0.02433658933566766602 -0.03425948257654276574 0.9991166189555124033 -0.1705566365826049757
0.973107989309727639 0.2288423982740613594 -0.02630585284218704342 19.28060102007919596 -0.227683413062519463 0.972877284011248622 0.04086629015580617308 -5.372823634408895543 0.03494430651452486158 -0.03377790708543493975 0.9988182759817456624 -0.1699971641638932385
0.9745670044358594186 0.2231206555152685511 -0.0208884405198765423 20.03390292025973096 -0.2221215204159197876 0.9741205653339206627 0.04184679631277633816 -5.559506298676885727 0.02968474411268668886 -0.03614273476038751959 0.998905660556093089 -0.1493419697037324523
0.976348699572261558 0.2161142520513710252 -0.006151983731304325881 20.7987647366901065 -0.2157213101046619452 0.9756804080428663761 0.03888518648578304787 -5.736438415213900299 0.01440601299048516193 -0.03663838726775962146 0.9992247471755969501 -0.1335907194761574712
0.9779831070466862286 0.2086153261457686925 0.005356120648803007651 21.58103726155930602 -0.2086703379588184248 0.9773021135797125281 0.03656868672483667981 -5.89126580717354198 0.002394240477161124151 -0.03688122136970661824 0.9993167881722072599 -0.1272198936072140019
0.9797481931407979738 0.2001343148544107997 0.006303495466585437058 22.34071842604375036 -0.2002313747009601685 0.979104874969262795 0.03551113060419087974 -6.04363869960422484 0.000935212652494791098 -0.03605412360853858106 0.999349401134615567 -0.1161265379702906553
0.9815687740249519067 0.1911066036367003174 0.001003945017380828992 23.08240858582962574 -0.1910256498484479148 0.980970541473374702 0.03472747991738376477 -6.19776398161918074 0.005651810252563361885 -0.03427918913683980495 0.9993963148986441114 -0.1310959400687706222
0.9835296123225768516 0.1807112212541231444 -0.003599471828611091554 23.80914389258138897 -0.1804753463114058543 0.9829478589330855609 0.0352442334664982565 -6.34052395828508164 0.009907121599119569563 -0.03401413135310468044 0.9993722468679595572 -0.1524071423853324281
0.9853911150447924872 0.1702843562659206722 -0.002754705407385283147 24.54367009029326852 -0.1700903375111887106 0.9848258171374763004 0.03445848204480381205 -6.489338617376992246 0.008580645436701438492 -0.03348653327239413391 0.9994023337041426647 -0.1405127063536096843
0.9867687949951152726 0.1621207753802530738 0.002049247177328067729 25.29070815102060266 -0.1620963390709440344 0.9861910308205554809 0.03394153191722214247 -6.62036317660085416 0.003481678285798379957 -0.03382462001554187997 0.9994217192942719263 -0.1270002806352798219
0.9878738553423107582 0.1551037950947035116 0.006932436681242694354 26.05421512895512848 -0.1552492999381435423 0.9873190348929334892 0.03314782356057030532 -6.74797019670926268 -0.00170317346020682674 -0.03382212419861570923 0.999426417058733696 -0.1289750703747716831
0.9887492512804144651 0.1493351036660096887 0.008599122366959359443 26.82649221110815319 -0.1495383770578251614 0.9882189212267298295 0.03258277944543959415 -6.882325517026014694 -0.003632062682761769135 -0.03350209758419002426 0.999432047504045129 -0.1333720077136180127
0.9896540573103792537 0.1432505271922049628 0.008008327432106185015 27.55852593711535192 -0.1434262076630545557 0.9892242854937146612 0.02939789014272943882 -6.977109399815269342 -0.003710768720740438391 -0.03024234528942799233 0.999535707589726985 -0.1248146942141217519
0.9905595087218024286 0.1369673421738850927 0.005639756966685455751 28.30393434754117976 -0.1370684142233392633 0.9902210194900579188 0.02597272381498457253 -7.094886596184148075 -0.002027190943272622666 -0.02650056108636678065 0.9996467429842340602 -0.1323805504682215584
0.9912083549575652075 0.1322757447620958593 0.003020663826100388003 29.02421473117941275 -0.1323102138843577358 0.9909384818031433673 0.0231286096330244953 -7.196333465123721851 6.606203864650677662e-05 -0.02332493578370999077 0.9997279344934264511 -0.1438233079974318152
0.9919376030329351002 0.1266823766388143202 0.00337151871074775969 29.74869067693679625 -0.1267272125899277513 0.9915710782263020828 0.02696313064753286248 -7.317430733255820385 7.265302877600689723e-05 -0.02717300635318546653 0.999630743048285364 -0.1383984990773469703
0.9925244377442838939 0.1219577857049142094 0.004641011349613575511 30.47974866976739605 -0.1220398584612865517 0.9921394861691258393 0.0276679043444234031 -7.379966224721774992 -0.001230214266769439962 -0.02802745957123553566 0.9996063965795940476 -0.1324001418579000278
0.9931631425162100735 0.1165881446784480663 0.005846098507840672386 31.22717847923394174 -0.1166871917006997023 0.992941369471670443 0.02124937845509481532 -7.489719635198794911 -0.003327407448791914763 -0.0217862643002637961 0.9997571140269564394 -0.1257915727585045551
0.9937683552875274939 0.1113501285283061137 0.005060129035144486295 31.96540706428328704 -0.1114268161473034174 0.9935921891162635688 0.01893743304743550002 -7.579823737248490012 -0.002919019081411841805 -0.01938325576059831898 0.9998078659041054195 -0.1345088514550122349
0.9942607632890959612 0.1069380615729598472 0.003128189700463426381 32.67877872340882561 -0.1069799367506131804 0.9940483602999496959 0.02057062268907362823 -7.644019732407059564 -0.0009097893267345797536 -0.02078721655246983796 0.9997835085214107353 -0.13318608745165611
0.9947999273741063853 0.1018060633308401353 0.002937680300772629698 33.40740973424679794 -0.1018404345629594504 0.9946694877461530471 0.01615970404534353491 -7.717440159412157996 -0.00127686510648359914 -0.01637484704913253278 0.9998651079018696652 -0.1297334703924357679
0.9954489995439029792 0.09482217424433346531 0.009489182189207015158 34.10710990549334554 -0.09494720444733530107 0.995387629490793735 0.01372936358081909385 -7.789451502644627823 -0.008143566459396798032 -0.01456785256225751578 0.9998607202991053322 -0.1427068632243782553
0.9957979591939557507 0.08913002486695432991 0.02103005307575407309 34.83955209649506912 -0.08948076406984827036 0.9958540072424552081 0.01637037325842547256 -7.874760762293220751 -0.01948377085240642764 -0.0181833694996313272 0.9996448107938192829 -0.1512193303233029251
0.9960379427335248614 0.0851770213707481183 0.02555957091921721991 35.55468869847842939 -0.08571516158663206042 0.996103534283791614 0.02075235074676507613 -7.949025488042799736 -0.02369235550435902157 -0.02286097149611810223 0.9994578771878827039 -0.1660317947842366859
0.9964847600207775713 0.08136173329943703625 0.01995974450850204404 36.25360647264898262 -0.08177831064434644415 0.9964287329058393317 0.02102589231923900417 -8.001088229482240521 -0.01817775988647037447 -0.02258425544875765703 0.9995796718878066089 -0.1754276960947867836
0.9968281226357812441 0.07886426145722696956 0.0106827986609339589 36.93918469647691438 -0.07906667454051979904 0.9966671583491356623 0.02007576761577303456 -8.071707038026048053 -0.009063933998404143794 -0.02085674310780921345 0.9997413872434247617 -0.2015190902803660755
0.9970507774276650137 0.07640255968888204352 0.007238515308793330369 37.62770747331558852 -0.07654202871964023436 0.9968347090977689451 0.0214914070606883334 -8.124174154304418138 -0.005573604791388445459 -0.02198207476452692516 0.9997428285907712375 -0.2143739451562182707
0.9971842740159050367 0.07363944047229169232 0.01416885536309285543 38.31554693370787135 -0.07396593593304764958 0.9969696776826805218 0.02409361124531620574 -8.176863028397896471 -0.01235167911341320153 -0.02507378288611323072 0.9996092943919936413 -0.217181536659065838
0.9971598423482127549 0.07112778392326575549 0.02476059696882834324 39.03473296866918929 -0.07183542779280781276 0.9969956984380746734 0.02896978787978697623 -8.22291022750291134 -0.02262565185606435839 -0.03066619719073062841 0.9992735682624390714 -0.2191432833393813229
0.9970075617281554115 0.07077324773053209062 0.03109773725773628053 39.74214867240464599 -0.07164891743561872806 0.9970365930611659877 0.02800829747212115958 -8.272191453012126772 -0.02902334383185980332 -0.03015260358005048685 0.9991238491849556702 -0.2462070659444414444
0.9968385659486669326 0.07209805930902465909 0.03338777143323013591 40.44625914785029863 -0.07294180958838025752 0.9970282641139136537 0.02478170639743147718 -8.323284721117804708 -0.03150183885708470605 -0.02713872513343953269 0.9991351879234130484 -0.2687147901803597638
0.9969512322202667143 0.07165098174325502944 0.03089299904055413035 41.11349511717842375 -0.0724002197849832746 0.9970903125957696345 0.02385616697536572378 -8.406925576759828544 -0.02909379228595095415 -0.02602009498249668526 0.9992379626032649176 -0.2932077845898131141
