0.000000000000 272000 1.000000000000 -0.000000000000 0.000000000000 -0.000000000000 -0.000000000000 1.000000000000 -0.000000000000 0.000000000000 0.000000000000 -0.000000000000 1.000000000000 -0.000000000000 -0.000000000000 0.000000000000 -0.000000000000 1.000000000000 0.000000000000 0.000000000000 0.000000000000 0.000000000000 0.000000000000 0.000000000000
0.000000000000 99571000 1.000000000000 -0.000000000000 0.000000000000 -0.000000000000 -0.000000000000 1.000000000000 -0.000000000000 0.000000000000 0.000000000000 -0.000000000000 1.000000000000 -0.000000000000 -0.000000000000 0.000000000000 -0.000000000000 1.000000000000 0.000000000000 0.000000000000 0.000000000000 0.000000000000 0.000000000000 0.000000000000
0.000000000000 100308000 1.000000000000 -0.000000000000 0.000000000000 -0.000000000000 -0.000000000000 1.000000000000 -0.000000000000 0.000000000000 0.000000000000 -0.000000000000 1.000000000000 -0.000000000000 -0.000000000000 0.000000000000 -0.000000000000 1.000000000000 0.076614603732 -0.097541650098 0.010630654367 0.000216499697 0.000628624563 -0.000057142687
0.000000000000 199570000 0.999999998037 0.000005672794 0.000062398761 0.007604959685 -0.000005671453 0.999999999753 -0.000021490470 -0.009682257289 -0.000062398883 0.000021490116 0.999999997822 0.001054883623 -0.000000000000 0.000000000000 -0.000000000000 1.000000000000 0.076614603732 -0.097541650098 0.010630654367 0.000216499697 0.000628624563 -0.000057142687
0.000000000000 200275000 0.999999873660 0.000489139748 0.000115857409 -0.000669351945 -0.000489110018 0.999999847490 -0.000256499630 0.002054112428 -0.000115982856 0.000256442931 0.999999960392 -0.001016381592 -0.000000000000 0.000000000000 -0.000000000000 1.000000000000 0.018342286900 -0.015144129681 0.046984042782 -0.005164568150 0.000072299058 0.007905865536
0.000000000000 299572000 0.999999948655 -0.000295891166 0.000123036540 0.001150974328 0.000295859609 0.999999923357 0.000256421728 0.000551205340 -0.000123112403 -0.000256385313 0.999999959555 0.003648336471 -0.000000000000 0.000000000000 -0.000000000000 1.000000000000 0.018342286900 -0.015144129681 0.046984042782 -0.005164568150 0.000072299058 0.007905865536
0.000000000000 300273000 0.999999946234 0.000187666086 0.000268911473 0.015746926710 -0.000187606809 0.999999958105 -0.000220439688 -0.006570083603 -0.000268952831 0.000220389226 0.999999939546 -0.000648610263 -0.000000000000 0.000000000000 -0.000000000000 1.000000000000 0.095567249522 0.098561662548 0.185075085112 -0.001621222386 0.012621148015 -0.004168981154
0.000000000000 399572000 0.999998660475 0.000601818147 0.001522124402 0.025246683717 -0.000601727783 0.999999817172 -0.000059824192 0.003209912019 -0.001522160127 0.000058908207 0.999998839779 0.017703806597 -0.000000000000 0.000000000000 -0.000000000000 1.000000000000 0.095567249522 0.098561662548 0.185075085112 -0.001621222386 0.012621148015 -0.004168981154
0.000000000000 400272000 0.999998389038 0.000783902877 0.001614750037 0.025514590229 -0.000783381553 0.999999640844 -0.000323458779 -0.005836212595 -0.001615003018 0.000322193293 0.999998643977 0.006596315482 -0.000000000000 0.000000000000 -0.000000000000 1.000000000000 0.107256299906 0.025270968281 -0.079040066227 -0.002401213850 0.000611693944 0.011153474809
0.000000000000 499573000 0.999998543613 -0.000323640082 0.001675717205 0.036170506612 0.000323779944 0.999999944123 -0.000083193055 -0.003291973494 -0.001675690187 0.000083735498 0.999998592524 -0.001253256858 -0.000000000000 0.000000000000 -0.000000000000 1.000000000000 0.107256299906 0.025270968281 -0.079040066227 -0.002401213850 0.000611693944 0.011153474809
0.000000000000 500303000 0.999994399702 0.002091913718 0.002612366969 0.016833664896 -0.002091416083 0.999997794322 -0.000193209262 0.004512480491 -0.002612765384 0.000187744633 0.999996569099 0.010690498428 -0.000000000000 0.000000000000 -0.000000000000 1.000000000000 0.068892160030 0.112656075959 -0.148667250091 0.002556085836 -0.000106244936 0.041981807550
0.000000000000 599571000 0.999994457859 -0.002075561939 0.002603131479 0.023630187375 0.002076703949 0.999997748565 -0.000436080088 0.015779184030 -0.002602220507 0.000441483604 0.999996516764 -0.004064705318 -0.000000000000 0.000000000000 -0.000000000000 1.000000000000 0.068892160030 0.112656075959 -0.148667250091 0.002556085836 -0.000106244936 0.041981807550
0.000000000000 600340000 0.999994650254 -0.000621658533 0.003211386719 0.005856346209 0.000621858877 0.999999804762 -0.000061387559 0.002422005929 -0.003211347930 0.000063384260 0.999994841600 0.012090393853 -0.000000000000 0.000000000000 -0.000000000000 1.000000000000 0.025287593483 0.153128924175 -0.109236740080 -0.001118560745 0.002336320316 -0.017735742904
0.000000000000 699570000 0.999993424345 0.001138255360 0.003443202326 0.008384796429 -0.001138412749 0.999999351051 0.000043750548 0.017605154536 -0.003443150292 -0.000047670046 0.999994071204 0.001248103689 -0.000000000000 0.000000000000 -0.000000000000 1.000000000000 0.025287593483 0.153128924175 -0.109236740080 -0.001118560745 0.002336320316 -0.017735742904
0.000000000000 700340000 0.999992748569 0.000558687406 0.003767051619 -0.003086888884 -0.000558945212 0.999999841520 0.000067384537 0.014922280313 -0.003767013376 -0.000069489624 0.999992902366 0.012510401831 -0.000000000000 0.000000000000 -0.000000000000 1.000000000000 -0.170315283888 0.166108547797 -0.067552536621 -0.002274091911 0.014557253661 0.001922770872
0.000000000000 799576000 0.999986351930 0.000367615754 0.005211603663 -0.019979451951 -0.000369152495 0.999999888672 0.000293910247 0.031406068022 -0.005211495037 -0.000295830113 0.999986376309 0.005818201182 -0.000000000000 0.000000000000 -0.000000000000 1.000000000000 -0.170315283888 0.166108547797 -0.067552536621 -0.002274091911 0.014557253661 0.001922770872
0.000000000000 800290000 0.999984902632 0.000538166675 0.005468535904 -0.029044879419 -0.000538784207 0.999999848645 0.000111451950 0.011587293488 -0.005468475096 -0.000114396628 0.999985041235 0.015903711124 -0.000000000000 0.000000000000 -0.000000000000 1.000000000000 -0.309062432978 0.086541282654 -0.163390829864 0.002593646407 0.009781238680 0.008510360837
0.000000000000 899579000 0.999979217842 -0.000306805376 0.006439701411 -0.059737222929 0.000307719965 0.999999942709 -0.000141033113 0.020140377726 -0.006439657772 0.000143011806 0.999979254963 -0.000272019202 -0.000000000000 0.000000000000 -0.000000000000 1.000000000000 -0.309062432978 0.086541282654 -0.163390829864 0.002593646407 0.009781238680 0.008510360837
0.000000000000 900294000 0.999973900957 0.001244574050 0.007116771786 -0.061020064529 -0.001240818955 0.999999088655 -0.000532031284 0.019737465678 -0.007117427453 0.000523186773 0.999974533927 0.013817294902 -0.000000000000 0.000000000000 -0.000000000000 1.000000000000 -0.350042980870 0.048548476869 -0.153279709789 -0.001944071576 0.007636875262 0.009879402352
0.000000000000 999583000 0.999968953457 0.000263980937 0.007875432389 -0.095792475142 -0.000261377073 0.999999910842 -0.000331658580 0.024482093839 -0.007875519238 0.000329589825 0.999968933301 -0.001346523891 -0.000000000000 0.000000000000 -0.000000000000 1.000000000000 -0.350042980870 0.048548476869 -0.153279709789 -0.001944071576 0.007636875262 0.009879402352
0.000000000000 1000314000 0.999965879773 0.001543421768 0.008115241176 -0.086996775971 -0.001539764837 0.999998710204 -0.000456853633 0.015516712641 -0.008115935827 0.000444342482 0.999966966527 0.010058234220 -0.000000000000 0.000000000000 -0.000000000000 1.000000000000 -0.565133815262 0.028186558757 -0.089325670187 -0.006538377513 -0.008794276447 0.011122519216
0.000000000000 1099582000 0.999973676934 0.000439200354 0.007242412734 -0.143120303202 -0.000440665174 0.999999882775 0.000200661214 0.018191331823 -0.007242323755 -0.000203847411 0.999973753252 0.001079610517 -0.000000000000 0.000000000000 -0.000000000000 1.000000000000 -0.565133815262 0.028186558757 -0.089325670187 -0.006538377513 -0.008794276447 0.011122519216
0.000000000000 1100283000 0.999970769377 0.000818985712 0.007601950653 -0.171755399997 -0.000818215854 0.999999659814 -0.000104380617 0.015327058253 -0.007602033553 0.000098157529 0.999971099308 0.008633789768 -0.000000000000 0.000000000000 -0.000000000000 1.000000000000 -0.515839228396 -0.050256365718 -0.009834820904 -0.012413427001 0.004107693579 -0.009168501733
0.000000000000 1199574000 0.999966422381 0.001729124266 0.008010258467 -0.222958561740 -0.001738158579 0.999997861059 0.001121018592 0.010526787330 -0.008008302953 -0.001134904051 0.999967289003 0.007721844323 -0.000000000000 0.000000000000 -0.000000000000 1.000000000000 -0.515839228396 -0.050256365718 -0.009834820904 -0.012413427001 0.004107693579 -0.009168501733
0.000000000000 1200265000 0.999965393733 0.001343328991 0.008210164609 -0.239954867516 -0.001349791414 0.999998783555 0.000781634275 0.006511706132 -0.008209104630 -0.000792689235 0.999965990544 0.005835647621 -0.000000000000 0.000000000000 -0.000000000000 1.000000000000 -0.582734098808 0.017381146736 0.029894872676 -0.012458818012 -0.002684940311 -0.028977458127
0.000000000000 1299572000 0.999959507547 0.004221369494 0.007947534637 -0.297804378532 -0.004237354867 0.999989031143 0.001995599427 0.009020543976 -0.007939023299 -0.002029195145 0.999966426574 0.008723149307 -0.000000000000 0.000000000000 -0.000000000000 1.000000000000 -0.582734098808 0.017381146736 0.029894872676 -0.012458818012 -0.002684940311 -0.028977458127
0.000000000000 1300345000 0.999961377842 0.004060097544 0.007794769593 -0.301090761649 -0.004075385340 0.999989801313 0.001946408238 0.002233112986 -0.007786787489 -0.001978099754 0.999967726010 0.008352231029 -0.000000000000 0.000000000000 -0.000000000000 1.000000000000 -0.866014583917 0.090947238068 0.014741403376 -0.007296242781 0.001887062978 -0.023053048068
0.000000000000 1399578000 0.999947956421 0.006347262716 0.007987283926 -0.387010660005 -0.006368628313 0.999976202481 0.002652366036 0.012051818531 -0.007970258584 -0.002703096039 0.999964583498 0.009874344276 -0.000000000000 0.000000000000 -0.000000000000 1.000000000000 -0.866014583917 0.090947238068 0.014741403376 -0.007296242781 0.001887062978 -0.023053048068
0.000000000000 1400299000 0.999949655400 0.005843348059 0.008157324810 -0.396378961092 -0.005862687993 0.999980055413 0.002348971312 0.008385477370 -0.008143436259 -0.002396676904 0.999963969544 0.011390178235 -0.000000000000 0.000000000000 -0.000000000000 1.000000000000 -1.230961769763 -0.033787109060 -0.088735721171 0.005935049587 -0.000163961898 -0.049266389581
0.000000000000 1499578000 0.999909163796 0.010734308918 0.008150998033 -0.518549514351 -0.010748668067 0.999940752313 0.001719883085 0.007264522767 -0.008132053349 -0.001807339230 0.999965301015 0.002577732548 -0.000000000000 0.000000000000 -0.000000000000 1.000000000000 -1.230961769763 -0.033787109060 -0.088735721171 0.005935049587 -0.000163961898 -0.049266389581
0.000000000000 1500270000 0.999913678101 0.010255721228 0.008213192364 -0.519881937481 -0.010264424056 0.999946801055 0.001018163991 0.003772410223 -0.008202313425 -0.001102379790 0.999965752820 0.008714299417 -0.000000000000 0.000000000000 -0.000000000000 1.000000000000 -1.286622357988 0.099331234877 0.084778508156 -0.008157955971 0.001415178999 -0.045984185850
0.000000000000 1599577000 0.999855201921 0.014821716410 0.008360138423 -0.647605754725 -0.014837177853 0.999888320000 0.001790441387 0.016312980964 -0.008332667348 -0.001914222995 0.999963450535 0.017207385378 -0.000000000000 0.000000000000 -0.000000000000 1.000000000000 -1.286622357988 0.099331234877 0.084778508156 -0.008157955971 0.001415178999 -0.045984185850
0.000000000000 1600305000 0.999864940981 0.014075154958 0.008484680905 -0.652859622781 -0.014088115584 0.999899677455 0.001469702199 0.007986063160 -0.008463143414 -0.001589036868 0.999962924395 0.016828153885 -0.000000000000 0.000000000000 -0.000000000000 1.000000000000 -1.125069712977 0.034620378375 -0.034272244780 0.002256841890 0.007366661588 -0.060284742650
0.000000000000 1699573000 0.999756277175 0.020057565840 0.009223898391 -0.764462057037 -0.020069404379 0.999797877823 0.001192689352 0.015660253424 -0.009198111592 -0.001377516813 0.999956747660 0.013946863122 -0.000000000000 0.000000000000 -0.000000000000 1.000000000000 -1.125069712977 0.034620378375 -0.034272244780 0.002256841890 0.007366661588 -0.060284742650
0.000000000000 1700339000 0.999749597620 0.020340310107 0.009328121070 -0.796006210348 -0.020350738294 0.999792377508 0.001024367052 0.007129698842 -0.009305348399 -0.001213944699 0.999955967445 0.019386335502 -0.000000000000 0.000000000000 -0.000000000000 1.000000000000 -1.385710235982 0.000204806715 0.002831252731 0.001702298800 0.010933796228 -0.049440748637
0.000000000000 1799018000 0.999627793954 0.025216557216 0.010411474292 -0.932680012280 -0.025226328580 0.999681438805 0.000808241801 0.011363477966 -0.010387776525 -0.001070584240 0.999945472487 0.020599834893 -0.000000000000 0.000000000000 -0.000000000000 1.000000000000 -1.385710235982 0.000204806715 0.002831252731 0.001702298800 0.010933796228 -0.049440748637
0.000000000000 1800277000 0.999589171761 0.026658146008 0.010527627895 -0.944297062818 -0.026669030973 0.999643917582 0.000894890245 0.012591755726 -0.010500023077 -0.001175284234 0.999944182553 0.019554641852 -0.000000000000 0.000000000000 -0.000000000000 1.000000000000 -1.589731226290 0.018100295653 -0.075701202298 0.003329258096 0.016937134220 -0.041334407666
0.000000000000 1899036000 0.999453015327 0.030736860041 0.012203097479 -1.101205585504 -0.030745484451 0.999527110725 0.000519723126 0.018548850774 -0.012181352108 -0.000894628989 0.999925404368 0.013794341229 -0.000000000000 0.000000000000 -0.000000000000 1.000000000000 -1.589731226290 0.018100295653 -0.075701202298 0.003329258096 0.016937134220 -0.041334407666
0.000000000000 1900318000 0.999426959600 0.031622506775 0.012073503627 -1.114051336311 -0.031623484788 0.999499846484 -0.000109944348 0.017032305902 -0.012070941738 -0.000271924913 0.999927106554 0.024051134940 -0.000000000000 0.000000000000 -0.000000000000 1.000000000000 -1.905388910368 0.098983587785 0.029206469681 0.012988317747 0.014868965476 -0.069840892903
0.000000000000 1999255000 0.999165774229 0.038528584896 0.013538971698 -1.302346171375 -0.038512004162 0.999257036598 -0.001483355839 0.035140066456 -0.013586064339 0.000960705451 0.999907243649 0.028751496478 -0.000000000000 0.000000000000 -0.000000000000 1.000000000000 -1.905388910368 0.098983587785 0.029206469681 0.012988317747 0.014868965476 -0.069840892903
0.000000000000 2000259000 0.999177451689 0.038138377267 0.013779848184 -1.328156484823 -0.038124668268 0.999272200873 -0.001256276792 0.022475495791 -0.013817731581 0.000729891303 0.999904264194 0.036168503412 -0.000000000000 0.000000000000 -0.000000000000 1.000000000000 -1.981978303938 -0.075336588674 0.001800880878 0.010732820408 0.019305421902 -0.061057009641
0.000000000000 2099575000 0.998899574106 0.044199489216 0.015685853619 -1.524786858429 -0.044167006059 0.999021251294 -0.002411439178 0.023603319977 -0.015777085490 0.001715988376 0.999874061548 0.039106833477 -0.000000000000 0.000000000000 -0.000000000000 1.000000000000 -1.981978303938 -0.075336588674 0.001800880878 0.010732820408 0.019305421902 -0.061057009641
0.000000000000 2100290000 0.998899429218 0.044368290220 0.015211348767 -1.535775441304 -0.044331918237 0.999013153870 -0.002720187506 0.037218311979 -0.015317027575 0.002042845477 0.999880600596 0.032940872805 -0.000000000000 0.000000000000 -0.000000000000 1.000000000000 -2.360885647100 0.059712877673 0.149045886064 -0.000747988344 0.019348097828 -0.029976732856
0.000000000000 2199129000 0.998732579661 0.047331776642 0.017115409566 -1.768915770872 -0.047292472277 0.998877451734 -0.002694157142 0.048019017266 -0.017223715936 0.001881312480 0.999849890870 0.050829055036 -0.000000000000 0.000000000000 -0.000000000000 1.000000000000 -2.360885647100 0.059712877673 0.149045886064 -0.000747988344 0.019348097828 -0.029976732856
0.000000000000 2200276000 0.998744798260 0.047348326350 0.016339031208 -1.788436693202 -0.047301175000 0.998875351528 -0.003260514239 0.035228659685 -0.016475035433 0.002483566261 0.999861192919 0.033169547495 -0.000000000000 0.000000000000 -0.000000000000 1.000000000000 -2.398840631785 0.107775272221 0.151203723581 -0.016544523576 0.010827595714 -0.029058257723
0.000000000000 2299160000 0.998586552027 0.050220041039 0.017402459270 -2.025473749883 -0.050198490651 0.998737859393 -0.001673245641 0.051433371617 -0.017464525384 0.000797303406 0.999847165651 0.050092048879 -0.000000000000 0.000000000000 -0.000000000000 1.000000000000 -2.398840631785 0.107775272221 0.151203723581 -0.016544523576 0.010827595714 -0.029058257723
0.000000000000 2300318000 0.998550006720 0.051140132796 0.016809845243 -2.051637153436 -0.051114626173 0.998690901443 -0.001943802133 0.036182463416 -0.016887245798 0.001081754677 0.999856815117 0.039513830545 -0.000000000000 0.000000000000 -0.000000000000 1.000000000000 -2.703375940664 0.132091453727 0.144177899770 -0.019505919183 0.010310509903 0.005505617150
0.000000000000 2399190000 0.998560008064 0.050596584682 0.017829635833 -2.318897768394 -0.050604520376 0.998718770466 -0.000006089242 0.048144952069 -0.017807100072 -0.000896179697 0.999841039390 0.055915243813 -0.000000000000 0.000000000000 -0.000000000000 1.000000000000 -2.703375940664 0.132091453727 0.144177899770 -0.019505919183 0.010310509903 0.005505617150
0.000000000000 2400320000 0.998519028922 0.051664215557 0.017045753486 -2.335148121954 -0.051652601601 0.998664484036 -0.001121193055 0.043470980698 -0.017080914170 0.000239075087 0.999854081961 0.045766615363 -0.000000000000 0.000000000000 -0.000000000000 1.000000000000 -2.992873894508 0.194399197156 0.238705251993 -0.001701281918 0.011662022564 0.012340086857
0.000000000000 2499216000 0.998560964136 0.050445568298 0.018200152260 -2.631125962162 -0.050436969437 0.998726811741 -0.000931462733 0.059675799587 -0.018223968207 0.000012161801 0.999833929628 0.072228764653 -0.000000000000 0.000000000000 -0.000000000000 1.000000000000 -2.992873894508 0.194399197156 0.238705251993 -0.001701281918 0.011662022564 0.012340086857
0.000000000000 2500327000 0.998581383364 0.050277913078 0.017531464708 -2.651181566525 -0.050266086345 0.998735238992 -0.001114880944 0.053260256477 -0.017565345482 0.000232061236 0.999845690487 0.056381899942 -0.000000000000 0.000000000000 -0.000000000000 1.000000000000 -3.131825188388 0.314590515246 0.188523724747 -0.011781745186 0.010183546665 0.008491055190
0.000000000000 2599578000 0.998605164610 0.049435841406 0.018542459354 -2.962005034243 -0.049445628841 0.998776814390 0.000069469291 0.082196648658 -0.018516344212 -0.000986215956 0.999828071408 0.077850367427 -0.000000000000 0.000000000000 -0.000000000000 1.000000000000 -3.131825188388 0.314590515246 0.188523724747 -0.011781745186 0.010183546665 0.008491055190
0.000000000000 2600310000 0.998580193515 0.050323284115 0.017468949465 -2.978291338538 -0.050306276766 0.998732839644 -0.001411925536 0.075529206279 -0.017517866234 0.000531123068 0.999846409340 0.047865377206 -0.000000000000 0.000000000000 -0.000000000000 1.000000000000 -3.339945196993 0.263808385406 0.314819811459 0.007727010397 0.015605240300 0.002806660530
0.000000000000 2699265000 0.998565853137 0.050047250275 0.019013408119 -3.308719268153 -0.050014940328 0.998746109351 -0.002171359144 0.100711018005 -0.019098237939 0.001217290624 0.999816870987 0.083940113043 -0.000000000000 0.000000000000 -0.000000000000 1.000000000000 -3.339945196993 0.263808385406 0.314819811459 0.007727010397 0.015605240300 0.002806660530
0.000000000000 2700300000 0.998548056428 0.050710193660 0.018172926646 -3.335462575470 -0.050660912158 0.998710905073 -0.003162288377 0.078045146213 -0.018309860275 0.002237039872 0.999829857860 0.065162470716 -0.000000000000 0.000000000000 -0.000000000000 1.000000000000 -3.461632732119 0.129002161154 0.279834084254 0.018633396495 0.023231653862 0.015207261311
0.000000000000 2799290000 0.998578307671 0.049213843288 0.020478307485 -3.678061943853 -0.049121730071 0.998780397058 -0.004977357448 0.085382908973 -0.020698286971 0.003964351285 0.999777907755 0.101078606477 -0.000000000000 0.000000000000 -0.000000000000 1.000000000000 -3.461632732119 0.129002161154 0.279834084254 0.018633396495 0.023231653862 0.015207261311
0.000000000000 2800286000 0.998553842231 0.049953574950 0.019871198155 -3.730720747146 -0.049836585898 0.998737262627 -0.006339948475 0.062499132384 -0.020162809142 0.005340467235 0.999782446604 0.078154979350 -0.000000000000 0.000000000000 -0.000000000000 1.000000000000 -3.971604144306 -0.033111978128 0.280797163432 0.006661550057 0.031125897309 -0.016645050883
0.000000000000 2899322000 0.998403396027 0.051617104395 0.022941955790 -4.123641369076 -0.051468196224 0.998649856757 -0.007034797495 0.065628967475 -0.023274096740 0.005842784627 0.999712047686 0.118111787138 -0.000000000000 0.000000000000 -0.000000000000 1.000000000000 -3.971604144306 -0.033111978128 0.280797163432 0.006661550057 0.031125897309 -0.016645050883
0.000000000000 2900321000 0.998388085727 0.052262524234 0.022132754894 -4.128373539255 -0.052084841080 0.998606230929 -0.008530233310 0.070490619295 -0.022547718470 0.007363702284 0.999718648561 0.099533806402 -0.000000000000 0.000000000000 -0.000000000000 1.000000000000 -4.363826470887 -0.104144806095 0.131324532995 0.006569151211 0.013255680548 -0.001499350824
0.000000000000 2999569000 0.998349774996 0.052421194332 0.023446644755 -4.561322112290 -0.052218266317 0.998593451304 -0.009185405544 0.060730000996 -0.023895175836 0.007945904418 0.999682891308 0.118326383642 -0.000000000000 0.000000000000 -0.000000000000 1.000000000000 -4.363826470887 -0.104144806095 0.131324532995 0.006569151211 0.013255680548 -0.001499350824
0.000000000000 3000304000 0.998307658973 0.053411677316 0.023000233970 -4.583104549828 -0.053225516844 0.998545209984 -0.008631800156 0.053892023012 -0.023427812384 0.007392992866 0.999698195089 0.118524949422 -0.000000000000 0.000000000000 -0.000000000000 1.000000000000 -4.688132257796 -0.321016605944 0.087470005918 -0.016486622192 0.000149035972 0.012708589738
0.000000000000 3099405000 0.998373579603 0.052154127855 0.023024823526 -5.047743980457 -0.052006395559 0.998622431845 -0.006969464599 0.016215102982 -0.023356591610 0.005760691240 0.999710600156 0.127207057714 -0.000000000000 0.000000000000 -0.000000000000 1.000000000000 -4.688132257796 -0.321016605944 0.087470005918 -0.016486622192 0.000149035972 0.012708589738
0.000000000000 3100302000 0.998301015691 0.053849420814 0.022255829554 -5.033681381979 -0.053684117679 0.998526243033 -0.007959741480 0.024895778000 -0.022651657338 0.006751433431 0.999720621257 0.116089788427 -0.000000000000 0.000000000000 -0.000000000000 1.000000000000 -4.671984572347 -0.362457245356 0.212997527581 -0.007160465476 -0.002917415799 0.000857758286
0.000000000000 3199448000 0.998312082928 0.053762650109 0.021967305992 -5.496925682762 -0.053615183684 0.998535365800 -0.007248125599 -0.011398711303 -0.022324810365 0.006058110218 0.999732415271 0.135679805516 -0.000000000000 0.000000000000 -0.000000000000 1.000000000000 -4.671984572347 -0.362457245356 0.212997527581 -0.007160465476 -0.002917415799 0.000857758286
0.000000000000 3200279000 0.998238648532 0.055366017812 0.021312077528 -5.489640073831 -0.055215797545 0.998445716318 -0.007574118236 0.031675757574 -0.021698301279 0.006384014193 0.999744181321 0.123917570294 -0.000000000000 0.000000000000 -0.000000000000 1.000000000000 -4.587348235007 -0.182253802490 0.161709755938 0.002410126462 -0.003850248742 0.000554212226
0.000000000000 3299503000 0.998249902439 0.055308623771 0.020930561773 -5.944864271000 -0.055155758251 0.998447201609 -0.007812037625 0.013246196462 -0.021330133880 0.006643924792 0.999750410679 0.137784165653 -0.000000000000 0.000000000000 -0.000000000000 1.000000000000 -4.587348235007 -0.182253802490 0.161709755938 0.002410126462 -0.003850248742 0.000554212226
0.000000000000 3300295000 0.998141186027 0.057423546047 0.020413454309 -5.960661521938 -0.057248596984 0.998318896252 -0.009054254766 0.052180807262 -0.020899064590 0.007868782972 0.999750624583 0.132075364950 -0.000000000000 0.000000000000 -0.000000000000 1.000000000000 -4.956290713677 -0.144811067295 0.134568961735 0.041931684642 -0.037845361086 0.000533915087
0.000000000000 3399563000 0.998216134683 0.057332862443 0.016658071392 -6.453146393681 -0.057116009159 0.998280086311 -0.013214793691 0.036946557436 -0.017387062896 0.012239777721 0.999773913385 0.122300871588 -0.000000000000 0.000000000000 -0.000000000000 1.000000000000 -4.956290713677 -0.144811067295 0.134568961735 0.041931684642 -0.037845361086 0.000533915087
0.000000000000 3400330000 0.998170238108 0.058265442332 0.016165209122 -6.469839144081 -0.058068845562 0.998235865636 -0.012376014449 0.046831238164 -0.016857785477 0.011414674257 0.999792738662 0.113023006300 -0.000000000000 0.000000000000 -0.000000000000 1.000000000000 -5.038174373664 -0.053896299032 0.203378561623 0.046498101679 -0.046473599718 0.004521873644
0.000000000000 3499602000 0.998263956123 0.057753433526 0.011559187798 -6.970509226613 -0.057552943262 0.998197963384 -0.016984834951 0.037966017101 -0.012519290254 0.016290083253 0.999788928004 0.102404778786 -0.000000000000 0.000000000000 -0.000000000000 1.000000000000 -5.038174373664 -0.053896299032 0.203378561623 0.046498101679 -0.046473599718 0.004521873644
0.000000000000 3500302000 0.998195233341 0.058986671818 0.011262712052 -6.975807965726 -0.058793429944 0.998129124187 -0.016780466198 0.058667912673 -0.012231464769 0.016088007900 0.999795762779 0.087710889432 -0.000000000000 0.000000000000 -0.000000000000 1.000000000000 -5.050210912782 0.078100286744 0.108443333475 -0.024187420010 -0.042478546226 -0.009453665583
0.000000000000 3599583000 0.998182007631 0.059860154331 0.007031469600 -7.477464236664 -0.059754446816 0.998109407204 -0.014388097036 0.073391677041 -0.007879449663 0.013941778009 0.999871762327 0.067841779990 -0.000000000000 0.000000000000 -0.000000000000 1.000000000000 -5.050210912782 0.078100286744 0.108443333475 -0.024187420010 -0.042478546226 -0.009453665583
0.000000000000 3600304000 0.998152975801 0.060430772312 0.006225645068 -7.486514969901 -0.060332695462 0.998067225809 -0.014892233675 0.087268955251 -0.007113561485 0.014489117411 0.999869722874 0.041448542016 -0.000000000000 0.000000000000 -0.000000000000 1.000000000000 -5.086383666614 -0.018888282973 0.152307086846 0.061481019374 -0.033481284036 0.003825465651
0.000000000000 3699591000 0.998194555025 0.059993077280 0.002908779234 -7.991680609148 -0.059919152581 0.997982444413 -0.020993708508 0.082231039754 -0.004162387787 0.020781513935 0.999775376375 0.031361301011 -0.000000000000 0.000000000000 -0.000000000000 1.000000000000 -5.086383666614 -0.018888282973 0.152307086846 0.061481019374 -0.033481284036 0.003825465651
0.000000000000 3700302000 0.998191179156 0.060070346717 0.002433783085 -7.995610522557 -0.060007318438 0.997983019982 -0.020712642534 0.076522729917 -0.003673089811 0.020529132278 0.999782507918 0.014916622502 -0.000000000000 0.000000000000 -0.000000000000 1.000000000000 -5.194937968425 -0.160195144120 0.231569387543 -0.028980529367 0.017464752707 0.007541334690
0.000000000000 3799386000 0.998228041784 0.059357544524 0.004178337431 -8.510338517432 -0.059274209337 0.998082326655 -0.017839207548 0.054578834775 -0.005229216301 0.017559929570 0.999832137996 0.051954853240 -0.000000000000 0.000000000000 -0.000000000000 1.000000000000 -5.194937968425 -0.160195144120 0.231569387543 -0.028980529367 0.017464752707 0.007541334690
0.000000000000 3800296000 0.998255267609 0.058908223204 0.004030127881 -8.517542940028 -0.058829129717 0.998114160054 -0.017528747703 0.061565161787 -0.005055115087 0.017261075813 0.999838237453 0.038891303758 -0.000000000000 0.000000000000 -0.000000000000 1.000000000000 -5.375496688473 -0.055093016504 0.048533752187 -0.024864767864 0.039858128986 0.035675131692
0.000000000000 3899401000 0.998429573992 0.055441757621 0.008037243979 -9.050203454455 -0.055316547195 0.998355533174 -0.015043569615 0.025192981546 -0.008858068939 0.014575352217 0.999854536281 0.078291506943 -0.000000000000 0.000000000000 -0.000000000000 1.000000000000 -5.375496688473 -0.055093016504 0.048533752187 -0.024864767864 0.039858128986 0.035675131692
0.000000000000 3900310000 0.998435299377 0.055354273732 0.007928261937 -9.067663892928 -0.055226880770 0.998353906453 -0.015474789508 0.037060014114 -0.008771807010 0.015012722919 0.999848825349 0.081894979550 -0.000000000000 0.000000000000 -0.000000000000 1.000000000000 -5.391852309045 0.148701057432 -0.151886086449 -0.027621639235 0.018594661398 0.016650004736
0.000000000000 3999425000 0.998507375588 0.053731675239 0.009794282678 -9.601985604987 -0.053605466118 0.998481138362 -0.012722827434 0.036620367345 -0.010463025349 0.012178809943 0.999871092536 0.083943906997 -0.000000000000 0.000000000000 -0.000000000000 1.000000000000 -5.391852309045 0.148701057432 -0.151886086449 -0.027621639235 0.018594661398 0.016650004736
0.000000000000 4000253000 0.998470143772 0.054489558350 0.009394680826 -9.638936060945 -0.054373453682 0.998446131914 -0.012200377102 0.052831677240 -0.010044875891 0.011670891037 0.999881438357 0.096152138089 -0.000000000000 0.000000000000 -0.000000000000 1.000000000000 -5.618762582935 0.332708942001 -0.039877809492 -0.018208106574 0.019941419968 0.015315846775
0.000000000000 4099460000 0.998529893323 0.052993599293 0.011389933030 -10.196246293122 -0.052876131327 0.998547146125 -0.010378424825 0.070957158214 -0.011923375208 0.009760911838 0.999881271814 0.111704332010 -0.000000000000 0.000000000000 -0.000000000000 1.000000000000 -5.618762582935 0.332708942001 -0.039877809492 -0.018208106574 0.019941419968 0.015315846775
0.000000000000 4100355000 0.998501170610 0.053516576781 0.011462473556 -10.199392081725 -0.053387038448 0.998509686193 -0.011323899746 0.062687660023 -0.012051407224 0.010694979636 0.999870182071 0.122382772930 -0.000000000000 0.000000000000 -0.000000000000 1.000000000000 -5.650343885988 0.271863457699 -0.063654527470 0.024138663767 0.010796057468 0.037492915417
0.000000000000 4199496000 0.998679124299 0.049817393710 0.012579108630 -10.759653555658 -0.049644896568 0.998673350251 -0.013672005832 0.050388305758 -0.013243524256 0.013029458265 0.999827406247 0.127424324500 -0.000000000000 0.000000000000 -0.000000000000 1.000000000000 -5.650343885988 0.271863457699 -0.063654527470 0.024138663767 0.010796057468 0.037492915417
0.000000000000 4200303000 0.998596662114 0.051580706341 0.012005713172 -10.781820294091 -0.051407802295 0.998575492938 -0.014290653145 0.056722432445 -0.012725732932 0.013653411200 0.999825804870 0.131300685482 -0.000000000000 0.000000000000 -0.000000000000 1.000000000000 -5.665133752830 0.212842562965 0.091823078104 -0.003378817760 -0.011334748531 0.040763861508
0.000000000000 4299525000 0.998810099394 0.047526197721 0.010938275864 -11.344251687997 -0.047372464585 0.998780450223 -0.013909056448 0.033138308266 -0.011585980659 0.013374332967 0.999843433878 0.127954321522 -0.000000000000 0.000000000000 -0.000000000000 1.000000000000 -5.665133752830 0.212842562965 0.091823078104 -0.003378817760 -0.011334748531 0.040763861508
0.000000000000 4300288000 0.998712840397 0.049604632110 0.010585031831 -11.332192049632 -0.049457952854 0.998682293698 -0.013696245932 0.050945528383 -0.011250481109 0.013155102672 0.999850173750 0.127086856544 -0.000000000000 0.000000000000 -0.000000000000 1.000000000000 -5.614154694028 0.233203188495 0.090973931677 -0.024834372157 -0.014126933636 -0.001047165047
0.000000000000 4399577000 0.998722403813 0.049691694699 0.009181263532 -11.889782917260 -0.049587655255 0.998706619093 -0.011231804202 0.075611684771 -0.009727516047 0.010762177161 0.999894769950 0.119677395077 -0.000000000000 0.000000000000 -0.000000000000 1.000000000000 -5.614154694028 0.233203188495 0.090973931677 -0.024834372157 -0.014126933636 -0.001047165047
0.000000000000 4400263000 0.998795626475 0.048294649766 0.008655826837 -11.909270832983 -0.048205049772 0.998784586096 -0.010277341777 0.053844354754 -0.009141647046 0.009847709455 0.999909722379 0.110660245320 -0.000000000000 0.000000000000 -0.000000000000 1.000000000000 -5.815245210724 0.246020470532 0.048782543473 -0.040833064260 -0.008311723392 -0.001124213984
0.000000000000 4499581000 0.998797361307 0.048399696204 0.007829460637 -12.486909608725 -0.048351574611 0.998810992308 -0.006223092298 0.080078357000 -0.008121347125 0.005837041417 0.999949985083 0.105164128856 -0.000000000000 0.000000000000 -0.000000000000 1.000000000000 -5.815245210724 0.246020470532 0.048782543473 -0.040833064260 -0.008311723392 -0.001124213984
0.000000000000 4500347000 0.998858304865 0.047181155670 0.007485008484 -12.546234905065 -0.047134566094 0.998868786289 -0.006283347589 0.059804967507 -0.007772996940 0.005923371295 0.999952245955 0.101307298641 -0.000000000000 0.000000000000 -0.000000000000 1.000000000000 -6.174148756938 0.191754263386 -0.035094229213 -0.036262402082 -0.012646617423 -0.012462694819
0.000000000000 4599479000 0.998808146977 0.048409963969 0.006225826900 -13.158305939165 -0.048393953187 0.998824684528 -0.002697197113 0.095020833851 -0.006349080805 0.002392690075 0.999976981839 0.081437684361 -0.000000000000 0.000000000000 -0.000000000000 1.000000000000 -6.174148756938 0.191754263386 -0.035094229213 -0.036262402082 -0.012646617423 -0.012462694819
0.000000000000 4600252000 0.998855669129 0.047430426287 0.006140595320 -13.143678617031 -0.047412344860 0.998870723051 -0.003057480377 0.074606039703 -0.006278678484 0.002762841585 0.999976472175 0.087990112666 -0.000000000000 0.000000000000 -0.000000000000 1.000000000000 -6.290157194614 0.205976372888 -0.019838213939 -0.025648519418 -0.038136684923 -0.037363155724
0.000000000000 4699451000 0.998689428170 0.051126309083 0.002350868146 -13.767482459379 -0.051125201372 0.998692111720 -0.000528936289 0.145067206695 -0.002374836034 0.000408054473 0.999997096818 0.034838964916 -0.000000000000 0.000000000000 -0.000000000000 1.000000000000 -6.290157194614 0.205976372888 -0.019838213939 -0.025648519418 -0.038136684923 -0.037363155724
0.000000000000 4700297000 0.998715314191 0.050636327675 0.001919250018 -13.785271509528 -0.050635097995 0.998716986432 -0.000684004810 0.121396864740 -0.001951423086 0.000585944666 0.999997924306 0.036080788926 -0.000000000000 0.000000000000 -0.000000000000 1.000000000000 -6.408595152304 0.298372616252 -0.017431342815 -0.015192485870 -0.044288504897 -0.067824359333
0.000000000000 4799410000 0.998351136593 0.057349000562 -0.002469857734 -14.419233735569 -0.057347125143 0.998353959718 0.000823622302 0.245775857680 0.002513026165 -0.000680625021 0.999996610719 -0.027825957097 -0.000000000000 0.000000000000 -0.000000000000 1.000000000000 -6.408595152304 0.298372616252 -0.017431342815 -0.015192485870 -0.044288504897 -0.067824359333
0.000000000000 4800258000 0.998335458399 0.057587374776 -0.003163348009 -14.419780332214 -0.057586130930 0.998340425039 0.000482966612 0.237760587010 0.003185910975 -0.000299997722 0.999994879973 -0.040337438420 -0.000000000000 0.000000000000 -0.000000000000 1.000000000000 -6.454646382257 0.311018344129 0.076824063325 -0.001222571887 -0.020270523512 -0.087617913896
0.000000000000 4899388000 0.997789221844 0.066256787680 -0.005167867949 -15.056771355420 -0.066254356906 0.997802560708 0.000640339684 0.396595836919 0.005198938723 -0.000296530268 0.999986441461 -0.062375687367 -0.000000000000 0.000000000000 -0.000000000000 1.000000000000 -6.454646382257 0.311018344129 0.076824063325 -0.001222571887 -0.020270523512 -0.087617913896
0.000000000000 4900304000 0.997830225157 0.065616465377 -0.005414908582 -15.078423766247 -0.065616185346 0.997844909558 0.000229544293 0.356545926388 0.005418300849 0.000126259411 0.999985312929 -0.063649182144 -0.000000000000 0.000000000000 -0.000000000000 1.000000000000 -6.258639876697 0.225209457558 -0.091872968356 0.021504959859 -0.024899475186 -0.101270350330
0.000000000000 4999446000 0.997104850915 0.075628303874 -0.007891510364 -15.694238675497 -0.075644976570 0.997133124444 -0.001835662132 0.533540256323 0.007730058372 0.002427300733 0.999967176666 -0.109792581787 -0.000000000000 -0.000000000000 -0.000000000000 1.000000000000 -6.258639876697 0.225209457558 -0.091872968356 0.021504959859 -0.024899475186 -0.101270350330
0.000000000000 5000266000 0.997056118645 0.076352013606 -0.007033227588 -15.685532084975 -0.076367388370 0.997077852655 -0.001943640709 0.531406725144 0.006864274579 0.002475028084 0.999973377631 -0.083741703425 -0.000000000000 -0.000000000000 -0.000000000000 1.000000000000 -6.336432673258 0.330586540019 -0.145325739534 -0.036297489173 0.007633659950 -0.123263522984
0.000000000000 5099080000 0.996057165611 0.088491136083 -0.006280260415 -16.303876366949 -0.088481964186 0.996076286982 0.001724101326 0.758585559569 0.006408186161 -0.001161613703 0.999978792677 -0.088347901504 -0.000000000000 0.000000000000 -0.000000000000 1.000000000000 -6.336432673258 0.330586540019 -0.145325739534 -0.036297489173 0.007633659950 -0.123263522984
0.000000000000 5100280000 0.995923507288 0.090041763102 -0.005371082644 -16.298222613507 -0.090036488834 0.995937724590 0.001216313104 0.773848959116 0.005458782803 -0.000727761390 0.999984835912 -0.053482377043 -0.000000000000 0.000000000000 -0.000000000000 1.000000000000 -6.524808949783 0.278938028881 -0.155766727094 -0.015026428008 0.019911636279 -0.136197356605
0.000000000000 5199120000 0.994630250487 0.103437255761 -0.003376231211 -16.931129719771 -0.103428181338 0.994633093861 0.002760417050 1.025019360403 0.003643641260 -0.002396396848 0.999990490535 -0.037513719632 -0.000000000000 0.000000000000 -0.000000000000 1.000000000000 -6.524808949783 0.278938028881 -0.155766727094 -0.015026428008 0.019911636279 -0.136197356605
0.000000000000 5200260000 0.994627527488 0.103463504620 -0.003374133293 -16.928357530228 -0.103456270089 0.994631451600 0.002252924024 0.999868328534 0.003589114510 -0.001891745007 0.999991769745 -0.026083551744 -0.000000000000 0.000000000000 -0.000000000000 1.000000000000 -6.405988929246 0.133134063797 0.010987061643 -0.034380775894 0.012615134650 -0.216843472022
0.000000000000 5299352000 0.992179133543 0.124805496323 -0.002038393823 -17.537582972787 -0.124792150745 0.992166429132 0.005718043050 1.383313076239 0.002736069121 -0.005418947450 0.999981574297 -0.007507491083 -0.000000000000 0.000000000000 -0.000000000000 1.000000000000 -6.405988929246 0.133134063797 0.010987061643 -0.034380775894 0.012615134650 -0.216843472022
0.000000000000 5300260000 0.992233868240 0.124362833986 -0.002415831361 -17.545095381037 -0.124346162654 0.992219956154 0.006131104501 1.362285355729 0.003159517618 -0.005783090177 0.999978286422 -0.011189183419 -0.000000000000 0.000000000000 -0.000000000000 1.000000000000 -6.373662617403 0.116682944751 -0.081881363821 -0.009596270692 0.019728027870 -0.224790224929
0.000000000000 5399476000 0.989218522589 0.146446638706 -0.000310769708 -18.142532981699 -0.146440753496 0.989193864742 0.007113625863 1.771844717093 0.001349178085 -0.006991421116 0.999974649553 0.014123600749 -0.000000000000 0.000000000000 -0.000000000000 1.000000000000 -6.373662617403 0.116682944751 -0.081881363821 -0.009596270692 0.019728027870 -0.224790224929
0.000000000000 5400275000 0.989081224147 0.147369899995 -0.000666794373 -18.147432953839 -0.147362350005 0.989060470517 0.006612371823 1.773819618307 0.001633964531 -0.006441912431 0.999977915718 0.019051969364 -0.000000000000 0.000000000000 -0.000000000000 1.000000000000 -6.313496551409 0.036295962462 -0.128927361648 0.026972864852 -0.018932025639 -0.275893097147
