0.000000000000 337000 1.000000000000 -0.000000000000 0.000000000000 -0.000000000000 -0.000000000000 1.000000000000 -0.000000000000 0.000000000000 0.000000000000 -0.000000000000 1.000000000000 -0.000000000000 -0.000000000000 0.000000000000 -0.000000000000 1.000000000000 0.000000000000 0.000000000000 0.000000000000 0.000000000000 0.000000000000 0.000000000000
0.000000000000 99479000 1.000000000000 -0.000000000000 0.000000000000 -0.000000000000 -0.000000000000 1.000000000000 -0.000000000000 0.000000000000 0.000000000000 -0.000000000000 1.000000000000 -0.000000000000 -0.000000000000 0.000000000000 -0.000000000000 1.000000000000 0.000000000000 0.000000000000 0.000000000000 0.000000000000 0.000000000000 0.000000000000
0.000000000000 100303000 1.000000000000 -0.000000000000 0.000000000000 -0.000000000000 -0.000000000000 1.000000000000 -0.000000000000 0.000000000000 0.000000000000 -0.000000000000 1.000000000000 -0.000000000000 -0.000000000000 0.000000000000 -0.000000000000 1.000000000000 -0.168334191488 0.694955405964 0.028168699330 -0.000466946744 0.001002214553 -0.000019393106
0.000000000000 199481000 0.999999995058 0.000001921077 0.000099398173 -0.016694926268 -0.000001925681 0.999999998926 0.000046310979 0.068924710353 -0.000099398084 -0.000046311170 0.999999993988 0.002792962877 -0.000000000000 0.000000000000 -0.000000000000 1.000000000000 -0.168334191488 0.694955405964 0.028168699330 -0.000466946744 0.001002214553 -0.000019393106
0.000000000000 200342000 0.999999963969 0.000226342055 0.000144333117 -0.025768008441 -0.000226362437 0.999999964410 0.000141210331 0.055347837844 -0.000144301150 -0.000141242998 0.999999979614 0.002709623827 -0.000000000000 0.000000000000 -0.000000000000 1.000000000000 0.001459838878 0.622535053370 -0.070958663124 0.003041741280 -0.004060633986 0.003577798901
0.000000000000 299482000 0.999999958419 -0.000128363268 -0.000258233032 -0.025653533994 0.000128321859 0.999999978908 -0.000160366821 0.117056824030 0.000258253612 0.000160333677 0.999999953799 -0.004309543090 -0.000000000000 0.000000000000 -0.000000000000 1.000000000000 0.001459838878 0.622535053370 -0.070958663124 0.003041741280 -0.004060633986 0.003577798901
0.000000000000 300326000 0.999998665628 0.001633305113 0.000032508360 -0.028969580686 -0.001633303898 0.999998665459 -0.000037385707 0.103685831140 -0.000032569379 0.000037332561 0.999999998773 0.002959665303 -0.000000000000 0.000000000000 -0.000000000000 1.000000000000 0.202168573542 0.507493762746 -0.073395506768 -0.001782230575 -0.002981113630 0.031344891817
0.000000000000 399482000 0.999998877963 -0.001474711517 -0.000263244940 -0.009323506678 0.001474748138 0.999998902901 0.000138974655 0.153947273597 0.000263039704 -0.000139362719 0.999999955694 -0.004346356159 -0.000000000000 0.000000000000 -0.000000000000 1.000000000000 0.202168573542 0.507493762746 -0.073395506768 -0.001782230575 -0.002981113630 0.031344891817
0.000000000000 400322000 0.999999631904 0.000854475837 -0.000077864260 -0.028640044295 -0.000854463370 0.999999622144 0.000160011407 0.129089360651 0.000078000957 -0.000159944816 0.999999984167 0.003246248714 -0.000000000000 0.000000000000 -0.000000000000 1.000000000000 0.038198000873 0.247605052181 -0.017103816158 -0.000312504482 0.001458115242 0.013911584242
0.000000000000 499484000 0.999999859950 -0.000525051425 0.000066483439 -0.025046891679 0.000525038718 0.999999843928 0.000190992165 0.153605447570 -0.000066583709 -0.000190957232 0.999999979551 0.001549698957 -0.000000000000 0.000000000000 -0.000000000000 1.000000000000 0.038198000873 0.247605052181 -0.017103816158 -0.000312504482 0.001458115242 0.013911584242
0.000000000000 500331000 0.999999949959 0.000103407439 -0.000298980108 -0.038010785748 -0.000103369877 0.999999986764 0.000125648163 0.140511931859 0.000298993097 -0.000125617251 0.999999947412 -0.001236903307 -0.000000000000 0.000000000000 -0.000000000000 1.000000000000 0.005741156629 0.219298545371 -0.017268524754 0.001493110299 0.001959532724 -0.000080653206
0.000000000000 599489000 0.999999988317 0.000111394825 -0.000104676327 -0.037440697223 -0.000111397170 0.999999993544 -0.000022404071 0.162257749424 0.000104673831 0.000022415731 0.999999994270 -0.002919472577 -0.000000000000 -0.000000000000 -0.000000000000 1.000000000000 0.005741156629 0.219298545371 -0.017268524754 0.001493110299 0.001959532724 -0.000080653206
0.000000000000 600333000 0.999999876049 0.000496639180 -0.000035374553 -0.025319777772 -0.000496630880 0.999999849244 0.000234241942 0.134203075929 0.000035490881 -0.000234224345 0.999999971940 0.001753303867 -0.000000000000 0.000000000000 -0.000000000000 1.000000000000 0.038873003913 -0.042252066571 0.001107218843 0.004552014039 0.000379234423 0.003545680750
0.000000000000 699491000 0.999999989477 0.000145056228 0.000002226571 -0.021511584197 -0.000145055741 0.999999965906 -0.000217132548 0.130004382529 -0.000002258067 0.000217132222 0.999999976424 0.001923601453 -0.000000000000 0.000000000000 -0.000000000000 1.000000000000 0.038873003913 -0.042252066571 0.001107218843 0.004552014039 0.000379234423 0.003545680750
0.000000000000 700316000 0.999999956052 -0.000156465050 -0.000251824544 -0.025659294190 0.000156447112 0.999999985224 -0.000071251190 0.122829138062 0.000251835688 0.000071211789 0.999999965754 -0.001303349067 -0.000000000000 0.000000000000 -0.000000000000 1.000000000000 -0.120949813331 -0.033806981774 0.059332089858 -0.003141720282 0.006451588919 -0.006758342204
0.000000000000 799494000 0.999999792716 0.000513762972 0.000388090975 -0.037572658462 -0.000513856252 0.999999839105 0.000240294224 0.119497912017 -0.000387967458 -0.000240493597 0.999999895822 0.004563594742 -0.000000000000 0.000000000000 -0.000000000000 1.000000000000 -0.120949813331 -0.033806981774 0.059332089858 -0.003141720282 0.006451588919 -0.006758342204
0.000000000000 800339000 0.999999758564 0.000677947864 -0.000152508703 -0.033006446244 -0.000677957317 0.999999768269 -0.000061939837 0.107868773969 0.000152466675 0.000062043217 0.999999986452 0.002734411705 -0.000000000000 -0.000000000000 -0.000000000000 1.000000000000 -0.083776911695 -0.115574805867 -0.000311287525 -0.002391008133 0.004108504720 0.019297465178
0.000000000000 899497000 0.999999204224 -0.001235573079 0.000254774174 -0.041507869883 0.001235528452 0.999999221379 0.000175245689 0.096337954328 -0.000254990505 -0.000174930769 0.999999952190 0.002694516273 -0.000000000000 0.000000000000 -0.000000000000 1.000000000000 -0.083776911695 -0.115574805867 -0.000311287525 -0.002391008133 0.004108504720 0.019297465178
0.000000000000 900325000 0.999999740489 0.000710524873 -0.000119067550 -0.035003088908 -0.000710504601 0.999999733105 0.000170213377 0.084771845551 0.000119188459 -0.000170128734 0.999999978425 0.000334093476 -0.000000000000 0.000000000000 -0.000000000000 1.000000000000 0.054146935857 -0.223396896296 -0.002615403973 0.002463468146 0.001563345609 0.017634861275
0.000000000000 999497000 0.999999460247 -0.001038372925 0.000035889157 -0.029762009161 0.001038375584 0.999999458138 -0.000074167341 0.062560358595 -0.000035812124 0.000074204568 0.999999996606 0.000097735859 -0.000000000000 0.000000000000 -0.000000000000 1.000000000000 0.054146935857 -0.223396896296 -0.002615403973 0.002463468146 0.001563345609 0.017634861275
0.000000000000 1000356000 0.999999986429 -0.000148804875 -0.000070698180 -0.026957491036 0.000148806070 0.999999988786 0.000016897171 0.069265608011 0.000070695665 -0.000016907692 0.999999997358 0.001258098705 -0.000000000000 0.000000000000 -0.000000000000 1.000000000000 0.022911131445 -0.165305339310 0.020793832477 0.001123842028 0.001322212607 -0.000433221406
0.000000000000 1099494000 0.999999992575 -0.000105851288 0.000060381046 -0.024683214370 0.000105856995 0.999999989930 -0.000094517531 0.052878498186 -0.000060371041 0.000094523922 0.999999993710 0.003329736805 -0.000000000000 0.000000000000 -0.000000000000 1.000000000000 0.022911131445 -0.165305339310 0.020793832477 0.001123842028 0.001322212607 -0.000433221406
0.000000000000 1100316000 0.999999770366 -0.000673559377 0.000074740093 -0.025108882660 0.000673561786 0.999999772638 -0.000032223058 0.054531840374 -0.000074718372 0.000032273393 0.999999996688 0.002944900515 -0.000000000000 0.000000000000 -0.000000000000 1.000000000000 0.049565443379 -0.046446468549 0.053729577214 0.000615123551 -0.001143480780 -0.000980214952
0.000000000000 1199494000 0.999999833162 -0.000576350271 -0.000038674704 -0.020188615355 0.000576346663 0.999999829566 -0.000093231837 0.049927209269 0.000038728431 0.000093209531 0.999999994906 0.008274336761 -0.000000000000 0.000000000000 -0.000000000000 1.000000000000 0.049565443379 -0.046446468549 0.053729577214 0.000615123551 -0.001143480780 -0.000980214952
0.000000000000 1200336000 0.999999239824 -0.001223293603 -0.000154610384 -0.031207656762 0.001223293325 0.999999251775 -0.000001892794 0.057255739582 0.000154612583 0.000001703659 0.999999988046 0.003767558590 -0.000000000000 0.000000000000 -0.000000000000 1.000000000000 -0.054420844576 0.033295973503 0.005774847131 -0.001383460747 0.005324296134 -0.013603781855
0.000000000000 1299496000 0.999999922382 0.000125622715 0.000373437088 -0.036522395775 -0.000125673190 0.999999982971 0.000135143682 0.060603609937 -0.000373420104 -0.000135190602 0.999999921140 0.004349988161 -0.000000000000 0.000000000000 -0.000000000000 1.000000000000 -0.054420844576 0.033295973503 0.005774847131 -0.001383460747 0.005324296134 -0.013603781855
0.000000000000 1300331000 0.999999353903 0.001132644877 -0.000096484563 -0.033324409558 -0.001132646868 0.999999358344 -0.000020574130 0.063589726376 0.000096461198 0.000020683400 0.999999995134 0.002194122620 -0.000000000000 -0.000000000000 -0.000000000000 1.000000000000 0.081022585787 0.109364629813 0.004851519777 -0.000812534670 0.002182131601 0.028445359639
0.000000000000 1399495000 0.999998567945 -0.001688118397 0.000119849166 -0.025483891378 0.001688111211 0.999998573337 0.000060033190 0.074352038837 -0.000119950338 -0.000059830786 0.999999991016 0.002676024546 -0.000000000000 0.000000000000 -0.000000000000 1.000000000000 0.081022585787 0.109364629813 0.004851519777 -0.000812534670 0.002182131601 0.028445359639
0.000000000000 1400355000 0.999999918453 0.000385187325 -0.000121348835 -0.038263293636 -0.000385175432 0.999999921017 0.000098011159 0.067571253831 0.000121386579 -0.000097964410 0.999999987834 0.001909458051 -0.000000000000 0.000000000000 -0.000000000000 1.000000000000 -0.061207025503 0.076587835660 -0.034862075248 0.000787848626 0.001429350337 0.009771642863
0.000000000000 1499493000 0.999999829524 -0.000583557516 0.000020296345 -0.044400297939 0.000583557113 0.999999829533 0.000019856840 0.075123929085 -0.000020307929 -0.000019844992 0.999999999597 -0.001535252593 -0.000000000000 0.000000000000 -0.000000000000 1.000000000000 -0.061207025503 0.076587835660 -0.034862075248 0.000787848626 0.001429350337 0.009771642863
0.000000000000 1500294000 0.999999917386 0.000397561133 -0.000084690597 -0.025958268117 -0.000397552520 0.999999915805 0.000101691514 0.074921883071 0.000084731019 -0.000101657837 0.999999991243 0.000671384951 -0.000000000000 0.000000000000 -0.000000000000 1.000000000000 -0.001630500466 0.051405269915 0.031024171698 0.001714982530 0.001084699721 0.018263007724
0.000000000000 1599491000 0.999998999935 -0.001414074319 0.000022878227 -0.026260077085 0.001414075883 0.999998997849 -0.000068485511 0.079973451342 -0.000022781361 0.000068517794 0.999999997393 0.003764872016 -0.000000000000 0.000000000000 -0.000000000000 1.000000000000 -0.001630500466 0.051405269915 0.031024171698 0.001714982530 0.001084699721 0.018263007724
0.000000000000 1600344000 0.999999949539 0.000309817213 -0.000070257364 -0.031216711620 -0.000309803223 0.999999932202 0.000199042926 0.066602902351 0.000070319026 -0.000199021150 0.999999977723 0.002688963296 -0.000000000000 0.000000000000 -0.000000000000 1.000000000000 -0.044924558926 0.022275548994 0.116393490378 0.003257434451 0.003296124471 0.015771599079
0.000000000000 1699488000 0.999999181042 -0.001253848980 0.000256473734 -0.035773756780 0.001253880754 0.999999206232 -0.000123765566 0.068756270054 -0.000256318347 0.000124087052 0.999999959452 0.014261445155 -0.000000000000 0.000000000000 -0.000000000000 1.000000000000 -0.044924558926 0.022275548994 0.116393490378 0.003257434451 0.003296124471 0.015771599079
0.000000000000 1700287000 0.999999929878 0.000372033062 0.000042848737 -0.038591711510 -0.000372038816 0.999999921766 0.000134368721 0.073392504176 -0.000042798744 -0.000134384653 0.999999990055 0.005463107053 -0.000000000000 0.000000000000 -0.000000000000 1.000000000000 -0.075828019102 0.060043277601 0.043977000036 0.002148869944 0.001367859586 0.013310502955
0.000000000000 1799488000 0.999999534350 -0.000948386010 0.000178505037 -0.046213693699 0.000948400063 0.999999547175 -0.000078655256 0.079291238234 -0.000178430361 0.000078824513 0.999999980975 0.009847697932 -0.000000000000 0.000000000000 -0.000000000000 1.000000000000 -0.075828019102 0.060043277601 0.043977000036 0.002148869944 0.001367859586 0.013310502955
0.000000000000 1800346000 0.999999986978 -0.000136291742 -0.000086420008 -0.032734468796 0.000136304411 0.999999979963 0.000146614391 0.069337782653 0.000086400024 -0.000146626168 0.999999985518 0.003416737724 -0.000000000000 0.000000000000 -0.000000000000 1.000000000000 -0.061595771919 -0.100072784394 0.011800486636 0.000667912743 0.002421723006 0.006234742553
0.000000000000 1899488000 0.999999703612 -0.000754441437 0.000153603392 -0.038879997784 0.000754429091 0.999999712185 0.000080417197 0.059394004923 -0.000153664017 -0.000080301290 0.999999984970 0.004599516591 -0.000000000000 0.000000000000 -0.000000000000 1.000000000000 -0.061595771919 -0.100072784394 0.011800486636 0.000667912743 0.002421723006 0.006234742553
0.000000000000 1900278000 0.999999862554 -0.000509323365 -0.000124425729 -0.027642829776 0.000509339910 0.999999861446 0.000132971816 0.059499572111 0.000124357986 -0.000133035172 0.999999983418 0.000536157256 -0.000000000000 0.000000000000 -0.000000000000 1.000000000000 0.050546587469 -0.241355682013 0.142618961833 0.001793146632 0.004714807322 0.004277396216
0.000000000000 1999493000 0.999999505137 -0.000933727191 0.000343336869 -0.022644433643 0.000933742657 0.999999563055 -0.000044889415 0.035541354932 -0.000343294805 0.000045209981 0.999999940052 0.014706365054 -0.000000000000 0.000000000000 -0.000000000000 1.000000000000 0.050546587469 -0.241355682013 0.142618961833 0.001793146632 0.004714807322 0.004277396216
0.000000000000 2000351000 0.999999728513 -0.000730997354 -0.000092822126 -0.020488906720 0.000730969364 0.999999687474 -0.000301223750 0.037513871361 0.000093042291 0.000301155818 0.999999950324 0.014035102577 -0.000000000000 0.000000000000 -0.000000000000 1.000000000000 0.039954944639 -0.127498079263 -0.010170751224 -0.005946069118 0.006171213550 0.001236067689
0.000000000000 2099495000 0.999999501045 -0.000853541550 0.000519015434 -0.016523173380 0.000853391988 0.999999594297 0.000288317488 0.024878949478 -0.000519261314 -0.000287874420 0.999999823748 0.013019668868 -0.000000000000 0.000000000000 -0.000000000000 1.000000000000 0.039954944639 -0.127498079263 -0.010170751224 -0.005946069118 0.006171213550 0.001236067689
0.000000000000 2100291000 0.999999867719 0.000510312497 0.000064369236 -0.032389179120 -0.000510317250 0.999999867062 0.000073839851 0.024815010128 -0.000064331546 -0.000073872690 0.999999995202 0.004249896906 -0.000000000000 0.000000000000 -0.000000000000 1.000000000000 0.007130832327 -0.128477070772 -0.032641803428 0.003119327172 -0.001804734911 0.018007629918
0.000000000000 2199498000 0.999999179114 -0.001276187503 -0.000114528894 -0.031715114855 0.001276160485 0.999999157938 -0.000235664638 0.012011085814 0.000114829550 0.000235518287 0.999999965673 0.001011555127 -0.000000000000 0.000000000000 -0.000000000000 1.000000000000 0.007130832327 -0.128477070772 -0.032641803428 0.003119327172 -0.001804734911 0.018007629918
0.000000000000 2200341000 0.999999443858 -0.001053151594 0.000056177369 -0.034928583271 0.001053142465 0.999999432278 0.000162279660 0.029661655178 -0.000056348242 -0.000162220407 0.999999985255 0.002165806896 -0.000000000000 0.000000000000 -0.000000000000 1.000000000000 0.030721020097 -0.120287875019 -0.005808508007 0.002776861927 -0.001475582031 0.004047443723
0.000000000000 2299495000 0.999998938199 -0.001454467560 -0.000090142243 -0.031892256460 0.001454457364 0.999998935885 -0.000113063888 0.017720715709 0.000090306595 0.000112932660 0.999999989545 0.001591505281 -0.000000000000 0.000000000000 -0.000000000000 1.000000000000 0.030721020097 -0.120287875019 -0.005808508007 0.002776861927 -0.001475582031 0.004047443723
0.000000000000 2300339000 0.999999975359 0.000221997211 0.000000446325 -0.009944432499 -0.000221997260 0.999999968777 0.000114726739 0.011684678527 -0.000000420856 -0.000114726835 0.999999993419 -0.000128053276 -0.000000000000 0.000000000000 -0.000000000000 1.000000000000 0.060862667403 -0.115340755884 -0.037562551975 0.001916772390 -0.001133881163 0.017528057466
0.000000000000 2399491000 0.999998844689 -0.001515939606 -0.000112014291 -0.003919919430 0.001515931163 0.999998848131 -0.000075421819 0.000236754808 0.000112128497 0.000075251925 0.999999990882 -0.003852097310 -0.000000000000 0.000000000000 -0.000000000000 1.000000000000 0.060862667403 -0.115340755884 -0.037562551975 0.001916772390 -0.001133881163 0.017528057466
0.000000000000 2400351000 0.999999724324 0.000712800742 -0.000208004987 -0.009112330923 -0.000712741996 0.999999706136 0.000282360422 0.007184451986 0.000208206193 -0.000282212091 0.999999938503 -0.002574870520 -0.000000000000 0.000000000000 -0.000000000000 1.000000000000 0.009368047940 -0.124486431966 -0.030100070505 0.001541003256 0.003511242126 0.028561524121
0.000000000000 2499493000 0.999997745385 -0.002118905203 0.000139522399 -0.008187818019 0.002118887140 0.999997746773 0.000129485793 -0.005181216435 -0.000139796453 -0.000129189869 0.999999981883 -0.005555875381 -0.000000000000 0.000000000000 -0.000000000000 1.000000000000 0.009368047940 -0.124486431966 -0.030100070505 0.001541003256 0.003511242126 0.028561524121
0.000000000000 2500342000 0.999998988066 0.001421886331 0.000045892232 -0.034738240203 -0.001421880272 0.999998980445 -0.000131778388 -0.008412781438 -0.000046079559 0.000131713001 0.999999990264 0.003640489926 -0.000000000000 0.000000000000 -0.000000000000 1.000000000000 -0.104257001865 -0.051294277631 -0.099591323539 -0.003222365836 -0.001298743582 0.049001583030
0.000000000000 2599502000 0.999994089698 -0.003437102865 -0.000083027286 -0.045022518657 0.003437118397 0.999994075482 0.000187662020 -0.013693329706 0.000082381781 -0.000187946286 0.999999978945 -0.006236597883 -0.000000000000 0.000000000000 -0.000000000000 1.000000000000 -0.104257001865 -0.051294277631 -0.099591323539 -0.003222365836 -0.001298743582 0.049001583030
0.000000000000 2600342000 0.999999995335 0.000003078749 -0.000096538654 -0.036490767019 -0.000003085166 0.999999997786 -0.000066470034 -0.006375466561 0.000096538450 0.000066470332 0.999999993131 0.004084598881 -0.000000000000 -0.000000000000 -0.000000000000 1.000000000000 -0.026462134797 -0.052427364389 -0.079410542136 -0.003586941556 0.002241595507 0.013168802422
0.000000000000 2699502000 0.999999143515 -0.001302764858 0.000125592678 -0.039102968895 0.001302728489 0.999999109622 0.000289230323 -0.011623469200 -0.000125969366 -0.000289066462 0.999999950286 -0.003778153074 -0.000000000000 0.000000000000 -0.000000000000 1.000000000000 -0.026462134797 -0.052427364389 -0.079410542136 -0.003586941556 0.002241595507 0.013168802422
0.000000000000 2700314000 0.999999162382 -0.001286979196 -0.000137547002 -0.037461772631 0.001287019030 0.999999129768 0.000289905427 -0.013168405784 0.000137173780 -0.000290082210 0.999999948518 -0.000595373055 -0.000000000000 0.000000000000 -0.000000000000 1.000000000000 0.045049932993 -0.024898024813 -0.047830388923 0.005189151536 0.000059973600 -0.016921180482
0.000000000000 2799507000 0.999999914720 0.000391479996 -0.000131543240 -0.033017283649 -0.000391509533 0.999999898139 -0.000224595478 -0.015577434462 0.000131455302 0.000224646959 0.999999966127 -0.005346992944 -0.000000000000 -0.000000000000 -0.000000000000 1.000000000000 0.045049932993 -0.024898024813 -0.047830388923 0.005189151536 0.000059973600 -0.016921180482
0.000000000000 2800312000 0.999999765878 0.000572896059 -0.000374211575 -0.029662553459 -0.000572848872 0.999999827960 0.000126191813 -0.008960168168 0.000374283806 -0.000125977417 0.999999922021 -0.001925020645 -0.000000000000 0.000000000000 -0.000000000000 1.000000000000 0.115776651473 0.009707840180 0.007135036766 -0.000102211002 0.007690268019 0.029538658096
0.000000000000 2899509000 0.999997146086 -0.002357345621 0.000388255244 -0.018154101944 0.002357292838 0.999997212285 0.000136351413 -0.008067250439 -0.000388575590 -0.000135435792 0.999999915333 -0.001198922226 -0.000000000000 0.000000000000 -0.000000000000 1.000000000000 0.115776651473 0.009707840180 0.007135036766 -0.000102211002 0.007690268019 0.029538658096
0.000000000000 2900331000 0.999999561875 -0.000935490527 -0.000033264756 -0.036837276642 0.000935496130 0.999999548174 0.000168815735 0.023850015501 0.000033106816 -0.000168846780 0.999999985197 0.004765732129 -0.000000000000 0.000000000000 -0.000000000000 1.000000000000 0.234711114251 0.339865656204 -0.083399125402 -0.000972063342 0.002577227832 -0.013726609255
0.000000000000 2999503000 0.999999884587 0.000425753873 0.000222620343 -0.013504827633 -0.000425812883 0.999999874206 0.000265088664 0.057589621203 -0.000222507452 -0.000265183428 0.999999940084 -0.003502646114 -0.000000000000 0.000000000000 -0.000000000000 1.000000000000 0.234711114251 0.339865656204 -0.083399125402 -0.000972063342 0.002577227832 -0.013726609255
0.000000000000 3000350000 0.999999995345 0.000043974913 -0.000085887473 -0.060582787266 -0.000043975243 0.999999999026 -0.000003846892 0.020648657005 0.000085887304 0.000003850669 0.999999996304 0.001081735168 -0.000000000000 -0.000000000000 -0.000000000000 1.000000000000 0.256199193880 0.365328239845 -0.086507923058 -0.003412224981 0.001828851270 0.009106042914
0.000000000000 3099502000 0.999999626574 -0.000858936100 0.000095297291 -0.035215714650 0.000858904180 0.999999575201 0.000334485853 0.056827304280 -0.000095584552 -0.000334403876 0.999999939519 -0.007500107329 -0.000000000000 0.000000000000 -0.000000000000 1.000000000000 0.256199193880 0.365328239845 -0.086507923058 -0.003412224981 0.001828851270 0.009106042914
0.000000000000 3100362000 0.999999749099 0.000696626107 -0.000128504511 -0.044719717493 -0.000696634048 0.999999755443 -0.000061766014 0.060361430083 0.000128461452 0.000061855519 0.999999989836 0.001585269582 -0.000000000000 -0.000000000000 -0.000000000000 1.000000000000 0.347825185609 0.344932293743 -0.083994349883 -0.007999813714 0.004973767129 0.015562101157
0.000000000000 3199502000 0.999999575563 -0.000846358836 0.000364076070 -0.010357222101 0.000846092339 0.999999374507 0.000731513956 0.094513332210 -0.000364694966 -0.000731205604 0.999999666168 -0.006789730540 -0.000000000000 0.000000000000 -0.000000000000 1.000000000000 0.347825185609 0.344932293743 -0.083994349883 -0.007999813714 0.004973767129 0.015562101157
0.000000000000 3200360000 0.999999219377 0.001237981623 -0.000169256178 -0.033049125538 -0.001237983219 0.999999233655 -0.000009325494 0.085936303403 0.000169244503 0.000009535023 0.999999985633 0.001123855325 -0.000000000000 -0.000000000000 -0.000000000000 1.000000000000 0.221339009004 0.387451154328 -0.016233543110 -0.000345436787 0.001473102358 0.018454553716
0.000000000000 3299502000 0.999999824715 -0.000591633635 -0.000023224479 -0.011297496490 0.000591634210 0.999999824678 0.000024745598 0.124308294572 0.000023209835 -0.000024759334 0.999999999424 -0.000485927129 -0.000000000000 0.000000000000 -0.000000000000 1.000000000000 0.221339009004 0.387451154328 -0.016233543110 -0.000345436787 0.001473102358 0.018454553716
0.000000000000 3300300000 0.999997703839 0.001996821335 0.000777830988 -0.024361194776 -0.001997225307 0.999997870901 0.000518926980 0.082368835653 -0.000776793128 -0.000520479293 0.999999562847 0.010281993119 -0.000000000000 0.000000000000 -0.000000000000 1.000000000000 0.172207166565 0.242262621804 -0.029680621807 0.009943831148 -0.012236462450 0.031495009989
0.000000000000 3399503000 0.999999269208 -0.001127546234 -0.000436145605 -0.007583241898 0.001127342539 0.999999255505 -0.000466998489 0.106343422905 0.000436671842 0.000466506462 0.999999795845 0.007411276861 -0.000000000000 0.000000000000 -0.000000000000 1.000000000000 0.172207166565 0.242262621804 -0.029680621807 0.009943831148 -0.012236462450 0.031495009989
0.000000000000 3400352000 0.999999787968 0.000623097646 -0.000189243666 -0.039513844809 -0.000623084924 0.999999803620 0.000067274330 0.096820126308 0.000189285547 -0.000067156401 0.999999979831 0.001815524165 -0.000000000000 0.000000000000 -0.000000000000 1.000000000000 0.284849239200 0.284089110163 0.087492209885 -0.002924386007 0.008216629664 0.006429001313
0.000000000000 3499504000 0.999999804385 -0.000014522747 0.000625315132 -0.011336190290 0.000014299279 0.999999936040 0.000357371638 0.124973668864 -0.000625320282 -0.000357362627 0.999999740633 0.010479098077 -0.000000000000 0.000000000000 -0.000000000000 1.000000000000 0.284849239200 0.284089110163 0.087492209885 -0.002924386007 0.008216629664 0.006429001313
0.000000000000 3500297000 0.999999653199 0.000789566151 -0.000264927311 -0.036551255664 -0.000789570956 0.999999688126 -0.000018034998 0.096722775727 0.000264912989 0.000018244171 0.999999964744 0.001379461978 -0.000000000000 -0.000000000000 -0.000000000000 1.000000000000 0.287834038290 0.051630616504 0.019000975526 -0.003341125419 0.008065706967 -0.004968164715
0.000000000000 3599510000 0.999999034471 0.001282355601 0.000535370936 -0.007943493046 -0.001282523497 0.999999128462 0.000313382450 0.101856954034 -0.000534968601 -0.000314068773 0.999999807585 0.003249501445 -0.000000000000 0.000000000000 -0.000000000000 1.000000000000 0.287834038290 0.051630616504 0.019000975526 -0.003341125419 0.008065706967 -0.004968164715
0.000000000000 3600353000 0.999997726237 0.002100243269 0.000369457460 -0.041104426346 -0.002100320491 0.999997772536 0.000208749277 0.108678980370 -0.000369018212 -0.000209524781 0.999999909963 0.006636584410 -0.000000000000 0.000000000000 -0.000000000000 1.000000000000 0.053971879959 0.170830916097 0.036694417782 0.000517712822 -0.002188551879 0.030108727095
0.000000000000 3699511000 0.999999596642 -0.000885236688 0.000151897099 -0.036104090074 0.000885212659 0.999999595687 0.000158192125 0.125502559338 -0.000152037075 -0.000158057600 0.999999975951 0.010272764105 -0.000000000000 0.000000000000 -0.000000000000 1.000000000000 0.053971879959 0.170830916097 0.036694417782 0.000517712822 -0.002188551879 0.030108727095
0.000000000000 3700333000 0.999999807832 0.000390610475 -0.000481413382 -0.041212979878 -0.000390694836 0.999999908339 -0.000175154842 0.102048685488 0.000481344921 0.000175342894 0.999999868781 0.001013897749 -0.000000000000 -0.000000000000 -0.000000000000 1.000000000000 0.109090372020 0.030629729440 -0.043329683755 -0.008012194897 0.011513013633 0.003686847967
0.000000000000 3799505000 0.999999781711 0.000024723548 0.000660277849 -0.030433414669 -0.000025132569 0.999999807815 0.000619465943 0.105072292587 -0.000660262407 -0.000619482403 0.999999590148 -0.003324595176 -0.000000000000 0.000000000000 -0.000000000000 1.000000000000 0.109090372020 0.030629729440 -0.043329683755 -0.008012194897 0.011513013633 0.003686847967
0.000000000000 3800366000 0.999998405447 0.001784854980 0.000058280990 -0.037678468277 -0.001784873400 0.999998356696 0.000317542395 0.108194717658 -0.000057714127 -0.000317645913 0.999999947885 0.004172521976 -0.000000000000 0.000000000000 -0.000000000000 1.000000000000 0.190560693576 -0.045316430853 0.038680515133 0.007657278247 -0.000099027791 0.013064347424
0.000000000000 3899502000 0.999999878911 0.000489714871 0.000048544089 -0.018924390140 -0.000489693392 0.999999782641 -0.000441496533 0.103660942738 -0.000048760286 0.000441472707 0.999999901362 0.008087265209 -0.000000000000 0.000000000000 -0.000000000000 1.000000000000 0.190560693576 -0.045316430853 0.038680515133 0.007657278247 -0.000099027791 0.013064347424
0.000000000000 3900328000 0.999999787546 0.000636131722 0.000142280377 -0.016504804054 -0.000636161790 0.999999775308 0.000211379995 0.119410512735 -0.000142145879 -0.000211470464 0.999999967537 0.004856832363 -0.000000000000 0.000000000000 -0.000000000000 1.000000000000 0.176046594089 0.171991665927 0.077162273724 0.003431099681 -0.000891797659 -0.010421966830
0.000000000000 3999506000 0.999998604482 0.001669769604 0.000053875791 0.001086709161 -0.001669762642 0.999998597623 -0.000129012706 0.136473394948 -0.000054091136 0.000128922566 0.999999990227 0.012552526584 -0.000000000000 0.000000000000 -0.000000000000 1.000000000000 0.176046594089 0.171991665927 0.077162273724 0.003431099681 -0.000891797659 -0.010421966830
0.000000000000 4000364000 0.999999405418 0.001089977476 -0.000033360241 -0.017325773292 -0.001089972500 0.999999394907 0.000148816037 0.110848297716 0.000033522427 -0.000148779587 0.999999988371 0.001763661242 -0.000000000000 0.000000000000 -0.000000000000 1.000000000000 0.060212285561 -0.104633527090 0.062276862069 0.001314314184 0.003520090693 -0.005908440788
0.000000000000 4099512000 0.999998546087 0.001675756396 0.000315697905 -0.011292263036 -0.001675762295 0.999998595740 0.000018422012 0.100481865133 -0.000315666591 -0.000018951020 0.999999949998 0.007957036784 -0.000000000000 0.000000000000 -0.000000000000 1.000000000000 0.060212285561 -0.104633527090 0.062276862069 0.001314314184 0.003520090693 -0.005908440788
0.000000000000 4100324000 0.999999523450 0.000967798752 -0.000128320791 -0.030662299978 -0.000967755637 0.999999475402 0.000335626068 0.073928769354 0.000128645543 -0.000335501724 0.999999935445 0.000125633153 -0.000000000000 0.000000000000 -0.000000000000 1.000000000000 0.125775016143 -0.097173364965 0.041972844859 0.004648010388 0.001902981286 0.004756982413
0.000000000000 4199515000 0.999999875203 0.000495930259 0.000060387818 -0.018218763827 -0.000495922682 0.999999869164 -0.000125429739 0.064277508662 -0.000060450014 0.000125399776 0.999999990310 0.004325424979 -0.000000000000 0.000000000000 -0.000000000000 1.000000000000 0.125775016143 -0.097173364965 0.041972844859 0.004648010388 0.001902981286 0.004756982413
0.000000000000 4200373000 0.999999985237 -0.000085177754 -0.000149236849 -0.021300090742 0.000085166137 0.999999993343 -0.000077849236 0.071672138481 0.000149243479 0.000077836525 0.999999985834 0.004174277558 -0.000000000000 0.000000000000 -0.000000000000 1.000000000000 0.038149344095 -0.077957426625 -0.013844377468 -0.003112328040 0.004444587076 -0.003884633850
0.000000000000 4299515000 0.999999912557 0.000299917473 0.000291436177 -0.017490252038 -0.000299984707 0.999999928397 0.000230684647 0.063951856173 -0.000291366970 -0.000230772054 0.999999930925 0.002789345463 -0.000000000000 0.000000000000 -0.000000000000 1.000000000000 0.038149344095 -0.077957426625 -0.013844377468 -0.003112328040 0.004444587076 -0.003884633850
0.000000000000 4300344000 0.999999322539 0.001163313020 0.000040294823 -0.016079397799 -0.001163315424 0.999999321566 0.000059704490 0.061115898010 -0.000040225340 -0.000059751325 0.999999997406 -0.000140519013 -0.000000000000 0.000000000000 -0.000000000000 1.000000000000 -0.000576558309 -0.129555442506 -0.040148175131 -0.000813133149 0.000289144136 0.020166315685
0.000000000000 4399522000 0.999999647556 -0.000836754290 0.000068771542 -0.016245994998 0.000836744624 0.999999640065 0.000140458907 0.048234281619 -0.000068889047 -0.000140401314 0.999999987771 -0.004126300279 -0.000000000000 0.000000000000 -0.000000000000 1.000000000000 -0.000576558309 -0.129555442506 -0.040148175131 -0.000813133149 0.000289144136 0.020166315685
0.000000000000 4400380000 0.999999884511 -0.000263450422 0.000401959857 -0.002148835099 0.000263355168 0.999999937236 0.000237006828 0.048312746801 -0.000402022272 -0.000236900942 0.999999891128 0.004344268768 -0.000000000000 0.000000000000 -0.000000000000 1.000000000000 -0.158176246271 -0.134179596325 0.010324558740 0.005388676576 -0.004838669358 0.018435785157
0.000000000000 4499526000 0.999997810225 -0.002091292576 -0.000077718850 -0.017909802880 0.002091269410 0.999997769201 -0.000296961222 0.034988478107 0.000078339710 0.000296798041 0.999999952887 0.005385346023 -0.000000000000 0.000000000000 -0.000000000000 1.000000000000 -0.158176246271 -0.134179596325 0.010324558740 0.005388676576 -0.004838669358 0.018435785157
0.000000000000 4500348000 0.999998059985 -0.001965328006 0.000132330930 -0.016146511196 0.001965339452 0.999998064984 -0.000086418355 0.041565362069 -0.000132160833 0.000086678262 0.999999987510 0.004060746831 -0.000000000000 0.000000000000 -0.000000000000 1.000000000000 -0.190436449011 -0.056631874483 -0.078909060362 -0.001504534706 -0.001253463043 -0.020741979853
0.000000000000 4599526000 0.999999995752 0.000091827514 0.000007989869 -0.034953951806 -0.000091828014 0.999999993821 0.000062654849 0.036001278638 -0.000007984116 -0.000062655583 0.999999998005 -0.003774297652 -0.000000000000 0.000000000000 -0.000000000000 1.000000000000 -0.190436449011 -0.056631874483 -0.078909060362 -0.001504534706 -0.001253463043 -0.020741979853
0.000000000000 4600377000 0.999999718726 0.000723057587 0.000199339419 -0.010569414184 -0.000723071047 0.999999736309 0.000067460467 0.034770286648 -0.000199290588 -0.000067604585 0.999999977857 0.000255817111 -0.000000000000 0.000000000000 -0.000000000000 1.000000000000 -0.300392410536 -0.131877166714 -0.009364101768 0.000964532235 -0.002471671046 0.027638403711
0.000000000000 4699531000 0.999997964014 -0.002017392103 -0.000045790714 -0.040431738957 0.002017390824 0.999997964674 -0.000027966344 0.021624277601 0.000045847040 0.000027873909 0.999999998561 -0.000676223212 -0.000000000000 0.000000000000 -0.000000000000 1.000000000000 -0.300392410536 -0.131877166714 -0.009364101768 0.000964532235 -0.002471671046 0.027638403711
0.000000000000 4700319000 0.999999993154 -0.000110184437 0.000039377726 -0.012581211862 0.000110182557 0.999999992790 0.000047740030 0.042582446466 -0.000039382986 -0.000047735691 0.999999998085 -0.001514772563 -0.000000000000 0.000000000000 -0.000000000000 1.000000000000 -0.133649106556 0.037871102510 0.024222111931 -0.000433818590 0.001924200040 0.014346626360
0.000000000000 4799532000 0.999998797583 -0.001533573313 0.000230185288 -0.025904309200 0.001533552407 0.999998819970 0.000090972460 0.046312361284 -0.000230324529 -0.000090619349 0.999999969369 0.000890143681 -0.000000000000 0.000000000000 -0.000000000000 1.000000000000 -0.133649106556 0.037871102510 0.024222111931 -0.000433818590 0.001924200040 0.014346626360
0.000000000000 4800391000 0.999998919131 0.001469791682 -0.000038067104 -0.014566670236 -0.001469789199 0.999998917735 0.000065179621 0.040895744351 0.000038162863 -0.000065123599 0.999999997151 -0.001262592715 -0.000000000000 0.000000000000 -0.000000000000 1.000000000000 0.005149872854 0.037253635803 -0.039136119660 -0.001527179923 0.002551772055 0.043494076411
0.000000000000 4899531000 0.999995937910 -0.002842223959 0.000214306591 -0.014241093869 0.002842177460 0.999995937469 0.000216963798 0.044526465691 -0.000214922380 -0.000216353820 0.999999953500 -0.005145354189 -0.000000000000 0.000000000000 -0.000000000000 1.000000000000 0.005149872854 0.037253635803 -0.039136119660 -0.001527179923 0.002551772055 0.043494076411
0.000000000000 4900318000 0.999999303296 0.001157979471 0.000229109571 0.005784149836 -0.001158042428 0.999999291697 0.000274851410 0.025094899021 -0.000228791137 -0.000275116537 0.999999935983 -0.002614815465 -0.000000000000 0.000000000000 -0.000000000000 1.000000000000 -0.208691140703 0.023861095943 0.005009559970 0.005890758683 -0.005675005057 0.036269283661
0.000000000000 4999527000 0.999996966801 -0.002440274389 -0.000333840991 -0.015013156899 0.002440171000 0.999996974804 -0.000309755143 0.027446916684 0.000334595869 0.000308939575 0.999999896301 -0.002105061755 -0.000000000000 0.000000000000 -0.000000000000 1.000000000000 -0.208691140703 0.023861095943 0.005009559970 0.005890758683 -0.005675005057 0.036269283661
0.000000000000 5000373000 0.999999814497 -0.000515329108 0.000324718663 -0.011709452374 0.000515211384 0.999999801568 0.000362521374 0.023544090382 -0.000324905417 -0.000362354008 0.999999881568 0.003096098066 -0.000000000000 0.000000000000 -0.000000000000 1.000000000000 -0.128311593279 0.007868998236 -0.051632942491 0.007278698312 -0.005818073628 0.006963594617
0.000000000000 5099523000 0.999999241275 -0.001205766965 -0.000252143448 -0.024448356167 0.001205676372 0.999999208683 -0.000359135186 0.024311427615 0.000252576282 0.000358830911 0.999999903723 -0.002016459379 -0.000000000000 0.000000000000 -0.000000000000 1.000000000000 -0.128311593279 0.007868998236 -0.051632942491 0.007278698312 -0.005818073628 0.006963594617
0.000000000000 5100347000 0.999999426604 -0.001025062151 0.000309900725 -0.018566137237 0.001024993420 0.999999450083 0.000221862678 0.019874358247 -0.000310127977 -0.000221544905 0.999999927369 -0.004335807625 -0.000000000000 0.000000000000 -0.000000000000 1.000000000000 -0.114781507252 -0.053981048984 -0.020611884210 0.004591528785 -0.006145787988 -0.004674751648
0.000000000000 5199517000 0.999999797501 -0.000561469364 -0.000299581591 -0.029937810637 0.000561399427 0.999999815158 -0.000233482988 0.014534725509 0.000299712629 0.000233314756 0.999999927868 -0.006386841607 -0.000000000000 0.000000000000 -0.000000000000 1.000000000000 -0.114781507252 -0.053981048984 -0.020611884210 0.004591528785 -0.006145787988 -0.004674751648
0.000000000000 5200387000 0.999999966862 0.000103062993 0.000235910586 -0.018455622186 -0.000103124196 0.999999961029 0.000259435253 0.019443991433 -0.000235883839 -0.000259459572 0.999999938520 -0.003270549504 -0.000000000000 0.000000000000 -0.000000000000 1.000000000000 -0.038018716873 -0.044946844188 -0.013052122397 0.004879588638 -0.006275713860 -0.001497811830
0.000000000000 5299520000 0.999999893777 0.000251557140 -0.000386219870 -0.022219553272 -0.000251643775 0.999999943186 -0.000224283966 0.014993171973 0.000386163428 0.000224381132 0.999999900266 -0.004568774843 -0.000000000000 -0.000000000000 -0.000000000000 1.000000000000 -0.038018716873 -0.044946844188 -0.013052122397 0.004879588638 -0.006275713860 -0.001497811830
0.000000000000 5300303000 0.999999596174 0.000883100548 0.000166686811 -0.027631401694 -0.000883127942 0.999999596538 0.000164341435 0.021626739156 -0.000166541614 -0.000164488574 0.999999972604 0.002577257271 -0.000000000000 0.000000000000 -0.000000000000 1.000000000000 -0.040602579428 -0.012079852987 -0.032614311502 0.003170804425 -0.001328539888 0.021442806972
0.000000000000 5399524000 0.999999225020 -0.001244485568 0.000034851843 -0.031704848849 0.001244490784 0.999999214363 -0.000150056262 0.020364733684 -0.000034665073 0.000150099518 0.999999988134 -0.000656088856 -0.000000000000 0.000000000000 -0.000000000000 1.000000000000 -0.040602579428 -0.012079852987 -0.032614311502 0.003170804425 -0.001328539888 0.021442806972
0.000000000000 5400384000 0.999999452445 -0.001046474951 -0.000000711384 -0.044998348645 0.001046475055 0.999999438532 0.000166809719 0.023832099360 0.000000536821 -0.000166810373 0.999999986087 0.000762833245 -0.000000000000 0.000000000000 -0.000000000000 1.000000000000 0.008412851753 -0.029627768103 -0.066596218390 -0.000112578684 0.001598885277 0.014242879929
