0.000000000000 255000 1.000000000000 -0.000000000000 0.000000000000 -0.000000000000 -0.000000000000 1.000000000000 -0.000000000000 0.000000000000 0.000000000000 -0.000000000000 1.000000000000 -0.000000000000 -0.000000000000 0.000000000000 -0.000000000000 1.000000000000 0.000000000000 0.000000000000 0.000000000000 0.000000000000 0.000000000000 0.000000000000
0.000000000000 99231000 1.000000000000 -0.000000000000 0.000000000000 -0.000000000000 -0.000000000000 1.000000000000 -0.000000000000 0.000000000000 0.000000000000 -0.000000000000 1.000000000000 -0.000000000000 -0.000000000000 0.000000000000 -0.000000000000 1.000000000000 0.000000000000 0.000000000000 0.000000000000 0.000000000000 0.000000000000 0.000000000000
0.000000000000 100266000 1.000000000000 -0.000000000000 0.000000000000 -0.000000000000 -0.000000000000 1.000000000000 -0.000000000000 0.000000000000 0.000000000000 -0.000000000000 1.000000000000 -0.000000000000 -0.000000000000 0.000000000000 -0.000000000000 1.000000000000 0.084917518168 -0.091033216501 -0.011317843129 -0.002546691866 0.000559313362 0.001833947076
0.000000000000 199229000 0.999999981998 -0.000181500710 0.000055328711 0.008404517447 0.000181486760 0.999999951771 0.000252034443 -0.009008339972 -0.000055374452 -0.000252024397 0.999999966709 -0.001119150237 -0.000000000000 0.000000000000 -0.000000000000 1.000000000000 0.084917518168 -0.091033216501 -0.011317843129 -0.002546691866 0.000559313362 0.001833947076
0.000000000000 200395000 0.999999987607 -0.000144761405 -0.000061889093 0.000043852899 0.000144777579 0.999999955349 0.000261420143 -0.003059982373 0.000061851246 -0.000261429100 0.999999963915 -0.003501481812 -0.000000000000 0.000000000000 -0.000000000000 1.000000000000 0.006226068177 -0.130257398498 0.068681886302 0.005260498295 0.000233653770 -0.001498746988
0.000000000000 299227000 0.999999999242 0.000003363294 -0.000038796316 0.000657780856 -0.000003373322 0.999999966588 -0.000258479973 -0.015933626491 0.000038795446 0.000258480104 0.999999965841 0.003281567225 -0.000000000000 -0.000000000000 -0.000000000000 1.000000000000 0.006226068177 -0.130257398498 0.068681886302 0.005260498295 0.000233653770 -0.001498746988
0.000000000000 300312000 0.999999982840 0.000184718113 -0.000014085275 0.004563480222 -0.000184713056 0.999999918788 0.000358195750 -0.012113813111 0.000014151439 -0.000358193142 0.999999935749 -0.002055207787 -0.000000000000 0.000000000000 -0.000000000000 1.000000000000 -0.024672348691 -0.053359107251 0.062015475047 -0.006071336068 0.005652119527 0.010041597162
0.000000000000 399228000 0.999999524661 -0.000808927839 0.000544347477 0.002138200873 0.000808405550 0.999999213387 0.000959013391 -0.017387964096 -0.000545122821 -0.000958572881 0.999999391989 0.004086122493 -0.000000000000 0.000000000000 -0.000000000000 1.000000000000 -0.024672348691 -0.053359107251 0.062015475047 -0.006071336068 0.005652119527 0.010041597162
0.000000000000 400390000 0.999999983961 -0.000177643908 0.000022818993 0.010705080944 0.000177635755 0.999999920567 0.000356806598 -0.013526113636 -0.000022882376 -0.000356802539 0.999999936084 -0.002298991139 -0.000000000000 0.000000000000 -0.000000000000 1.000000000000 0.030983479860 0.041681424243 0.002329129250 0.001621369397 0.000196326563 -0.000222943431
0.000000000000 499230000 0.999999987001 -0.000155613421 0.000042230120 0.013767210878 0.000155605118 0.999999968578 0.000196548802 -0.009406217125 -0.000042260704 -0.000196542228 0.999999979793 -0.002070853637 -0.000000000000 0.000000000000 -0.000000000000 1.000000000000 0.030983479860 0.041681424243 0.002329129250 0.001621369397 0.000196326563 -0.000222943431
0.000000000000 500264000 0.999999995908 -0.000048187198 0.000076564072 0.013438414088 0.000048160983 0.999999940233 0.000342365407 -0.005577219256 -0.000076580565 -0.000342361718 0.999999938462 -0.002367586062 -0.000000000000 0.000000000000 -0.000000000000 1.000000000000 -0.282542044603 0.182729554990 0.071650169026 0.002042068369 0.002339687411 0.002700494533
0.000000000000 599233000 0.999999902777 -0.000315509923 0.000308057487 -0.014525312677 0.000315466710 0.999999940396 0.000140314125 0.012507068573 -0.000308101739 -0.000140216929 0.999999942706 0.004724428717 -0.000000000000 0.000000000000 -0.000000000000 1.000000000000 -0.282542044603 0.182729554990 0.071650169026 0.002042068369 0.002339687411 0.002700494533
0.000000000000 600400000 0.999999956555 0.000285434279 0.000073601111 -0.007181394685 -0.000285453097 0.999999926544 0.000255789894 0.003875521335 -0.000073528094 -0.000255810892 0.999999964577 0.000388596160 -0.000000000000 0.000000000000 -0.000000000000 1.000000000000 -0.056618552130 -0.028829034026 0.048640790968 0.005976844478 0.000165774167 0.004896547400
0.000000000000 699228000 0.999999976252 -0.000198482445 0.000090003417 -0.012778048075 0.000198512573 0.999999924234 -0.000334851813 0.001019918093 -0.000089936948 0.000334869672 0.999999939887 0.005197291731 -0.000000000000 0.000000000000 -0.000000000000 1.000000000000 -0.056618552130 -0.028829034026 0.048640790968 0.005976844478 0.000165774167 0.004896547400
0.000000000000 700316000 0.999999917957 0.000396567873 -0.000082577778 -0.010164698257 -0.000396592731 0.999999875990 -0.000301221670 0.003092289438 0.000082458313 0.000301254395 0.999999951223 0.001452050661 -0.000000000000 -0.000000000000 -0.000000000000 1.000000000000 0.109604596345 0.066315622490 0.046816622647 -0.007854288474 0.004117951544 0.007656128198
0.000000000000 799234000 0.999999882198 -0.000360799577 0.000324697294 0.000673922577 0.000360645063 0.999999821773 0.000475803666 0.009651457671 -0.000324868906 -0.000475686510 0.999999834091 0.006080059202 -0.000000000000 0.000000000000 -0.000000000000 1.000000000000 0.109604596345 0.066315622490 0.046816622647 -0.007854288474 0.004117951544 0.007656128198
0.000000000000 800407000 0.999999957192 -0.000229161472 0.000181937117 -0.003338254776 0.000229132693 0.999999961238 0.000158183928 -0.003561980031 -0.000181973360 -0.000158142234 0.999999970938 0.001489137203 -0.000000000000 0.000000000000 -0.000000000000 1.000000000000 0.073200466214 -0.006184884510 -0.025153179563 -0.003364098537 -0.000390880762 -0.002171734040
0.000000000000 899237000 0.999999989616 -0.000014515764 0.000143375873 0.003895331821 0.000014445419 0.999999879540 0.000490623962 -0.004173211937 -0.000143382978 -0.000490621886 0.999999869366 -0.000995463251 -0.000000000000 0.000000000000 -0.000000000000 1.000000000000 0.073200466214 -0.006184884510 -0.025153179563 -0.003364098537 -0.000390880762 -0.002171734040
0.000000000000 900272000 0.999999992274 -0.000039264456 0.000117940452 -0.003142241937 0.000039241219 0.999999979822 0.000197020520 -0.013287421249 -0.000117948186 -0.000197015890 0.999999973636 -0.000268145540 -0.000000000000 0.000000000000 -0.000000000000 1.000000000000 0.034036280668 0.021422794561 -0.033216950266 -0.001397117948 -0.000827554139 0.004048591016
0.000000000000 999235000 0.999999902596 -0.000439905189 0.000035936193 0.000231161793 0.000439893115 0.999999847029 0.000335314963 -0.011168194840 -0.000036083695 -0.000335299122 0.999999943136 -0.003553838271 -0.000000000000 0.000000000000 -0.000000000000 1.000000000000 0.034036280668 0.021422794561 -0.033216950266 -0.001397117948 -0.000827554139 0.004048591016
0.000000000000 1000398000 0.999999995045 -0.000094687777 0.000030737279 0.004054432181 0.000094685920 0.999999993693 0.000060403949 -0.007229021789 -0.000030742998 -0.000060401039 0.999999997703 0.000302179882 -0.000000000000 0.000000000000 -0.000000000000 1.000000000000 -0.044267852582 0.024315136879 0.018814300395 -0.006107469432 0.003142741072 0.004385338801
0.000000000000 1099238000 0.999999802264 -0.000528249612 0.000341210541 -0.000318032222 0.000528022911 0.999999640048 0.000664150265 -0.004824145386 -0.000341561255 -0.000663969967 0.999999721240 0.002164853721 -0.000000000000 0.000000000000 -0.000000000000 1.000000000000 -0.044267852582 0.024315136879 0.018814300395 -0.006107469432 0.003142741072 0.004385338801
0.000000000000 1100275000 0.999999681444 0.000795127325 0.000069885792 0.005717805207 -0.000795118881 0.999999676600 -0.000120768029 -0.001462006470 -0.000069981795 0.000120712423 0.999999990266 0.003430483934 -0.000000000000 0.000000000000 -0.000000000000 1.000000000000 -0.134509705552 0.012899348649 0.036531729609 -0.004366569519 0.001247721070 0.015446581091
0.000000000000 1199240000 0.999999712275 -0.000733562868 0.000193221310 -0.007592111739 0.000733502643 0.999999682448 0.000311572874 -0.000184584741 -0.000193449807 -0.000311431056 0.999999932794 0.007046335540 -0.000000000000 0.000000000000 -0.000000000000 1.000000000000 -0.134509705552 0.012899348649 0.036531729609 -0.004366569519 0.001247721070 0.015446581091
0.000000000000 1200295000 0.999999991186 -0.000128407401 0.000033761340 -0.003067776887 0.000128403498 0.999999985075 0.000115599633 -0.009376422126 -0.000033776183 -0.000115595297 0.999999992748 -0.000295577273 -0.000000000000 0.000000000000 -0.000000000000 1.000000000000 -0.065105436005 -0.078794528231 0.041475017936 0.000252452304 0.000609019114 0.004721096402
0.000000000000 1299242000 0.999999818243 -0.000595552212 0.000093973821 -0.009503461212 0.000595543693 0.999999818555 0.000090650053 -0.017175889761 -0.000094027791 -0.000090594071 0.999999991476 0.003808301219 -0.000000000000 0.000000000000 -0.000000000000 1.000000000000 -0.065105436005 -0.078794528231 0.041475017936 0.000252452304 0.000609019114 0.004721096402
0.000000000000 1300329000 0.999999936180 0.000356878519 0.000016688073 0.000968399648 -0.000356881753 0.999999917467 0.000194167232 -0.009410950856 -0.000016618778 -0.000194173175 0.999999981010 -0.001128671747 -0.000000000000 0.000000000000 -0.000000000000 1.000000000000 -0.139315957929 -0.070338149341 0.030336261626 0.000688792424 0.001038096949 0.009813158114
0.000000000000 1399247000 0.999999804494 -0.000613839700 0.000119219521 -0.012799959090 0.000613824666 0.999999803659 0.000126098950 -0.016374455941 -0.000119296902 -0.000126025746 0.999999984943 0.001871871697 -0.000000000000 0.000000000000 -0.000000000000 1.000000000000 -0.139315957929 -0.070338149341 0.030336261626 0.000688792424 0.001038096949 0.009813158114
0.000000000000 1400270000 0.999999995583 0.000088357086 0.000032048061 0.000296990400 -0.000088363566 0.999999975638 0.000202276237 0.002994885119 -0.000032030188 -0.000202279068 0.999999979029 -0.001550771318 -0.000000000000 0.000000000000 -0.000000000000 1.000000000000 -0.031929877467 -0.035006123669 0.057354064928 -0.000016653829 0.001452795507 -0.000268173831
0.000000000000 1499245000 0.999999977942 0.000114870584 0.000175844963 -0.002863074295 -0.000114906442 0.999999972606 0.000203921803 -0.000469835809 -0.000175821534 -0.000203942004 0.999999963747 0.004126072303 -0.000000000000 0.000000000000 -0.000000000000 1.000000000000 -0.031929877467 -0.035006123669 0.057354064928 -0.000016653829 0.001452795507 -0.000268173831
0.000000000000 1500285000 0.999999779644 0.000663677985 -0.000015629096 0.002905555021 -0.000663676251 0.999999773644 0.000110661337 0.007167388928 0.000015702536 -0.000110650940 0.999999993755 -0.000363141096 -0.000000000000 0.000000000000 -0.000000000000 1.000000000000 0.002269809731 -0.101879958116 0.009865504055 0.001220999745 0.000020387560 0.009645556940
0.000000000000 1599244000 0.999999957613 -0.000290840187 -0.000013659511 0.003128143141 0.000290840048 0.999999957654 -0.000010182002 -0.002911722613 0.000013662471 0.000010178029 0.999999999855 0.000613393874 -0.000000000000 0.000000000000 -0.000000000000 1.000000000000 0.002269809731 -0.101879958116 0.009865504055 0.001220999745 0.000020387560 0.009645556940
0.000000000000 1600410000 0.999999995889 -0.000016260702 -0.000089210932 0.001901599901 0.000016258500 0.999999999563 -0.000024680560 -0.009863953487 0.000089211333 0.000024679109 0.999999995716 -0.000896973213 -0.000000000000 0.000000000000 -0.000000000000 1.000000000000 -0.078072281252 0.040728966408 -0.015029321863 -0.002825262572 0.000882182971 0.004149227487
0.000000000000 1699242000 0.999999909111 -0.000426348742 -0.000002069815 -0.005811392727 0.000426349255 0.999999876721 0.000254528155 -0.005839871806 0.000001961297 -0.000254529015 0.999999967606 -0.002379994080 -0.000000000000 0.000000000000 -0.000000000000 1.000000000000 -0.078072281252 0.040728966408 -0.015029321863 -0.002825262572 0.000882182971 0.004149227487
0.000000000000 1700373000 0.999999940469 0.000344557804 0.000018496116 0.006312565644 -0.000344559907 0.999999934159 0.000113842819 -0.017119023189 -0.000018456890 -0.000113849186 0.999999993349 -0.000559940291 -0.000000000000 0.000000000000 -0.000000000000 1.000000000000 0.024335739619 0.097009002087 -0.006681137058 -0.003060003638 0.000955676533 0.012870873365
0.000000000000 1799240000 0.999999563087 -0.000927974257 0.000112643780 0.008734164268 0.000927927271 0.999999482756 0.000416460275 -0.007518708798 -0.000113030186 -0.000416355568 0.999999906936 -0.001217469594 -0.000000000000 0.000000000000 -0.000000000000 1.000000000000 0.024335739619 0.097009002087 -0.006681137058 -0.003060003638 0.000955676533 0.012870873365
0.000000000000 1800264000 0.999999966473 -0.000258055491 -0.000021481443 -0.005291664089 0.000258064669 0.999999874972 0.000428320647 -0.005584905336 0.000021370910 -0.000428326176 0.999999908040 -0.003836295525 -0.000000000000 0.000000000000 -0.000000000000 1.000000000000 0.044573797405 0.016791522896 0.056070219871 0.003157072350 0.000104783106 -0.000391846375
0.000000000000 1899239000 0.999999975898 -0.000219275030 -0.000011099905 -0.000880134737 0.000219276314 0.999999969249 0.000115847709 -0.003922500266 0.000011074502 -0.000115850140 0.999999993228 0.001711842807 -0.000000000000 0.000000000000 -0.000000000000 1.000000000000 0.044573797405 0.016791522896 0.056070219871 0.003157072350 0.000104783106 -0.000391846375
0.000000000000 1900260000 0.999999918974 0.000393104576 -0.000086723065 0.000534813263 -0.000393104100 0.999999922719 0.000005503330 -0.008180209576 0.000086725221 -0.000005469238 0.999999996224 -0.001536049355 -0.000000000000 0.000000000000 -0.000000000000 1.000000000000 -0.011213225440 0.060715640922 0.066857166354 -0.004595328690 0.004108371732 0.012254358452
0.000000000000 1999246000 0.999999612707 -0.000819999657 0.000319665517 -0.000568140007 0.000819852400 0.999999557883 0.000460517751 -0.002169425123 -0.000320043000 -0.000460255494 0.999999842869 0.005084233247 -0.000000000000 0.000000000000 -0.000000000000 1.000000000000 -0.011213225440 0.060715640922 0.066857166354 -0.004595328690 0.004108371732 0.012254358452
0.000000000000 2000268000 0.999999990639 -0.000127812536 -0.000048846673 0.012082724947 0.000127833244 0.999999901865 0.000424179388 0.006285929843 0.000048792453 -0.000424185628 0.999999908843 -0.006047181424 -0.000000000000 0.000000000000 -0.000000000000 1.000000000000 0.010419693686 0.066032638959 0.060774207473 0.004532543454 0.000364777551 -0.001317175881
0.000000000000 2099243000 0.999999999916 0.000002548705 -0.000012716488 0.013115157712 -0.000002549016 0.999999999698 -0.000024428444 0.012821279716 0.000012716425 0.000024428476 0.999999999621 -0.000028177974 -0.000000000000 -0.000000000000 -0.000000000000 1.000000000000 0.010419693686 0.066032638959 0.060774207473 0.004532543454 0.000364777551 -0.001317175881
0.000000000000 2100313000 0.999999980141 -0.000109654255 0.000166416289 -0.002672011140 0.000109605977 0.999999951918 0.000290085583 0.004781013729 -0.000166448090 -0.000290067337 0.999999944078 0.000700642823 -0.000000000000 0.000000000000 -0.000000000000 1.000000000000 -0.246848534797 0.007996151875 0.066688692824 0.005519235061 -0.002120486954 -0.000533423995
0.000000000000 2199247000 0.999999997442 -0.000056876494 -0.000043372713 -0.027094481988 0.000056865390 0.999999965625 -0.000255961948 0.005570712613 0.000043387270 0.000255959481 0.999999966301 0.007298177840 -0.000000000000 0.000000000000 -0.000000000000 1.000000000000 -0.246848534797 0.007996151875 0.066688692824 0.005519235061 -0.002120486954 -0.000533423995
0.000000000000 2200272000 0.999999909932 -0.000416654369 0.000080843273 0.000122371307 0.000416638834 0.999999894760 0.000192074664 -0.003635291003 -0.000080923293 -0.000192040964 0.999999978286 0.001185735808 -0.000000000000 0.000000000000 -0.000000000000 1.000000000000 -0.277477185632 -0.019807592686 0.033760089434 0.002504985171 -0.000030931708 -0.003424387392
0.000000000000 2299253000 0.999999993954 -0.000077701863 0.000077804672 -0.027344415665 0.000077706213 0.999999995418 -0.000055900371 -0.005591978489 -0.000077800329 0.000055906417 0.999999995411 0.004526187224 -0.000000000000 0.000000000000 -0.000000000000 1.000000000000 -0.277477185632 -0.019807592686 0.033760089434 0.002504985171 -0.000030931708 -0.003424387392
0.000000000000 2300291000 0.999999997450 0.000071364437 -0.000002527334 -0.017256917014 -0.000071363904 0.999999975297 0.000210506570 -0.010224162272 0.000002542357 -0.000210506389 0.999999977840 0.000950945849 -0.000000000000 0.000000000000 -0.000000000000 1.000000000000 -0.099283318944 -0.059078999132 0.060416260592 0.006513311871 -0.000128506192 0.006583939693
0.000000000000 2399258000 0.999999831550 -0.000580233288 -0.000015172428 -0.027074221561 0.000580226647 0.999999737445 -0.000434105694 -0.016088046524 0.000015424307 0.000434096817 0.999999905661 0.006921433011 -0.000000000000 0.000000000000 -0.000000000000 1.000000000000 -0.099283318944 -0.059078999132 0.060416260592 0.006513311871 -0.000128506192 0.006583939693
0.000000000000 2400290000 0.999999976635 0.000190136226 0.000102853889 -0.005873616348 -0.000190166014 0.999999939962 0.000289678490 -0.008978942410 -0.000102798805 -0.000289698042 0.999999952754 -0.001020608949 -0.000000000000 0.000000000000 -0.000000000000 1.000000000000 -0.000144181633 -0.023842202260 0.083440352802 0.002644705766 0.000532596620 0.005123714457
0.000000000000 2499265000 0.999999937669 -0.000316995549 0.000155487486 -0.005882570362 0.000316991202 0.999999949367 0.000027982292 -0.011342536391 -0.000155496348 -0.000027933002 0.999999987520 0.007235611736 -0.000000000000 0.000000000000 -0.000000000000 1.000000000000 -0.000144181633 -0.023842202260 0.083440352802 0.002644705766 0.000532596620 0.005123714457
0.000000000000 2500290000 0.999999985243 0.000157160576 0.000069380119 -0.009539395942 -0.000157166981 0.999999983388 0.000092317108 -0.007523194840 -0.000069365609 -0.000092328011 0.999999993332 0.003294589345 -0.000000000000 0.000000000000 -0.000000000000 1.000000000000 -0.099381400405 -0.017560080064 0.037207134071 -0.001242234723 0.002178319810 0.010082789145
0.000000000000 2599267000 0.999999605925 -0.000840844677 0.000284831845 -0.019366458484 0.000840783325 0.999999623333 0.000215447512 -0.009275044913 -0.000285012896 -0.000215207945 0.999999936227 0.006981418107 -0.000000000000 0.000000000000 -0.000000000000 1.000000000000 -0.099381400405 -0.017560080064 0.037207134071 -0.001242234723 0.002178319810 0.010082789145
0.000000000000 2600322000 0.999999918764 -0.000385458128 -0.000117875050 -0.017236073729 0.000385461247 0.999999925360 0.000026442511 -0.006224511695 0.000117864849 -0.000026487946 0.999999992703 0.001371404940 -0.000000000000 0.000000000000 -0.000000000000 1.000000000000 0.078213924712 0.063308985763 0.105298037403 -0.002468252215 0.007996236951 0.000754528103
0.000000000000 2699271000 0.999999667402 -0.000460235457 0.000673334355 -0.009491432346 0.000460053276 0.999999857538 0.000270694597 0.000040467365 -0.000673458842 -0.000270384737 0.999999736673 0.011801881827 -0.000000000000 0.000000000000 -0.000000000000 1.000000000000 0.078213924712 0.063308985763 0.105298037403 -0.002468252215 0.007996236951 0.000754528103
0.000000000000 2700309000 0.999999930515 -0.000327613491 0.000177876418 -0.002423342134 0.000327570884 0.999999917668 0.000239503962 0.000161069031 -0.000177954868 -0.000239445678 0.999999955499 0.002096354054 -0.000000000000 0.000000000000 -0.000000000000 1.000000000000 0.029795118012 0.073217793279 -0.009885562139 0.000701581542 -0.001998144032 -0.007855696613
0.000000000000 2799268000 0.999999898636 0.000449821652 -0.000019699459 0.000527787774 -0.000449818296 0.999999884379 0.000170014418 0.007407280463 0.000019775933 -0.000170005540 0.999999985353 0.001118160404 -0.000000000000 0.000000000000 -0.000000000000 1.000000000000 0.029795118012 0.073217793279 -0.009885562139 0.000701581542 -0.001998144032 -0.007855696613
0.000000000000 2800409000 0.999999880847 0.000481246597 0.000081905772 0.009331919523 -0.000481256054 0.999999877529 0.000115476095 0.009672697388 -0.000081850190 -0.000115515499 0.999999989978 0.000869537915 -0.000000000000 0.000000000000 -0.000000000000 1.000000000000 0.044005235546 0.094636497113 0.050782657297 -0.001463174589 0.001718345608 0.005719389391
0.000000000000 2899266000 0.999999964787 -0.000084186720 0.000251669981 0.013674601425 0.000084121231 0.999999962606 0.000260215384 0.019035166306 -0.000251691878 -0.000260194204 0.999999934475 0.005885726593 -0.000000000000 0.000000000000 -0.000000000000 1.000000000000 0.044005235546 0.094636497113 0.050782657297 -0.001463174589 0.001718345608 0.005719389391
0.000000000000 2900287000 0.999999966685 -0.000062625837 0.000250415775 0.008710582612 0.000062525475 0.999999917736 0.000400771863 -0.000537262601 -0.000250440853 -0.000400756192 0.999999888337 0.000918183646 -0.000000000000 0.000000000000 -0.000000000000 1.000000000000 -0.077637676064 -0.110309699757 0.004884629158 0.006198540745 -0.005101248919 -0.001863408474
0.000000000000 2999267000 0.999999960193 0.000121861486 -0.000254487665 0.001024326024 -0.000121915632 0.999999969935 -0.000212758305 -0.011457308452 0.000254461731 0.000212789323 0.999999944985 0.001400441649 -0.000000000000 -0.000000000000 -0.000000000000 1.000000000000 -0.077637676064 -0.110309699757 0.004884629158 0.006198540745 -0.005101248919 -0.001863408474
0.000000000000 3000320000 0.999999906666 -0.000427895669 0.000059775967 -0.003680028829 0.000427887859 0.999999899928 0.000130601353 -0.015729277023 -0.000059831844 -0.000130575763 0.999999989685 0.002469337729 -0.000000000000 0.000000000000 -0.000000000000 1.000000000000 -0.140319554674 0.056616507972 -0.042160344381 0.003448539302 -0.002792913416 -0.004000980283
0.000000000000 3099271000 0.999999976030 -0.000032005092 -0.000216601897 -0.017570034449 0.000031959475 0.999999977312 -0.000210604573 -0.010122930856 0.000216608633 0.000210597646 0.999999954365 -0.001709824816 -0.000000000000 0.000000000000 -0.000000000000 1.000000000000 -0.140319554674 0.056616507972 -0.042160344381 0.003448539302 -0.002792913416 -0.004000980283
0.000000000000 3100289000 0.999999976423 0.000032845543 0.000214653708 0.000457205480 -0.000032939214 0.999999904239 0.000436391722 -0.015007948135 -0.000214639354 -0.000436398783 0.999999881743 0.001279005693 -0.000000000000 0.000000000000 -0.000000000000 1.000000000000 -0.055376325178 -0.037550225212 -0.024263524616 0.014690503814 -0.007924752617 0.001802530774
0.000000000000 3199273000 0.999999827082 -0.000145804007 -0.000569717450 -0.005021203004 0.000145224117 0.999999471534 -0.001017763503 -0.018725319871 0.000569865543 0.001017680590 0.999999319789 -0.001149010023 -0.000000000000 0.000000000000 -0.000000000000 1.000000000000 -0.055376325178 -0.037550225212 -0.024263524616 0.014690503814 -0.007924752617 0.001802530774
0.000000000000 3200304000 0.999999308852 0.001175278622 0.000031878075 0.000512948866 -0.001175292158 0.999999217771 0.000427955392 -0.005043242452 -0.000031375083 -0.000427992563 0.999999907919 -0.003066988820 -0.000000000000 0.000000000000 -0.000000000000 1.000000000000 0.018557306528 0.103560496030 -0.004128230541 0.006536359417 -0.002501971505 0.017182529582
0.000000000000 3299273000 0.999999838749 -0.000525243259 -0.000215918679 0.002350226335 0.000525195950 0.999999838082 -0.000219102107 0.005210651813 0.000216033726 0.000218988672 0.999999952687 -0.003475149334 -0.000000000000 0.000000000000 -0.000000000000 1.000000000000 0.018557306528 0.103560496030 -0.004128230541 0.006536359417 -0.002501971505 0.017182529582
0.000000000000 3300314000 0.999999635633 0.000848104986 0.000097221358 -0.001101809075 -0.000848137379 0.999999584676 0.000333631400 0.009113171282 -0.000096938363 -0.000333713736 0.999999939619 -0.000487108627 -0.000000000000 0.000000000000 -0.000000000000 1.000000000000 -0.118395934899 0.029487697072 -0.006858354434 0.004175546230 -0.001711098074 0.014983594630
0.000000000000 3399271000 0.999999796022 -0.000634609553 -0.000072292701 -0.012833483158 0.000634603801 0.999999795475 -0.000079551011 0.012021204614 0.000072343170 0.000079505118 0.999999994223 -0.001162605717 -0.000000000000 0.000000000000 -0.000000000000 1.000000000000 -0.118395934899 0.029487697072 -0.006858354434 0.004175546230 -0.001711098074 0.014983594630
0.000000000000 3400425000 0.999999992290 0.000007037191 0.000123976887 -0.004584634862 -0.000007041961 0.999999999235 0.000038476204 0.011065413284 -0.000123976616 -0.000038477077 0.999999991575 0.003223673559 -0.000000000000 0.000000000000 -0.000000000000 1.000000000000 0.041133730848 -0.066288162434 -0.004661033366 -0.000854423173 -0.000486557740 0.000508150237
0.000000000000 3499265000 0.999999996189 -0.000043184789 0.000075881188 -0.000519488484 0.000043175460 0.999999991512 0.000122932899 0.004513577870 -0.000075886496 -0.000122929622 0.999999989565 0.002762193779 -0.000000000000 0.000000000000 -0.000000000000 1.000000000000 0.041133730848 -0.066288162434 -0.004661033366 -0.000854423173 -0.000486557740 0.000508150237
0.000000000000 3500311000 0.999999989364 -0.000138998540 -0.000044184248 -0.006092371807 0.000139006866 0.999999972576 0.000188480110 -0.001486241723 0.000044158049 -0.000188486250 0.999999981261 -0.000431063788 -0.000000000000 0.000000000000 -0.000000000000 1.000000000000 0.130659125444 -0.011117493169 0.005095005229 0.000664077317 0.001541620865 -0.003928157737
0.000000000000 3599266000 0.999999962949 0.000249689597 0.000108427741 0.006836217773 -0.000249702906 0.999999961290 0.000122753677 -0.002586509022 -0.000108397087 -0.000122780748 0.999999986587 0.000072923268 -0.000000000000 0.000000000000 -0.000000000000 1.000000000000 0.130659125444 -0.011117493169 0.005095005229 0.000664077317 0.001541620865 -0.003928157737
0.000000000000 3600286000 0.999999894852 0.000457782500 0.000027053852 -0.005406885508 -0.000457788281 0.999999872296 0.000214096616 -0.008862331477 -0.000026955839 -0.000214108978 0.999999976715 0.000056838384 -0.000000000000 0.000000000000 -0.000000000000 1.000000000000 -0.064888927846 0.059811167471 0.066668696860 0.005331957367 0.000536909819 -0.000355716406
0.000000000000 3699260000 0.999999875264 0.000492991705 0.000080192047 -0.011829211926 -0.000492966532 0.999999829310 -0.000313628778 -0.002944066131 -0.000080346650 0.000313589207 0.999999947603 0.006652628398 -0.000000000000 0.000000000000 -0.000000000000 1.000000000000 -0.064888927846 0.059811167471 0.066668696860 0.005331957367 0.000536909819 -0.000355716406
0.000000000000 3700303000 0.999999841000 0.000561161836 -0.000055658765 0.009751433287 -0.000561161908 0.999999842548 -0.000001265853 -0.015411647413 0.000055658046 0.000001297086 0.999999998450 0.001891664587 -0.000000000000 -0.000000000000 -0.000000000000 1.000000000000 -0.190927207416 0.097202286586 0.030875908901 -0.001238879940 0.006685825590 0.004085426774
0.000000000000 3799264000 0.999999804112 0.000156822486 0.000605955626 -0.009136443818 -0.000156896105 0.999999980317 0.000121446688 -0.005791828695 -0.000605936569 -0.000121541736 0.999999809034 0.004948284170 -0.000000000000 0.000000000000 -0.000000000000 1.000000000000 -0.190927207416 0.097202286586 0.030875908901 -0.001238879940 0.006685825590 0.004085426774
0.000000000000 3800292000 0.999999962882 0.000154667320 -0.000224309032 -0.007416779698 -0.000154816950 0.999999765435 -0.000667204649 -0.005918900637 0.000224205784 0.000667239351 0.999999752262 0.003680106052 -0.000000000000 -0.000000000000 -0.000000000000 1.000000000000 -0.129248331030 0.088226638987 0.051073039078 -0.016177040272 0.016916636907 0.003346639112
0.000000000000 3899265000 0.999998933198 -0.000176785126 0.001449948049 -0.020198036622 0.000175430838 0.999999548341 0.000934099039 0.002818600195 -0.001450112528 -0.000933843677 0.999998512554 0.008760594190 -0.000000000000 0.000000000000 -0.000000000000 1.000000000000 -0.129248331030 0.088226638987 0.051073039078 -0.016177040272 0.016916636907 0.003346639112
0.000000000000 3900373000 0.999999729580 0.000727859798 -0.000105170790 0.009858044175 -0.000727924196 0.999999546818 -0.000613588086 -0.011113186740 0.000104724136 0.000613664477 0.999999806224 -0.001086370921 -0.000000000000 -0.000000000000 -0.000000000000 1.000000000000 -0.111756179580 0.188271846283 -0.028073607438 -0.007669563169 0.011893909317 0.012221994666
0.000000000000 3999273000 0.999999310533 -0.000480619354 0.001071419155 -0.001195374709 0.000480463717 0.999999873990 0.000145515317 0.007510251367 -0.001071488958 -0.000145000438 0.999999415443 -0.003866581656 -0.000000000000 0.000000000000 -0.000000000000 1.000000000000 -0.111756179580 0.188271846283 -0.028073607438 -0.007669563169 0.011893909317 0.012221994666
0.000000000000 4000329000 0.999999818012 0.000115812334 0.000592084036 0.004345533491 -0.000115749498 0.999999987666 -0.000106160015 -0.004403990360 -0.000592096323 0.000106091462 0.999999819083 -0.001073970402 -0.000000000000 0.000000000000 -0.000000000000 1.000000000000 0.032940940300 0.019019948852 -0.116029801360 0.001646437585 0.000780410500 0.009109698534
0.000000000000 4099274000 0.999999467374 -0.000785532418 0.000669470610 0.007607468237 0.000785712318 0.999999655282 -0.000268498238 -0.002515563736 -0.000669259465 0.000269024106 0.999999739859 -0.012555566988 -0.000000000000 0.000000000000 -0.000000000000 1.000000000000 0.032940940300 0.019019948852 -0.116029801360 0.001646437585 0.000780410500 0.009109698534
0.000000000000 4100296000 0.999999873564 0.000188518181 0.000466190153 0.014092343119 -0.000188423456 0.999999961598 -0.000203225050 0.001776444107 -0.000466228447 0.000203137183 0.999999870683 -0.006630247226 -0.000000000000 0.000000000000 -0.000000000000 1.000000000000 0.121524214820 -0.154248570118 -0.076984142896 -0.006375539780 0.005646592573 0.007641428492
0.000000000000 4199270000 0.999999313495 -0.000567844960 0.001024968996 0.026118633279 0.000567406161 0.999999747283 0.000428349384 -0.013481491504 -0.001025211973 -0.000427767516 0.999999382977 -0.014257194850 -0.000000000000 0.000000000000 -0.000000000000 1.000000000000 0.121524214820 -0.154248570118 -0.076984142896 -0.006375539780 0.005646592573 0.007641428492
0.000000000000 4200322000 0.999999874120 0.000387647018 0.000318576052 0.026176407598 -0.000387491064 0.999999805144 -0.000489450715 -0.017031137206 -0.000318765724 0.000489327208 0.999999829474 -0.005254388357 -0.000000000000 0.000000000000 -0.000000000000 1.000000000000 -0.260586079267 -0.079724881998 -0.137708726055 -0.005427395397 0.004619722098 0.013227777162
0.000000000000 4299267000 0.999999274751 -0.000921074535 0.000775963234 0.000414638681 0.000921037349 0.999999574680 0.000048279285 -0.024908595823 -0.000776007373 -0.000047564559 0.999999697775 -0.018874799020 -0.000000000000 0.000000000000 -0.000000000000 1.000000000000 -0.260586079267 -0.079724881998 -0.137708726055 -0.005427395397 0.004619722098 0.013227777162
0.000000000000 4300289000 0.999999991122 -0.000090374695 0.000097923067 0.003030776170 0.000090479158 0.999999426333 -0.001067307934 -0.020871057752 -0.000097826553 0.001067316784 0.999999425632 -0.004435206158 -0.000000000000 0.000000000000 -0.000000000000 1.000000000000 -0.092893735762 0.017467707228 -0.008958280527 -0.013736525835 0.014313624514 0.011360407437
0.000000000000 4399269000 0.999998114974 -0.001214276070 0.001515117876 -0.006148222967 0.001213833122 0.999999220310 0.000293237459 -0.019150473593 -0.001515472766 -0.000291397806 0.999998809214 -0.005292481241 -0.000000000000 0.000000000000 -0.000000000000 1.000000000000 -0.092893735762 0.017467707228 -0.008958280527 -0.013736525835 0.014313624514 0.011360407437
0.000000000000 4400324000 0.999999353464 -0.000976916114 0.000581984591 -0.000805268521 0.000977418710 0.999999149137 -0.000863931844 -0.042130893626 -0.000581140107 0.000864500128 0.999999457458 -0.001357704140 -0.000000000000 0.000000000000 -0.000000000000 1.000000000000 -0.057252778039 0.081007269324 -0.106086342021 -0.009031674628 0.007996721703 0.002750972261
0.000000000000 4499269000 0.999998277250 -0.001248780108 0.001373333417 -0.006464980483 0.001248740123 0.999999219874 0.000029972974 -0.034122503435 -0.001373369775 -0.000028257986 0.999999056528 -0.011817473461 -0.000000000000 0.000000000000 -0.000000000000 1.000000000000 -0.057252778039 0.081007269324 -0.106086342021 -0.009031674628 0.007996721703 0.002750972261
0.000000000000 4500293000 0.999998684625 -0.001004251175 0.001273666986 -0.005481384720 0.001004531555 0.999999471364 -0.000219516030 -0.024467806833 -0.001273445864 0.000220795180 0.999999164792 -0.002635679914 -0.000000000000 0.000000000000 -0.000000000000 1.000000000000 0.064311188731 0.123572152651 0.029614276551 0.003814982232 0.002634933491 0.010614551897
0.000000000000 4599273000 0.999996710996 -0.002054769572 0.001534900239 0.000903103214 0.002055685885 0.999997709678 -0.000595646608 -0.012238615888 -0.001533672807 0.000598799922 0.999998644642 0.000289202711 -0.000000000000 0.000000000000 -0.000000000000 1.000000000000 0.064311188731 0.123572152651 0.029614276551 0.003814982232 0.002634933491 0.010614551897
0.000000000000 4600302000 0.999997774191 -0.001376445245 0.001599066155 -0.009401351720 0.001376662098 0.999999043352 -0.000134519434 -0.003265071065 -0.001598879467 0.000136720509 0.999998712445 -0.000845752015 -0.000000000000 0.000000000000 -0.000000000000 1.000000000000 -0.057511297213 0.106791575880 0.082353004994 -0.005365112114 0.006713301992 0.006354941894
0.000000000000 4699275000 0.999995427431 -0.002005501623 0.002263422451 -0.015092577390 0.002004606440 0.999997911692 0.000397699242 0.007298499797 -0.002264215311 -0.000393160153 0.999997359374 0.007312095661 -0.000000000000 0.000000000000 -0.000000000000 1.000000000000 -0.057511297213 0.106791575880 0.082353004994 -0.005365112114 0.006713301992 0.006354941894
0.000000000000 4700305000 0.999997390485 -0.001360703491 0.001835077503 -0.008406166847 0.001359952138 0.999998990958 0.000410624955 0.005330948292 -0.001835634390 -0.000408128266 0.999998231937 -0.001699060112 -0.000000000000 0.000000000000 -0.000000000000 1.000000000000 0.079634035225 -0.086432077477 -0.115343290413 0.003229328681 -0.003679355541 0.016657872637
0.000000000000 4799278000 0.999994390852 -0.003009299966 0.001470502755 -0.000523525348 0.003009165374 0.999995468059 0.000093731681 -0.003228549830 -0.001470778157 -0.000089306170 0.999998914417 -0.013116302717 -0.000000000000 0.000000000000 -0.000000000000 1.000000000000 0.079634035225 -0.086432077477 -0.115343290413 0.003229328681 -0.003679355541 0.016657872637
0.000000000000 4800321000 0.999996939255 -0.001979568497 0.001484179893 0.001384286693 0.001979991801 0.999997999544 -0.000283795546 -0.009381986915 -0.001483615131 0.000286733341 0.999998858334 -0.002503222426 -0.000000000000 0.000000000000 -0.000000000000 1.000000000000 -0.059300474703 0.060984499118 -0.142987111204 -0.015019269556 0.004137816717 0.030047840950
0.000000000000 4899274000 0.999985943152 -0.004953065958 0.001892256650 -0.004468662362 0.004950786476 0.999987015831 0.001207427731 -0.003366180549 -0.001898212550 -0.001198042599 0.999997480738 -0.016642157351 -0.000000000000 0.000000000000 -0.000000000000 1.000000000000 -0.059300474703 0.060984499118 -0.142987111204 -0.015019269556 0.004137816717 0.030047840950
0.000000000000 4900317000 0.999991889333 -0.003767810599 0.001422980112 -0.007716390769 0.003767602162 0.999992891442 0.000149131267 -0.004551400676 -0.001423531895 -0.000143768835 0.999998976443 -0.003989773632 -0.000000000000 0.000000000000 -0.000000000000 1.000000000000 -0.365742514298 0.350236129540 -0.103108869624 -0.003699413383 -0.002366942048 0.016355361671
0.000000000000 4999274000 0.999984788386 -0.005386199279 0.001188214734 -0.043927807856 0.005385587672 0.999985363801 0.000517328090 0.030061909106 -0.001190983776 -0.000510920986 0.999999160258 -0.014203868416 -0.000000000000 0.000000000000 -0.000000000000 1.000000000000 -0.365742514298 0.350236129540 -0.103108869624 -0.003699413383 -0.002366942048 0.016355361671
0.000000000000 5000437000 0.999993853070 -0.003389100253 0.000898789052 -0.031965777556 0.003389315214 0.999994227991 -0.000237752198 0.023510264379 -0.000897978098 0.000240797016 0.999999567826 0.001928072209 -0.000000000000 0.000000000000 -0.000000000000 1.000000000000 -0.225698881974 0.114973059123 -0.104398115688 -0.012021621044 0.007441927063 0.039802406743
0.000000000000 5099275000 0.999971850940 -0.007323310562 0.001632926720 -0.054390433518 0.007321756880 0.999972739146 0.000955427401 0.034700344355 -0.001639879097 -0.000943444614 0.999998210353 -0.008393319906 -0.000000000000 0.000000000000 -0.000000000000 1.000000000000 -0.225698881974 0.114973059123 -0.104398115688 -0.012021621044 0.007441927063 0.039802406743
0.000000000000 5100402000 0.999982208261 -0.005844410405 0.001194164591 -0.060218487376 0.005844377402 0.999982920996 0.000031124549 0.033220849457 -0.001194326101 -0.000024144846 0.999999286501 0.001220187034 -0.000000000000 0.000000000000 -0.000000000000 1.000000000000 -0.227699806834 -0.161192095318 -0.202001849628 -0.016387179394 0.005958321713 0.032505166209
0.000000000000 5199271000 0.999957385074 -0.009058569709 0.001780547756 -0.082816951043 0.009055623013 0.999957625629 0.001656091386 0.017039851291 -0.001795474125 -0.001639896842 0.999997043501 -0.018750180054 -0.000000000000 0.000000000000 -0.000000000000 1.000000000000 -0.227699806834 -0.161192095318 -0.202001849628 -0.016387179394 0.005958321713 0.032505166209
0.000000000000 5200429000 0.999972330384 -0.007310915366 0.001374403134 -0.087278136694 0.007309922747 0.999973018715 0.000725859169 0.011770787484 -0.001379672746 -0.000715792304 0.999998792071 -0.001270593964 -0.000000000000 0.000000000000 -0.000000000000 1.000000000000 -0.239663058852 -0.200478072043 -0.177718428371 -0.005362183700 -0.000145960106 0.045358363245
0.000000000000 5299272000 0.999929529224 -0.011794030351 0.001355519939 -0.110974304225 0.011792321258 0.999929671796 0.001261991200 -0.008494771469 -0.001370308570 -0.001245917540 0.999998284970 -0.018839053292 -0.000000000000 0.000000000000 -0.000000000000 1.000000000000 -0.239663058852 -0.200478072043 -0.177718428371 -0.005362183700 -0.000145960106 0.045358363245
0.000000000000 5300390000 0.999955827976 -0.009291450844 0.001418111085 -0.101538957721 0.009290581247 0.999956650297 0.000618568665 0.014197889813 -0.001423797011 -0.000605366265 0.999998803166 0.004955057138 -0.000000000000 0.000000000000 -0.000000000000 1.000000000000 -0.309370182087 -0.043692302308 -0.191634777370 -0.009592294841 0.001136593092 0.045705519262
0.000000000000 5399272000 0.999903464036 -0.013810695907 0.001525545192 -0.132183723898 0.013808294319 0.999903422541 0.001573721335 0.009345087027 -0.001547132046 -0.001552504237 0.999997598054 -0.013992127693 -0.000000000000 0.000000000000 -0.000000000000 1.000000000000 -0.309370182087 -0.043692302308 -0.191634777370 -0.009592294841 0.001136593092 0.045705519262
0.000000000000 5400396000 0.999930071698 -0.011766233463 0.001186366283 -0.127836217480 0.011765249162 0.999930439867 0.000833270842 0.003937105676 -0.001196088218 -0.000819254678 0.999998949097 -0.001713883676 -0.000000000000 0.000000000000 -0.000000000000 1.000000000000 -0.422400535835 0.018723487741 -0.071270881974 -0.002096530863 0.005020142760 0.043026375923
