1 0 0 0 0 1 0 0 0 0 1 0
0.9999999969329448346 -5.40869435111686049e-05 5.664550142450350528e-05 0.8353248146447345146 5.409542049064835974e-05 0.9999999873379626925 -0.0001496588114470245325 0.389259151818455329 -5.663740611957536735e-05 0.0001496618752502311672 0.999999987196763529 -0.1014146993013104459
0.9999999642444020731 0.0002483416842329473325 9.918468894571126214e-05 0.8364386630860785043 -0.0002483212942738240278 0.9999999480459259571 -0.0002055351068204633259 0.3872873772255863711 -9.92357267272593786e-05 0.0002055104698011015342 0.9999999739588583125 -0.1005822733318187112
0.9999996975774444463 8.727637319295324775e-05 -0.0007728051851949709018 0.8383755272024238092 -8.734453444425574671e-05 0.9999999922988025425 -8.816647427201003407e-05 0.3847113035759530675 0.0007727974843933339095 8.823394791759652878e-05 0.9999996974993635712 -0.1093120153720001653
0.9999984579174421295 3.181631980518750128e-05 -0.001755890218549588768 0.842981662248520891 -3.291309709879772661e-05 0.9999998043944373638 -0.0006246021253266788656 0.3830473447146611754 0.00175587000254672442 0.0006246589539238937014 0.999998263359354711 -0.107877311386524774
0.9999954927340192201 0.0009400891208712146936 -0.002851445964913931937 0.8516046812155348977 -0.0009404292217873222361 0.9999995508420428392 -0.0001179346914217817126 0.3805810613350208427 0.002851333815043908398 0.0001206157429685117421 0.9999959276653669349 -0.1060350304979764124
0.9999938038594642364 0.0002624952073787774668 -0.003510461357911344536 0.8636291270475062731 -0.0002638731103483598164 0.9999998883315478482 -0.0003920559569866351049 0.3788472434047778226 0.003510358053093825224 0.000392979844110097527 0.9999937614571309252 -0.1047068265481094496
0.9999893259332017781 0.0001647273583517520369 -0.004617454337430706643 0.8825814900004691488 -0.0001679416972177738142 0.9999997438645454872 -0.0006957488267078064262 0.3777108330546100623 0.004617338545870641568 0.0006965168633566090747 0.9999890974650732511 -0.1059925182310140213
0.9999798484570107115 0.0001735895089873352786 -0.006346065440591928085 0.9100828109225738149 -0.0001746669346774685854 0.9999999704272310996 -0.0001692246992197117713 0.3757332662768062548 0.0063460358772887554 0.0001703297368786814067 0.9999798492051852339 -0.1094496377073168047
0.9999708330191323657 0.0001673127120306066218 -0.007635778773562484217 0.9501624235224532811 -0.0001670805391619549973 0.9999999855601874321 3.104381289793750164e-05 0.3750746143063150018 0.00763578385732779745 -2.976711740923241984e-05 0.9999708465344391284 -0.1069183569546428847
0.999969346273208215 -0.0003244748892231321367 -0.0078231214984112174 1.002505264596217582 0.0003228774452209216589 0.9999999267687182947 -0.0002054573277198756592 0.3728615062107415445 0.007823187591257654491 0.0002029251202040244814 0.9999693778097945573 -0.1038781409167451597
0.9999679251680524406 -0.0007709850087270811968 -0.007972089890144541321 1.067847663962036897 0.0007648231062245226461 0.9999994064701873686 -0.0007759541798719428929 0.3709662531578068467 0.007972683407511661074 0.0007698320527191429867 0.9999679213244263565 -0.103678592833404859
0.9999636254532070501 -0.002510715852490515414 -0.008151323597195590104 1.14610090938664011 0.002497379934047399847 0.9999955271915189625 -0.001645809958991610112 0.368438218283647867 0.008155419299040499517 0.001625393141412681194 0.999965423018812527 -0.1049288316782238661
0.9999574939838692389 -0.004527641953795219672 -0.008031854321283411063 1.237071638976984467 0.004508552986869080251 0.9999869727492628479 -0.002393173986511459503 0.3674883108519734209 0.008042585123247344286 0.00235686022142906574 0.999964880400522893 -0.1031990491935816795
0.999933494958368474 -0.008009011721649089352 -0.008298276422547915324 1.341833660056042987 0.007991549006751601583 0.9999657870097168333 -0.002135404999106069613 0.3687455308067086879 0.008315094997365612278 0.002068946901205340715 0.9999632886530909204 -0.1033814717999045341
0.9998887691034795688 -0.01226337634399819916 -0.008488758529603471215 1.460275660316946666 0.01224815187941945618 0.9999232898323038299 -0.001843156662140464728 0.3710037054056739558 0.008510710679321908945 0.001738980042434206535 0.9999622711643398887 -0.1065769156509796811
0.9998195200354789147 -0.01671762262108756128 -0.009024879496338202717 1.594011002036415547 0.01670207348239481984 0.9998588984114210598 -0.001795552530064120373 0.3751716152040044938 0.009053623441098487823 0.001644494268289599772 0.9999576628743780393 -0.1090752286762409623
0.9996947437982175444 -0.02247766644507769376 -0.01025542458409688801 1.742525302262165621 0.02246514156682817218 0.9997467356899627511 -0.001334875142516040759 0.3809267213301154587 0.01028283212926475905 0.001104078098490515747 0.9999465207574621539 -0.1139853384226195143
0.9995336280006434926 -0.02814279685486104771 -0.01185366951864393233 1.910922804444854073 0.02813283887930871988 0.9996036871214152297 -0.001006016830173373173 0.3881934310902145358 0.01187728388403934757 0.0006720702773963162929 0.9999292367208192367 -0.1145378190975429034
0.9993284338956381907 -0.03419110141471368852 -0.01317762466227935005 2.098077334476043276 0.03419458255726409018 0.999415193506569155 3.888394837100579785e-05 0.3988198804259684427 0.01316858881678669574 -0.0004894612096522265232 0.9999131705784750634 -0.1126063383660551587
0.9990531476887102302 -0.04088934378035852246 -0.01486168424142246883 2.306830022592381013 0.0409066186800901635 0.9991626037474152788 0.000860128390027302815 0.4103792673144698866 0.01481406903729653134 -0.001467255225680973467 0.9998891891208049332 -0.1121593377669297953
0.9988350753838314278 -0.04535354490831063068 -0.01647871800916766646 2.537715952970319933 0.04538549078442201401 0.9989683145275523035 0.001569648444207633227 0.4218334559985342791 0.01639052803398841421 -0.002315714626440412965 0.9998629846416637879 -0.1148205763178573591
0.9986908927739672759 -0.04812676687087732302 -0.01732959898244706629 2.792923956458685186 0.04815554169759485997 0.9988390708200832746 0.001246758631000959537 0.4316282769579234957 0.01724947808333365112 -0.002079642716669824649 0.9998490539036497537 -0.1129932031604767434
0.9985883733952586327 -0.05006942398139883205 -0.01772888326946632509 3.07291007946192174 0.0500752328050018472 0.9987454417967546183 -0.0001164033088905561488 0.4417230102036925898 0.01771246960015191579 -0.0007715389662083822894 0.9998428242220310791 -0.1108007645501006971
0.9985644795607194757 -0.05046874604926691876 -0.01794117699160116541 3.376299223217201551 0.05047164692072979297 0.9987254517463473036 -0.0002913608821367065656 0.452885281409515561 0.01793301471416729534 -0.0006145781228272225241 0.999839001678266448 -0.1088076970236213498
0.9986385602923641969 -0.04890881261983423545 -0.01813708756421645099 3.704215536782501594 0.04890313101163650672 0.9988032393147902033 -0.0007569092023387060655 0.4650621784894699573 0.01815240134122280205 -0.0001310816532268330994 0.9998352229958431536 -0.1033350954983272563
0.9986147292156840605 -0.04913651579411804082 -0.01882087694823131319 4.052006933033450053 0.04915225387728347495 0.9987912273709519395 0.0003742534040283581969 0.478289074468364217 0.01877973727902356588 -0.001298823483674404729 0.9998228015630015175 -0.1098566093928727699
0.9985652194409391225 -0.04967719134285866062 -0.01999197797003123347 4.423199333344802753 0.04974319434620228658 0.9987580668449292931 0.002817539425765281085 0.4955784982413699025 0.0198271818245850176 -0.003807961720501063657 0.9997961703709561387 -0.1166088278595327904
0.998499655466637992 -0.05011576450565646823 -0.02206463643522884113 4.815148777228907662 0.05024151573436417412 0.9987236544904959379 0.005181897129627578182 0.5161822963963147437 0.02177677959935494373 -0.006282683277230271569 0.9997431168860924089 -0.1140287000498475811
0.9983690283770042528 -0.05202326509100751312 -0.02351304035694315106 5.22936696551427449 0.05220534451437099099 0.9986104370826422993 0.007197010056259550183 0.5372764488797445726 0.02310595554596937135 -0.008412778309501900767 0.9996976242741716367 -0.1081056938450219995
0.9982932176499442756 -0.053399848462014253 -0.02364545999457259851 5.663963444373514733 0.0535634129310131879 0.9985443328813455866 0.006338459255232167279 0.5557631538576273122 0.02327256731224099096 -0.007594172422481833967 0.9997003131718599223 -0.1075574170676348862
0.9982537872352282848 -0.054466616251141034 -0.02286403255496666925 6.119301630239850631 0.05462677976022051185 0.9984860782486579822 0.006439446920592542881 0.5745464638485976439 0.02247868331446480766 -0.007677190746992410171 0.999717844963608826 -0.1080377160226478755
0.9982224053247011897 -0.05546417827438725884 -0.02181179580215814734 6.591208783354913336 0.05561878855512216585 0.9984306164876808332 0.006546328718462376961 0.5982169751533207291 0.02141447798636863034 -0.007747837658117417807 0.9997406619439836994 -0.1052812118353778637
0.9981690585324662912 -0.05729399458277941587 -0.01938888272073316724 7.078366553319569654 0.05749410555259457101 0.9982965060918533862 0.009925409387283364721 0.6266823923447409905 0.0187871875254657511 -0.01102198301334664926 0.9997627505940279713 -0.1144269219526815179
0.9981810653112519471 -0.05840865525958247734 -0.01493284450001079386 7.579248040867744507 0.05861719861149037453 0.9981833229539577301 0.0139311809813828201 0.6615685272790379212 0.01409201479687506413 -0.01478116258493218996 0.9997914444280879831 -0.1103800729212172926
0.9982052343909989522 -0.05902258049485244878 -0.01013138816448847651 8.091526167896903488 0.05916786087890777562 0.9981398865595879633 0.01469459417020543314 0.690350715417518801 0.009245229765943540137 -0.0152676733833771866 0.9998406992496521317 -0.106350789060876999
0.998199067834601772 -0.05968684119176082686 -0.006008490882205392083 8.612170974389545819 0.05978556438140302659 0.9980512944340114156 0.01786896667944996506 0.720085552024055553 0.004930239926122851474 -0.01819600690106767948 0.999822283241940557 -0.1000064769349392757
0.9981879088698483171 -0.0599837997835869427 -0.00477936706708048057 9.137965419358369701 0.060062501575162075 0.9980230547281498943 0.01850616480057468149 0.7493300802712418163 0.003659848435795043983 -0.01875969068548123328 0.9998173230719760163 -0.09937717858539596438
0.9983393197197810709 -0.05716783464933489212 -0.007102209723108950275 9.668186695316876467 0.05727511324275107868 0.9982309844567143209 0.01595189874619840076 0.7734832790685981507 0.006177710293851493804 -0.01633218760868337255 0.9998475361491070412 -0.09883544093977761347
0.9984688720273552365 -0.05444904514423774128 -0.009757718755001362071 10.20901338859334295 0.05457709263723847792 0.9984199706409325747 0.01337546951047592636 0.7937660307053370223 0.009014019729689657506 -0.01388753787538100741 0.9998629324762833281 -0.09979037520519146165
0.9985153895026844806 -0.0532572202040329859 -0.01143177249779603853 10.76147942576560723 0.05337985748982409379 0.9985168992669539723 0.01070479764749524346 0.8101358727286332995 0.01084471026207227233 -0.01129913157932457661 0.9998773534213507563 -0.1006144780697900282
0.9985853283023343741 -0.05155222132684856434 -0.01302730116281692295 11.32611759315887667 0.05170431708175594887 0.9985948198064563686 0.01162107786825939022 0.8318322362766910061 0.01240990307892655443 -0.01227820556834460959 0.9998476083751929311 -0.1067152435211271844
0.998705760602740078 -0.04926093058779778405 -0.01265560968608939359 11.90407228613319468 0.04942527960446014418 0.9986929662377556083 0.01301925202360004752 0.855462464781901355 0.01199772790670828107 -0.0136279090420081319 0.9998351537229621666 -0.1121122687922205124
0.9987624263125052249 -0.04855479199432599646 -0.01077255590587587221 12.49349082087791984 0.04868123498206270577 0.9987446225667944155 0.01180323068200309945 0.8754250366340212697 0.01018592887166798293 -0.01231304463969497276 0.9998723097399598858 -0.1076653327869214194
0.9988056837570733482 -0.04803308706195197342 -0.008945872895597705918 13.09606339975616685 0.04810333434540454284 0.9988118299023118762 0.007810100642718330322 0.8919919815405413788 0.008560100432791142508 -0.008231099227570268587 0.9999294843568152791 -0.102456195851920645
0.9988399779354509844 -0.0475876300656397147 -0.007356353896022314008 13.71182605509197927 0.04761782930307655037 0.9988576748172734998 0.003985949208541102705 0.906503412738914216 0.007158268671317355621 -0.004331619023624835689 0.9999649975205449071 -0.1041776953204954226
0.9987925322103214931 -0.04891699517083824417 -0.004539293375635269218 14.33625251333205597 0.0489239381811850671 0.9988014816807221363 0.001431246043705198916 0.9268330091152513495 0.004463840693559785293 -0.001651597968704162983 0.9999886731110569915 -0.1083415598990896817
0.998563043483891577 -0.05358956698177112787 -8.06157171510780106e-05 14.96908983720678776 0.05358954790680097585 0.9985630229455295659 -0.0002226230684057438781 0.9523514120459698473 9.243014805131925891e-05 0.0002179830089006533703 0.9999999719700374268 -0.1118692585056892397
0.9981279464630570253 -0.0610504829048054351 0.0036662005579061103 15.60422184367294385 0.06105247830034887802 0.9981344628341732861 -0.0004347368420101195802 0.9853859071161659156 -0.003632820230366733648 0.0006577536213736847812 0.9999931849654513094 -0.1130056510051733465
0.9975055147346681972 -0.0703212604608303149 0.0061374588491295793 16.24125897372971394 0.07031505870400303615 0.9975240860806745546 0.00122074090923585685 1.029875389968016641 -0.006208107068769298451 -0.0007861400097550309352 0.9999804205035754956 -0.1176845766177337244
0.9966541196041560635 -0.08150321542124146224 0.006147499659471456455 16.87763772599962664 0.08150293030730794419 0.9966730577083149356 0.0002973040196135774975 1.079359773518804744 -0.006151278516422407916 0.0002047299603873545064 0.9999810597497618136 -0.1251254256222852357
0.9954108256095813845 -0.09559705451094241413 0.004300166052999529476 17.51079995801719491 0.09560515391744693614 0.9954178523462665629 -0.001718654929737954175 1.135849331148794716 -0.00411616370820545429 0.002121885759916034616 0.9999892773410868907 -0.1316598902438433083
0.9935209305298909888 -0.1136098745215733813 0.002992826458687521639 18.14407877758770127 0.1136217147506760478 0.9935154669834972418 -0.00413797071996905956 1.202504543564490325 -0.00250330504243387016 0.004451210594396372115 0.999986960009033754 -0.1355002103202405106
0.9908880397701486098 -0.1346760622848176825 0.001803021887939446717 18.77407237848248656 0.134685000186868159 0.9908674945197114559 -0.006446629265971244756 1.2862919811694844 -0.0009183491361156877848 0.006630727839797170495 0.9999775947905926721 -0.1379379354338859942
0.9871018140509011385 -0.1600821430240054744 0.001927740195707624421 19.40069876734294496 0.1600901283501268424 0.9870889137139388092 -0.005160157737532299407 1.392394658293382825 -0.001076801866737660653 0.005402213238863457986 0.9999848281798388028 -0.1415656771119097324
0.9821433270262053261 -0.1881269215202578116 0.001657280062957561164 20.01973475568570393 0.1881298735177389381 0.9821424110578278466 -0.001853400042151615154 1.520818274352039756 -0.001279010592555708406 0.002132088372336972751 0.9999969091607616711 -0.1490103526272275603
0.9765558315184926785 -0.2152639287935746992 -0.0003858595341378792784 20.6368151322653226 0.2152636346728844519 0.9765557302947267537 -0.0006879069354887706053 1.666514487270533973 0.0005248948887288606112 0.0005887180036018687052 0.9999996889481855833 -0.1477739525188692116
0.9703401298308765854 -0.2417312640007561464 -0.002455289065315694515 21.24695295566002784 0.2417281494731758629 0.9703428540943050962 -0.001499086519235674373 1.82565057969219402 0.002744848278406303039 0.0008611113255223748052 0.999995862139045899 -0.1482822570593560763
0.963318850667420512 -0.2682692187208085555 -0.006958321329676404182 21.85117772145256509 0.26828357966713412 0.9633392316040272352 0.001202386606212463641 2.005207826630062584 0.006380660607535398529 -0.003025085038354248437 0.9999750677045513569 -0.1540458915512617766
0.9558687233824977314 -0.2936226169912677375 -0.01003705386621643082 22.45185016476280992 0.2936508540227222852 0.9559116712349995382 0.001432734600661942238 2.199285351533009969 0.009173853652630363856 -0.004316895633367184501 0.9999486010897014054 -0.1518904103495792579
0.9473309011391025658 -0.3200587327097015877 -0.01125039391469157338 23.05102563877040822 0.3200832553137947789 0.9473893326259756886 0.0004026092801083848991 2.406166784184865293 0.01052964456665033202 -0.003982466919909027903 0.9999366312634675458 -0.1521897471712583272
0.9382587805281830118 -0.3457020598176940296 -0.01267069846419249107 23.64751943080070617 0.3457316556745638758 0.9383334152422537766 0.000155255702187319253 2.630958796267353073 0.01183566754736592105 -0.004526331584382745077 0.999919711424920532 -0.1473335278801651271
0.9289126759012901191 -0.3700559539789540775 -0.01341012582457893135 24.24145722497599564 0.3701312674337839392 0.9289726338182324739 0.003562370654052614185 2.879305239712771858 0.01113936343628091526 -0.008272638124706159155 0.9999037343868119043 -0.1503616610854817681
0.9181556721526058507 -0.3960403111016415068 -0.01192617610600899339 24.83522207151560934 0.3961530141629622248 0.9181376644035250667 0.009274619843407263739 3.148627022458458491 0.007276748147103754075 -0.01324013542811725529 0.9998858673619948068 -0.1485468095009741807
0.9074482531139062003 -0.4200374927676245873 -0.01030400844369902709 25.42698033444138872 0.4201459983268848175 0.9073628889155225252 0.01303563994526527395 3.432597063793230596 0.00387401734965396637 -0.01615835661089940617 0.9998619402203534623 -0.1481320562372653582
0.8963212359470640322 -0.4433011870528819065 -0.009607265367078699284 26.01853417370496402 0.443397307926484574 0.8962246307409460488 0.0134252961532021018 3.732582121127541175 0.002658818134789405624 -0.01629321364129151725 0.9998637216517886062 -0.1519977176241507633
0.8852694574623392043 -0.4649808752113692156 -0.009527506074771921116 26.60729153742398267 0.4650753353527122269 0.885152974763685374 0.01446180187808142163 4.048779608327281565 0.001708839049759727346 -0.01723359958533653147 0.9998500302117484528 -0.1556014895928970188
0.8733829178061446319 -0.4869565102466836826 -0.008696896733699511703 27.19466498189098758 0.4870341614435407251 0.8732412002131987316 0.01573314454262862358 4.383960376034920614 -6.686861981908133847e-05 -0.01797674549476521721 0.9998384030182098092 -0.1618813010412437359
0.8609265107616330681 -0.5086710600691586315 -0.007700371154576887006 27.78013805240722434 0.5087183084662778576 0.8607095225244237868 0.01961633163941295041 4.739019704348281792 -0.0033504774299716409 -0.02080553974058168762 0.9997779272503940495 -0.1769729856820195513
0.8484298793199243072 -0.5292641412127916389 -0.006797698394663825514 28.36578543364117522 0.5292668714326580481 0.8481346293545054538 0.02332872250213919446 5.114389074766661381 -0.006581692872264306021 -0.02339058177946448658 0.9997047374114785834 -0.1841836454054826544
0.835793649255682336 -0.5490002730958891686 -0.006904781278837524711 28.95350371402260237 0.5489942678747838922 0.8354835837531552345 0.02392645229895957321 5.50483233807490091 -0.007366797438469701101 -0.0237882622237003509 0.9996898763495992712 -0.1903362674490587381
0.8220633776136136994 -0.5693375013800942019 -0.008161660907469650908 29.53863842853913013 0.5693711027302527095 0.821808944119178042 0.02113307222004724359 5.908965563849537084 -0.005324524601620371327 -0.02201973859956085633 0.9997433573421599107 -0.2014141857879561959
0.8096200366153590844 -0.5868553862138653487 -0.01077738292534548802 30.11847053474771485 0.586947751669220974 0.8093874674452007367 0.01960266188788089767 6.33262204899096659 -0.002780849041399628685 -0.02219646851233442186 0.9997497605221967731 -0.213715941024848699
0.796145863555925315 -0.6049692775436810166 -0.01280379518216085387 30.701034174956078 0.6051034154792975794 0.7959213381496416106 0.01894940773144281401 6.780150869836479188 -0.001272995710392199132 -0.02283411277804577033 0.9997384571854585067 -0.2307077897807310318
0.7813597441908191055 -0.6239481637403795355 -0.0128700863659221669 31.28330541187543545 0.6240799431935182273 0.7811565835035846339 0.01784983340489313883 7.245757990404469773 -0.001083818081054930844 -0.02197910403123641901 0.9997578428421310948 -0.2389956191125294227
0.7668145010220022151 -0.641754486296868154 -0.01211199158770661505 31.86547820623528082 0.6418682477679402698 0.7666532144507086644 0.01574805637879574463 7.72899210536175385 -0.000820688547432964384 -0.01985014081155389229 0.9998026297125196526 -0.2497073536211904532
0.7518675270424483026 -0.6591970490471857902 -0.01242868885101751884 32.44751757217589727 0.6593141909730650951 0.7517378857853814766 0.01396240152901260211 8.234594394550471819 0.0001391423944112303232 -0.01869228724385697468 0.9998252742539504023 -0.2591453678347428458
0.7370187914960280029 -0.6757464375661447198 -0.01304044088207621278 33.02435822206304294 0.6758717254921909889 0.7369051030013784587 0.01297227238135604567 8.763634478460126331 0.0008436005825507249039 -0.01837447379361209152 0.9998308192143633422 -0.2693318168195056317
0.7211489544321756373 -0.6926582930439358909 -0.01298747854053308899 33.59391380032835173 0.6927777150735644485 0.7210683806527607986 0.010928308206510964 9.310985860825921279 0.001795276811804754659 -0.01687837374471540947 0.9998559383635737818 -0.2784048519140548406
0.7049067552549677096 -0.7091761919653226665 -0.01325123184752963722 34.16445809535463951 0.7092927178115134845 0.7048610702278541584 0.008643618270198289572 9.880445306767420277 0.003210429172226055786 -0.01549194715999280964 0.9998748385261637672 -0.2856412341613705497
0.6872440786757763043 -0.7262817516686209673 -0.01450494806068053713 34.72630496079318618 0.7264126060773751226 0.6872176963109229986 0.007520878205650131411 10.47207577022879654 0.004505780394084534131 -0.01570525613505066587 0.9998665125269335929 -0.2929152596489751348
0.6696653021278226037 -0.7425465638744470631 -0.01315232315235117209 35.28118540652001656 0.7426546463989553981 0.6696368884493474338 0.007107306797861560541 11.08630219671409023 0.003529774510467151901 -0.01452715065413924013 0.9998882450483039808 -0.2987510860450652839
0.6512272074713000292 -0.7588325464030938328 -0.008734458685510945383 35.8301184954638785 0.7588827488407325905 0.6511792741529225381 0.00790736527590988475 11.71729055282988696 -0.0003126676607083911353 -0.01177792142398267732 0.9999305889939883452 -0.3083923568588696207
0.6308001768266189302 -0.7759441494303156439 -0.001346803760957761796 36.36756841070794621 0.7759204067214947598 0.6307650668406011851 0.009107847535076971091 12.3644975366710721 -0.006217664244444599461 -0.006790244357612823869 0.9999576157182399339 -0.3130914385539048661
0.6090248497221690815 -0.7931225070508172159 0.00673952745492649094 36.88857983750335734 0.7930677577116139743 0.6090620470084642246 0.009324943545786458163 13.02668993354620675 -0.01150061299070876709 -0.0003342204149258960321 0.9999338099082120124 -0.3188262084392953777
0.5829064141663545806 -0.8124639704202678558 0.01106386427322100623 37.38692681257204242 0.8123848914409864674 0.5830070559463897961 0.01155685403298381368 13.70426809960817138 -0.01583983845052653466 0.00225155183310789004 0.9998720068249755677 -0.3289032971539053163
0.5559815243477013169 -0.8310840237942146436 0.01356060389598293982 37.85883126945709876 0.8309867127361144634 0.5561333622009418942 0.01329536397028140311 14.39755986279135058 -0.01859106882437827624 0.003876704927284849948 0.9998196553973491829 -0.3391993823533562269
0.5287992984549516606 -0.8485876456046854699 0.01644109730667821928 38.30554237958885011 0.8485047152032221263 0.5290119385355449566 0.01364247648939820833 15.10454431031904576 -0.02027437376221307222 0.00673621659104951722 0.9997717605306666311 -0.358800867856752137
0.5019272502434836136 -0.8647228129346535841 0.01798589039762778577 38.7283138401202649 0.8646321485504883109 0.5021845084145963867 0.01489856373468751924 15.82614751537246889 -0.02191536346907672905 0.008073183930165515193 0.9997272330717253963 -0.3820780847785629764
0.4748924276460120275 -0.8798272969717657599 0.01952203032047515607 39.12752619584469471 0.8797322196835377639 0.4751977378121834406 0.01607269824451298956 16.56269700860124061 -0.02341802329730335863 0.009541356378402362365 0.9996802282246595173 -0.3989644410785446738
0.4461435437387364367 -0.8946637729798632144 0.02307968148995863042 39.50514281022451968 0.8946056925733245624 0.4465449241829183569 0.01668189143574454886 17.30612619520127993 -0.02523079855344316849 0.01320469628228822592 0.9995944391604267842 -0.420509304289068242
0.4167168814596537985 -0.9086657456450955017 0.02595387057422573335 39.86369794261099742 0.9086108388512769141 0.4172254799862452623 0.01868802751031722192 18.06248036321566275 -0.02780978656013067402 0.01579435156915309779 0.9994884462713863327 -0.4466460359210422393
0.3884078820147250921 -0.9209999041874372683 0.02997488407929085538 40.19625343637476078 0.9209708646400173171 0.3890738291429313156 0.02083799319215241808 18.82998389184352916 -0.03085423266027602709 0.01951235410678760218 0.9993334200176420268 -0.468698006436830239
0.3587726626654228479 -0.932889847291496821 0.03160236295612264823 40.50185606186609988 0.9328968538126570786 0.3595028358899525767 0.02147489542530271051 19.60644655910164147 -0.03139485101746118667 0.02177713956261511513 0.9992697931600162953 -0.4925331874614395922
0.3295922297671310952 -0.9436732478769656041 0.02915070013686875058 40.77668966237544623 0.9436906269884883791 0.3302188295122311379 0.02008793592297769895 20.38934969369748273 -0.02858255781423957656 0.02088841489704161211 0.9993731592913053241 -0.5191062107963044792
0.2994069631015342514 -0.9537743650599598277 0.02588302534069620089 41.02459724696771559 0.9538154143735463331 0.2998910623557802246 0.01736392877610965294 21.17560857512200201 -0.0243233581097833107 0.01948874735821081242 0.9995141634697685129 -0.5453391560029002827
0.2697042479024218675 -0.9626263947003032007 0.02469904633148944581 41.24697829374206037 0.962702757354228611 0.2701213542208077412 0.0154225476650917178 21.97002593840587537 -0.02151789129896522143 0.01961831338859192086 0.9995759611624486229 -0.5712012141980282731
0.2405194950601803328 -0.9703263120628583538 0.02484392510228931525 41.44593195853892098 0.9704040352924979684 0.2409506484743456634 0.01608705342281675776 22.7681565771488934 -0.02159585108376465071 0.02023939520550410709 0.9995618970817581328 -0.5967783329982162543
0.2116065066015262452 -0.9769933233579671805 0.02658444052172333899 41.62348602090010274 0.9770891155755304647 0.2121050383931673 0.01755884142137096107 23.57957113460786402 -0.0227935646121017535 0.02225980238429445604 0.9994923484499949051 -0.6112466779989293997
0.1815633015927534677 -0.9830954946508918546 0.02362236042095381544 41.77529767389690818 0.9831879197091876188 0.1819494391536932154 0.01535956150340433979 24.39083992051184779 -0.01939799094388903328 0.02043648670332317424 0.9996029551569791671 -0.6207930358356552603
0.1522633648159491537 -0.9880545614504588903 0.02374976488023925955 41.90700881982715487 0.9882934611894474974 0.1524453188223180433 0.006038156949261611409 25.19912661134617338 -0.009586568995594887954 0.02255234724154586007 0.9996996995742218894 -0.6367465386307478159
0.1228882322763515944 -0.9919672061358866255 0.02999240435438681185 42.01869835559406852 0.9924050653844417313 0.1226615455121660148 -0.009291471996882693513 26.00150129733109239 0.005537920845902642199 0.03090642657329399287 0.9995069405607817092 -0.6329633337294382489
0.09359332776103246321 -0.995175652288826651 0.02942295175750284791 42.09698996673667182 0.9955161900687272691 0.09313680519966971438 -0.01652424970291978615 26.81772944975102391 0.01370417125044882771 0.03083758435265571141 0.9994304573514013468 -0.6440272014371497544
0.06347790048430335119 -0.9976351017790903164 0.02635829752333888193 42.14816991953905756 0.9979635916938488505 0.06328875562401159449 -0.007950035539350043187 27.65603167259414619 0.006263050663827283981 0.02680927283213988682 0.9996209467025959361 -0.6740953372012551403
0.03305297275062912821 -0.9991446927452106719 0.02484721214593118427 42.1758663656324444 0.9993734212741987033 0.03335500616935205276 0.01184096339600554035 28.51203569167975616 -0.01265961464852797223 0.0244402643709357055 0.9996211320467517369 -0.6793078971425912105
0.002544013774878894907 -0.9997217982145105708 0.02344896945834993099 42.17907016305077406 0.9996260750759974334 0.00318078990468495526 0.02715865614751068399 29.36405839149847807 -0.02722568680620733594 0.02337110930888081431 0.9993560692904219778 -0.6728319204189152636
-0.02416205654841618866 -0.999442499520106109 0.02304094564798829514 42.16263532566109973 0.999327767065080752 -0.02351079606719141957 0.02812928084765755829 30.20967167101134265 -0.02757188778576082425 0.02370511803997942327 0.9993387105394446746 -0.6845476929521625564
-0.04828230251870646583 -0.9985619668703140661 0.02329844594778451503 42.1224126077230494 0.9986541407751495791 -0.04781818178144359166 0.02008304269189683036 31.04957937658378597 -0.01894007328760468831 0.02423674506212727606 0.9995268149542830827 -0.7090474035309470846
-0.07230726116418084715 -0.9971196160374501405 0.02289391395683039801 42.06385702380386249 0.9973261813263135656 -0.07204041418061790658 0.01227463912943890269 31.89387970819019458 -0.0105899964120788892 0.02372024531940727238 0.9996625440307240762 -0.740345004154559394
-0.09425382154011940905 -0.9953333681399759714 0.02068099108395343028 41.98080980466916401 0.9955104733028231623 -0.09404906528830236923 0.01066165384852589722 32.74831282790255216 -0.008666871954314285184 0.0215930448415194258 0.9997292762268191746 -0.7676048920125035924
-0.1137717870090615424 -0.9933267257113571613 0.01892079460063493188 41.88285340318254413 0.9934387956481463 -0.1135203515851692657 0.0138740432874001219 33.61120838962736457 -0.01163356273571595004 0.02037512609860929122 0.999724719337548362 -0.7863147432181059049
-0.1312942001677739334 -0.9911915692729329486 0.01735240630476177562 41.76918430896185441 0.9912322387638440313 -0.1309971797674283067 0.01727390309681399103 34.48296179963948305 -0.01484863082989730347 0.01946822784028067257 0.9997002081960553177 -0.7988976866468586735
-0.1454343000735260905 -0.9892524995108906705 0.01511147158878674464 41.64373933190554311 0.9892482712745336304 -0.1451622244283587992 0.01777037926881410226 35.35064213890500895 -0.01538577727871663289 0.01753341981662259394 0.9997278915020145762 -0.8202178839680902556
-0.1564184045424799052 -0.9875958296886658827 0.01370255092824934802 41.50748501633143661 0.9875908991128233838 -0.1561901206646059137 0.01639701790879586132 36.22576406931089821 -0.01405342342316098433 0.01609730997191733889 0.9997716628819589557 -0.8343884751073327166
-0.1619695833602308177 -0.9867324285063419076 0.01117893555265940531 41.36337367718785174 0.9867120775667354016 -0.1617979340694783996 0.01485612717991794188 37.10206042462608877 -0.01285029377292336988 0.01343663145382710533 0.9998271485037418804 -0.8578335483129391204
-0.1663975414631240213 -0.9860051855147640154 0.01027775914408180641 41.22160964911739711 0.9859709291253738739 -0.1662345767866928448 0.01507953580837728853 37.9808327796878018 -0.01315998156058357203 0.01264276941753626933 0.9998334737678971074 -0.8768232067210690595
-0.1697419760079177387 -0.9854340755189094914 0.01036071363951886204 41.07639178989364837 0.9853831619412269927 -0.1695607046006142316 0.01640706000639120116 38.8703939254842652 -0.01441130610449937142 0.0129942395520420105 0.9998117142716554939 -0.8982388617439902578
-0.1735773646662326364 -0.9847493331411618644 0.01181733276011116308 40.92802783604155081 0.9847045480616687385 -0.1733605576842403018 0.01740890766459748246 39.76121664013155055 -0.01509475081579531898 0.01465837362897821905 0.9997786157846957344 -0.918554040835170782
-0.1761789769300667885 -0.9842676239292865725 0.01334962817728065944 40.77786155426969117 0.9842518174533966269 -0.1759444133546332889 0.01708576158617379839 40.65652917022660517 -0.01446816946129143508 0.01614954779213869859 0.9997649044543165386 -0.9357895575470415173
-0.1773071178796237213 -0.984069670155357068 0.01300270085589738146 40.6249164395665332 0.9840688506374223321 -0.1771006312675340588 0.01561613299711394134 41.55695265896857649 -0.01306457631780977464 0.01556440442058832502 0.9997935117616379985 -0.9594567227339729776
-0.1782235240275824584 -0.9839114373065507291 0.01243619799405454307 40.46622263173647127 0.9839170262661443012 -0.1780421195850701022 0.01443222357238318869 42.46475950361482887 -0.01198586278819195779 0.01480834869299121372 0.9998185094817005902 -0.980540799271056196
-0.179022123062168248 -0.9837819163490456598 0.01114542591890151785 40.30726326321789088 0.9837665641462852717 -0.1788532667786866259 0.01465797497627201532 43.38137328333839093 -0.01242685487671785736 0.01358859916222904599 0.9998304472512733465 -1.000498696784835717
-0.1792590639870708102 -0.9837467395852501628 0.01041826923578606338 40.14998918174825349 0.9837083139093997231 -0.1790858918063076288 0.01569065012882778914 44.30769192988068994 -0.01356986086903825411 0.01306122931923156365 0.9998226158497642846 -1.023770064163934457
-0.1794891550342501141 -0.9837076828503371617 0.01014090362400999618 39.98913949030362858 0.9836553761198204571 -0.1793102381900393283 0.01642983599449293272 45.23851076579481401 -0.01434378805147024094 0.01292413174847324708 0.9998135939078256484 -1.043864284795672503
-0.1791427930320204087 -0.9837684291272111858 0.01037003169071999166 39.8305627609011168 0.9837293283912417197 -0.1789702556460130989 0.01569254781473316401 46.17806898833298135 -0.01358190588995827897 0.01301251115582769194 0.9998230875438993692 -1.067415625507147414
-0.1799452931293366031 -0.9836177154765533004 0.01076481682537680333 39.66871826888905161 0.9835993578237637314 -0.1797832285904725769 0.01450151737805069341 47.11841116298418797 -0.0123286158702904762 0.01319774671194456558 0.9998368990552659596 -1.088684334029044187
-0.1804302404390338843 -0.9835304480532356397 0.01062007944010577923 39.50516882383666939 0.9835209195388727732 -0.1802815616335144977 0.01360732759918706 48.07033607156689925 -0.01146861650430136027 0.01290024368696273196 0.9998510161760572057 -1.11019991911266569
-0.1813682204886533089 -0.9833620574433120654 0.01022900667883787189 39.33868871207658913 0.9833463208657197141 -0.1812225385525878529 0.01372606135820420882 49.03038367588749225 -0.01164396138058645946 0.01254812740660165953 0.9998534705955444135 -1.134622567913629254
-0.1810825169340446461 -0.9834210626215780238 0.009598731847387605501 39.16814827051645409 0.9833903673561011916 -0.1809370583490634843 0.01432362758592822284 49.99829337479323499 -0.01234939075680149649 0.01203305897244099677 0.9998513379696511993 -1.157626427082657061
-0.181296306073245761 -0.9833848342954423227 0.009269146774209263348 38.99876956220887791 0.983343026528283648 -0.1811482160019997067 0.01489348909720099833 50.97616616414342161 -0.01296694190592328523 0.01181488540015050888 0.9998461216110156036 -1.17606735701716647
-0.1819120768000830335 -0.9832637796594714263 0.01001678212059654155 38.82852706552816358 0.9832358493107494768 -0.1817589484659039023 0.01452409318127570806 51.95928180797945828 -0.0124603749722958148 0.01249096722994925621 0.9998443452824095079 -1.197554574853086695
-0.182910380611431167 -0.9830671372114316853 0.01108135368545237753 38.65384097056774237 0.983059328938913457 -0.182750934969132528 0.0140161176536691412 52.95208804137413239 -0.01175365690987106859 0.01345732153248278481 0.9998403632812672415 -1.214786873157020608
-0.184512054427680372 -0.9827708908798851173 0.01080175032270515485 38.47619932744218829 0.9827661786776829 -0.1843633898599754684 0.0134453905336990396 53.95366171648727516 -0.01122229112711637354 0.01309643151763066442 0.9998512607700018595 -1.240638762054496969
-0.1859707389154381385 -0.9825067194256005276 0.00976885616593235924 38.29267364359572667 0.9824920002714977452 -0.1858367311028530366 0.01319768068706091667 54.96224245521996465 -0.01115139765938000758 0.01205220546417415904 0.999865186249472182 -1.264877806356732304
-0.1875567790789716138 -0.9822146258173120037 0.008768320938482660962 38.10712446683483989 0.9821962890212690978 -0.1874417660510434569 0.01249136391728335703 55.97701649008289593 -0.01062565077395081006 0.01095505226935410657 0.9998835344055855279 -1.285275435319269466
-0.1884416060071998356 -0.9820590953957241132 0.007049416710573073661 37.91795705277566242 0.9820319282051074294 -0.1883524871140815904 0.011688994126890416 56.99770827188618227 -0.01015150782819992763 0.009125445110885338496 0.9999068322300543876 -1.309846159535801746
-0.188340045671767875 -0.9820841996127195328 0.006217078687025446096 37.73019584238095092 0.9820524493986888537 -0.1882616264063352585 0.01142570141729987686 58.03213007113477317 -0.01005056348630728978 0.008257414479463960968 0.9999153970610323849 -1.327566907771382088
-0.1877303786105573025 -0.982198953334781244 0.006520813967352257629 37.53738101455232368 0.9821794314068824638 -0.1876575912622988618 0.01040158463336444961 59.07257232616198905 -0.008992745297730827744 0.008357302776135361322 0.9999246401716072041 -1.346743813799895939
-0.1872589764798895384 -0.9822905635285819059 0.006270927395986459693 37.34977277305593901 0.9822836314532814583 -0.1872027368795530222 0.00860248125596621907 60.12507830409970211 -0.007276201389365487271 0.007770721170289113938 0.999943334787444349 -1.36509756395585713
-0.18770847032122151 -0.9822075419379134864 0.005820200164061265641 37.15678256668979174 0.9821990999359024865 -0.1876574131392410028 0.008344062499279495532 61.18928020128231537 -0.007103397410453312841 0.007282846570592183683 0.9999482496064775461 -1.392787875358143523
-0.1877796403657929769 -0.982197254213773574 0.005230724521302088266 36.96257919005721959 0.9821606354758756208 -0.1877132871387983126 0.01114486218719673918 62.26321227555263249 -0.009964576544844413672 0.007230189933279428278 0.9999242129120640143 -1.411579870695302663
-0.1878666479744102169 -0.9821791968563134967 0.0054907050135651796 36.76299079100139977 0.9821026198280423669 -0.187769649441603903 0.01473101746224324098 63.35256917974213309 -0.01343751114435800566 0.0081599026504094712 0.9998764170051122058 -1.433717375731560439
-0.1869574439877557115 -0.9823533836595067514 0.005361319826671610313 36.56627047646600914 0.9822496731305571105 -0.1868474294391073709 0.01654139495061510493 64.45093771104424718 -0.01524774647217051055 0.008358691567255526964 0.9998488078218645825 -1.463324954628983932
-0.1876988593380626291 -0.98220452557797433 0.006588485208053030361 36.36839423102973967 0.9821052721750005432 -0.1875660113825190489 0.01697721237780881742 65.55216056976756533 -0.01543931893765498886 0.009657189456530637997 0.9998341693113623752 -1.484864422729334166
-0.1884700823486413768 -0.9820448913688166748 0.0081767594990707574 36.17279178456749378 0.9819750823941635343 -0.1883225422733467713 0.01611079230452455019 66.65716577127781761 -0.01428165314213963519 0.01106577643515286279 0.9998367781670239873 -1.514318886477152182
-0.1883239550125852535 -0.9820628189700317812 0.009311689699122828803 35.97389873595795251 0.9820102455084753768 -0.1881638844084370099 0.01581867000454083294 67.76547447286479553 -0.01378280395282307363 0.01212320918582842494 0.999831516863833758 -1.540996669935885688
-0.1887968517470304253 -0.9819646519922314853 0.01005837999808057576 35.77289927777089673 0.9819043901059543167 -0.1886109255351633429 0.01702020738484760418 68.8865261005556988 -0.0148161216606751342 0.01308972904781002117 0.9998045516661698828 -1.565515588027612814
