1 0 0 0 0 1 0 0 0 0 1 0
0.9999999895900877345 7.014327782412189884e-05 -0.0001260941912725310873 0.8350740280963411255 -7.0149252946594316e-05 0.9999999964169958844 -4.73823852487306434e-05 0.3888682032701473723 0.0001260908672649226178 4.739123016880284123e-05 0.999999990927582183 -0.1019264747226914097
0.9999999858348185278 0.0001600528027076126647 -5.209091171253094879e-05 0.8353843909658225098 -0.000160051018045487064 0.9999999866048627783 3.426289326487154049e-05 0.3871008401801194765 5.209639488686195608e-05 -3.42545555760809302e-05 0.9999999980562955804 -0.1011439604376747903
0.9999999888019776018 0.0001339203269633911138 6.679364345305554955e-05 0.8354709668611797202 -0.0001339224088479888533 0.999999990546752926 3.11654044593740167e-05 0.3855242687251593803 -6.678946914048359575e-05 -3.117434927601008844e-05 0.9999999972836633999 -0.101425235848257661
0.9999999947221229757 8.859421083364111269e-05 5.202710568248904757e-05 0.8354728451071536943 -8.860376001363152911e-05 0.9999999792259364195 0.000183568789521512324 0.3849584089548352406 -5.201084146963330337e-05 -0.0001835733983498449168 0.9999999817978397765 -0.1024224007135793035
0.99999999742283463 6.937455325557808662e-05 1.847977660261968265e-05 0.8359553257407038585 -6.937584814109527083e-05 0.9999999951379636709 7.007898707881479164e-05 0.3834969416574376955 -1.847491481434914072e-05 -7.008026894838491816e-05 0.9999999973737166981 -0.1010410487435285665
0.9999999926936343764 -8.434180573366058893e-05 8.659786898485347367e-05 0.8371499798540241732 8.433580482879816844e-05 0.9999999940426620437 6.92975320103050293e-05 0.3824899814873900517 -8.660371314794333816e-05 -6.929022820301462674e-05 0.9999999938493305818 -0.1013446989597489856
0.9999999522797209384 0.0001734060885835573727 -0.000255677304775479917 0.8374255887773958129 -0.0001734987464401366005 0.9999999192735338216 -0.0003624239379116867476 0.3817233383613375386 0.0002556144376180722959 0.0003624682803085870647 0.9999999016389976569 -0.1016945080691642467
0.9999999829526018402 0.0001781262231361716985 -4.863994823831830293e-05 0.8382480160973295735 -0.0001781262529584160361 0.9999999841353335306 -6.087911141888203249e-07 0.3817154276520091649 4.863983902499990106e-05 6.174551555342988264e-07 0.9999999988168923881 -0.1023683299287671128
0.9999999984028667965 5.384757303019213235e-05 1.716698136840421205e-05 0.8383534786958957152 -5.384866405799717919e-05 0.9999999965302412974 6.355972644374854516e-05 0.3817931317458931328 -1.716355877182747149e-05 -6.35606507612477943e-05 0.9999999978327279715 -0.1014450082940827058
0.9999999935355011749 0.0001042670613694843062 4.535832252069386256e-05 0.8390998135974826466 -0.0001042709309742724614 0.9999999909242139884 8.531790461661900907e-05 0.381605438825300014 -4.534942626183485276e-05 -8.532263361959817587e-05 0.999999995331738889 -0.1026768047732431188
0.9999999996300549254 -1.483114774122952268e-05 2.280191347477361353e-05 0.8391074012954263805 1.483190568958351509e-05 0.9999999993375335849 -3.324074942120149441e-05 0.3809357069072931146 -2.280142046120241581e-05 3.324108760473444324e-05 0.9999999991875626604 -0.1026042852783962261
0.9999999930317832186 0.0001043524767506946336 -5.51995834752593779e-05 0.8396733255014001696 -0.0001043538134054925197 0.999999994262015357 -2.421261768041418623e-05 0.3804735766946754638 5.519705651190144797e-05 2.421837779872945567e-05 0.9999999981833775919 -0.1055230166184485396
0.9999999645914871005 0.0002079408727011922543 -0.0001660651020281100172 0.8403477544356023898 -0.0002079593960153174547 0.9999999721566384947 -0.0001115330080729264733 0.3809283073545619569 0.000166041905133265693 0.000111567538922025493 0.9999999799913847909 -0.1059545088714137773
0.9999999758859492438 8.622391862896654658e-05 -0.0002019740993924481033 0.8400833036753229122 -8.626085484162434398e-05 0.9999999795580065687 -0.0001828744143879997962 0.3800145369169539711 0.0002019583271150693729 0.0001828918324366263248 0.9999999628817052288 -0.1037970693438542424
0.9999999857891179733 0.0001482146050622447201 -8.033800280786589413e-05 0.840597264250645404 -0.0001482156295273318915 0.9999999889348315518 -1.274613254166927632e-05 0.3790971782573551718 8.033611275591163406e-05 1.275803970819662612e-05 0.9999999966916707228 -0.1024655099972341943
0.9999999960359199358 8.893583202283002892e-05 4.310204870155172121e-06 0.8413764239716459148 -8.893592281543005675e-05 0.9999999958232503872 2.106895526793315146e-05 0.3799363814582086274 -4.308331067085919679e-06 -2.106933851646177735e-05 0.999999999768760639 -0.102259294783381055
0.9999999983180055674 1.98181868052291179e-05 5.450897454289779011e-05 0.8420403610136386607 -1.981609736367650633e-05 0.9999999990689770746 -3.833233792252790299e-05 0.3794765387033708359 -5.450973416958230871e-05 3.833125770290638726e-05 0.9999999977797018325 -0.1033858120762781163
0.9999999929537314314 0.0001170525694168099174 1.977961282286569016e-05 0.8421430676133150328 -0.0001170526376606720439 0.9999999931433918299 3.449089828845037008e-06 0.3785173727354182449 -1.977920896241801879e-05 -3.451405060394646878e-06 0.9999999997984353461 -0.1040106194489932856
0.9999999971272501842 7.25667579615293522e-05 2.189897743985431478e-05 0.8419014229345473943 -7.257154476966529838e-05 0.9999999734596367595 0.0002186643471060031256 0.377505826309300907 -2.188310909589624072e-05 -0.0002186659357204568689 0.9999999758531687988 -0.1034428862656327497
0.9999999942539266051 5.500681414172488347e-05 9.201302733852804929e-05 0.8415076811885119357 -5.50406994456874326e-05 0.9999999306611968564 0.0003683043888625450995 0.3760705442148076227 -9.19927617073891215e-05 -0.0003683094512076238764 0.9999999279427373988 -0.1034903659793114938
0.9999999873468096157 -0.0001475303666709605404 -5.950774385265046682e-05 0.842273460899876536 0.0001475368704849480445 0.9999999831427541785 0.0001093039949080059085 0.3752816575094956586 5.94916171910664192e-05 -0.0001093127731112592828 0.9999999922557325505 -0.1050950959556127273
0.9999999779651415066 -0.0001778071101608849039 -0.0001115990509859396456 0.8419709062006290878 0.0001778018822824777359 0.9999999830956265434 -4.685336015402198927e-05 0.3732123374128084592 0.000111607379959997917 4.683351660028859244e-05 0.9999999926752072277 -0.1035547027781270613
0.9999999899275036075 -0.0001367198701565422155 3.811390526814528257e-05 0.8424323777181816908 0.0001367116068586675924 0.999999967170387416 0.0002167236965960991544 0.3743552624719386213 -3.81435344525389984e-05 -0.0002167184837999176566 0.9999999757890845054 -0.1036771470908254
0.9999999959857683862 -8.905395255658313399e-05 9.892259241587782407e-06 0.8426987350392085574 8.905324601132131592e-05 0.9999999934856691475 7.14015472110371874e-05 0.3739062022734354063 -9.898617767144132131e-06 -7.140066598661897596e-05 0.9999999974019810889 -0.1049656077342654564
0.9999999972426296679 -6.208757052601807482e-05 4.074155437767098192e-05 0.8441591824678761347 6.208016777920346912e-05 0.9999999815698923378 0.0001816762719310495097 0.3744405658269338577 -4.075283346514616852e-05 -0.0001816737421875693848 0.9999999826669287994 -0.1058785501448351873
0.9999999845152806044 0.0001687400995050023693 -4.996215853820127803e-05 0.845224549365354072 -0.0001687269173830918928 0.9999999509891492888 0.0002637288878051323275 0.3775620588596225735 5.000665772828396876e-05 -0.0002637204537603685291 0.9999999639754275638 -0.1079911006760289061
0.9999999928834493179 -4.27452726296558824e-05 -0.0001113819685248857355 0.8437794123927561118 4.275156179554891498e-05 0.9999999974921123247 5.646307865636584236e-05 0.3740398610225507126 0.0001113795547158616021 -5.646784000765378743e-05 0.9999999922029888522 -0.1079454608019790179
0.9999999833514521264 -2.625471234483943279e-05 -0.0001805762595671805211 0.8425711874176173843 2.626929178119019102e-05 0.9999999963957716398 8.073649143092818535e-05 0.3727643476306322645 0.000180574139202984205 -8.074123369723417679e-05 0.9999999804369165135 -0.1078415550872015849
0.9999999804498088674 -0.0001760331387891679296 -9.007061663221907803e-05 0.8413783888937205191 0.0001760463272507819892 0.9999999737820056689 0.0001464366027868304384 0.3703609386934235692 9.004483657592597212e-05 -0.0001464524565252181684 0.9999999852218025564 -0.1046215800459819878
0.9999999881188305073 -0.0001160352328335410448 0.0001014798674292661471 0.8424058643702240223 0.0001160232743999217405 0.999999986326355228 0.0001178384027280894895 0.3727603315874783441 -0.0001014935394481637771 -0.0001178266273015266479 0.9999999879079736198 -0.1019721594154200661
0.9999999985405367831 4.408928827272686743e-05 -3.122596695803946359e-05 0.8425727938791389704 -4.408738340841972502e-05 0.9999999971676126753 6.10006337248736899e-05 0.3745012999522771002 3.122865634412054606e-05 -6.099925696466793111e-05 0.9999999976519308165 -0.1003402289835439581
0.9999999955676384111 2.452700699908617337e-05 9.090186544632636832e-05 0.8437797670018732932 -2.453778629113896197e-05 0.9999999926680533946 0.000118582419296075017 0.3732844841906671207 -9.089895630801070846e-05 -0.0001185846493010226451 0.9999999888375302737 -0.09919791207060352223
0.9999999841843785209 0.0001737280754373968358 3.807622068474219467e-05 0.8451186666899876965 -0.0001737279185739925441 0.9999999849008055497 -4.1229896899992646e-06 0.3746590827450720362 -3.807693638888582272e-05 4.116374722224896231e-06 0.9999999992666012139 -0.09909612145341149814
0.9999999781367195917 0.0001785966396722907452 -0.0001087648873969777088 0.8451500766685343669 -0.0001786112141794785296 0.9999999750703273405 -0.0001340051450914996349 0.3754440128230618345 0.0001087409518168925339 0.0001340245687903056566 0.9999999851064100831 -0.09985173588579934756
0.9999999936412171664 6.66532209142549749e-05 -9.096655276854230662e-05 0.8449406554668552616 -6.667380791979060173e-05 0.9999999721647240269 -0.000226329747094495393 0.3779850382813851883 9.095146462983065322e-05 0.0002263358107417801145 0.999999970249965453 -0.09794718780837091687
0.9999998802362908279 -0.0004891992565513536778 -1.454274128438572435e-05 0.8441612536973310821 0.0004892029176614982183 0.999999848381312173 0.0002528198134139868756 0.3790751504934498639 1.441905981467079997e-05 -0.0002528268974868153832 0.9999999679353247517 -0.1020262486265179902
0.999999667819159832 -0.0007453397252299880701 -0.0003298943225203945697 0.8428545920043346573 0.0007454563269684370526 0.9999996596768300217 0.0003534700677088366814 0.3772801007799934103 0.0003296307549665698105 -0.0003537158721028064176 0.9999998831143167566 -0.1087281297422305337
0.9999997563411860968 -0.0003747950783567571506 -0.0005889365142243673792 0.8425486394782194521 0.0003748318874617393532 0.9999999278041545869 6.2391839611030894e-05 0.3766118503643816062 0.000588913087551182061 -6.261257659393110533e-05 0.9999998246305048522 -0.107429838776145703
0.9999996504950363629 -0.0001567537258970309964 -0.0008212417881571764658 0.8400418382133834072 0.0001569485882564331642 0.9999999595472319758 0.0002372186230936909601 0.377356731485067487 0.0008212045700326508222 -0.0002373474329238731584 0.9999996346445584328 -0.1063117719384301385
0.999999351067649811 0.0003384216538911808845 -0.001087812053372502448 0.8376543866644029501 -0.0003386067441780000152 0.9999999282279227186 -0.0001699694745987713192 0.375562847825320012 0.001087754453947266733 0.000170337704797750766 0.9999993938874733868 -0.1011915322982522014
0.9999989077486634015 0.0004586414662717193435 -0.001405044300196982331 0.8373751216787428397 -0.0004595083366775893643 0.9999997042607066122 -0.0006167094841470846262 0.3758189924970258278 0.001404761036128100975 0.0006173544401146682055 0.9999988227592703227 -0.0980917121692361782
0.9999991424726863976 0.0005147895027289784353 -0.00120417841687937453 0.8371284769911541135 -0.0005149609375677193868 0.9999998573169532889 -0.0001420609230395986718 0.3756967719411296036 0.001204105113591600338 0.0001426809060650319856 0.999999264886247019 -0.09868027029067169553
0.9999992926622238709 0.0004709392175616935127 -0.001092195635112295886 0.8391812808671305079 -0.0004706664932071177886 0.9999998579999067605 0.0002499464313693915097 0.3789056843648836437 0.001092313189597235185 -0.0002494321946833641629 0.999999372317541102 -0.1025853683085507229
0.9999983567692323216 0.0007836459583271275292 -0.001634734794106886468 0.8428885371177002872 -0.0007840802609749353887 0.9999996574838820873 -0.0002650476615119629086 0.3801416118990631476 0.001634526530655163118 0.0002663289892614787531 0.9999986286950047765 -0.09952919129505474749
0.9999967561847168396 0.001268216515743636344 -0.002208901743671651697 0.8466024446625164401 -0.001269425307087422355 0.9999990452647345984 -0.0005459203321562476879 0.3790230663387151866 0.002208207289573738477 0.0005487225970658171116 0.9999974113586883595 -0.1030143611226045641
0.999995064883094753 0.001627845226680803628 -0.002687067057780920254 0.8543657645614003426 -0.001630671625823488938 0.9999981192060619639 -0.00104999732732478316 0.3759541558654511673 0.002685352770824173813 0.001054373869473031059 0.9999958385794610605 -0.1064146098326666512
0.9999934799898350102 0.002411351882178131272 -0.002688002961254012686 0.8657517194009745065 -0.002413644768500877464 0.9999967258275767046 -0.0008500900293242996762 0.3750861988484150977 0.002685944294076610724 0.0008565723710138129854 0.9999960259856147671 -0.1074350971302991953
0.9999910566081243735 0.003635863920710101071 -0.002160369717681976005 0.8793709339420932025 -0.00363668809751954529 0.9999933159017746487 -0.0003776922753363164652 0.3744934022808618646 0.002158982039841553929 0.0003855454883248254504 0.999997595072722234 -0.1014248417117393497
0.9999871942032177996 0.004691464772109349771 -0.001897784989942475232 0.8920578219167722978 -0.004692834238191495935 0.9999887309681622094 -0.000717804637332893113 0.3674709705327570686 0.001894396048573698246 0.0007267014356501061119 0.9999979415821987905 -0.1003358621056174571
0.9999801420205570723 0.006056147292910626749 -0.001743170821566329774 0.9087716869642636919 -0.006057341559928396992 0.9999814224920906547 -0.0006806496317797680086 0.3669026627846418975 0.001739016323371681124 0.0006911950965169005087 0.9999982490342498309 -0.1017094770611390309
0.9999679794030348345 0.00776277875180011144 -0.001944076814939689609 0.9270310622826700708 -0.007764904465107929157 0.9999692604798445794 -0.001088280313365746392 0.3641713680578052004 0.001935568975658655136 0.001103341036721284954 0.9999975181025686499 -0.09946068216304251863
0.9999513535089523675 0.009661315506519031759 -0.001987359629681074817 0.9476603173817923498 -0.009663916401863757374 0.999952453926565954 -0.001303305803266346062 0.3617581763626556146 0.001974673489967348951 0.001322448079333931941 0.9999971758938549504 -0.0988791400092621231
0.9999325187630904166 0.0114707749982222839 -0.001838271210140800206 0.970475250291037761 -0.01147292398201009249 0.9999335077753136458 -0.001162774036415268903 0.3581175235997675621 0.00182481106005296669 0.001183785916837308246 0.9999976343549509261 -0.1000150422630036451
0.999900446940126475 0.01396966250649338964 -0.001986136548665827506 0.9969125858772274196 -0.01397212379428990243 0.9999016275976977397 -0.001230806301620490607 0.355813651935792008 0.001968747218997731266 0.001258434316817375184 0.9999972701850030621 -0.1040933307322381429
0.9998603688745166806 0.01659311093112715921 -0.001977731969368922739 1.025205671896371573 -0.01659555589798833442 0.9998615322519169846 -0.001226314513294690656 0.3522917742260956997 0.001957109744521262629 0.001258964843067903469 0.9999972923608202446 -0.1035178138574480711
0.9998140506246021575 0.01918048141159391443 -0.001993315440384783605 1.056729479308034403 -0.01918294271737790505 0.9998152423202824046 -0.001223083291024015459 0.3494975220026684815 0.001969487833720755861 0.00126109351536055612 0.9999972653766701081 -0.102369435578687662
0.9997458641780199162 0.0224484323024715382 -0.002067594279704624335 1.091636393645660119 -0.02245081932165194846 0.9997473002152061916 -0.001138606250211120392 0.347495769011594402 0.002041511873748066714 0.001184736075179940867 0.9999972143109707723 -0.09699509056831853715
0.9996546402340674708 0.02618648568153688141 -0.002206405707862282069 1.128689318885677473 -0.02618925464483891352 0.9996562390849627056 -0.001235556415453761088 0.3438451703919154223 0.002173292351435192858 0.001292913824912355139 0.9999968025819865325 -0.09550619547078426086
0.9995244335449632311 0.03072008352921975355 -0.002680151969237190047 1.168978753090776479 -0.03072341300430002711 0.9995271920478910888 -0.00121006207501475724 0.3416901462804008416 0.002641711564053279924 0.001291830025948530322 0.9999956762582508096 -0.0944639412084591068
0.9993603073161542172 0.03562231731592201134 -0.003166491750429171071 1.2122531203305833 -0.03562306739002860795 0.9993652807604558319 -0.0001807769366644737985 0.3363006310293925605 0.003158042223792053259 0.0002934614439961894927 0.9999949703121979727 -0.100009822140068913
0.999132762105685357 0.04143251990233827453 -0.004131583426039221567 1.260985799759865023 -0.0414311914712706536 0.9991412768060835559 0.0004066393734145019368 0.3301780772975018707 0.004144883633455751643 -0.0002351102963367972135 0.9999913822942744224 -0.110777090907927811
0.9988775221688571682 0.04718846833701154098 -0.00411632868114180251 1.315817757592888881 -0.04717775118151330133 0.9988829602510043149 0.00266298960678622949 0.3239003548394856491 0.004237392979126658639 -0.002465801329687813178 0.9999879820900563487 -0.1191925780962705961
0.9984911160528194829 0.05470770573509657619 -0.004749536482345153784 1.378080691740983799 -0.0546928261178681735 0.9984980730155755824 0.003208263614931811461 0.3171724462188835192 0.004917919767105118772 -0.002943657144495542399 0.9999835743389887677 -0.1207721201644594011
0.998003011779358018 0.06298382489867680734 -0.004798570668785107421 1.450306980980935689 -0.06296448367047326189 0.998007426409468934 0.004080518062583427148 0.3053785190065693156 0.005046015798747831814 -0.003770229791561999482 0.9999801613491527963 -0.1084626824349298885
0.9973929206113670842 0.07204455235141636604 -0.004116356497096036043 1.531644095918943904 -0.07201645212940442631 0.9973815439627462531 0.006609567700065267261 0.2909740303380031756 0.004581761344762309146 -0.00629589064172597461 0.999969684152478222 -0.1037237633502367251
0.996631676304999492 0.08193746445656102662 -0.003399073979272576075 1.624163691293402101 -0.08190642499212966166 0.9966042814040043663 0.008440606152208447038 0.2764044155656312229 0.004079133547140405443 -0.008133769460579807695 0.9999586003749688645 -0.1020969541758682264
0.9956351458715031466 0.09329479335422265207 -0.002595734659698434484 1.724933820182061872 -0.09326722689240359021 0.9955981873148450623 0.009245204334982501729 0.2564274714685964018 0.003446838149895833404 -0.008962753393213587078 0.9999538931162680333 -0.103541029828969039
0.9943376888463930641 0.1062507346563447003 -0.001828093159750094916 1.836670949810508047 -0.1062280548446103701 0.9942937009649427393 0.009779395961281611357 0.2310499648041712817 0.002856729518898079578 -0.009529827198019516846 0.9999505095203621297 -0.1118523007930585927
0.9927565098798171173 0.1201352707714797158 -0.001424362281096684538 1.956600068964465811 -0.1201163703879052358 0.9927137348678483075 0.009565467555897409074 0.1983382932418064626 0.002563134034755917227 -0.009325090958838565258 0.999953235417801567 -0.1171154843216163088
0.9907865239031422577 0.1354248472304978301 -0.001474721846472772319 2.085317966639906651 -0.1354070590795158069 0.990751527828629186 0.008737188144567312881 0.1616819827546550903 0.002644315292217301518 -0.008457000522252400287 0.9999607425988291665 -0.1196869409143954954
0.9882680381577727546 0.1527100242604687574 -0.002435825559043178472 2.221522434442012361 -0.1526889564786187981 0.9882475875889650263 0.007265548434997751506 0.120695131604593095 0.003516720810286080943 -0.006808385635221252466 0.9999706388488537323 -0.1259595633276950899
0.9852883179318523421 0.1708729588105956099 -0.003059819330209555092 2.368454333897624053 -0.1708496799925564857 0.9852742537038063908 0.006710576342496102874 0.07478711520898524701 0.00416141724200739388 -0.00608908332344992604 0.9999728024655560876 -0.1270312669464506994
0.9818739172397187298 0.1894973294329181379 -0.003791145225675668362 2.527692834325628191 -0.1894688768068914786 0.9818630138302333332 0.006823986646082086903 0.02648434206141130065 0.005015512522668463813 -0.005981990471659570305 0.9999695297478478073 -0.1221388274187374251
0.9781425914779812159 0.2079059872292078892 -0.003488726270090448858 2.701644949377100424 -0.2078730643979896653 0.9781227160662349096 0.008046204881862089806 -0.02200784571486147367 0.005085256584324504385 -0.007145123474097897845 0.999961542948533344 -0.1254166256116467371
0.9742714571348967123 0.2253697786728490471 -0.001894907173489869968 2.888277928931273664 -0.2253443230857012647 0.9742373385660695329 0.00903018254238143088 -0.07974173082148210134 0.003881219562482452531 -0.008370842529439748853 0.9999574316589957546 -0.1311196340513919867
0.9698898304747871624 0.2435439215272290625 -0.0002739137226313077432 3.089031931906217388 -0.2435319295099708237 0.9698520790932920743 0.008896290663486527278 -0.140168819593721683 0.002432293308617740173 -0.008561715106071718373 0.9999603897073640058 -0.1313651218026676282
0.9657426962806728854 0.2594993099676653481 0.001073641859088685785 3.301075255947391707 -0.2594988912701418626 0.9657059457662867663 0.008505982671545364929 -0.2133254309594399822 0.00117047430691742671 -0.008493199511789627926 0.9999632471005870382 -0.1325196917545840569
0.9618859194835707171 0.2734454512904421208 0.00175016222451119044 3.52367792752720721 -0.2734510330575763981 0.9618637620601373506 0.006529606057321598288 -0.2992543871009847867 0.0001020734536092361342 -0.006759319794623209858 0.999977150327408304 -0.1355702001418826463
0.9580585483968877547 0.2865676639112761381 0.001670881229230787926 3.757880962449503315 -0.2865721560345944607 0.9580504790958458416 0.00395965780141250244 -0.3941098461185927881 -0.0004660786761379716531 -0.004272412041708074232 0.9999907645903604037 -0.1319424398561029887
0.9545712947486404421 0.2979770441918139778 0.001823287309793539821 4.012073042441722137 -0.2979814078465468086 0.9545670045077921939 0.002985713115926746149 -0.4866864792970497788 -0.000850775936578107724 -0.00339338175429921337 0.9999938805515637963 -0.1356353824714684464
0.9520471642793335576 0.3059435467230090522 0.002177890315343483131 4.282429262199135778 -0.3059486203387974945 0.9520444935680345555 0.00259306374218870074 -0.5845442159844167485 -0.001280117364153864068 -0.003135041519774876655 0.9999942663906644658 -0.145629425761029857
0.9502148720748991861 0.3115910292778218404 0.001651472455277030018 4.565733436299002079 -0.3115937341616411005 0.9502137890551960453 0.001760659129995627683 -0.6900999430695962111 -0.001020646308726342504 -0.00218759295918116237 0.999997086354834086 -0.1569623070939022424
0.9487429045024401431 0.3160454921072384238 0.001465631252137810422 4.869664224829872268 -0.3160479646559013478 0.9487411484175721776 0.001979226153948427519 -0.7953580171080412153 -0.000764979173493762917 -0.00234098654413846018 0.9999969672898334494 -0.1629514077778431713
0.9478791371992945081 0.3186268432087071001 0.001440850157016785238 5.187214864326368691 -0.318629759922359368 0.9478750476094582877 0.002823156245568266519 -0.9148039502354552432 -0.0004662125487700185503 -0.003135108645842400125 0.9999949768572030662 -0.1642161647659885482
0.9475302961540257307 0.3196587849962284622 0.00214453841170334121 5.5259451812677991 -0.3196653434536463334 0.947520464135085505 0.004363283155427998515 -1.037164519031490872 -0.0006372322391540453631 -0.004819877588393249243 0.9999881812877121634 -0.1705409571153407855
0.9477957857696164279 0.3188609534836993609 0.003292540177656061787 5.883338419460699242 -0.3188757306057184437 0.9477772008330530573 0.006053594942831973767 -1.157662211277264319 -0.001190339457733722564 -0.006787482930271165719 0.9999762563018417261 -0.176188678535550175
0.9484251654587770863 0.3169749036455862257 0.004076270766596962018 6.254604075108630923 -0.3169952496681586185 0.9484074186302420273 0.006113916497839856634 -1.287592889248315942 -0.001928007342586194684 -0.007090750735437333259 0.9999730016563921353 -0.1826150485879070307
0.9492742727723928464 0.314417370417025499 0.004480204514041754259 6.641055918586577178 -0.3144398088849661432 0.9492599339067622211 0.005760596124996343777 -1.420596682072420291 -0.002441647155232197237 -0.006877140348452220539 0.9999733712953545739 -0.1898904168722458929
0.9500647555011175749 0.3120079335059264825 0.005292427038998576659 7.038890461675586963 -0.312035307126344863 0.9500544677988348452 0.005520445818983027789 -1.565993999827099747 -0.003305671061887629613 -0.006896205103826969461 0.999970757019422285 -0.1993647497840610461
0.9509009134546282382 0.3094364513845940245 0.006044447506881692536 7.4523549643451652 -0.3094731391355921013 0.9508855805161692265 0.006556593627060139373 -1.709280562128761005 -0.003718728911352375648 -0.008105265013417260744 0.9999602370766280668 -0.2057630179885532318
0.9515852184665483104 0.307289172873697114 0.007676993589328250274 7.884339691388321469 -0.3073610745845712366 0.9515261401149837095 0.01127716755653245494 -1.842759677913017313 -0.003839508586936035087 -0.01309079495216160238 0.9999069403006117795 -0.2140706430125479398
0.9524145023266008536 0.3046607107753738775 0.009405693372480037825 8.328488982561246701 -0.3047797069441031126 0.9522835129828393086 0.01629236435049157689 -1.98552232961903119 -0.003993243423552572842 -0.01838374855426765098 0.9998230302388786406 -0.2179052566704174354
0.9533332870683017823 0.3017039834555378386 0.01141709834448190533 8.792824876028713987 -0.301886580793309045 0.9531082279519984546 0.02119429515521161281 -2.125547281076419104 -0.004487327096603094603 -0.02365189584921026031 0.9997101838624362635 -0.2306210854776786778
0.9543563128114649352 0.2984295772644186551 0.01199231465087713215 9.270581754242892103 -0.2986339328527516379 0.9540978771132616609 0.0226939427351363042 -2.270410415459552578 -0.004669298213166485877 -0.02523941960005832499 0.9996705304011160864 -0.2369105499372982648
0.9559830140783429631 0.29323529583903718 0.01046604356378375185 9.759746663678546597 -0.2934010123201997722 0.9557330411819058291 0.02214045985673243622 -2.42232392401368557 -0.003510379348256094205 -0.02423665132352109675 0.9997000860105261788 -0.2453915576558846068
0.9580965654926270059 0.2863434077038856107 0.007643563027720806473 10.25899647970663509 -0.2864442007485471509 0.957828807389810799 0.02266485366682852165 -2.565735045381930313 -0.0008312934249810854633 -0.02390457275792801095 0.9997138992494315479 -0.2528513480349955933
0.960255223545178449 0.2791002857323084396 0.00359668713444553749 10.76668753467848205 -0.2791043238182681074 0.9599587915177321129 0.02408100940082558844 -2.703497904852921074 0.003268345169443112076 -0.02412776599602860575 0.9997035404698205729 -0.2601564290679694302
0.9626356464812018121 0.2707998770739060701 -0.000196724365514858461 11.28400989789941278 -0.2706918167245546125 0.9622715346189393282 0.02755783047468781527 -2.843743697607686638 0.007651959362069921632 -0.02647489827872526874 0.999620191512282541 -0.2643216463294487673
0.9651443555790770734 0.2617075681128492315 -0.002349826867331267742 11.81505015006342418 -0.2615089599824706457 0.964693050491092996 0.03131105528525003623 -2.982787875602237904 0.01046120178252149015 -0.02960518749556883752 0.9995069265045728457 -0.2759174185167369009
0.967400017286635272 0.2532496102271488692 -0.001357009069625661739 12.3630480644485381 -0.2530467286918899883 0.9668136163461016341 0.03519636836530314061 -3.119167469198575127 0.01022544141594341691 -0.03370558065914704138 0.9993794945766492077 -0.2830444525264337319
0.9691014059469156283 0.246662576260360672 -0.0001961232090268428781 12.91807454861861615 -0.2464890482004780947 0.9684488531838424397 0.0367419090974168 -3.259989515179057662 0.009252789251557589842 -0.03555829354035733997 0.9993247688572339804 -0.2858769800835095909
0.9704802856513049525 0.2411768903760254656 -0.001312520747345534162 13.48946528262946565 -0.2409724103616939506 0.9698547491917950403 0.03625000571856071274 -3.404480756921329565 0.01001561813554144309 -0.03486363461647265516 0.9993418906333768614 -0.2859120834678106071
0.9717402316504132331 0.2359883524054764981 -0.0055154075959836079 14.07367439453390467 -0.2356392487640306399 0.9711554483925830539 0.03648615489914221882 -3.552467973193899731 0.01396662571720489431 -0.03415541811118031484 0.9993189384674574516 -0.2851687137879577727
0.972526581362648801 0.2325049479613610637 -0.01155412119393083026 14.67434991872895544 -0.2319374119662796219 0.9720113630271342009 0.03740250093933712022 -3.700065811075535116 0.0199270036248187371 -0.03369509340568173361 0.999233483829939928 -0.2813420053846301672
0.9726521199295449227 0.2317245062059239136 -0.01586211903192273967 15.29621546756702699 -0.2309774280097965371 0.9721804024369868902 0.03891905532560446801 -3.849178707806902189 0.02443934014128476551 -0.03419091021132567021 0.9991164598345778636 -0.2845027684828009829
0.9725507265915034338 0.2321030117643376189 -0.01653106579329925718 15.9368777184838244 -0.2313199744930118373 0.9720782279430668638 0.03943333817494273918 -4.005935851530637137 0.02522208569668642902 -0.03452695597632074453 0.9990854496508885241 -0.2812375059998636351
0.9723492941908069565 0.2331578472615635222 -0.01320107370606827049 16.59709147452897682 -0.2325315058420494574 0.971863535893588093 0.03755484511006858261 -4.174238142095257231 0.02158584900967642703 -0.03344676158861632081 0.9992073684985343096 -0.2748356216635311489
0.9722275653811338625 0.2339842942199841236 -0.004991109240344885137 17.28051318465037411 -0.233678269721261711 0.9716955902728449113 0.03467197866267110462 -4.346438098591445254 0.01296253729600862006 -0.03254273963088175764 0.9993862830378282824 -0.2803437382128479705
0.9722880338618616891 0.2337861299645880853 0.0001569879488067204263 17.97696509781903984 -0.2336531768943461707 0.9717120122427809203 0.03437961882082115478 -4.519172925150996889 0.007884930958144648755 -0.03346357272118927195 0.999408833843547173 -0.2767689324958754193
0.9724773927921870342 0.2329485281719002598 -0.004764843193190247163 18.67556304013078972 -0.232632543463138497 0.9718958975485503249 0.03606194739845244857 -4.694140774454496956 0.01303150912140572069 -0.03396097099382115736 0.9993381971180604895 -0.262223084118294758
0.9728261706286408517 0.2309648010474945889 -0.01626353027807259446 19.38315547934849548 -0.2302190420313457719 0.9723838094467630588 0.03832648969016867052 -4.870069143026512393 0.02466646359298366176 -0.03354083783825921594 0.9991329129654991092 -0.2548779429759584492
0.9733177209854128042 0.2280129233395257471 -0.02574336430860768229 20.1086639420435489 -0.226913043130664932 0.9731053712736024153 0.03970399546198546264 -5.045349374709470425 0.03410403015690585682 -0.03280309724138734395 0.9988798085547775374 -0.2559990116878646527
0.9746919802999555182 0.2225784443578669725 -0.0208417764641828443 20.85873504136328904 -0.2216224328617390493 0.9742932099860026618 0.04045044162447150593 -5.221116797604800297 0.02930939766346300421 -0.0348077158458111463 0.9989641545752291352 -0.2502100621350366039
0.9765025887113985004 0.2154000771084388088 -0.006745444508408105291 21.62363602376047922 -0.2149937994089518023 0.9758619118164899575 0.03835616354079984108 -5.39454057915120444 0.0148445429582993501 -0.03600466424706389584 0.9992413640841812938 -0.2399237656213606129
0.9782327988030089516 0.2074711920779273577 0.004036806137965125857 22.38700614055240123 -0.2074795013116634002 0.9775657342868574462 0.03629726826719523181 -5.560579919477216748 0.00358439416013374727 -0.03634473285031890322 0.9993328837342158044 -0.2252267153920299025
0.979955547082553946 0.1991419150180529229 0.005442740584945517969 23.13908661435390712 -0.1992094841112052594 0.9793306910830890111 0.03502825920405978899 -5.718515087242242778 0.001645351719204533577 -0.03541038245574203158 0.9993715013107279388 -0.2142802979191143764
0.9817961669587687012 0.1899360915789492787 0.0007534326661970664309 23.88392207992404792 -0.1898531317965347631 0.9812336204662459593 0.033710093647907384 -5.868927854943766675 0.005663469971413808736 -0.03323948228261192767 0.9994313692922924819 -0.2144273574496366186
0.9837273275659841332 0.1796437440156090637 -0.002944526437541598266 24.62640915768751526 -0.1794460517863332438 0.983194967520486629 0.03356739996910614032 -6.009128055091495391 0.008925216982441593061 -0.03249278502134996666 0.9994321184669685554 -0.2131008814048185041
0.9854711905158894947 0.1698227467415444614 -0.002601413529725360267 25.37335417335209797 -0.1696453611224260916 0.9849489609014782099 0.03310582831979883706 -6.143956328739575312 0.008184382251400289937 -0.03218352230964779265 0.9994484662947397124 -0.2182642562944815401
0.9868542345725794807 0.1616020111822954464 0.001873416132499441467 26.12667212445984433 -0.1615766739312834988 0.9863215960237777802 0.03259889044755021059 -6.271780239483563335 0.00342025546881189 -0.0324730534281110067 0.9994667591538916041 -0.2141591555527870561
0.9878775951720230042 0.1550940233298327975 0.006610664452684043499 26.88054080118322986 -0.1552270678961930883 0.9873582511133863759 0.03206620262310178049 -6.392833185299066301 -0.001553817714973055458 -0.03270363719344433762 0.9994638851728601114 -0.2136132404998665746
0.9887785515267912828 0.1491571594429065561 0.008313713219965348372 27.63068277435189302 -0.149344120230500893 0.988310834292765672 0.03062725211498877262 -6.51003833141204602 -0.00364825892148127294 -0.03152517417018886603 0.9994962999433170125 -0.2098263761206919653
0.9897272116982722689 0.1427753174962667071 0.007433379971701994417 28.37577484762320523 -0.1429285790710685677 0.9893427737120759069 0.02779023908536113266 -6.626952546037836456 -0.003386400550549848246 -0.02856719827943351997 0.9995861380960495701 -0.2129411608910887488
0.9906111133066862751 0.1366159611137559848 0.005069651097697341208 29.11731380221709742 -0.1366986569000242235 0.9903252117815997124 0.0238631957511781928 -6.741172882592389115 -0.001760509874193032795 -0.02433216140613697273 0.9997023789740067112 -0.2154700167519001675
0.9912920890615338765 0.1316539119823037507 0.002691026528277675085 29.85669819429742233 -0.1316812098823495758 0.9910477837710267579 0.0220079359881114843 -6.845351460994971049 0.0002304949905723741596 -0.02217065047065664568 0.9997541743497584399 -0.2227139330858900756
0.9919397009000938681 0.1266726667323916367 0.00310890352645272483 30.59311529125291784 -0.1267106604172053841 0.9916020031844652305 0.02588195929970325479 -6.941691920678389138 0.0001957418402148645433 -0.02606727418546625138 0.9996601717092022943 -0.2281376396780475657
0.9926273752446644894 0.1211065297624374648 0.004909415829588720942 31.32920515189076482 -0.1211955392226927303 0.9922592827320515507 0.02707687398122681291 -7.034681650466477976 -0.001592227185019871047 -0.02747224564855114959 0.9996212985584175259 -0.2322158724786166084
0.9932180229535324534 0.1161528552309000623 0.005145201841108654368 32.0599513221801331 -0.1162364862602174309 0.9929964290363890722 0.02114642246002199771 -7.132396948724039731 -0.002652949708241959803 -0.02160106809139329329 0.9997631498085717272 -0.234072733091488433
0.9937796830326334208 0.1112960608687770941 0.003889527818659037524 32.78319130425607852 -0.1113490174483391104 0.9936126943092317143 0.0183087416508817824 -7.223592634196093876 -0.001826993390281262232 -0.01862795057548533376 0.9998248154314380853 -0.2357443783913192592
0.9943186972358795117 0.1064049015144627741 0.002885352810455798708 33.50206756926347396 -0.1064409586149270559 0.9941302042334129174 0.019376773724439883 -7.304529605012312743 -0.0008066326789268194386 -0.01957380812540667273 0.9998080892747323034 -0.2366518915210418239
0.9948797591285430952 0.1010294840538082939 0.002703373476493814691 34.22083148144594134 -0.1010594703717240528 0.9947587146173737516 0.01555902120883869907 -7.385843575072437162 -0.001117284439496453625 -0.01575255676427677123 0.9998752965399583248 -0.2353964558820399733
0.9955275098730500538 0.09403199803874569274 0.009108261678581953957 34.94222084962378005 -0.09414988268063559373 0.9954662682266184337 0.01351696764044331076 -7.465015015529345987 -0.0077959397885535393 -0.01431405490458814711 0.999867156753836861 -0.2488603089363769505
0.9958928770382120543 0.08831759681813870777 0.01993438127510930788 35.66505887681826437 -0.08864407413410112235 0.9959326904698324601 0.01613394478820908903 -7.533355012403015749 -0.01842839074527990312 -0.01783474546467344116 0.9996711040481012223 -0.2616181917908437793
0.996105903922624103 0.08468586160110964933 0.02452209239379356948 36.37945912359697331 -0.08518198526741785348 0.9961657366983118767 0.01994628823142455612 -7.592408877981254633 -0.02273889963022517752 -0.02195745598167873902 0.999500281425882986 -0.2600222225576240831
0.9965073742005290391 0.08117857124072101749 0.01957275492315893248 37.07810473590721045 -0.08157542037101103705 0.9964581947252498795 0.02040874705093077141 -7.653844964652924965 -0.01784667911012285599 -0.02193412264512127618 0.9996001152003380907 -0.2690937958513915373
0.996874075030051654 0.07828015459396719944 0.01069092744917791125 37.77044250911828271 -0.07847991579836516296 0.9967199353886453395 0.019755333840161763 -7.715536781183390147 -0.009109409929326009112 -0.02053260323483905095 0.9997476835957861407 -0.2825349901228144667
0.9970607033018200616 0.07625878227790854058 0.007385936417989126881 38.46467267507949828 -0.07639732712571747908 0.996861269859313559 0.02076191374904907613 -7.77436665048803377 -0.005779475696475341873 -0.02126515412517346326 0.9997571659561668156 -0.3057065810332765254
0.9971621079855605974 0.07405897784948248241 0.0135276826427568192 39.16654776906506186 -0.07436504083096771855 0.9969487357596320543 0.02372886363650493491 -7.827074669519017647 -0.01172907072200461871 -0.02466751035595615704 0.9996269018152907915 -0.3169907318982755906
0.9972085687466835102 0.07081133887324926601 0.02368173779875292276 39.87051735879177272 -0.07147426913872320653 0.9970372675042835642 0.02842738219880816194 -7.878108996530867714 -0.02159859415046234271 -0.03004066401678917586 0.9993152952077507534 -0.3255877639031419246
0.9970536617362552034 0.07030877230845269943 0.03067037911084955631 40.57130253191184011 -0.07116116893410648347 0.9970816299947720118 0.0276461780884821387 -7.931991756164519458 -0.02863710275598145907 -0.02974726312531399824 0.9991471446600328488 -0.3358889690795568983
0.9969390387553492827 0.07097323362808101443 0.03279257711638269152 41.26408870524383588 -0.07179369338807674306 0.9971171387103113792 0.0245576318048082512 -7.991042141832416235 -0.03095510612578969076 -0.02683676207249177312 0.9991604323661968934 -0.35167366374688247
0.9969988132187944663 0.07118188716750437073 0.03043855087858192421 41.94671514309555249 -0.07191084571428517369 0.9971326828546308585 0.0235635959009332617 -8.049670624152277298 -0.02867397267508667649 -0.02568173908439383771 0.999258851133493553 -0.3799346414152180995
0.9971193878504635011 0.07173354533231726671 0.02464193269151756724 42.62143135928347704 -0.07238956186559172834 0.9970149805861230341 0.02684920519792499682 -8.101601579492463401 -0.02264238736583589623 -0.02855568176228681296 0.9993357270374488843 -0.3878310416509881953
0.9972814922528554504 0.07165891182517448998 0.0171646603796775099 43.29201819364539006 -0.07215721568410748965 0.9969291827879206425 0.03042270090780641381 -8.151024102186006814 -0.01493189320330794503 -0.0315785506608603217 0.9993897306374147638 -0.4027210385695922934
