1.0 0.0 0.0 0.0 0.0 1.0 0.0 0.0 0.0 0.0 1.0 0.0
0.99999998951942 -3.8805390622297934e-05 -0.0001394822593780659 0.21558585045532885 3.8796961769297584e-05 0.9999999974213988 -6.043176808944455e-05 0.0015339710340706025 0.00013948460409676366 6.0426355968200046e-05 0.9999999884463503 -0.017292994634061462
0.9999997562251465 -0.00024182720045781914 -0.0006550337788000498 0.4307517292382861 0.00024201187329268555 0.9999999309914303 0.0002818641306484512 0.004336626127669274 0.0006549655711834818 -0.00028202258788894157 0.9999997457416478 -0.043522515165400816
0.9999992406466959 -0.0003045020238295308 -0.0011941459493467776 0.6451958813854827 0.00030576105438862966 0.9999993974861622 0.0010542947834840063 0.007298025719484125 0.0011938241949620361 -0.0010546591062263455 0.9999987312381754 -0.06712887188883317
0.9999988845466395 -0.0005681309951437346 -0.001381351746591595 0.8626068008910418 0.0005710332187788718 0.9999976287713805 0.0021015167569394255 0.009666618699088636 0.0013801545342843698 -0.0021023032105296196 0.9999968377423359 -0.0847488255025856
0.999997912939752 -0.001026848000634159 -0.0017662670585609273 1.0816569005957195 0.00103158983134909 0.9999958610083532 0.002685849694759094 0.011388247102657234 0.00176350178860726 -0.002687666152366024 0.9999948332426993 -0.0977606934313631
0.9999968449608623 -0.0011801882698099792 -0.0022174814469372414 1.3020143261707544 0.0011865270132809976 0.9999952079954108 0.002859395016908149 0.011400940242040747 0.0022140961962982646 -0.002862017097043202 0.9999934532966548 -0.11560756273575151
0.9999969556308159 -0.0011563061978599478 -0.0021798360202414783 1.5239145491625272 0.0011627803210153983 0.9999949102980908 0.002971080584317633 0.00895196829330741 0.002176389446631939 -0.0029736062096788365 0.9999932104744939 -0.1302084342968623
0.9999957706481934 -0.0013956440794512719 -0.0025516393411777914 1.7476720003627686 0.0014051511607902029 0.9999920641861673 0.003727883434941644 0.006206908184651139 0.002546416293398152 -0.0037314531073932796 0.9999897959588224 -0.1537672888878644
0.9999948747020456 -0.0015507278975072688 -0.0028010377766591356 1.9734785867963751 0.0015635518267727733 0.99998828065727 0.004581905040761038 0.005372212656190423 0.0027938996623669957 -0.004586261124865061 0.9999855800628179 -0.17578880964915752
0.9999941647907324 -0.0017620527981859913 -0.0029266968444394675 2.1993173672142095 0.0017769144947335652 0.9999855019142322 0.0050831620297500405 0.004856791306397601 0.0029176976130594456 -0.005088332858480435 0.9999827978067221 -0.19351733837774532
0.9999934606715682 -0.0019266105693555358 -0.0030605205132433837 2.4261283039980936 0.0019429976383418526 0.9999837451889714 0.0053604214401959446 0.0028155041331859865 0.00305014332045791 -0.005366332970768947 0.9999809493666221 -0.20846154183894833
0.9999922293690985 -0.0018707996172273617 -0.003470059107517277 2.655248067424199 0.0018927732454306146 0.9999781112225278 0.006339912086754098 0.0019435662738990778 0.0034581224470605037 -0.006346430856676102 0.9999738817611794 -0.2263023456572169
0.9999918136518934 -0.0016936779013726501 -0.0036747903833154144 2.8862299397807365 0.0017199306274027087 0.999972940377639 0.007152646442903376 0.003118337513931535 0.0036625766656587094 -0.007158908273379264 0.9999676672595472 -0.24086823727391718
0.9999929404599274 -0.0007324711850080855 -0.003685446549433547 3.118432870076509 0.0007626875725312082 0.9999660547373872 0.008204125828665499 0.00411687968650859 0.003679312160214904 -0.00820687875559294 0.9999595540836225 -0.2569375915342834
0.9999925071504928 0.0011847817889904797 -0.003685367686078431 3.3552125520250553 -0.0011511941842821572 0.9999579079929769 0.00910258173599324 0.0038914304540907385 0.003695997134629509 -0.009098270957871017 0.9999517793727639 -0.2750518387696439
0.9999859080631529 0.003912399328089767 -0.0035884267592433184 3.5946911200143314 -0.003878808514695486 0.999949039834591 0.009320546034792277 0.0009515292913588325 0.0036247095904660617 -0.009306495869978065 0.9999501240636983 -0.29018704740678725
0.9999737835000913 0.005844948304532351 -0.00427421242185613 3.8368040809335273 -0.005803875611949076 0.9999374635519767 0.009559498581059556 -0.005046805263370702 0.004329819902816714 -0.00953444096723038 0.999945172044473 -0.3125715086862467
0.9999500861461031 0.008319722808516398 -0.00553239810460197 4.086315507870785 -0.008266986257673014 0.9999208159674734 0.009487820253295216 -0.009291984501013262 0.005610896061574952 -0.009441610420518578 0.9999396851000824 -0.3258540060011895
0.9999103841358908 0.011370759455177926 -0.007066082834561099 4.346009307542538 -0.011302699461730629 0.9998900542974891 0.009598348912384987 -0.0132206115648556 0.007174446465769452 -0.009517622937402458 0.9999289685630322 -0.3335979381472486
0.9998716613244104 0.013909750510887092 -0.007948567234786836 4.6159157239764195 -0.013827216572822171 0.9998508752248818 0.010345791119458594 -0.01768287079444658 0.00809128927979486 -0.010234556793729368 0.9999148888205559 -0.3478979220652873
0.9998366843975671 0.01604465014916183 -0.008317074874525316 4.898398971518999 -0.015952260573940304 0.9998116028065024 0.011058222102852597 -0.02154167206029889 0.008492933265872842 -0.010923739977036643 0.999904266412267 -0.3632653102614772
0.9997918984648944 0.0184547821938564 -0.008693720615330509 5.195660856093689 -0.01835528435255564 0.9997666617018147 0.011388840412783215 -0.026140569436265748 0.008901870606615733 -0.011226894663634183 0.999897351499599 -0.38265653073055367
0.9997395590482879 0.020984626600076745 -0.00896992309824056 5.510080569247061 -0.020879381425932757 0.9997138901929954 0.01167001227331058 -0.03314661380884393 0.009212247565247815 -0.011479686478478178 0.9998916697788569 -0.3997246418553513
0.9996893276605231 0.02279482895339455 -0.010081861665169646 5.8400557969823 -0.02267789999099282 0.9996759399339152 0.0115640809943006 -0.03975383913191294 0.010342195784680463 -0.011331852903638454 0.9998823071222533 -0.41498430768271966
0.9996506418855613 0.024176380450130767 -0.010681610651709895 6.187486089004815 -0.02405396442546803 0.9996451575370987 0.011444029362434835 -0.0477039791089961 0.01095449557042719 -0.011183096215292258 0.9998774611850372 -0.413198190465509
0.9995902149620377 0.026037763305597022 -0.011892730308361393 6.547891349353479 -0.025894258971232532 0.99959187526978 0.01206524956128361 -0.05661460347208386 0.01220202870331238 -0.011752351964054377 0.9998564860612921 -0.4271579713173277
0.999520353531239 0.02814307024745547 -0.012924026997488925 6.9248141685893065 -0.027979645369775933 0.9995283659492452 0.012656425554406995 -0.06450214774337171 0.013274122259743403 -0.012288745252443539 0.9998363788232314 -0.4404087462615046
0.9994801030010978 0.029574802407799004 -0.012839578164869424 7.318838468629547 -0.02940767589961158 0.9994827543427559 0.013015850706082356 -0.07587367455510746 0.013217878161624593 -0.012631501651001903 0.9998328524623221 -0.4390796421542623
0.9994282065906467 0.031178754667473985 -0.01308224477627217 7.723646277657907 -0.031009105564439875 0.9994348652467009 0.012976343915114057 -0.08841775947189545 0.01347943778850804 -0.012563255417898635 0.9998302202725264 -0.44092230080746453
0.9993588426417734 0.032898726558472806 -0.014127187424350172 8.14028611452469 -0.03273056593833887 0.9993924816897519 0.011974038389589948 -0.10322425648416511 0.014512535514097346 -0.011503970307252816 0.9998285077852703 -0.4469121723678201
0.9992868925529402 0.03456026483535854 -0.01520836830151856 8.56834776838047 -0.03439156305080923 0.999345475235675 0.011217910540965421 -0.11998181245126571 0.015586108007035363 -0.010686871408076608 0.999821416062238 -0.4506892155873505
0.999229641521424 0.03626737716911816 -0.014993360471737199 9.006717458219029 -0.03610244942238492 0.999286133070521 0.011128225315311203 -0.13691467524120055 0.01538624875226799 -0.010578355554485573 0.9998256656753189 -0.4387108323192544
0.9991587579540482 0.03837088226124328 -0.014472449627270576 9.456160928960152 -0.03821356751215998 0.9992091115097622 0.010994304610316807 -0.15468172305300898 0.014882864701181532 -0.010432011808114568 0.9998348230922548 -0.4369405048726111
0.9990893519815579 0.04026430194854409 -0.014115691469536912 9.912656626740112 -0.04010947077987778 0.9991337957327029 0.011085512099984306 -0.1733784317625186 0.014549814803798156 -0.01050924418582188 0.9998389163639395 -0.4469739327660854
0.9990238118476753 0.0416417148541732 -0.014744183440930354 10.378053972151088 -0.041494072068855185 0.9990868681093885 0.010181942570890973 -0.19230856467704738 0.015154713606028018 -0.009560206868891231 0.9998394556628292 -0.451153492838532
0.9989290141935974 0.043135638937104 -0.016737420819566032 10.85037562304989 -0.042993968546696584 0.9990371550703713 0.008733925663986787 -0.215654101142157 0.017098048742740093 -0.008004963609297233 0.9998217727609275 -0.45210021158147007
0.9988418035600136 0.04470617859532676 -0.01778789072309786 11.332992877765635 -0.04458604785810355 0.9989803604543113 0.007093924370089625 -0.24020595082794932 0.01808689573611317 -0.006292616465063893 0.9998166167756233 -0.45218171649798067
0.9988094645518898 0.04563050402915991 -0.017248496270888324 11.825687654410341 -0.045517327259629606 0.9989397307668357 0.006898348687995614 -0.26659700204775627 0.017544983348576085 -0.006105030509850603 0.9998274361917514 -0.4635452079897635
0.9988255012507175 0.04568256419117769 -0.016146869051517052 12.328926767317087 -0.04557887297949351 0.9989380550365297 0.006732647158043518 -0.2940133930683321 0.016437286551225845 -0.005988783578861423 0.9998469633309275 -0.4747374499134349
0.9988646863784489 0.0450674516230301 -0.015435773718358503 12.842475928828767 -0.0449684019622273 0.9989659073074473 0.006705137013728517 -0.32012284203337044 0.015721995135544443 -0.006003402503177333 0.999858378985415 -0.49096379868078455
0.9989002819982017 0.0445612526599827 -0.014578113227767314 13.366410102810374 -0.0444694810547957 0.9989892046301965 0.006560052366037213 -0.34513814229913453 0.014855701889361908 -0.005904557028360674 0.9998722139992052 -0.49741701242059516
0.9989134221179625 0.044434863283702226 -0.014054111054620394 13.901719814073637 -0.044345736747795086 0.9989945008319283 0.0065911258417394895 -0.3697114156313114 0.014332855433310355 -0.005960724161129649 0.9998795122526525 -0.5109576272964402
0.998929476009742 0.044268758172335686 -0.01342307747041481 14.450888541767844 -0.044183538825741636 0.9990017589741337 0.006580308763348928 -0.39611041366046174 0.01370098010113445 -0.005980185320379441 0.9998882540203188 -0.5186901162680011
0.9989569817972879 0.04363113481888354 -0.013463751069616692 15.014155357921805 -0.043556669888800095 0.9990342640400888 0.0057754464828232875 -0.4222617275552986 0.013702737925184776 -0.005182986426208629 0.9998926800537441 -0.5168584124458394
0.9989582796798393 0.04332190982760029 -0.014337628394543705 15.590029745219578 -0.043257994597364596 0.9990526975175835 0.004738510974398517 -0.44901334994711306 0.014529327668723568 -0.0041133577195989765 0.9998859829629402 -0.5145242508334468
0.9989466793619389 0.042897800149269256 -0.01628835578269604 16.17818884695336 -0.04284508954961572 0.9990753437111177 0.003571538883637919 -0.47377523814258515 0.016426505813341666 -0.0028699008458965168 0.9998609571214881 -0.5236622945058156
0.9989361618137097 0.04261820106463504 -0.017613448239988505 16.780657152118508 -0.042575379361481286 0.9990893360271303 0.002799233661935475 -0.5006483301717436 0.0177167066102696 -0.002046356489592217 0.9998409527179825 -0.5095394021102299
0.9989365063010638 0.04155067337940062 -0.019984942350114037 17.38808217763308 -0.041528710916833536 0.9991361655569965 0.001512893138602728 -0.5322304125466211 0.020030540397230595 -0.0006813352927351713 0.9997991364437222 -0.5046800397411987
0.9989305030122 0.04108214327152504 -0.021215740760228776 18.012510103683148 -0.04109110981105125 0.9991554035870787 1.3313124574666972e-05 -0.5627445616213005 0.021198368953376387 0.0008584794470733419 0.9997749207530435 -0.4888939776758495
0.9989968659528738 0.040137099642917 -0.019856360406323187 18.65060917629046 -0.04014527364990355 0.9991938534804166 -1.3058754737529651e-05 -0.5941233016329639 0.019839829129949933 0.0008101846772590147 0.999802842954991 -0.4700302724268431
0.9990542831306176 0.039508868019620336 -0.01815457810502934 19.298324067148407 -0.0395151583359851 0.9992189710527881 1.2242965583750933e-05 -0.6228099986954628 0.018140882559716326 0.0007051496411385965 0.9998351919911287 -0.4664240021062456
0.9991203221809097 0.03861244098113503 -0.016360354720747376 19.950284457913558 -0.03862279234345034 0.9992538112798591 -0.0003171029348272269 -0.6498370638834552 0.0163359026902413 0.0009487065694537254 0.9998661101563244 -0.4671206787635286
0.9991754591550289 0.037516605284141864 -0.015521151706169668 20.605045313279142 -0.037533870800141055 0.9992950175335837 -0.000822481193481084 -0.6785242469315252 0.015479352864068766 0.0014043719269516209 0.9998792013910485 -0.4722026571297753
0.9991505036061947 0.037766067613881175 -0.01649227941996306 21.263318170084737 -0.0377994753188136 0.9992838667108209 -0.0017185450512583378 -0.6999691501999239 0.016415566061052655 0.0023404846623205963 0.9998625162103244 -0.4696356551716111
0.9991125624220384 0.038526616273642796 -0.017023144508784872 21.91976335222967 -0.038534857085057064 0.9992572443490504 -0.00015622220228065416 -0.7248380474793794 0.017004481759163356 0.000812068005612157 0.9998550835724429 -0.45748303983787714
0.9990260706984289 0.03932234788677874 -0.02001656867504666 22.569985920105232 -0.039281626002654176 0.999225239658905 0.0024236928830297204 -0.753581839733706 0.02009636592618964 -0.001635049012963289 0.9997967106823696 -0.4704253246265041
0.9988926991464164 0.040795432174808084 -0.023433060100015987 23.2153918194177 -0.04068472612996419 0.9991585958297868 0.005182030410857472 -0.780710323728917 0.02362474659568091 -0.004222924711604088 0.9997119776491479 -0.48441610587060185
0.998737032087906 0.04324620982557095 -0.025575497491877174 23.864426237236717 -0.04311047496238376 0.9990532702284175 0.005835254443714391 -0.8093540806012567 0.025803637045037058 -0.0047253128603189955 0.999655862651553 -0.47663473277945057
0.9985345577900259 0.047398725460747054 -0.02611700066561195 24.513941080799597 -0.04719689071224275 0.9988511930340213 0.008291422170491421 -0.8429350748410533 0.02648000011645512 -0.007046630344315616 0.99962450679974 -0.45168356401903087
0.9983724226716254 0.05209620085891043 -0.02320541973012013 25.165266753100244 -0.0518526490911084 0.9985944188362323 0.010976768712225287 -0.8808433420484538 0.023744650576864066 -0.00975564068605267 0.9996704552220134 -0.3986461669615342
0.9981760726029122 0.057182906271917126 -0.019355704929475092 25.8169223594323 -0.05693643311227954 0.9982924537386069 0.01305447789082922 -0.9214707879593627 0.020069147153546258 -0.011928622671891402 0.9997274315000468 -0.3581175355201496
0.9979657855455842 0.061804946246806367 -0.015634561068623057 26.469630245858635 -0.06159926668655485 0.9980121835065563 0.013312096610024594 -0.9667400393508789 0.01642623584567797 -0.012321939453888589 0.999789152063592 -0.33679684388379005
0.9978513222986344 0.06475660689553298 -0.009965964591497848 27.118680486514556 -0.06461222738132305 0.9978096216420331 0.014185169417617622 -1.0173120206055188 0.010862718798063572 -0.01351076689013984 0.9998497189669824 -0.3276931881181534
0.9976089079357148 0.0685035453191068 -0.009150469169269829 27.764486865802688 -0.06838248620784138 0.9975751822206292 0.012945709617946452 -1.0678332262585122 0.010015107954439592 -0.012289023402649585 0.9998743308618685 -0.3771550329558819
0.99719997442188 0.07422482614010893 -0.00910418571132571 28.415106865259947 -0.07408273667463515 0.9971383621983902 0.015061034463393932 -1.1195272386759 0.010196035493876909 -0.014344400188974388 0.9998451275289715 -0.3632344112956022
0.996592350223366 0.08159948645476962 -0.012050364582857203 29.056324974949163 -0.08140012418520885 0.9965498404673704 0.016199853304572926 -1.178408579016632 0.013330688612915764 -0.015163748704556496 0.999796155956968 -0.36333270834606446
0.9957851262087718 0.0905995854803103 -0.014272264437394407 29.696849219261626 -0.09033344741254945 0.9957433651020229 0.018303527907538985 -1.2427170673019194 0.015869804659767384 -0.016937117998461138 0.9997306053802528 -0.3561613967548381
0.9945079102900743 0.1036633401063181 -0.01441971873741268 30.34166453294964 -0.1033969425858527 0.9944748288478287 0.018135243366943672 -1.3187011209877715 0.01622000722448066 -0.0165446881530647 0.9997315562987673 -0.325841503580111
0.9930391761932689 0.11711402112708284 -0.012549924335773776 30.982458362640326 -0.11690179296750228 0.9930065895006946 0.01648890563925711 -1.4116675214723293 0.014393239606556947 -0.014907020615878007 0.9997852846436506 -0.30509476376635103
0.990952078204675 0.1335842513426141 -0.013008708431786082 31.62183096312078 -0.13336908134726974 0.9909339518728727 0.016204664951625473 -1.5091050332977147 0.015055458890892557 -0.014323086917361949 0.9997840678560256 -0.29316123479588446
0.9880950495758674 0.15305889284594226 -0.015528951169779537 32.251279428916824 -0.15276105884243474 0.988083593405399 0.018838029207177927 -1.6169563531460107 0.018227229767502965 -0.01624154437997015 0.9997019457474087 -0.29146302230286414
0.9844731328989543 0.17465786413254195 -0.017529435152647977 32.87667739102524 -0.17427670463702316 0.9844656369124724 0.02133166564940382 -1.7401220778208406 0.020982869702981913 -0.01794547951926973 0.9996187668025497 -0.2791560796226633
0.9802055942520337 0.19727783259448434 -0.016686814070829746 33.50058490128134 -0.19687279670630545 0.9801547237339487 0.023190934846668305 -1.8825196407371907 0.020930716997984565 -0.019446704318396357 0.9995917820676111 -0.24418633679665308
0.9746142546331579 0.22349452331247047 -0.013313628926014304 34.12187698353348 -0.22313406853100373 0.9744863420458731 0.024239567381715493 -2.046683717376435 0.01839136010874485 -0.020653503707187264 0.9996175221843439 -0.21775216270310582
0.9679458088671066 0.25090207442791806 -0.01136046409107359 34.734114109786105 -0.2505766553756588 0.9677913517041052 0.02431541378399171 -2.227208729785171 0.017095346657662807 -0.020689335767627798 0.9996397853767864 -0.21820862490125956
0.9598334946010093 0.28039318137607516 -0.009966267095135947 35.337419327320745 -0.2800791330701644 0.9596495201607188 0.02506945699383451 -2.4261463321618413 0.016593428237512742 -0.021271161066190574 0.9996360316866444 -0.20013143043264608
0.950262976056967 0.31124884436363887 -0.011154963812134214 35.92691251474134 -0.31087231036623275 0.9500738216565804 0.026798135204143793 -2.6433563436229415 0.018938927712825536 -0.021997506339536836 0.9995786245873456 -0.1848283443991454
0.9391563851293988 0.3432573871749315 -0.012635284742097512 36.506431921201624 -0.3428170004700288 0.9389836326617883 0.028040003245414395 -2.883490014942012 0.02148926381724836 -0.022002357671609473 0.9995269420068087 -0.16436392115807943
0.9266180798905795 0.37575347551950045 -0.01372077457384624 37.07323012264695 -0.37529888107890835 0.9264982336043396 0.02741847896869964 -3.14240913678408 0.02301486217229913 -0.02025706699039634 0.9995298731684489 -0.1338201177692097
0.9125738364212123 0.4086378852541828 -0.01496902850735957 37.62921504696466 -0.4082025691307333 0.912535430119106 0.025490220328693334 -3.426285035062571 0.024076038597208995 -0.017151312262482343 0.9995629929389839 -0.10555690558063463
0.8979389930483336 0.4398160714333497 -0.016352005145363106 38.172242770139654 -0.43939420557644543 0.8979721414822868 0.02405753993155734 -3.7255359796812915 0.025264537778959623 -0.01441722687093395 0.9995768338152732 -0.07726571832068067
0.8821160941918115 0.47069012777271046 -0.017944358029405052 38.69983226297997 -0.4702363676128668 0.8822001063726028 0.024509812125426387 -4.037603650563692 0.02736704116333134 -0.013182410002564062 0.9995385280840792 -0.053258195462233204
0.8654132927450102 0.5008203350263901 -0.015453956266569865 39.218166717490774 -0.5003232786083437 0.8654024138635519 0.027482339087754555 -4.367206682531997 0.02713760532606949 -0.01605160749550843 0.9995028245452713 -0.019962270665899062
0.8450687444493777 0.5345701230931774 -0.009674742936780653 39.72500631984608 -0.534055245109733 0.8448371172832732 0.03217515238924548 -4.71147689708245 0.025373457106427227 -0.0220233684215711 0.9994354200836765 0.0011827134185699445
0.8209498763558232 0.5709939610393219 -0.002682716529850016 40.21671721763308 -0.5705683276479712 0.8205025216400403 0.035034204248591695 -5.082137735280711 0.022205494733351414 -0.02723065256211599 0.9993825131373312 0.01804244021477426
0.7938095666750743 0.6081620832110125 0.002291811416257664 40.685256164061656 -0.6078776551340827 0.7933109373815972 0.033801080151679985 -5.481926787979567 0.018738416256894923 -0.028224761738078856 0.9994259525252542 0.009021563691833531
0.7652430085059887 0.6437324946846169 0.0034078174566897655 41.13249870750722 -0.6434988072646504 0.7647984197864212 0.03150654124408197 -5.906241256342097 0.017675490988139766 -0.02630308687799492 0.9994977361850381 -0.014326118869551499
0.7367592590398594 0.6761448205590747 0.003738428837008434 41.555797499620255 -0.6759320039264257 0.7363628128116705 0.02976128317278505 -6.349545477484155 0.017370097496554777 -0.0244538246337921 0.9995500438566041 -0.025445854889869696
0.7068279681045962 0.7073745828535317 0.003927217579328278 41.95917056008867 -0.7071823932423549 0.7064811232170239 0.02788342206450677 -6.813966907974584 0.016949518964847966 -0.022486041688191107 0.9996034672489169 -0.021906865172418535
0.6759847532778457 0.7369059364718923 0.003775463993866954 42.348432398694904 -0.736684444267781 0.6756355168166914 0.02850750760260546 -7.291116239077174 0.018456514019658473 -0.022051966087488536 0.9995864484285082 -0.01575349050715652
0.6448040138415987 0.764338360684696 0.0038280699563322225 42.718036850863335 -0.7640610252845079 0.6444166688777925 0.030625259405202766 -7.783843324576029 0.020941188479825516 -0.022672169245111017 0.9995236062078642 -0.0087374403977723
0.6123221585909078 0.7905898304732578 0.005412397881953247 43.07134899046415 -0.7903148222923766 0.6118939427136189 0.03143699310290011 -8.298443079078842 0.021541953568287593 -0.023527065746626885 0.999491081207739 0.01487491564386019
0.5784256985942468 0.8157017869549423 0.00736925805403055 43.40724046057867 -0.8154426131120921 0.5779528381172105 0.0319978379454641 -8.830169230378598 0.0218416099836647 -0.02451757881138666 0.9994607708172184 0.029847448294220452
0.5432905054176617 0.8395015430385967 0.00851973936411573 43.72345674785496 -0.8392887824095701 0.5428462952938472 0.030203301263374855 -9.38640098452196 0.020730809064783445 -0.023559688486016517 0.9995074660221205 0.04642098966091328
0.5078605601546992 0.8614185448663146 0.005978461319687998 44.01619335106228 -0.8612314450265446 0.5075733528706696 0.025489008476511334 -9.965197008303656 0.01892219693487994 -0.0180937010040592 0.9996572254763797 0.05603316009913786
0.47486768977912036 0.8800351572570078 0.00622890002076516 44.29051971124303 -0.8797847724903547 0.47453270254669877 0.028239481365993142 -10.556066068434024 0.021895919664031295 -0.0188901086644638 0.9995817787938668 0.050315474429541415
0.44259529990456536 0.8966905759611383 0.007443889095320289 44.55368898879225 -0.8963352331485862 0.44214580120602576 0.03301878696060875 -11.149435896746068 0.02631635078910726 -0.02128617998510178 0.9994270099525964 0.05905335473948746
0.4113210992344656 0.9114560453137378 0.00792658725973363 44.803518277081686 -0.9109610836095968 0.41077028801396354 0.037652020314366874 -11.75806212063449 0.03106215500215683 -0.02270788290355686 0.9992594731002861 0.0729825844159842
0.38280954049421567 0.9238091210685339 0.005793404627987491 45.03206345734695 -0.9232009253783603 0.38231158259755627 0.0392161343363905 -12.385121453988642 0.03401333690105264 -0.020360786878922472 0.9992139567032318 0.09526671734995419
0.35626564928932036 0.9343715501940661 0.004959165694955805 45.24658417333188 -0.9338429707611738 0.35587337404582126 0.035936716672326785 -13.030997421112408 0.031813410637690775 -0.01743409972366733 0.9993417628971705 0.14154871284589182
0.33275354356541886 0.9430000698813749 0.005093863796025185 45.45210631220236 -0.9425662437037563 0.33242434920514824 0.03260258096720766 -13.692241395865844 0.029050911773056732 -0.015649928410374898 0.999455413845913 0.15539672703359703
0.31208213335801255 0.950038493891921 0.00562158005151296 45.6479856541016 -0.9496675348134556 0.3117803507024269 0.030407009672188758 -14.363215234391003 0.02713513147276087 -0.014828116516811254 0.9995217914585556 0.17424692163711364
0.29245098468395514 0.9562554762957628 0.006919943044767499 45.83520060930237 -0.955907942135084 0.2921274129614441 0.030026334433649753 -15.042850813199635 0.026691341675757197 -0.015396059587186367 0.9995251540750418 0.1903551558684748
0.2741579677639134 0.9616548576903533 0.00757254198413418 46.015369190332265 -0.9613147622168683 0.27382563668980797 0.029890611157122743 -15.73163781085266 0.026670895288414775 -0.015474345606913388 0.9995244909318393 0.2043073584064502
0.25943561425890427 0.965744898593268 0.005472923823484964 46.18226916144564 -0.9654336188943844 0.2591962541025085 0.02748143678413013 -16.4335145428478 0.025121496026251435 -0.01241340808564847 0.9996073317743838 0.22962815049702684
0.24835803069803858 0.9686662487310714 0.0019967866836607113 46.33775427750855 -0.9683623972515212 0.24822726871269743 0.025641580620564496 -17.144874938825655 0.024342476806570625 -0.008301905606698018 0.9996692063809006 0.2424301202673473
0.23900926258415373 0.971017286578969 3.9544768614158776e-05 46.495095010592586 -0.9707282281501262 0.2389371188029926 0.02440820211814603 -17.865409383281364 0.02369133747795687 -0.005872173612432512 0.9997020746730354 0.2613958695807853
0.23226885854903204 0.972648409475927 -0.0024997784446939425 46.65192674943259 -0.9723478321562995 0.23225977612548426 0.02439446033598729 -18.59356433739648 0.024307831027749617 -0.003235419305590213 0.9996992854917142 0.26752693072179323
0.22775231058702686 0.9737113610637377 -0.0038820558556133386 46.80919588063395 -0.9733802557139354 0.22777641491274345 0.025471211117071235 -19.328491929271443 0.02568584841002795 -0.00202241066393025 0.9996680184173965 0.27415034770058655
0.2242989123950589 0.9745125347915617 -0.003913749163016833 46.96916789150099 -0.9741225364416132 0.22432027898481974 0.027671220297076405 -20.070645309650175 0.027843884336604268 -0.0023941533556041234 0.9996094167897581 0.2783320723068627
0.22139204824046013 0.975172038822034 -0.005005564460006662 47.128145168312784 -0.9747236224495179 0.22144227032427496 0.02961723742214199 -20.820367991449086 0.029990345359504927 -0.0016779789332497651 0.9995487799862085 0.29573175943898666
0.21983887132873123 0.9755108090021541 -0.007037909694285329 47.28635540973579 -0.9750191420592088 0.21995149144555975 0.030967951643558964 -21.58243524333406 0.03175757029486511 5.4137135329545564e-05 0.9994955996892326 0.3056060369459714
0.2191608478860166 0.9756611282217231 -0.0073406832781132345 47.45099262207805 -0.9751624354551076 0.2192835129681553 0.031192393585734356 -22.356982569836358 0.032042896734604975 0.00032220715754560495 0.9994864426051032 0.3298947002847681
0.21916908267671278 0.9756526444509142 -0.008174996916167911 47.618087276936784 -0.9752104749959744 0.21931618013054885 0.029409906342415484 -23.14661723645314 0.03048676199226441 0.0015266004310315084 0.9995340048414322 0.3606978935603311
0.21973965322213443 0.9755207968128469 -0.00858252803301344 47.78868193301547 -0.9751034766940976 0.21989733351199503 0.028607209814957762 -23.945290109162087 0.029794203142531554 0.0020827145594243153 0.9995538843700059 0.38360858885993787
0.2200210958267588 0.9754627469003415 -0.007946496135112337 47.96352896743198 -0.9750377756563435 0.22016006116454714 0.028825050063310313 -24.75636217112522 0.029867263589446778 0.0014060148136509569 0.9995528848880505 0.3967839028906143
0.2200490279364626 0.975453613586301 -0.00828692015397365 48.13924345732019 -0.9749988725742575 0.2201997821100743 0.029820369508152478 -25.579259619219386 0.030913165207474735 0.0015177944842621285 0.9995209215002762 0.410982535385661
0.22080785399957714 0.9752795705283029 -0.008582011548802223 48.318799755538194 -0.9748165489866677 0.22096787308381374 0.03009808775551709 -26.41431095370325 0.03125039893864349 0.0017199927145804443 0.9995101070980922 0.4295583641570446
0.2224778338236148 0.9748929454553975 -0.009346569340933657 48.50315634467142 -0.974481383017874 0.2226567703685447 0.028460442031351202 -27.25886273549237 0.029826961104384556 0.002776240325027933 0.9995512217395052 0.4605968293083501
0.22444272128352177 0.9744364327406934 -0.009955069584542817 48.6912968882921 -0.974108839540423 0.22462852906746952 0.025573280161026425 -28.113015654750278 0.02715572853112911 0.003957584689056519 0.9996233810447688 0.4929249132774694
0.22590324685062788 0.974119540245384 -0.007671008698988753 48.8854205383486 -0.9738414435597574 0.226022849404596 0.02337764642716435 -28.971041629223162 0.024506445433601354 0.002189259953360277 0.9996972748152657 0.5114229816031599
0.22629306300014201 0.9740498255500268 -0.004288004660649316 49.08738656721192 -0.973769071133053 0.22633090264687797 0.02341193310513262 -29.8288867959389 0.023774897322242108 -0.0011224317377001958 0.9997167070747158 0.5249991369036004
0.22665996267269642 0.9739717466332867 -0.002073181446501559 49.289322122172486 -0.9736417600994878 0.2266377316027712 0.025633212914505214 -30.686242976003907 0.025435886294399638 -0.0037914870498056597 0.9996692654645195 0.5277323545549765
0.22706049956801247 0.9738806526111757 -6.328940239649709e-05 49.48851820992912 -0.973491588174753 0.2269716249208814 0.028249057219151136 -31.542934931670057 0.02752557517873959 -0.006352633343652248 0.9996009137454221 0.5348704554806667
0.22714511964941753 0.9738592467032088 0.0018061644730577786 49.69074626403498 -0.973519267151772 0.2270159183046502 0.026907421291753525 -32.40775465685297 0.025794012943452547 -0.007870225342939442 0.9996362980851217 0.5678892040371372
0.22756949965271056 0.973756219033645 0.0033088851760297226 49.89305240064089 -0.9734852989917083 0.22742257991718892 0.0246037149803194 -33.278128477548485 0.02320550527003486 -0.008820206182585746 0.9996918067524915 0.5910753271238365
0.22732645797156695 0.9738108743441485 0.003881045629665587 50.09355444903752 -0.9735457954720665 0.2271666385267165 0.024574426933952516 -34.15062637474011 0.02304920008939876 -0.009364793086372704 0.9996904696083136 0.6009401968150219
0.22675715971700083 0.9739434698955666 0.0039125394381875995 50.29131978023975 -0.9736106801446542 0.22656978147963808 0.027356491524534992 -35.02227702209805 0.02575721307403366 -0.010012570501432408 0.9996180842734964 0.5986942610285373
0.22661525204387356 0.9739751456418541 0.00423594298995643 50.49036113636467 -0.973569371908536 0.22638961342906647 0.030173183674499483 -35.897521856381445 0.028428957467845274 -0.010961687979535083 0.9995357101044129 0.6132934004667261
0.22669008803914412 0.9739535274459921 0.0051117864106791765 50.69182783443436 -0.9735075940135705 0.22641888187274214 0.03189755992870326 -36.779776204561465 0.029909336046002228 -0.012207223558243222 0.9994780714504389 0.6349419086119441
0.22652673980879237 0.9739881680949937 0.005717041416024548 50.89639140494093 -0.9735041069105794 0.22621815000152923 0.03339314956873501 -37.670936284042405 0.031231234042759168 -0.013130004601630753 0.9994259417282152 0.6542263700399067
0.22613723679522932 0.9740775828693583 0.005900227622830595 51.09952011507317 -0.9735850475253952 0.225818542779848 0.033736344967397504 -38.57176273941447 0.03152943655683242 -0.013373417221082144 0.9994133510926506 0.6746818995671244
0.22548555969781187 0.974230175579056 0.005641574156294366 51.30295192069953 -0.9737891496188401 0.22519851162749377 0.03194248652465326 -39.48569646333917 0.02984886015211099 -0.012696273152320829 0.9994737866475852 0.6976438068561975
0.22511359189122027 0.9743058190095738 0.007213999578036836 51.51209413871776 -0.9739231566201744 0.2247982356235466 0.03065025708758829 -40.40960069551749 0.02824102945764503 -0.01392567070627464 0.9995041370352373 0.7225832135431652
0.22510774028490038 0.9743020946628316 0.007869790304693099 51.72313028081744 -0.9738702647549475 0.22474414919449134 0.032661519085491794 -41.34195177680123 0.030053497133497406 -0.015016515523204661 0.9994354864480199 0.7209121394503257
0.22548355659893568 0.9742048021118029 0.009064725356691674 51.93840961725469 -0.9736892765123617 0.22502994912678118 0.03592651946447201 -42.27888766810375 0.03295995309958725 -0.016927065259410488 0.9993133222134981 0.7361404650360566
0.2252988626973807 0.9742320320540364 0.010600480513834474 52.15663394788886 -0.9736672864437816 0.2247527583285589 0.03818655434713508 -43.226730531025886 0.03482007720365891 -0.018924728361646718 0.9992143998561929 0.7655894155435757
0.22541866676000902 0.9741787502572323 0.012735274767011518 52.37747221215029 -0.973669754311339 0.22480667886663824 0.037804320867440844 -44.18943376393455 0.033965191232141 -0.02092175146118968 0.9992040062471542 0.7961692429834342
0.22525783876990163 0.974166808001382 0.016060394176565542 52.60312680780278 -0.9738191194341302 0.22459885144667627 0.03509527822041353 -45.16716387966294 0.030581509074063158 -0.02354540543774694 0.999254915016948 0.8335241229332956
0.22512558928470075 0.9741731343500828 0.01746921176661693 52.82913530222708 -0.9739527446616781 0.2245035773234903 0.031846427349678526 -46.157546477231634 0.02710203341446139 -0.024183632470881535 0.9993400981174116 0.8644314748522917
0.22480147452260527 0.9742418389961487 0.01780831833328693 53.051069951263656 -0.9740827240096206 0.22421997663167295 0.029803504245112803 -47.16001403190795 0.025042840063749204 -0.024046646932360777 0.9993971257377394 0.8813673925953427
0.22381877340127182 0.9744761250368102 0.017361981637710588 53.27413121690408 -0.9743309190790042 0.22327255169655708 0.028785895601317744 -48.170258519953 0.024174714058525823 -0.023359139370847447 0.9994348071825621 0.8862041072965389
0.22241711243782974 0.9748064361925066 0.016823794235475344 53.496255381190394 -0.974649465048441 0.22188550906801907 0.02872701074620352 -49.185621559506345 0.024270318819576395 -0.022786680830832268 0.9994457057795153 0.886022863701686
0.22095043886949736 0.9751579148212229 0.015746260663936012 53.71753921117599 -0.9749568284618568 0.22042846761417176 0.029503784517665603 -50.20137626968149 0.025299924880776703 -0.021870798494534122 0.9994406345422635 0.8846499078244332
0.21933456380432512 0.9755245948273678 0.015624148221955403 53.9389818364492 -0.9753011346169614 0.218800052432869 0.030236300538273708 -51.215152370425606 0.026077690381495187 -0.021870115277915506 0.9994206582426147 0.8991537407709216
0.21767715704135493 0.9758936241223062 0.015757211041948486 54.15991927280267 -0.9756533631728699 0.21712387654072307 0.030947328889532066 -52.22719938230472 0.026780034202012217 -0.02211010251799894 0.999396804645075 0.9213465305054604
0.21616807209759833 0.9762230786037164 0.01612034140723336 54.37857324267561 -0.9759716656516974 0.21559016588723476 0.03162575244583854 -53.238174173528286 0.02739840233769117 -0.02256947438894448 0.9993697745955461 0.9365530194259232
0.2143397895216351 0.9766173984441923 0.016640663565940416 54.59717129564606 -0.9763560649419153 0.21373084095842945 0.032372242343408554 -54.248886424649996 0.02805867208116981 -0.023185872407493528 0.9993373435640982 0.9566925290774262
0.21252470941971943 0.9770087413185077 0.01694601054187997 54.81293815325159 -0.9767242413247126 0.21188363114608758 0.033392862426158895 -55.25904713712829 0.02903453624095014 -0.02364838767381049 0.999298628772053 0.9746546164982235
0.2099863581682123 0.9775510430069783 0.017311490381147033 55.026363331264484 -0.9772441271150487 0.20931142333258418 0.03438959263546814 -56.26708238287283 0.02999408945770072 -0.024138897622995033 0.999258559242378 0.9952633999296606
0.20720787563618037 0.9781333470878801 0.017889985718231985 55.235461389983904 -0.9778102867029747 0.20649343811639145 0.03532001178819174 -57.277887520158664 0.03085351669075647 -0.024811596674332706 0.9992159151946525 1.0101180115222759
0.20454526681940924 0.9786982874696837 0.0176322410850522 55.4382913154246 -0.9783611999303187 0.2038351619075836 0.0355047777209687 -58.292137748728116 0.031154394436138648 -0.0245130347777318 0.9992139484781559 1.0316755563622901
0.20216686735660505 0.9792049864961432 0.016916032758946067 55.638666708974746 -0.9788953719406995 0.20151577756592726 0.033988853835902624 -59.31128241923465 0.029873207666654647 -0.02343044628437563 0.9992790429357676 1.0600732317481332
0.199958209244945 0.979660472487332 0.01679503502376952 55.83412491923162 -0.9794415239196297 0.19938829154464904 0.030636749450596183 -60.337501924554864 0.026664879102425057 -0.02257582425519175 0.9993894718184972 1.088056853437325
0.19827289842259632 0.9800188499841012 0.015840183930132905 56.027720843543534 -0.9798471938771222 0.19778679857122367 0.027925954989481302 -61.36779313346919 0.024234983025178826 -0.021057919811421744 0.999484481926052 1.107441174769348
0.19670681848002347 0.980354954301665 0.014511758668245235 56.22160634404539 -0.9801380625956352 0.19623957162277425 0.028625317126337726 -62.39910824936387 0.025215190158711886 -0.019854322085853034 0.9994848673590684 1.1091122579069193
0.19589047407097918 0.9805492824220079 0.012248547257969582 56.41576507883646 -0.9802154304362551 0.19543191996348394 0.03136996324594097 -63.43083244407057 0.028366037843023644 -0.018151291994526156 0.9994327883835012 1.1146482345453534
0.19578197798991875 0.980597474542114 0.009900000807125664 56.61205115791754 -0.9800991303431712 0.1953249888536811 0.03540965164849108 -64.46434645650069 0.03278889743362306 -0.016635553821136243 0.9993238446840712 1.1318551704801738
0.19656846533998112 0.9804547689606006 0.008323728509357253 56.81196092167121 -0.9797819259024417 0.19609681545966665 0.039666316207563716 -65.50131954089666 0.037258772239369194 -0.015952585652198436 0.9991783118654181 1.1538430207705095
0.19761111839204065 0.9802478985843727 0.007993948258883719 57.01703024776709 -0.9794822034862213 0.19711459327952524 0.041957718837217384 -66.5447167044352 0.039553241859828836 -0.016121241799767684 0.9990874068975217 1.183667522163074
0.19862218485208935 0.9800290806832733 0.009603577441647441 57.227074492079545 -0.9792640523116364 0.19804926876011428 0.04264273670597488 -67.59615680904906 0.03988914056197599 -0.017874231694809513 0.9990442274026464 1.211891789855115
0.19943432715632514 0.9798450041735436 0.01138933482909955 57.438566103112386 -0.979092766651583 0.19877936489963166 0.04317543723746851 -68.65440151453346 0.0400412717361842 -0.019761879623279095 0.9990025849173304 1.2409925949693346
0.19981844263904544 0.9797436040257567 0.013231037447067042 57.653585911052986 -0.9790073108757069 0.19907764869648642 0.04373528371229113 -69.71895584705601 0.040215360662591786 -0.02169239867091582 0.9989555368517076 1.267065481672745
0.20125633349319513 0.9794412803746267 0.013808205060240079 57.868684171066846 -0.9786908942051772 0.20047583949383307 0.044424895938122926 -70.78927567841657 0.04074336545679003 -0.022454756230098297 0.998917294921809 1.2967670730676162
0.20484871326904483 0.9787093244540189 0.012847680676793408 58.084917051236395 -0.9779448945207474 0.20410693609955763 0.044318640737903404 -71.86563482353887 0.04075276619838801 -0.02164294025329568 0.9989348302989413 1.33019343994962
