1.0 0.0 0.0 0.0 0.0 1.0 0.0 0.0 0.0 0.0 1.0 0.0
0.9999999184771575 0.00040378576083215285 1.654451799286608e-06 -0.002974594457101909 -0.0004037856094393925 0.9999999143828265 -9.050702785727437e-05 0.005765802973705159 -1.6909971067411251e-06 9.050635243505616e-05 0.9999999959028705 0.0014951829609313738
0.999999734436389 0.0007280981548843636 3.1626374427449615e-05 -0.004299506565953903 -0.0007280910142075489 0.999999709581905 -0.00022521008313201177 0.012263224199263734 -3.179034028856796e-05 0.00022518699644537637 0.9999999741400951 0.003790284191061394
0.9999995261057147 0.0009730481625562915 3.107441786981247e-05 -0.006440279956437256 -0.0009730384351170396 0.9999994780716754 -0.00031153263270835776 0.019673829372237606 -3.1377537907026804e-05 0.0003115022484718872 0.9999999509908983 0.004657136325232861
0.9999986220617728 0.0016582528299421086 7.792373097172318e-05 -0.009106094894396288 -0.0016582317454259111 0.9999985887181208 -0.0002698689433430147 0.026558405767906024 -7.837113193838567e-05 0.00026973935587586205 0.9999999605493219 0.005225954232031552
0.9999978095432687 0.0020909623539244948 9.372886360006277e-05 -0.01157140365925624 -0.0020909398272610565 0.999997785231875 -0.00023979571524414777 0.03246532191387541 -9.423005982557113e-05 0.00023959920856814388 0.999999966856457 0.006065884892670209
0.9999969579749586 0.0024643058676871543 0.00010600669885427896 -0.01312502671581739 -0.0024642861212130812 0.9999969463434097 -0.00018600475746651337 0.039343095712317255 -0.00010646474776146679 0.0001857429607986412 0.9999999770824047 0.006211344361725588
0.9999959290831463 0.0028528950202003495 5.298244592192139e-05 -0.014657969694728545 -0.002852893979678184 0.999995930295562 -1.970420214140464e-05 0.045870904654411127 -5.303844431919232e-05 1.95529686262371e-05 0.9999999984023022 0.005147453041628627
0.9999946313740453 0.0032749361090135586 0.00010962011824073887 -0.01630158156871142 -0.0032749365487770112 0.9999946373735786 3.832444336459682e-06 0.052883787558337114 -0.0001096069793786532 -4.1914226932070465e-06 0.9999999939843708 0.00673135819389134
0.9999937832690406 0.0035256935813863764 5.392626733712625e-05 -0.018649635229983086 -0.003525688401417962 0.9999937801475202 -9.585181662914414e-05 0.05889074683294726 -5.4263876058352244e-05 9.566109352890613e-05 0.9999999939521933 0.00706371021140538
0.9999914676989636 0.004130067816944992 8.40779476137513e-05 -0.020573137155081356 -0.004130060942303476 0.9999914679183195 -8.177517422565693e-05 0.06692099615736347 -8.441496726912914e-05 8.142722944770476e-05 0.9999999931218597 0.00883177190348805
0.9999900578355967 0.004456319041157045 0.00015953233102948476 -0.02288874406385355 -0.004456317841335119 0.9999900705353401 -7.875545342005425e-06 0.0738930090250654 -0.0001595658429015086 7.16454026900272e-06 0.9999999872437054 0.010461654217094302
0.9999884617472485 0.004801658724929091 0.00014298902912175156 -0.02496676475277504 -0.004801666439483201 0.9999884704936618 5.3657737609370025e-05 0.07959215745866022 -0.00014272973438488184 -5.434370411517918e-05 0.9999999883374923 0.009943351510695309
0.9999862858181634 0.005236323270826016 9.536351008088176e-05 -0.02702305409796224 -0.005236332754174446 0.9999862853687055 9.94675203716384e-05 0.08688355080139881 -9.484135811388856e-05 -9.996551132736624e-05 0.9999999905060066 0.0093754289096655
0.9999844351384071 0.005578030461191128 0.0001227073599835667 -0.029173393652910273 -0.0055780671210820445 0.9999843973198023 0.00030047320426464843 0.09317062691712319 -0.0001210293967337109 -0.00030115299733105 0.9999999473293771 0.009984911321949771
0.9999816086774378 0.006060823528757013 0.0002207374865436359 -0.031081129524032636 -0.006060902659811722 0.9999815679043091 0.0003595978162323584 0.1002828832931788 -0.00021855395898365043 -0.00036092907117223907 0.999999910982182 0.011725244461953471
0.9999785699476885 0.006544613312069782 0.00016637900121314889 -0.03293111676290805 -0.006544657724059048 0.9999785476379093 0.0002678045069967749 0.10705433455488461 -0.00016462275504904703 -0.000268887661547591 0.9999999502993853 0.012392311106357343
0.9999759896495529 0.006928816405534841 0.00010783142532331557 -0.035543142310768494 -0.006928826839683925 0.9999759907163562 9.669265567717286e-05 0.11352461212220777 -0.00010715887070908841 -9.74374793265657e-05 0.9999999895114564 0.012612972377552434
0.9999731235470163 0.007329481768289777 0.00017572886011645348 -0.03765041109728662 -0.007329490156319216 0.999973137815317 4.713639384361318e-05 0.12019219117767027 -0.00017537865431605895 -4.842312993494485e-05 0.9999999834487632 0.014979683117102321
0.999970629447033 0.0076631147807585 0.0001300583012245842 -0.04030925041747746 -0.007663115146393605 0.9999706378993858 2.3132166705821495e-06 0.12706019352778736 -0.00013003675599479832 -3.3098004681577252e-06 0.9999999915397426 0.015313020547091202
0.9999687859268055 0.007897662175266086 0.00023260317281223645 -0.042175199357430304 -0.007897690526114835 0.9999688054085099 0.00012121977337802359 0.1330758026320097 -0.00023163856403217895 -0.0001230530174894079 0.9999999656007637 0.01743465824957506
0.9999665289468771 0.008179082459573418 0.000208796681532945 -0.044476705513754156 -0.008179080128308178 0.9999665506924998 -1.2016696920931119e-05 0.1397418472288291 -0.0002088879829835471 1.0308529920647299e-05 0.999999978129771 0.017697335659407495
0.9999652145952219 0.008336376903288206 0.00027279966757037555 -0.047173813644661444 -0.008336405977302811 0.9999652459866716 0.00010561344362414235 0.1455549307601991 -0.0002719097532149873 -0.00010788393859709552 0.999999957213069 0.018685754479953104
0.9999618345414424 0.008725943758703357 0.0004328579832196571 -0.049315442184232894 -0.008726087463777848 0.9999618721182125 0.00033122109955520087 0.15289769060442718 -0.00042995126257522673 -0.0003349856149710208 0.9999998514632625 0.020581245760752986
0.999957972658277 0.00915144103475794 0.0005514019733801011 -0.05067903545441921 -0.009151629525551099 0.9999580650601817 0.0003402912392212837 0.15954581083217165 -0.0005482646951611521 -0.00034532316426511933 0.9999997900788449 0.023428471311664284
0.9999539436313545 0.009585693909529852 0.00047443479565899386 -0.053496138803545756 -0.009585889510276287 0.9999539695371558 0.00041173922002036894 0.16698879410567016 -0.00047046615107209527 -0.00041626813633808255 0.999999802691199 0.022603236403542046
0.9999488431930562 0.010100452922826684 0.0005402292318125923 -0.05491759929150197 -0.010100650829842066 0.9999489205554065 0.0003648738067708215 0.17459451684912689 -0.0005365162464954153 -0.00037031180783054184 0.9999997875097174 0.02455948664171846
0.9999435176620619 0.010611479947820445 0.0005983134122764694 -0.05683074983630365 -0.010611748886326315 0.999943593393558 0.00044812582647807094 0.18279092639613392 -0.00059352438522552 -0.00045444966697009894 0.999999720602112 0.025842735727303834
0.9999407771505742 0.01086576268350147 0.0006143230523956291 -0.059349343481669314 -0.010865946213508084 0.9999409199917971 0.0002962074399184619 0.1896541599156145 -0.0006110682384374112 -0.00030286509891489714 0.9999997674341419 0.02802090606033948
0.9999351669101433 0.01136751454123614 0.0006645220387957964 -0.06134297837907454 -0.011367751253829574 0.9999353225325431 0.00035352959425568714 0.19735946354570408 -0.0006604603063897974 -0.00036106079507945314 0.9999997167136019 0.028931596204728904
0.9999297361047297 0.011834495636248585 0.0006837883899887948 -0.06260573820964799 -0.011834711674557494 0.9999299184329734 0.00031276542503808096 0.20427458337232246 -0.0006800390479691254 -0.0003208358873629384 0.9999997173055724 0.0295372082218308
0.9999271150612333 0.012048598430084642 0.0007719075015365158 -0.0650226506417938 -0.012049114616281643 0.9999271839282428 0.0006675914184694929 0.21095284673302875 -0.0007638077533479825 -0.0006768435630690157 0.9999994792401168 0.030474599178557632
0.9999207173771534 0.01256635904476589 0.0008034801295051778 -0.06667978986978829 -0.012566913749320507 0.9999207957757228 0.0006890965579505211 0.21830080382719963 -0.0007947570557210777 -0.0006991391900547944 0.9999994397826496 0.03121407209462561
0.9999168866587674 0.012870086731435441 0.0007619987956297617 -0.0691620336958012 -0.012870610039879946 0.9999169350306204 0.0006858834996288878 0.22340743577018876 -0.0007531081200952493 -0.000695633882908944 0.9999994744606909 0.03050160109331869
0.999914828729973 0.013029057590977047 0.0007608838291559842 -0.07169359520443697 -0.01302951026420049 0.9999149364678224 0.0005930352686851083 0.22836928515383606 -0.0007530924150207184 -0.000602898702779954 0.9999995346823748 0.031525487281388445
0.9999146756902831 0.013042649904482586 0.0007284385127734374 -0.07376343120424889 -0.013042910259033643 0.9999148750303606 0.00035381491935856257 0.23455524560491542 -0.000723761820342975 -0.0003632856884961278 0.9999996720961131 0.033736766152488454
0.9999110803814293 0.013315487415553573 0.0007274100153301166 -0.07581384999739127 -0.01331586751313088 0.9999112045817731 0.0005202155360778983 0.24240321908543078 -0.0007204185012295601 -0.0005298553741027145 0.9999996001251519 0.034376382348157444
0.9999084480442346 0.013514684060333088 0.0006699585964528528 -0.0791307785856582 -0.013515027290272555 0.9999085375498986 0.0005104627019472915 0.24842819875920863 -0.0006629985782567512 -0.0005194704768029944 0.9999996452915906 0.03543879870284353
0.9999021442507002 0.013972888699433637 0.0006784572545141005 -0.08149670366317452 -0.013973319565447883 0.9999021670670317 0.000634535246871481 0.25635614998248013 -0.0006695245886705929 -0.0006439534539782614 0.9999995685302931 0.03632439005913636
0.9998940034211867 0.014549751005334932 0.0005354138918749118 -0.0845636541978072 -0.01455019265474662 0.9998937954937562 0.0008304377183028823 0.26361005173926305 -0.0005232743664801421 -0.0008381400700226298 0.9999995118524602 0.037210510414988074
0.9998836135924897 0.015247473794022606 0.0005232706061913162 -0.08817938307147666 -0.015247784054588681 0.9998835692564088 0.0005941485447898991 0.27146075848605705 -0.0005141504170390958 -0.0006020581111805605 0.9999996865876397 0.04106141436275915
0.9998746555732205 0.015821892108697683 0.0005838428180302909 -0.09217810723284137 -0.015822289980696732 0.9998745862811115 0.0006832634537520905 0.27799458579730835 -0.000572959075484152 -0.0006924155408561608 0.9999995961392258 0.04331783426430884
0.9998688990628719 0.016183210075765828 0.0005370274165633766 -0.09455814925675343 -0.016183503796073275 0.9998688888073436 0.0005471746111263549 0.28458283101082765 -0.0005281019645783172 -0.0005557938612566108 0.9999997061007052 0.04468855145227442
0.9998585557518612 0.016810647696404314 0.0005202055665883056 -0.0958120556464318 -0.01681089882578459 0.9998585705794094 0.0004822028346241277 0.2919408658089398 -0.0005120258522453602 -0.0004908797529552586 0.9999997484332646 0.04779537149529381
0.999847126492397 0.017480782234884022 0.0003819651224854561 -0.09604333605073578 -0.01748093346093011 0.999847118297001 0.0003962303903899709 0.29891269091590156 -0.0003749803098377934 -0.0004028469241509367 0.9999998485520486 0.048647279919153824
0.9998340414017728 0.01821493790436694 0.000325102045229581 -0.09408435677687599 -0.01821502529073615 0.9998340567755238 0.0002678907625012316 0.3056047192488507 -0.00032016848314379793 -0.0002737680457017355 0.9999999112715945 0.050570901584924915
0.999818606754027 0.019044882965613612 0.00021452567295609872 -0.08999251452307833 -0.019044884427211247 0.9998186297296048 4.7722275846511125e-06 0.31165099834162846 -0.00021439587786095294 -8.856978582918542e-06 0.9999999769779793 0.05206831169407686
0.9997972629329186 0.02013474215835634 0.00015871377602008624 -0.08301158512984685 -0.020134726872724305 0.9997972711011907 -9.732613953841885e-05 0.3163641021750763 -0.0001606412368759223 9.411074939123398e-05 0.9999999826687783 0.052779788917148046
0.999771369835869 0.021382067976186223 0.00012339195046457224 -0.07151612697418996 -0.021382059457263895 0.999771375185478 -6.995075697352715e-05 0.3219147124980523 -0.00012485943184337782 6.729639009909676e-05 0.9999999899406573 0.051703286222918365
0.9997387262896721 0.02285581475981387 0.0003014769818590335 -0.058588782995015465 -0.02285579384449274 0.9997387695848936 -7.264038504963697e-05 0.3273233177773722 -0.000303058482086693 6.57309102804843e-05 0.9999999519174989 0.05268757914297152
0.9996993988708717 0.024515814762469522 0.0002944889665349712 -0.04358703724561008 -0.0245157918195803 0.9996994395052792 -8.126680747439607e-05 0.3323590185158257 -0.0002963927767838787 7.40227483835727e-05 0.9999999533359742 0.05064246811572909
0.9996502948373421 0.026443435274732772 0.0001810041084177879 -0.028394008138589832 -0.026443399985287025 0.9996502932052684 -0.00019465827322011153 0.3355106679811234 -0.00018608824349978714 0.00018980383617913881 0.9999999646728321 0.0495417512622055
0.9995935327805733 0.02850909472252812 2.7227855381087822e-05 -0.011169012734230876 -0.028509086395687833 0.9995934973122541 -0.0002685590144312166 0.33944943327122756 -3.487316156570287e-05 0.0002676736127139379 0.9999999635673472 0.04602990707759662
0.9995343107599273 0.030514813655056806 8.809810799315402e-05 0.009603095887351198 -0.030514782653214226 0.9995342597605597 -0.000334072658766409 0.34272336751296467 -9.825124208874978e-05 0.0003312287901062459 0.9999999403170872 0.044695446387927176
0.999455567986287 0.032993364002345975 7.451858509679208e-05 0.03146716835886243 -0.03299333659458318 0.9994555127621537 -0.00034314676262055754 0.34813526616602847 -8.579957672359165e-05 0.0003405013257769316 0.999999938348636 0.04371179799857286
0.9993598445613279 0.03577569412949422 2.8069802690884062e-05 0.05593677527350216 -0.03577568343304303 0.9993597948959386 -0.0003175223618418141 0.3522388347187917 -3.9411415156459374e-05 0.0003163148817998815 0.9999999491958146 0.04172863519645735
0.9992469142081404 0.03880210108977702 -3.737018369899752e-05 0.08256063562355331 -0.038802108099130886 0.9992468925967894 -0.0002098635926740081 0.35593489399955003 2.9198891598992825e-05 0.00021115558929170743 0.9999999772803689 0.03898880773204105
0.9991075778530424 0.04223725132357341 -0.0002499545132336336 0.11071339022777638 -0.0422373288352359 0.9991075566882602 -0.00031340274890006247 0.3571744541127881 0.0002364941723292663 0.00032368047231532424 0.9999999196507243 0.03528362807487695
0.9989219213802445 0.04642056776681711 -0.0003547875554128018 0.14290627834972958 -0.04642063120201849 0.9989219665085984 -0.00017270033429489 0.35998796971951574 0.0003463882349742437 0.00018898361202174344 0.9999999221501878 0.03193408860270197
0.9986965858383188 0.0510384854329975 -0.0004499328776455297 0.178708905891933 -0.05103842225645779 0.9986966790334113 0.00015080189576801165 0.3621379747988164 0.0004570431710529575 -0.000127641474245124 0.9999998874095892 0.028567179181310354
0.9984056070667167 0.05644294244331473 -0.0006618353905137996 0.2189934549742809 -0.05644268362757673 0.9984057595499591 0.00040343821247932254 0.3638849385802204 0.0006835515055693734 -0.00036543920788402413 0.9999996996057161 0.024531546713302335
0.9980528644164253 0.0623661196851997 -0.0009731112897540524 0.26267486468507395 -0.06236530772240076 0.9980530330416384 0.0008435811054106144 0.3644250952595764 0.0010238275544102973 -0.0007812501535889816 0.9999991707123235 0.020291211377281085
0.9976239749726588 0.06888020381503045 -0.0013863917750739612 0.31070971956651194 -0.06887806688759471 0.9976239060442152 0.0015342721124733812 0.36422480816643255 0.0014887785537717334 -0.0014351346581194314 0.9999978619611793 0.009294817103200126
0.9970570446479402 0.07664096886744842 -0.0018470541343693439 0.36635043070133755 -0.07663669017578277 0.9970564646494899 0.0022856114205490573 0.36259211592441903 0.0020167887389558954 -0.0021373328527526537 0.9999956821764073 0.0003410847284910923
0.9963351288173259 0.08550575515769808 -0.0022532020494220404 0.42981559719161716 -0.0854977001616882 0.9963323700472739 0.0034571177371478063 0.3593207900523931 0.002540541600879919 -0.0032518042527526245 0.9999914856724905 -0.012706341852146155
0.9954794540007129 0.09494793344194834 -0.002355121556759663 0.5029296476098821 -0.09493713756855372 0.99547382491637 0.004336336779511218 0.35381049381762275 0.002756188080173428 -0.004093145670406261 0.9999878247187749 -0.022109939901102507
0.9944391950635589 0.10528742171816151 -0.002290447398163917 0.5862467231434261 -0.10527403659640522 0.9944289178374921 0.005338968744676716 0.34633893146255934 0.0028398133812806894 -0.005068155137709344 0.9999831244893385 -0.035307187794348396
0.993137932709946 0.11693697886649528 -0.001670205434085973 0.6790207037613096 -0.11692536067664593 0.9931232823769336 0.005882689138930309 0.3337587198078229 0.002346623798460494 -0.005647032357427885 0.999981302016344 -0.03939742340612408
0.9915102492943074 0.13002167226216185 -0.001338015878554259 0.781547924519364 -0.13001079085713796 0.9914923873797263 0.006327719080053814 0.3182476182556572 0.002149373174173515 -0.006100041819978239 0.9999790846236498 -0.0484616501785841
0.9895211527504889 0.14438225416786082 -0.0012856674338378431 0.8930722176710015 -0.14437202094986706 0.9895049478317942 0.0060562185605871665 0.2958472137839552 0.0021465847745595484 -0.005807141965688506 0.999980834454339 -0.05791922282241665
0.987189412258979 0.1595449326717422 -0.0015744149834747048 1.0114337610330273 -0.15953330201248306 0.9871751996822992 0.0058524081548592 0.2659892815536127 0.0024879454907289944 -0.005526263745643449 0.9999816350994897 -0.07047743987701231
0.9842301931447898 0.17687693008528094 -0.002340620809935113 1.139186145226685 -0.17686185338108884 0.9842199492624045 0.005565634961051903 0.23011405071965754 0.00328811812068302 -0.005063899438182025 0.9999817724347303 -0.09000223361276062
0.9807868524860897 0.19505293367498247 -0.003391615428209021 1.2740103337305384 -0.19503367867040777 0.9807822171342669 0.005301578772798002 0.18618930969727804 0.004360524592088874 -0.004538239524180689 0.9999801949075305 -0.1138984765679866
0.9769490713737486 0.21343307314220214 -0.004103075803148724 1.41914856680663 -0.21341027313838573 0.9769479170668899 0.0053686737346316325 0.13945201773121477 0.005154343893333935 -0.004369282291699523 0.9999771707950558 -0.12985541309291745
0.9728018898023798 0.23158819335767436 -0.004836516747354695 1.574893365615374 -0.23155593756688897 0.972800422717894 0.0064175803391200905 0.08935871060432346 0.006191201372773351 -0.005123110111862926 0.9999677108628777 -0.16074584664308753
0.9685520450898749 0.24877231278601486 -0.004390027712670922 1.7456066282551492 -0.24873729494781718 0.968543792148077 0.007258153585367478 0.03295922781476365 0.00605756174245339 -0.005937935880688343 0.9999640227844269 -0.18306876059987046
0.9639264715707528 0.26613811187143765 -0.004032718024459171 1.9285374380479527 -0.26610059195629654 0.9639119731140675 0.008011432322437678 -0.029079172740747422 0.006019332659648447 -0.0066493230372937995 0.9999597762597652 -0.2081564699206928
0.9594472574566797 0.2818591032164975 -0.004050443537195625 2.1230984743043053 -0.28181755805676817 0.9594294509934734 0.00860189149465153 -0.10006385693337325 0.00631063624181973 -0.007111575096784038 0.9999547996633986 -0.24106738021840657
0.9554147462382796 0.2952359794549661 -0.004287085922940368 2.3291600278422564 -0.2951962169107654 0.9554028205296705 0.008040152083495865 -0.18387720619189382 0.006469636157968032 -0.0064161483165469605 0.9999584875627413 -0.2655746648889983
0.9514639243602883 0.307715684761666 -0.00524003745964856 2.549049658891752 -0.3076750568896279 0.9514632157414292 0.007335424932850671 -0.2754416872339168 0.007242928198192682 -0.005367163369959229 0.9999593659486756 -0.29892935322387365
0.9478482639341748 0.31866295621700996 -0.006130978062835576 2.7848330919672564 -0.3186158823861819 0.9478537473576466 0.0075626127326118234 -0.3692175710650113 0.008221195061924685 -0.0052147823640318995 0.9999526078753184 -0.3371874205593563
0.9452617279815072 0.3262430449127438 -0.006763228480294069 3.035636600453659 -0.3261921562349351 0.9452726254219772 0.007638117480682516 -0.4672517995691333 0.008884977446195357 -0.005013908047219047 0.9999479575967317 -0.371316576460356
0.9434905652305832 0.33131430162669084 -0.0075091183566155136 3.3015359516799054 -0.33125629705788195 0.9435068441395716 0.008006292605785684 -0.5706081998184471 0.009737503806225628 -0.005066418795052332 0.999939754395342 -0.4027056430190751
0.9419425093422108 0.33566274759390086 -0.008650374085174257 3.584935561574153 -0.33559436908427576 0.9419686139769596 0.008458706831173573 -0.678062819973355 0.010987653663436797 -0.005064598704888691 0.9999268079749293 -0.4382200896609024
0.9410142150129909 0.33824487089866984 -0.009091449511959865 3.887884798272772 -0.3381671949497448 0.9410422236623376 0.009081935061867618 -0.7895230851145842 0.011627355817560069 -0.005471800013555599 0.9999174285916334 -0.46545963564262205
0.9407303540167432 0.3390357939061284 -0.009007301592379974 4.208386929015205 -0.338947673555403 0.9407519189189889 0.010015070724860936 -0.9063267721088799 0.011869103711542746 -0.006368477108752057 0.9999092793230797 -0.48219439588076596
0.9409070348069822 0.33855355099060636 -0.008685905962266673 4.548260036687507 -0.33845390472288495 0.9409166735894026 0.011169948043294369 -1.0278502274474923 0.01195433931956417 -0.007570103903379186 0.9998998886380204 -0.5041934960896336
0.9414362144502194 0.33708357083636975 -0.00851589066657765 4.905449606213667 -0.33696955039515347 0.9414329071787937 0.01247410868065136 -1.1522552252357 0.012221956804527844 -0.008873981805822046 0.99988593160359 -0.5386766454298413
0.9422506308084255 0.33479421567369644 -0.008751108076160485 5.277147468051548 -0.3346766144159379 0.9422488687028812 0.012594966900703783 -1.2838428957314219 0.012462443749616121 -0.00893882428388198 0.999882385541525 -0.5658847187533914
0.9431604640830968 0.332212980691525 -0.009103540553623106 5.660977215914668 -0.3320876141240648 0.9431595661110461 0.012955670519641294 -1.422082104178325 0.012890133278816792 -0.009196103157278179 0.9998746302165972 -0.5977468514604862
0.9438020132802638 0.33038870789150593 -0.00900341190345968 6.061183024595794 -0.3302535707787339 0.9437915994798782 0.013783894192601261 -1.5628453952254606 0.013051387513149106 -0.010035858159509853 0.9998644622322496 -0.6197389594217408
0.9444730542463348 0.32848471496588416 -0.008272958139833647 6.477168493782436 -0.3282956034290847 0.9443944583888979 0.018468993840426624 -1.7027206402074724 0.013879717999121384 -0.014727491236664189 0.9997952062448293 -0.6326470604501733
0.945195847449354 0.32643676800598287 -0.006621665825736004 6.908483560501256 -0.32620310470019365 0.9450011584550659 0.023755946677451917 -1.8419177868805119 0.014012296330532675 -0.020294014201113503 0.999695858018404 -0.6391976017223405
0.9459597912989112 0.324251920299283 -0.004556909912348031 7.356708673885352 -0.32400508479073353 0.9456356611844233 0.02817625464912458 -1.9858209354400347 0.013445381194741281 -0.025177141984936736 0.9995925836289509 -0.6402012415862812
0.9468682061987347 0.32160272188086214 -0.003505619604721295 7.819316041440746 -0.32137162880370823 0.9465052580127636 0.029121688725885997 -2.1347841049238667 0.012683701748473442 -0.026447794483022025 0.9995697263707729 -0.6357818769740762
0.9485335184913357 0.31664012523269697 -0.0048161593693077185 8.293360000801819 -0.31639139540851363 0.9482146836979903 0.028024962640072572 -2.2902245808771386 0.013440580713001426 -0.025058825035211143 0.9995956212779015 -0.6219384830318087
0.9507348330690883 0.3099223794676192 -0.007169092984753173 8.776470433314833 -0.30962086035630343 0.9504532418989651 0.027812907003291757 -2.446847156880103 0.015433729987205535 -0.024222998759026976 0.9995874380512212 -0.6090399338672285
0.952961979174212 0.3029251609987638 -0.009990649740807152 9.26737148686363 -0.3025372690033388 0.9526971817885664 0.028970341318810384 -2.5980743278158305 0.018293909160493373 -0.024585089912373216 0.999530342831887 -0.5890787729965918
0.9554939871622524 0.29471511276579054 -0.0132001062204255 9.771232884095918 -0.29418505350541385 0.9552109628078885 0.03204950585652213 -2.741728917621183 0.022054359904571764 -0.0267398361826952 0.9993991126522596 -0.5740228534087665
0.9580539601830839 0.28623725065008226 -0.014172004720343984 10.289059156599597 -0.28561589470191506 0.9577058172947754 0.03497324996872038 -2.8834413557187126 0.023583258280746974 -0.029458510825084588 0.9992877593910743 -0.5467695624995417
0.9603432742739005 0.27855231495535965 -0.01222306794120793 10.823369868380768 -0.2779194196559323 0.9598412094155128 0.03828379403715201 -3.0243045973342455 0.02239624376977981 -0.033368556168630555 0.9991921475493227 -0.519350108359226
0.9621120687613401 0.27246807739054524 -0.01007541298781547 11.371419338930114 -0.2718828837329007 0.9615124905659349 0.03966645961991879 -3.162256159287729 0.020495479424923697 -0.035424247187430945 0.9991621780443598 -0.49884429454782475
0.9635552521398691 0.26732601243409815 -0.009903491796269277 11.93217808124254 -0.26676829347529935 0.962980942276811 0.038760578013559685 -3.3085164612338698 0.019898584621807658 -0.03470602091500509 0.9991994487800213 -0.4774980983582143
0.964764432663956 0.2628107854572202 -0.01265229283393184 12.501982973241354 -0.2621537449845067 0.9642342109251614 0.03908708830462347 -3.4572229641120193 0.022472281975694074 -0.03439298662364004 0.9991557030883191 -0.45739492505005774
0.965503649948645 0.2597664914183021 -0.018001996335718654 13.08512472308111 -0.2589005331288374 0.9650685273448093 0.04016530186776803 -3.6100490472871325 0.027806759635925642 -0.034119019105918136 0.9990308687191811 -0.44162995377978187
0.9655329190820731 0.25940899070394224 -0.021287501281604816 13.684418791273881 -0.25837371450109325 0.9651297187692851 0.042043425208139994 -3.764994373677763 0.03145164262419623 -0.035094180290849125 0.9988889791593233 -0.42104365985303627
0.9652595135834732 0.26041186493308854 -0.02144136279878931 14.308261599754175 -0.25937163765571974 0.9648631993499931 0.04201618878349391 -3.9285042122849694 0.03162949598695403 -0.034995244565094216 0.9988868343518412 -0.3846167213129308
0.964924909470931 0.26186226584111294 -0.01865670954577844 14.954232142130403 -0.26093613941901156 0.9644656422133991 0.04145305941667983 -4.102975270075047 0.028848747418556003 -0.03513087984179558 0.9989662512086802 -0.3543956687612979
0.964707742228729 0.2631300101199509 -0.01007818724893668 15.624474221054056 -0.2626134243559722 0.9642111534449962 0.03648343350488561 -4.288026498174233 0.019317386779282904 -0.03254918350050613 0.9992834378801002 -0.3293316870247549
0.9646208669878601 0.2635815217188176 -0.005600391056308556 16.31330777339141 -0.2632433178458996 0.964114770863176 0.0344334751794474 -4.474496815757893 0.014475447525862904 -0.031740983158106265 0.9993913004459692 -0.36121382840429445
0.9647341741218101 0.26303088106448647 -0.010135526032281031 16.996922492565567 -0.26252024138160013 0.9642516363149828 0.03608191692288366 -4.655371127160926 0.019263855960261693 -0.03214867758280595 0.9992974363938003 -0.36473237755450044
0.9650314498178758 0.261460445751715 -0.018781271781345053 17.682164962504025 -0.260588455709867 0.9646447785929095 0.039422175031173505 -4.8359499065553395 0.028424595215361493 -0.03314945611553936 0.9990461230324099 -0.35196042851146364
0.9655020484778035 0.25884744325978504 -0.02835128750231777 18.378681607681994 -0.2575641463108124 0.9653387424059061 0.042211644665556984 -5.018935687634643 0.03829497252054555 -0.03345315423186547 0.9987063540158297 -0.32845748907438693
0.9669677207283306 0.25377710322593766 -0.02388742237476703 19.112420287480184 -0.25262835158016433 0.9666172575540323 0.04277842185747369 -5.21180885140771 0.03394617868549881 -0.035330712941839745 0.9987989776104478 -0.2526649045019692
0.9688949290564903 0.2472523440153603 -0.010435268445551944 19.878717744663863 -0.24668066086165105 0.9683063493236886 0.03913394199790563 -5.403165630755692 0.019780495582268295 -0.03534249903934401 0.9991794832542237 -0.2273380791949293
0.9707702887660661 0.24001044283199174 -0.00018379511150411125 20.649232337654052 -0.2398576765848332 0.970179150420731 0.034938675879890975 -5.592865569963532 0.008563961255026521 -0.03387334380461262 0.9993894411825256 -0.23546655072892902
0.9727395328564643 0.23189942810546055 0.0006756201232031027 21.398103397300368 -0.23178391159637488 0.9721543909637768 0.03452619954380414 -5.766279707299092 0.007349798859467725 -0.03374159709045826 0.9994035646737082 -0.24920461810669478
0.9747653183996438 0.2231932402576466 -0.004165518999687092 22.131811410810155 -0.22292470497799954 0.9742324606406463 0.0342883149855789 -5.929943882687334 0.011711103949516594 -0.03249446318021951 0.9994033019291646 -0.26793855077733725
0.9769499303157798 0.21332872308711137 -0.007725902019766271 22.86271513862002 -0.21292881533256336 0.9764133586486018 0.03575293909086457 -6.084082950964736 0.015170802782575297 -0.03328376418896008 0.9993307949744918 -0.26404860050272
0.9790150403757675 0.20365610107705695 -0.007330976205753013 23.6034720170418 -0.20328770474586466 0.9784986079131942 0.03485087389300143 -6.234916393512858 0.014270943108150828 -0.0326292323850734 0.9993656354792118 -0.23927552994194295
0.9806958627558071 0.19552609058928436 -0.002274351010150508 24.353176417485546 -0.19533769313209046 0.9801464344596742 0.03400224489393638 -6.383870243870638 0.008877523048679522 -0.03290159441219763 0.9994191686523025 -0.20750701880352218
0.9819435134968627 0.18916198944082463 0.00216288053979894 25.104446441179334 -0.18912937312460942 0.9813965523528865 0.033028582339645875 -6.5301660408004345 0.00412510883886759 -0.032841266429047784 0.9994520672330452 -0.20890449992528237
0.9830200103238214 0.1834520823031728 0.004122232597423437 25.850652257357567 -0.18348861415914786 0.9824876839184427 0.032401842887954814 -6.670120821359188 0.0018941427910398282 -0.032608042676770956 0.9994664215349515 -0.21141291166539533
0.9841471262212058 0.177307690415867 0.004051773677884216 26.59046030045725 -0.17734823091545765 0.983674441994418 0.03053190393889532 -6.806317444659656 0.00142791515972414 -0.030766460413368207 0.9995255804490116 -0.20313050263417637
0.9852255274717779 0.17125506355408368 0.001537278454648115 27.324841860252274 -0.17123311616781642 0.9848551501448888 0.027194726704890006 -6.941638246684678 0.0031432380469148236 -0.02705617194248303 0.999628972976676 -0.2107553039492353
0.9861004492601797 0.16615024000125603 4.142945448567998e-05 28.056015287027165 -0.16609424881789647 0.985761607554786 0.02620598367985684 -7.068885624003973 0.004313290912223208 -0.025848613474133395 0.999656563377131 -0.21154796982897353
0.9868518906599734 0.16162698521657584 0.000252092521394773 28.786493874173843 -0.1615623854892821 0.9864109013302228 0.029851789425707015 -7.181504732557362 0.004576187916949371 -0.029500023503462813 0.9995543042363675 -0.20775646028802897
0.9875838662038415 0.15707937598482316 0.0020437353287881678 29.51704092226261 -0.15706605642885274 0.9870935193742141 0.03125120681387257 -7.29080918035861 0.0028915621667327473 -0.031184189097257085 0.9995094723005816 -0.19099059347431538
0.988361624910273 0.15209189060695918 0.003058629812102368 30.24651644165453 -0.15212053892495897 0.9880424183449382 0.025130085321654564 -7.412442932379057 0.0008000261913130145 -0.025302892378033195 0.9996795104409228 -0.1908549065490312
0.9892104060665028 0.14649236242793764 0.0016614090489411037 30.964971987761732 -0.14649354669848114 0.9889709285450032 0.021820707333654474 -7.532024687042749 0.0015534817173312367 -0.02182865646627893 0.9997605195502748 -0.20955857581508108
0.9898150425245065 0.14235924420081172 0.00016487202336005807 31.676716259362678 -0.14232021106758888 0.989515168385901 0.024590426102563744 -7.627880804418694 0.003337531106579553 -0.024363438279568547 0.9996975961566151 -0.21088102081846338
0.9905774374340931 0.13695249261454462 0.0005959976248672583 32.390315006532425 -0.13693378761684402 0.9903490135020203 0.02140021645886789 -7.727919374913209 0.0023405673266958435 -0.02128018379254391 0.9997708114974899 -0.1963728419607705
0.9914789778916065 0.13006438505039916 0.007258935216456196 33.11143708186926 -0.13017460183653878 0.991333913691982 0.01765345860853273 -7.831895844179807 -0.004899942419434663 -0.01844796209899918 0.9998178150336613 -0.18208742025717692
0.9920062689946955 0.12500794937796558 0.01722134917885846 33.83793803216111 -0.125309179451499 0.9919600654838735 0.017687227889856733 -7.9283553906913005 -0.014871846570489396 -0.019703834082526146 0.9996952471138573 -0.19582937078719803
0.9923240957303668 0.12198540718543191 0.02030885192999153 34.55437983487333 -0.12241504241563038 0.9922470570719316 0.021455421750151603 -8.004775614514251 -0.017534150201516358 -0.02377684095715545 0.9995635124447133 -0.24381627923399352
0.9928102336841833 0.11870597953891039 0.015386042820212654 35.2463681454561 -0.11905135029746561 0.9926002733637829 0.023905507953197857 -8.079708848371476 -0.012434463571370447 -0.025565362110834353 0.9995958165057703 -0.27127744836649287
0.9932408317093185 0.11587090770968267 0.006825171933030254 35.92622041969103 -0.1160021542923693 0.9929636391611667 0.023805703168541123 -8.16104346341782 -0.004018759125716321 -0.024436531062194226 0.9996933057316825 -0.3013344151272733
0.9935013457795522 0.11375126940481316 0.003965430999580994 36.60850942165035 -0.11381463404819804 0.9931978744239006 0.024580710248631798 -8.240064900379613 -0.0011423706463048007 -0.024872292790293567 0.9996899839653609 -0.3031551594601414
0.9936747382477437 0.11184187038715385 0.01009507783926481 37.306310787572805 -0.11206299834852779 0.9933880188376584 0.024942502499483262 -8.315843485129827 -0.00723871324308082 -0.02591601933364747 0.9996379149334451 -0.28379319725632574
0.9937176666621167 0.10992642110318805 0.021009067257798053 38.01279442411962 -0.1104817895949236 0.9935002064795777 0.027406457139641828 -8.385906529631011 -0.017859818910087002 -0.029555399988641783 0.9994035747384606 -0.25802103633443063
0.9935517505675412 0.10959000321542445 0.02906802606675336 38.71490296059253 -0.11033575579723486 0.9935691306704457 0.025424467967598122 -8.46206552676993 -0.02609482586313047 -0.028467767282064384 0.9992540449200854 -0.2498218847123359
0.9934173929879433 0.11038725157717098 0.03060290833036617 39.40394435787923 -0.1110970792628898 0.9935536794418788 0.022550499922786994 -8.546682811988354 -0.027916344465090184 -0.025801952576323457 0.9992772072628096 -0.2850383319264488
0.9934363692792502 0.11107529676319147 0.027321395319985006 40.08196502820001 -0.1117046244814566 0.9934822296918843 0.0226966111106404 -8.629070827842593 -0.024622287926159003 -0.02559956514122599 0.9993690035226557 -0.33358406928425677
0.9935108986261505 0.11202251602310359 0.01967359181525975 40.7501146438291 -0.11254474991548714 0.9932572090326403 0.02781718841218723 -8.700629580169124 -0.01642478546345041 -0.02985083932743279 0.9994194083636417 -0.3844439377033827
0.9935875348792067 0.11238295371619546 0.012404928322467508 41.413489407147345 -0.11272600912248393 0.9931198532250635 0.03171441308860915 -8.768865563939741 -0.008755421176602973 -0.032909403584094166 0.9994199886713112 -0.4079652758997302
0.9935564364109969 0.1130358582603999 0.00827661848925902 42.07416142912358 -0.11324017135019725 0.9930850112233697 0.030964884564078695 -8.844824148012185 -0.004719243462662581 -0.03170260605728773 0.9994862047623874 -0.40944481559756946
0.9933434199158672 0.11462356801593195 0.011414366611756734 42.74581573718262 -0.1148995975415575 0.9929961397641717 0.02750906938176689 -8.929512484096708 -0.00818123429799161 -0.02863745918826976 0.9995563832704014 -0.3930965876630922
0.9931566711575135 0.11529284495936137 0.0186383056232259 43.422256437232704 -0.11577930071828384 0.9928927086633118 0.02755399441871129 -9.012055203847872 -0.015329059348611852 -0.02952336336561068 0.9994465423198349 -0.3984346430648717
0.9929589852586502 0.11530681202894293 0.027143925542097727 44.101664494410606 -0.11607189659839637 0.9928309296881899 0.02853173451693309 -9.089233079054344 -0.023659425482544193 -0.03148148907239992 0.9992242728394992 -0.4012047065605906
0.992992655727029 0.11465729934824875 0.028623231444934803 44.77167865724912 -0.11545193192057909 0.9929226321302252 0.02784776507012254 -9.170254235953852 -0.025227704770552566 -0.030957233561170864 0.9992022881290126 -0.4345077299375444
0.9930730399838378 0.11544096687137977 0.02189338770181505 45.42475009071421 -0.11597171236331806 0.992943986488368 0.024754830399668207 -9.259129325619071 -0.018881186106300955 -0.027122368340496226 0.9994537898006228 -0.4866480457289314
0.9930578517159202 0.1163145374363887 0.01752231509595573 46.07310355020046 -0.11670996820584204 0.9928869009472373 0.02354538699599651 -9.343927105663518 -0.014659006335844419 -0.0254269602658059 0.999569198817617 -0.4996688060140585
0.9930180402095946 0.11659099592249618 0.017936317573516953 46.73194365118972 -0.1170021072231609 0.9928442843664191 0.0238900378041128 -9.42341812776213 -0.015022607085239706 -0.02582182547269841 0.9995536777010158 -0.4943911278266626
0.9929572778031498 0.11672501774788635 0.02027596334371741 47.395207229811824 -0.1171520277262366 0.9928849478024929 0.021327982250595307 -9.502175787601502 -0.0176421896994448 -0.023553145416404263 0.999566907457229 -0.49148566869942656
0.9929467764529284 0.11566438764670703 0.02604704516930595 48.063477040769264 -0.11623855498412593 0.9929837202239129 0.021723943138622744 -9.581511815327701 -0.023351605232657044 -0.02459839020342847 0.9994246453497451 -0.5014010785141981
0.9928015301887012 0.1160960658786948 0.029441894342319367 48.73070204422797 -0.1167711474181616 0.9929074091286245 0.02234672298430541 -9.661057725341745 -0.02663870840751216 -0.02562382455803825 0.9993166659419849 -0.5274384762016127
0.992822678603463 0.11633756866914158 0.027725420948990612 49.38958139973257 -0.11699887466697102 0.9928526722793819 0.02355492463079346 -9.73902271855994 -0.02478693561754468 -0.026629706416946924 0.999338014166801 -0.5545653891228597
0.9930524735540007 0.11502202619508005 0.024833812801499648 50.04254972581383 -0.11564269411467029 0.9929712812970825 0.025195273706414854 -9.813397616786544 -0.021761251484745513 -0.027892077893530057 0.9993740440518785 -0.5745277922164616
0.9932319043678511 0.11405692759804496 0.021940861712952568 50.69455494524533 -0.11463557243918147 0.993034620490264 0.027219993374518737 -9.88518592545906 -0.01868340647081445 -0.029550969098526676 0.9993886483986055 -0.5906844340320914
0.9933640310177714 0.11335101367431144 0.019479465576111996 51.348162911384435 -0.11387916850854567 0.9930839149962697 0.02856348640300114 -9.955126220154416 -0.016107043798507758 -0.03059224533600489 0.9994021601264338 -0.6077773008329161
0.9934150046908001 0.11270580894545888 0.020591966519184195 52.005641337378655 -0.1132512483104647 0.9931834991067416 0.027580642817405313 -10.030209455790656 -0.017343102701040773 -0.029731090327292816 0.9994074639788612 -0.6041251213361577
0.9933467237095147 0.11271570144672359 0.023610530340215437 52.66860801654114 -0.11316541337225305 0.9934008894494223 0.018661780659806167 -10.11476988159688 -0.0213512461430276 -0.02120951410289259 0.9995470378124612 -0.6248890696416549
0.9932998000256351 0.11214094295710945 0.02792697945936712 53.33474196542245 -0.11254902608488891 0.9935545757222796 0.013491545081060083 -10.204629740042398 -0.02623402364061786 -0.016544303370698232 0.9995189152935567 -0.6455413353713217
