1.0 0.0 0.0 0.0 0.0 1.0 0.0 0.0 0.0 0.0 1.0 0.0
0.9999998376708858 0.0005539762349172363 -0.00013329866027330777 -0.0017168245272595195 -0.0005539614365592286 0.9999998403997559 0.0001110278775792036 0.006556197090591465 0.00013336014580440136 -0.00011095401723881013 0.9999999849521388 -0.003231119287095366
0.9999993983187961 0.001041090605339316 -0.00034567672257038775 -0.0041193865297435295 -0.0010410361583305344 0.9999994456947778 0.00015765105126456022 0.013392768889735396 0.0003458406599883688 -0.00015729109444159693 0.9999999278268724 -0.006966485701362879
0.9999987305932949 0.0012189223870975653 -0.0010261773787936734 -0.007230085471552461 -0.0012186304370150928 0.9999992168343871 0.000285079761128099 0.018574481972865098 0.001026524065229786 -0.00028382886825836437 0.9999994328445979 -0.014420342649756793
0.9999953656639844 0.0020820499781203025 -0.0022211975244599805 -0.00890346047824464 -0.0020807343212109705 0.9999976585751272 0.0005944652617293162 0.024650986763063598 0.002222430030078028 -0.000589840784854211 0.999997356442811 -0.0249106677857501
0.9999929301725173 0.002354031386225371 -0.0029322587222832845 -0.008255018878181808 -0.0023519710782501277 0.9999969849743986 0.0007058853723867237 0.02971004568742469 0.002933911557769843 -0.0006989837941901617 0.9999954517819706 -0.03038870306170112
0.9999915001084801 0.0023975444382874707 -0.003354324292165754 -0.002728295459501706 -0.002395270857148887 0.9999968990043416 0.0006816591679802504 0.03359827313875474 0.0033559481985676867 -0.0006736188587288183 0.9999941419075026 -0.03296611950504198
0.9999876178951359 0.002223435554901315 -0.004452009742081393 0.006875264280545079 -0.002219529272428335 0.9999971477301414 0.0008821685725076609 0.037190479353456096 0.004453958488717727 -0.0008722762834602032 0.999989700640895 -0.04263524014656685
0.9999798927040439 0.0023349653786088934 -0.005895941340290357 0.022838747527393233 -0.002328823102761827 0.999996738682478 0.0010484309056258908 0.04098500111221848 0.005898370161620058 -0.001034679220109586 0.999982069173417 -0.05211164240251308
0.9999707628385095 0.0023993914296930132 -0.007260605273319778 0.049394321376803996 -0.0023914663250395062 0.9999965354314851 0.0011000062920366804 0.045664730378359 0.007263219464125076 -0.001082610637964532 0.9999730364350946 -0.06333704032482995
0.9999694004978588 0.002319620491621394 -0.0074711062585385265 0.08801404127105528 -0.0023118107063608653 0.999996772515006 0.0010537982869483179 0.048679114549152025 0.0074735265577556345 -0.001036494257808532 0.9999715356351123 -0.06736494486876639
0.999969026956424 0.0017898813007785456 -0.0076642972770090256 0.13934841848083512 -0.0017834443996497195 0.9999980512889741 0.0008466075406506309 0.050189321040366774 0.0076657976685145296 -0.0008329124705824507 0.9999702704595387 -0.07562356758790416
0.99996927807909 0.000366258995382012 -0.007829990570238785 0.20329816189675853 -0.00036247854686114817 0.9999998170652125 0.0004842301561651231 0.053400680332189365 0.00783016649151166 -0.00048137707608072636 0.9999692279109528 -0.08119429120156002
0.9999651003223854 -0.002624225737754346 -0.007931681821453013 0.2809492124891736 0.0026251174978992554 0.9999965491689382 0.00010202125708444334 0.05329922896400929 0.007931386723750378 -0.0001228392933127261 0.9999685385126613 -0.09046220993477672
0.9999484050094208 -0.0055704698373250814 -0.00849453853389498 0.36955340436159 0.005573256621694334 0.999984422944771 0.00030443134166155536 0.058889291106642094 0.00849271038839283 -0.0003517578776616178 0.9999638744157994 -0.10485330605293477
0.999921334105743 -0.008910031407515336 -0.008828190103589269 0.47332337424732557 0.00891586079414451 0.9999600599843674 0.0006211782025633305 0.06855675939257355 0.00882230278824402 -0.0006998402510523795 0.9999608378317313 -0.1182620750818608
0.9998654943245892 -0.01344045318306736 -0.009399333874025194 0.5899041002694776 0.013447954350195683 0.9999093018129958 0.0007353037751831891 0.0773081206060035 0.009388598555518093 -0.0008616066855124158 0.9999555549378605 -0.13330574321941646
0.9997774066170593 -0.018146483913190622 -0.010763007927716449 0.7220527458043824 0.018160586961830774 0.9998343458801837 0.0012140344093684058 0.08857947054824866 0.010739194535231946 -0.0014092267147843896 0.9999413401699134 -0.15724662021671115
0.9996549059484517 -0.022812809389814843 -0.013024774122125642 0.8718210007605202 0.02283608778752668 0.9997378752547366 0.001641303051044134 0.10479851962531445 0.012983917272872379 -0.0019381715323900015 0.9999138269787874 -0.18767118518551343
0.9994760285999368 -0.02899824587458382 -0.014379498958298056 1.0403543951864707 0.02903799157469629 0.9995750228137532 0.002562969409214364 0.12242711639030812 0.014299066382193693 -0.0029791782561441184 0.9998933249089714 -0.2086860009217668
0.9992727407799239 -0.03456687538648228 -0.016097225232644386 1.229014582914595 0.03462300159929776 0.9993952533290213 0.003221084239205247 0.1423866789911069 0.015976147671766992 -0.0037760759309677554 0.9998652428983296 -0.23458606533784215
0.9990975805030792 -0.038239730945606135 -0.018486416908014523 1.4398266896378662 0.038316228976462356 0.9992584322336198 0.00380160584895294 0.16440061098700526 0.01832733559229449 -0.004506504988917076 0.9998218842288232 -0.2675605167231964
0.9989817911872594 -0.0406054494470573 -0.01966159585317567 1.6757824708811562 0.040687280372862844 0.9991647803007218 0.0037798177825765313 0.18354227024732195 0.019491692901110382 -0.004575946001855843 0.9997995472223615 -0.2919451817170484
0.9989123119025762 -0.04188419540114223 -0.02049163988180473 1.93414724082627 0.04196388568703467 0.999113087430999 0.0034743088724668507 0.19789295148479374 0.02032794695713583 -0.004330438741599436 0.9997839876057305 -0.31860648132589736
0.9988793727189296 -0.04230556253928185 -0.02121881558591187 2.213939919773123 0.04238753996134697 0.9990953618490851 0.0034284672479178713 0.2105249548275635 0.021054577000245 -0.0043240386075678984 0.9997689770529303 -0.3462244566495135
0.9989297194702946 -0.04050255066607372 -0.02233738902685466 2.5186098504557104 0.04059415601406038 0.999169004202839 0.003662722732024761 0.2249395111830129 0.022170477137424236 -0.004565570046301872 0.999743779932465 -0.3812274476106041
0.9989140868661517 -0.04032784669842246 -0.023330491658507233 2.846859491915162 0.04043875647729493 0.9991727595932045 0.00430156500232271 0.23918668933129425 0.02313771887912 -0.00524034994706453 0.9997185527424731 -0.40818821339185385
0.9988765540025156 -0.0403895069654975 -0.024785431025912175 3.1998238473577447 0.040558393466573285 0.9991569963029898 0.0063492880071015405 0.25294710893128536 0.024508092203736623 -0.007347412188690665 0.9996726308900652 -0.42584773148746785
0.9988259332575365 -0.040350145702932994 -0.026807103423535806 3.574606044341876 0.040613806015521954 0.9991310332184545 0.009364679426244719 0.2715129446834081 0.026405942761841134 -0.010442423165858078 0.9995967596912696 -0.424381075955305
0.9987415013807996 -0.04115663049185544 -0.028662609549382097 3.970713815109144 0.04151247330431945 0.9990667324293004 0.011932255159773884 0.2916533567645914 0.028144768248852765 -0.01310709424688225 0.9995179218506409 -0.4169358690684655
0.998749395924104 -0.04139974055166735 -0.028030441014896424 4.391026590690388 0.04174069367218908 0.9990600924403089 0.011689575908710736 0.30878708868414284 0.027520149581705473 -0.01284496692933299 0.9995387177051159 -0.40161987511610286
0.9987609917377236 -0.04163605924949774 -0.02725655798609326 4.8277354285565846 0.04196756956765352 0.999050402167392 0.011705427534106829 0.322709601376881 0.026743307343354603 -0.012834815906134766 0.9995599346777548 -0.4036945280157776
0.9987715533429871 -0.04191086397677371 -0.026436030593783102 5.285902480979725 0.04223602913870177 0.9990372207612468 0.011863784229233969 0.3374048105991788 0.025913357085291217 -0.012965763161628693 0.9995801052993252 -0.40604613000095946
0.9987887456935034 -0.04245733446643479 -0.02486797591284407 5.760157254834961 0.04281828846453812 0.9989824338630021 0.014166545313485405 0.3599728966322196 0.024241197350051 -0.01521419019063163 0.9995903624824932 -0.41025110130867337
0.9989024089895605 -0.04236187575682766 -0.01998621517982539 6.251268313435325 0.042718711945197115 0.9989289488796598 0.017778265942442046 0.3891411237292145 0.019211688228640156 -0.01861253804670413 0.9996421782132191 -0.4025187488898121
0.998998404918408 -0.04197515218578947 -0.01550076028634457 6.751249951617488 0.042286476328834914 0.9988985709547487 0.02033467148127665 0.4170528503484323 0.01463013636866712 -0.020969776907262712 0.9996730603383777 -0.40853309681917105
0.9990468429864078 -0.04207420136286138 -0.011626138592310853 7.260145397063906 0.042322799632275775 0.9988609714894121 0.022034978250811185 0.43853129088367454 0.010685791977035279 -0.022506026190886565 0.9996895981428047 -0.4125447604196619
0.9991180296375078 -0.04023761865271363 -0.012004036755271692 7.775928242881259 0.040512565482944386 0.9988999162488146 0.023615447404220825 0.4597568231074392 0.011040601942524342 -0.024080933604620967 0.9996490452881358 -0.46003593923183533
0.9991793333781168 -0.03773690132864767 -0.014716862035529212 8.298702917201078 0.03803542441656323 0.9990648306825283 0.020561385720418174 0.47561412255729135 0.013927176293592443 -0.02110427377105916 0.9996802705810937 -0.4642611301341087
0.9992586533560778 -0.03428706905656928 -0.01750830056019538 8.828810636546928 0.03460794892598019 0.9992322042221091 0.01836550888385594 0.48941737894477216 0.016865158289587425 -0.018957820047048966 0.9996780319157442 -0.4566522110058162
0.9992575148436424 -0.03330672233132462 -0.01936701515592377 9.371031345950495 0.033609970476706164 0.9993140624994237 0.015549095647462338 0.49872946777546995 0.018835841182720872 -0.01618847548236187 0.999691524595713 -0.45079107503189186
0.9992734788499447 -0.030942089592756582 -0.02225087770765421 9.921461967955699 0.03130310737995238 0.9993808433892682 0.016063789556493173 0.5095589765112645 0.021740053713970756 -0.016748640487811273 0.9996233556226707 -0.45386943689463466
0.9993739052913327 -0.028315288784845842 -0.02121418967999367 10.48939719100735 0.02868765437224737 0.9994359440719316 0.017458871202530563 0.5244637598858233 0.020707870710588435 -0.018056525636978356 0.9996225017338093 -0.4388633481015455
0.999423992079948 -0.02752329492639886 -0.019853269034899465 11.067411012198276 0.027861214301117408 0.9994680851603178 0.01694991102148531 0.5324396420230921 0.01937619138646305 -0.017493283921651878 0.9996592160456464 -0.442107936510139
0.999484304475803 -0.026634356401637818 -0.017937005479969938 11.658520940600072 0.026867286545359248 0.9995561231074223 0.012872671523454381 0.534646600142971 0.01758618833651844 -0.01334795181036134 0.9997562493739491 -0.4360587618063789
0.9995216829189021 -0.026203582748309563 -0.016424908709506674 12.262013454450898 0.026350018021767584 0.9996143660997843 0.008763311998351661 0.5357676251624275 0.016188944536802273 -0.009191916997037265 0.9998266983516241 -0.42248268675758466
0.9995230462092494 -0.028077096510095368 -0.012859111483418777 12.880246821369118 0.028155669226860844 0.9995857197920834 0.005970517409038877 0.5417631935385825 0.012686149414530999 -0.006329726637606366 0.9998994930360408 -0.3925954375772348
0.999437887210556 -0.03242753054144142 -0.008506754438740497 13.505237247478576 0.03245937776581324 0.9994664535941145 0.0036327586022345815 0.555844396207169 0.008384414299960284 -0.003906840538051387 0.9999572181817893 -0.3966846147943735
0.9992169973170821 -0.03913296137008839 -0.005831261187692925 14.1353639583339 0.03915088271030411 0.9992288323308416 0.0029914915591183686 0.5827509985992375 0.005709698383972599 -0.003217448236014159 0.9999785234549885 -0.4179913313955871
0.9988685577205111 -0.04739519107475755 -0.0039115547204244564 14.769087839313826 0.047411213909800354 0.998866998266434 0.0041105437359327535 0.6186290219014268 0.003712302916359553 -0.00429134445052816 0.9999839014553538 -0.4254633711447775
0.9982567166201157 -0.058972012717114476 -0.002414423102189663 15.404725919897475 0.05898347161186754 0.9982465013203132 0.00498725158454174 0.6617166094666942 0.002116081150600675 -0.005120968448250144 0.9999846488235323 -0.4250884749194599
0.9973856633460408 -0.07210069658156523 -0.004829917621344954 16.035412508976865 0.07211370952832459 0.9973930897102192 0.002576333900663468 0.7121301154564168 0.004631570990534505 -0.002917901772905517 0.9999850170874615 -0.433742540874388
0.996041435731271 -0.08873872927601961 -0.005186157813274332 16.669140267215603 0.08874257532445161 0.9960544610028244 0.0005157917772948714 0.7743827638660942 0.005119924918488355 -0.0009739829827841331 0.9999864187707678 -0.411967179746731
0.9939511819668548 -0.10962622997633317 -0.006567919599628201 17.29900407808195 0.1096120606854444 0.9939713483256598 -0.002480899022549836 0.8516296028444102 0.006800295506931062 0.0017459693140722944 0.9999753534823644 -0.416633369368467
0.9908262193490304 -0.1350544201565307 -0.004868947184840736 17.928641715770365 0.13504846027994713 0.9908378068465934 -0.0015342423041671998 0.9515979609902001 0.005031543155048382 0.0008626236813062401 0.9999869696420405 -0.3734451329807153
0.9867734493639776 -0.16204422078570976 -0.004453104565086292 18.551186456578733 0.1620574979798721 0.9867773431353899 0.0028004326744620264 1.0731602482832598 0.003940428760843854 -0.003485051593951104 0.9999861636225653 -0.36653048383943476
0.981996089527273 -0.1887943699822427 -0.006353425544555478 19.167504832811243 0.18882674994375856 0.9819979428007705 0.0049496303630999095 1.2124314206752023 0.005304588468444898 -0.006060214357757635 0.9999675670456145 -0.35981859005305217
0.9767242372325109 -0.21435878377269077 -0.007750885243705 19.78037102404012 0.21439859283279902 0.9767348318772264 0.004723514484088432 1.3663293077068652 0.00655803277546798 -0.006275349970986852 0.9999588052459283 -0.34097660151554976
0.9704475760025947 -0.24108121677457217 -0.01055221062992435 20.38704179054134 0.24115362895344497 0.9704670568060243 0.006214410417397772 1.535819289960663 0.008742395167857093 -0.008575463412736324 0.9999250131654837 -0.3339875504460234
0.9637548037879553 -0.2664688260490395 -0.013078337802827193 20.984913708210073 0.2665680872634365 0.9637940732256833 0.006514542789599712 1.7240620605068664 0.010868901892617395 -0.009764689400643662 0.9998932532088434 -0.3163417477399496
0.9560443588712865 -0.2929425769822502 -0.012799627392523875 21.585158894190936 0.2930377014512166 0.9560802352582451 0.0062840493891252805 1.9273797698451325 0.010396605146728017 -0.009758603359879018 0.9998983349630572 -0.27811082624219496
0.9479097589456426 -0.3182523301977441 -0.013510855610177069 22.181696569412523 0.31835083866654706 0.9479549323948018 0.00584719323021304 2.144477650967074 0.010946799345909572 -0.009843803739962331 0.9998916276837289 -0.2511959608440031
0.9392681670186246 -0.34291513938090884 -0.013583725882255978 22.77615855253645 0.3430501910512916 0.9392714823537333 0.009254666752053045 2.383320547795308 0.00958524100610922 -0.013352513635665374 0.9998649076422631 -0.22095890915634836
0.9297906481555848 -0.3679247483371531 -0.01098772785699126 23.371120760282583 0.36806284130400324 0.9296651874568029 0.015886600710352156 2.647775734730427 0.0043698345096049454 -0.018815387105986695 0.9998134254721817 -0.1924980397033907
0.9194933897931937 -0.3929997719087916 -0.009115119651380357 23.96277764167621 0.39310539055412697 0.9192317862296633 0.02193342431789553 2.926059117971924 -0.00024092303527624954 -0.02375084134633777 0.9997178799498584 -0.19041539810951313
0.9092633878880828 -0.4161522711540384 -0.007574870270862771 24.553921403742407 0.4162150197544803 0.9090000722821873 0.02199831633907874 3.213494102702156 -0.0022690916823302027 -0.02315503842172933 0.9997293110730692 -0.18498217624290658
0.8990059876964356 -0.4378767892560689 -0.007221600705582638 25.13683920186292 0.4379166746395435 0.8986871407306151 0.02429833652893788 3.5228252708846126 -0.004149717893956572 -0.025006809397141568 0.9996786680354763 -0.16893775583105697
0.8881203166460356 -0.4595768841184044 -0.005602744377732254 25.727250887016226 0.4595618539632777 0.8877809738727102 0.025452795749284773 3.843829390913534 -0.0067235067025355364 -0.02517995261389469 0.9996603245322842 -0.16269616543527637
0.8769216703584601 -0.4806217772376127 -0.0033303604437547986 26.315428444720354 0.4804937258631258 0.8764789551274034 0.030173177243109493 4.187528112720893 -0.01158289522954903 -0.028059730286136446 0.9995391378402243 -0.14651590347994747
0.865016712273967 -0.5017405025300719 -0.0015986267876500287 26.90320048562827 0.5014932902059795 0.8644812147450184 0.03430319564349867 4.55087880455023 -0.015829319793244888 -0.030474538123580017 0.9994101936447547 -0.15232929113402421
0.8534287618246825 -0.5212026825176491 -0.0026668758491048346 27.484236008692275 0.5209407157409377 0.8528131749942512 0.03647546078587841 4.92882178103869 -0.016736761147476683 -0.03251849154910199 0.9993309904799668 -0.16620393357587915
0.8416851149483218 -0.5399569369392508 -0.003559989552106267 28.068274623845628 0.5397564853007214 0.8411512678563209 0.033577986233756456 5.315875119648425 -0.01513617687005813 -0.030183618651244734 0.9994297600706532 -0.1832348301114463
0.8296853712717334 -0.5581971486354866 -0.0061747836316214475 28.651788658550412 0.5580827172273529 0.8291585959920181 0.03224443246016781 5.717813170173718 -0.012878875332085548 -0.03019877394458705 0.9994609390178454 -0.19664771361432676
0.8173840623214362 -0.5760417854994574 -0.007691295177192285 29.235781789858237 0.5759600946071363 0.8168355705168876 0.03239784188010796 6.1437566409005475 -0.012379987198870915 -0.030911358704317396 0.9994454581516783 -0.19964247078475011
0.804118888934853 -0.5944104260644866 -0.00831010493390665 29.820781399132706 0.594330197879593 0.8035517068470243 0.03280655897281659 6.590455015612007 -0.012822961693023122 -0.03131932006076604 0.9994271718561387 -0.20472021342923497
0.7905897953381625 -0.6123043788405668 -0.007150046141795104 30.40884363336854 0.6122021283222718 0.7900967932465605 0.030912964580929653 7.0552425751405226 -0.013278915047649395 -0.02881674780694254 0.9994965059773835 -0.2132436792668364
0.7768246487252971 -0.6296806305300264 -0.0067652544761464 30.99358412350817 0.6295837055994553 0.7763944142863463 0.028914894234962355 7.538449849978632 -0.012954643047074428 -0.026721096539419373 0.9995589828635745 -0.2217234208078327
0.7627695758506656 -0.6466202382340077 -0.008052432104125146 31.573558888751922 0.6465520793129719 0.7623327468896258 0.0286215260912229 8.045515483324184 -0.01236862533464755 -0.027037946037249565 0.9995578855581241 -0.23447840802271022
0.7480423375434234 -0.6636021982582692 -0.008048832795180786 32.15419752257692 0.6635417606266758 0.7476441362799278 0.027213551600121864 8.571490137190343 -0.01204131002104127 -0.02569762543571779 0.9995972383414996 -0.249456012864829
0.7325596305446839 -0.6806531424864606 -0.008227230368940738 32.732486027661366 0.6806145361373708 0.7322163741002401 0.02496066301221551 9.116031440952511 -0.010965440928176941 -0.023884746655630885 0.9996545793335103 -0.26475124529405425
0.7167912757691351 -0.6972219082555859 -0.00958528193096309 33.30351989106327 0.697215799683814 0.7164520147860424 0.024220635422725525 9.680996844455498 -0.010019763096864837 -0.02404415017128581 0.9996606840273522 -0.27425041151201934
0.7003743359850881 -0.7137278213562606 -0.00826961398698074 33.87187690274252 0.7136787961282236 0.7000412931903144 0.02459194553918039 10.27233761418169 -0.011762884442960392 -0.02312541568225848 0.9996633681890689 -0.2711113698345766
0.6828223321325902 -0.7305778258696285 -0.0031149781088623952 34.43744420087726 0.7303941044647283 0.6825408847021252 0.02573699425357068 10.884471131808477 -0.01667677739194219 -0.01984895608455601 0.9996638955359859 -0.2700040720448216
0.6632839851540178 -0.7483590240953056 0.0036229950769632534 34.99607836013992 0.7480080385610526 0.6631074555758738 0.027793463399473962 11.513260528375177 -0.02320192419290805 -0.01572492972359979 0.9996071214727039 -0.27849589828892224
0.6410705149783336 -0.7673700313757793 0.013108385550883122 35.536327760275014 0.7669282467373169 0.641163225956259 0.02703298055687972 12.15943989026145 -0.029148913904996382 -0.007276855618902551 0.9995485922107396 -0.30522772455565916
0.6165640707312446 -0.7871167919416043 0.017201817545664317 36.049248165763046 0.786622043264143 0.6167920647908133 0.028165756904966786 12.821714086660988 -0.03277968477978981 -0.0038346648669254774 0.9994552454267808 -0.3454940039764719
0.5906823759441533 -0.8066819001484059 0.018937864766862867 36.53700666528354 0.8061236879696472 0.590980511134497 0.030110382817616757 13.500056259687542 -0.035481409825227725 -0.0025194110751638765 0.9993671608196156 -0.38281215602864316
0.5655222415913194 -0.8244326386402177 0.022258001039125622 37.00016820091103 0.8239085801087869 0.5659575678960429 0.029439479688305577 14.196375939762332 -0.03686795205395615 0.0016898774875932895 0.9993187171395493 -0.4137422260299672
0.539477489116195 -0.8416576841839474 0.02400794433100063 37.44498861881775 0.8410917379180719 0.5400004626887858 0.03105138808256767 14.90376975368731 -0.03909894043121804 0.0034413587448455843 0.9992294180553113 -0.43887250209016626
0.5133836438436095 -0.8577870646143854 0.025270259478186955 37.86354308392159 0.8571992534952769 0.5139794196042216 0.0321651368790389 15.626477186622562 -0.040579231646237474 0.005148592384644452 0.9991630587423996 -0.4712089601897972
0.48675005695056556 -0.8730775478789846 0.028460102744750283 38.261221666216045 0.8724923779993943 0.4875036143367249 0.03312516175947889 16.361839557439303 -0.042795237954521004 0.008707548348951342 0.9990459179688272 -0.494950545495599
0.45962059415852285 -0.8875234619660889 0.032419344303925964 38.63796712043573 0.8869214717765269 0.4605889472855044 0.035044607861833464 17.108189803415094 -0.046034903357410166 0.012646189076559799 0.9988597807373786 -0.5252817600127863
0.4314323590700449 -0.9014273918795446 0.035983005940295854 38.992112839952895 0.9008281428143455 0.43261419084608344 0.03679156142711572 17.863174790347564 -0.048731680259492045 0.01654143427370345 0.9986749242327381 -0.5796135976215341
0.40357560333002285 -0.9141933442048029 0.03711147812266005 39.319650361464845 0.9136650727652113 0.40482461414945264 0.036512553836825536 18.627538796419458 -0.048403173509067275 0.019171885415548127 0.9986438662525666 -0.639384260338659
0.37545249849806966 -0.9262364396640244 0.0334884936966667 39.61526951199048 0.9257733618790464 0.3765091552131918 0.0344171247464949 19.3957542832252 -0.04448711955976038 0.01808075991663733 0.9988463256748368 -0.7065498272049241
0.34753376632620264 -0.9371919502561634 0.029858493568426788 39.881738800477585 0.9368248889418967 0.3483950281686264 0.03130545968969939 20.170398999589388 -0.03974177552809993 0.017092475608679613 0.9990637810247405 -0.7610667423006573
0.31943624793325637 -0.9472028533650118 0.027699062863304303 40.12599908517133 0.9469049881447485 0.3201885020075712 0.029159331417924452 20.951786889941786 -0.03648872336648908 0.01691383337181387 0.9991909203489412 -0.8064770884409356
0.2907250271823652 -0.9564000942529175 0.027889393733553546 40.35138397106142 0.9560881403288767 0.29151268138113545 0.03026259269213537 21.74593169082119 -0.037073258452458416 0.0178666255065833 0.9991528197431736 -0.8325220053339222
0.26226107226096207 -0.9645494364251226 0.02938562009743309 40.556841169187564 0.9642306400907471 0.26314460969302855 0.03184630433332671 22.54802496875088 -0.03845000242805993 0.01998246935400443 0.9990607079811556 -0.8667574413454079
0.23382435203839508 -0.97195009675823 0.025282045120874445 40.73295074424513 0.9716863190738801 0.23451051592151084 0.028818661434551265 23.347585759377033 -0.033939206214601975 0.01782771252561458 0.9992648812740476 -0.937242242759087
0.20670199486173632 -0.9781566881705495 0.02199497004778769 40.88341963507687 0.9780930688618864 0.20715075624038926 0.02055511696319062 24.14405316998789 -0.024662399812556707 0.017264344072658287 0.9995467515125225 -0.9920345158400451
0.1799524665524072 -0.9832747466586309 0.028069242332337246 41.02421757907129 0.9836109365206757 0.18019385831873386 0.006300712747475232 24.9365869363802 -0.011253236806489809 0.026475384937989874 0.9995861236800818 -1.008310718910416
0.1521596324443308 -0.9879190278120368 0.0293843621902533 41.14270516917767 0.9883520576282644 0.15217500857446536 -0.0017253832433880313 25.734063895665372 -0.002767026631845775 0.02930462851297076 0.999566697280049 -0.9863348758995794
0.1230515604660024 -0.9919450240269057 0.03005632670745216 41.228864061050444 0.9923449670936789 0.12330801584190114 0.006826383594397625 26.566421906623315 -0.010477583248353396 0.028986247383833534 0.999524895994035 -0.9439499870128085
0.08954622342048961 -0.9955133575237824 0.030571700359230063 41.28592198257312 0.9953381606814082 0.0905501899698814 0.03320555657970952 27.431298522323793 -0.03582484839434312 0.027455747816170994 0.9989808617533108 -0.902954329445232
0.058340942231599476 -0.9979017487659423 0.028079071733304622 41.319792751029794 0.9970144227566815 0.059668108400211875 0.049009771016607646 28.287929421276626 -0.05058236130005138 0.025135963276060488 0.9984035296790101 -0.9841487381681714
0.032623575453760975 -0.9991206763505214 0.026335838955508124 41.33397619840473 0.9982818841941633 0.03385674357208232 0.04782259512453002 29.126508330746063 -0.04867218933192993 0.024730446893899062 0.9985085993530931 -1.0800036032029798
0.0096876502630246 -0.9996386280078312 0.025075143608823458 41.33016307185017 0.9992070411323662 0.01064585001896642 0.038366063505064316 29.953869030486512 -0.03861914530232739 0.024683583046135722 0.9989490889650651 -1.1587093359414329
-0.012507959746013389 -0.9996401883117831 0.023728566222502925 41.30927074604611 0.9994480761659179 -0.011768155327478913 0.03106531133648586 30.786213336957694 -0.030774892221364068 0.02410403352495039 0.9992356586794742 -1.2005605447642211
-0.034024935653042564 -0.9991783212869287 0.022022398235480398 41.26876548059511 0.9990036565229131 -0.03336574746120126 0.029638170493533882 31.631416270742907 -0.02887902366172987 0.023008893206565167 0.9993180638944568 -1.2294907362446876
-0.053432091696599876 -0.9983582348126829 0.02063604997643259 41.211126855940414 0.998043913221518 -0.05272078664736756 0.03359860022026281 32.49331037686079 -0.03245549042002666 0.022390927559760167 0.9992223413758425 -1.2480900972782054
-0.07057397785054134 -0.997328646633091 0.0188383718871518 41.140533116326296 0.9968733628232982 -0.06984380848832293 0.03695051974214895 33.36113728336274 -0.0355360682085087 0.021387216295109392 0.9991395172023962 -1.2860592785641078
-0.0850592481729382 -0.9962290148437737 0.017107725847069787 41.05902001701125 0.9957328322575341 -0.08437504161650441 0.03737618381539875 34.22917136852569 -0.035791773700724255 0.02021391440609965 0.9991548161319899 -1.3324025924847656
-0.09537609759584749 -0.9953316870556791 0.014772702876681058 40.96954430362662 0.9948734739910123 -0.09481000643804506 0.035182857022582614 35.09664454289693 -0.03361801238088045 0.018052573836247355 0.9992717017015227 -1.3866579039382971
-0.10154453926641316 -0.9947568544383724 0.012145249814099224 40.87619328514577 0.9943334883986895 -0.10110014525276853 0.03285840042914347 35.96768669049612 -0.03145823253243463 0.015413019747735552 0.9993862208516796 -1.4412202935139384
-0.10477116344855332 -0.9944357724778999 0.010977145618000823 40.781905580317364 0.993982469935168 -0.10435585092635412 0.03329723470528167 36.848863092089545 -0.03196643194381574 0.014399680333910413 0.9993852092336937 -1.4765836452305232
-0.10810567663889878 -0.99407279884782 0.011507965472126925 40.689463892834084 0.9935912666728963 -0.10765447891290754 0.03445153060952466 37.737233488254375 -0.03300844543135196 0.015158620018066987 0.9993401116583706 -1.515634312538886
-0.11165690200293761 -0.9936665115084384 0.012633294968330128 40.59552588696079 0.9931959565256894 -0.11116275740661467 0.03470782774503657 38.628725891538444 -0.0330836542136356 0.016422706001404247 0.999317650475301 -1.5654277851798162
-0.11437295910268366 -0.9933462157620122 0.013495253142707202 40.50245999837914 0.9929146277937405 -0.11386132637189275 0.03400206273230353 39.523502206602416 -0.03223923292068317 0.017288550781462107 0.9993306449181746 -1.6139941305348198
-0.11545343278944548 -0.9932285405386865 0.012944926285008958 40.40501060680084 0.9928414490876943 -0.11498737020505229 0.0323073005182152 40.421224450851454 -0.0306000299114402 0.0165822481201299 0.9993941500812944 -1.6631421972330878
-0.11564945486817992 -0.9932172534155512 0.01202876163044561 40.302844484133885 0.9928616513072498 -0.11523544737279723 0.03076577696456775 41.32502479939701 -0.029170960768118277 0.015500941470133818 0.9994542390031752 -1.7119746960939974
-0.11612367417409196 -0.9931769233816917 0.010718729327051615 40.19989938313527 0.992800413370294 -0.11574701464228906 0.0308215478711249 42.23920837603457 -0.029370589168140376 0.014220670289228843 0.999467428698131 -1.753988326518844
-0.11630153296322343 -0.9931639839664975 0.009962649356418036 40.096796153125155 0.9927464904442294 -0.11593323283965579 0.03184165878237633 43.163507618875954 -0.030468986544869237 0.013593618912592734 0.999443272218989 -1.7969435520785408
-0.11662871377290682 -0.9931227193673574 0.010247311845716573 39.993564530433154 0.9926923417318253 -0.11624393915212022 0.03239230274903147 44.09518884881228 -0.030978343898022568 0.01395030059834281 0.9994226990230732 -1.8385613329294608
-0.11648399138005444 -0.9931373197182067 0.010475873954398803 39.89134089053572 0.9927462341754935 -0.11610898547664913 0.03120285278562784 45.031020055740335 -0.0297723744862537 0.01403451725284074 0.9994581722328069 -1.8923558085572152
-0.11622831131188205 -0.9931702762830455 0.010187343002343691 39.784457080213045 0.9928189014251414 -0.11588258660396256 0.029696045106242755 45.97237886164252 -0.02831269366494751 0.013565707863368045 0.9995070599788748 -1.94267000667224
-0.11606385001240604 -0.9931956635621197 0.009568521395625754 39.676543104570904 0.9928580729923918 -0.11574588700375614 0.02890910817631085 46.92361663244313 -0.027604883881909004 0.012855486109615222 0.9995362458974489 -1.9862503369812479
-0.11575908111613277 -0.9932334466871773 0.009335712134530537 39.56877139482256 0.992894889556095 -0.11544861025290576 0.02883325656363887 47.88415134678666 -0.02756035980426595 0.01260709215413473 0.9995406383909011 -2.029339952215937
-0.11565840724092463 -0.9932495781432527 0.008854849108988224 39.45895905049534 0.9928914567326785 -0.11535531047294849 0.029320768969303333 48.854549234737426 -0.028101387541437844 0.012183097469040123 0.999530832017862 -2.073213379927054
-0.11561405529054163 -0.9932550644872387 0.008818565060545723 39.348395158154034 0.9928876100728752 -0.1153081731873835 0.029634759320172458 49.83297152869334 -0.028418022152356056 0.01218203868980171 0.9995218926818572 -2.116940327901089
-0.11634690012663708 -0.993168094165555 0.00897416082328974 39.239055057725004 0.9928196273173282 -0.11604371923116083 0.029035200024838406 50.81715433176585 -0.027795439273471275 0.012287878521511093 0.9995381041246247 -2.1670796563418455
-0.11747283764245532 -0.9930313658038935 0.009425441415839187 39.12706557768141 0.9927095672921593 -0.11716634713723612 0.028280065507916802 51.80971682293357 -0.026978647535500264 0.012678865413384827 0.9995556007291434 -2.2128673345683567
-0.11885670132855124 -0.9928706330280821 0.00899947885776628 39.01208030117944 0.9925640629395628 -0.11857051431610253 0.02752479056639586 52.80978426519141 -0.026261483396880555 0.01220406511088423 0.9995806096981769 -2.2622391840721656
-0.11965424068188896 -0.9927890872599986 0.007258850067337145 38.892664399026344 0.9924799049578182 -0.11942046132865175 0.02687734493906139 53.81772480414484 -0.025816679526265925 0.010420251125162414 0.9996123835891295 -2.3116516674794516
-0.12113066560156174 -0.9926180105518957 0.006070171243039129 38.772293354087275 0.9923223693730235 -0.12093620866083292 0.02589881612455458 54.83352107672113 -0.024973527841149503 0.009160707545852315 0.9996461395636163 -2.3622535702244636
-0.12128685384352801 -0.992609630719752 0.0039522255928115145 38.64864761075309 0.9923256039619361 -0.12115367353483472 0.024732228176913153 55.85556042160698 -0.024070621228354853 0.006921588792498521 0.9996862991970445 -2.4104206013671594
-0.12193550493921725 -0.992533614245395 0.0029592614266866274 38.52791855869532 0.992258135487821 -0.12182977673147917 0.024110123595535042 56.88606494592447 -0.02356958195327621 0.00587623132043356 0.9997049288225154 -2.4572396519219417
-0.12169316238171315 -0.9925631852990583 0.003016192720219634 38.41079473608518 0.9923156688346187 -0.12159320772360299 0.022906444961820004 57.925922000774236 -0.022369345427217475 0.005780573022825347 0.999733063052683 -2.5089462760156787
-0.12176563372590066 -0.9925555823168661 0.0025586041032861365 38.293517679340525 0.992356229168495 -0.12168828055864488 0.020520156070758362 58.97365701292894 -0.020056043324085285 0.005037696527982299 0.9997861655073492 -2.5596238509435945
-0.1221286782948276 -0.992512348595788 0.0019554597494823756 38.1736153949848 0.9923186409326995 -0.12206525212768331 0.020094503738262433 60.03457804028628 -0.019705349411783514 0.004394554343549358 0.9997961727755791 -2.5929706748315215
-0.12257467125822 -0.9924587727228289 0.0010170601933102165 38.05082128397801 0.9922024817754939 -0.1225195774721011 0.022873309655785056 61.10849684973233 -0.02257620704394154 0.0038128180595627306 0.9997378542867964 -2.6288745019555444
-0.1226826543662831 -0.9924458896275173 0.00034997012723881834 37.92740054859789 0.9920941743097553 -0.1226297731415775 0.026666234077781976 62.19807058549712 -0.026421877645030283 0.0036186877030309475 0.9996443314904724 -2.6700127036855497
-0.12201049055962612 -0.9925288088534034 -6.155847263350625e-05 37.80388406397993 0.9921511670444013 -0.12196577774784412 0.027575546971851522 63.29422342311417 -0.027377032816444536 0.0033034307030207584 0.9996197204036003 -2.7358711084238907
-0.12180178303078856 -0.9925543116805842 0.0005138237098483372 37.678880912198984 0.9921769404782198 -0.12174116476031406 0.027640687149232263 64.39838097187376 -0.02737232971086614 0.003876489015355134 0.9996177911577644 -2.786956175961562
-0.1216241680712045 -0.9925753045920483 0.001351464018132434 37.55594004836934 0.9922356709552341 -0.12154666209020241 0.02635872187240342 65.50447991043805 -0.025998750450818828 0.004546828425954773 0.9996516349840456 -2.8431397272345245
-0.12232487194022183 -0.9924868775576193 0.0025344783955015783 37.43399710351582 0.9921611654842531 -0.12221818833471965 0.026056403149839924 66.61894998079387 -0.025550878844695372 0.005701957217302427 0.9996572614022121 -2.881085390989101
-0.12256744533732704 -0.9924568403884747 0.0025770738462020134 37.31038279737085 0.9921085772082593 -0.12245449539995128 0.02693450549289328 67.74011222753802 -0.02641575994145773 0.005858030596604186 0.9996338785296642 -2.925613913914849
-0.12275915679720018 -0.9924350641695535 0.001683101071769817 37.181884738327575 0.9920491397505424 -0.12266368846290564 0.028144694933230484 68.8669915083693 -0.027725326736573873 0.0051247379886802235 0.9996024426330264 -2.9731497875815656
-0.12215930118827209 -0.9925103633047689 0.0005327906088393349 37.05184419244928 0.9921162630414405 -0.12209563077358113 0.028248496503168134 69.99751529889353 -0.027971874121716332 0.003979406820271571 0.9996007896052769 -3.03191269284562
-0.12215376473748578 -0.9925111793799526 -0.00012871005395264328 36.92183106583101 0.9921487622675436 -0.12211266227472092 0.027006133435976177 71.13003025613496 -0.02681960647438267 0.003171201349486822 0.9996352595775002 -3.086304452338365
-0.12227255428784704 -0.9924965586553659 -5.9373266352349826e-05 36.79176418124093 0.9921966459363424 -0.12223707606160315 0.024574641982807878 72.2649329997364 -0.024397505212599528 0.0029458942902141354 0.9996979961199524 -3.1374427742616997
-0.12244443202720227 -0.9924753003535801 0.00037316700010586685 36.65962853661762 0.9922167047923746 -0.12240392726601981 0.022875517935512218 73.40422401659977 -0.02265770942745205 0.0031712423321241124 0.9997382514566441 -3.182539897910601
-0.12243062660970594 -0.9924769382250298 0.0005184201272812954 36.529057972645084 0.9921988108063405 -0.12238391539498393 0.023742305850068354 74.55043163190554 -0.02350024473148169 0.0034211612161696714 0.9997179773083557 -3.2172513345840517
-0.12219875096641379 -0.9925056392137258 -0.00014625732275177762 36.39847152558255 0.992177359895491 -0.12216211996789847 0.02570025205640534 75.70361647260405 -0.025525512199804545 0.002995425496461438 0.9996696832719542 -3.2649345731868613
-0.12189632958301573 -0.9925414900574093 -0.0016356493537839519 36.265211898423715 0.992193373188485 -0.12189697211837892 0.02633321836061255 76.86013820107844 -0.026336192493323078 0.0015870422145822145 0.9996518825381062 -3.3283757453645357
-0.12171458249370101 -0.992561798740214 -0.0025760609421761342 36.13112607677743 0.9922209729608819 -0.12174030946795625 0.026016107841264322 78.02209062841148 -0.02613620525145345 0.000610518009557984 0.9996582046093704 -3.3851742038933645
-0.12162634933286652 -0.9925706920257095 -0.00323302947194268 35.99623129421367 0.9922500449838223 -0.12166923129583267 0.02522788904138585 79.18836060216293 -0.025433823494764106 -0.00013959759349083573 0.9996764982407885 -3.4346396532188717
-0.12174577641194892 -0.9925549795212941 -0.0035466256269249133 35.85910679932119 0.9922700726837567 -0.12179583070426792 0.0237882004201807 80.35884027314776 -0.024043060995329164 -0.0006230975390129904 0.9997107296450549 -3.4825711684918983
-0.12263592982791542 -0.9924395162667539 -0.004922932810587299 35.71818790615884 0.9921921733853254 -0.12271578705710391 0.02226042856420174 81.53589573693172 -0.022696250530627363 -0.002154567049427864 0.9997400852485092 -3.5234693296160757
-0.12238342104000009 -0.9924635889953192 -0.006190538997485859 35.57597963708694 0.9922388520990888 -0.12248926173717394 0.021411238735009868 82.71898483828302 -0.02200814939134062 -0.0035221126636454385 0.9997515871869217 -3.5674527304437014
-0.12231759034386049 -0.9924633065256405 -0.007415678840607626 35.432567216594734 0.9922505373893498 -0.122449008871247 0.021097660462691094 83.90815471889817 -0.021846696386897468 -0.00477759632501054 0.9997499169444077 -3.6084568844090765
-0.12146795332142761 -0.992561489316291 -0.008199161062733747 35.288751233848174 0.9923523808594314 -0.12161683546088611 0.021121021166132417 85.10123275071368 -0.021961068246420995 -0.0055709297885452305 0.9997433051652728 -3.656751299095542
-0.12167319842494001 -0.9925385208862579 -0.007932045257515079 35.14762482126855 0.992324429957295 -0.12181701664562893 0.021280041482353768 86.30176974900118 -0.02208751898646212 -0.005281951578785836 0.9997420879869763 -3.70705039039714
-0.12168250041222074 -0.9925388447211154 -0.007746664643954244 35.00867678058406 0.992320264109132 -0.12182303425973627 0.02143925749965378 87.50744004137111 -0.022223018062703912 -0.005078389845914325 0.9997401399487641 -3.7510974351778668
-0.12152777868959161 -0.992561652466485 -0.007236370621864696 34.87128914728494 0.9923535549292964 -0.1216542966059798 0.020848360522940868 88.71548161468463 -0.02157361874985025 -0.00464738316772068 0.9997564607461885 -3.7954122497822884
-0.12178374454454088 -0.9925328623746876 -0.006872893933592084 34.73281363080261 0.9923284565571925 -0.12190130181548531 0.020598711671191483 89.93043273345808 -0.021282712973983098 -0.004311579989091788 0.9997642004025157 -3.841123703111357
