1 0 0 -0 0 1 0 0 0 0 1 -0
0.9998742385794938681 -0.01579993473201887072 -0.001367145764448810192 0.05343417414762775819 0.01579730560848517651 0.9998733848320745521 -0.001912966273158084362 0.0001128020398341090153 0.00139719740531871737 0.001891128476349847537 0.9999972357324277139 0.02135239239104229012
0.998703696974941546 -0.05083368559253364366 -0.002619552951075195847 0.7399351277418848571 0.05085213813151985562 0.9986777395284227588 0.007538741131809127693 0.6882229615662679434 0.002232867223296888717 -0.007662178507385740585 0.9999681521550993768 -0.01760818250105476018
0.9967879109374830904 -0.07959633518129655139 -0.008847826546388409819 1.354390336643018777 0.07965547217010457426 0.9968009684379579571 0.006544850991939376618 1.550216810199369633 0.008298575916744984488 -0.007228606148884127516 0.9999394386116082778 -0.03943753740901694005
0.9942579049455775309 -0.1068237169709364554 -0.006317590184884822394 1.809392653920399718 0.1068768303818642129 0.9942335883125893448 0.008770119645638443581 2.187266708112178826 0.005344303580179505901 -0.009394964799606593184 0.9999415848216619551 -0.004822514887838818057
0.9909104880452150876 -0.1344126872248248838 -0.005443729878969734252 2.296616799496743688 0.1344407247595209021 0.9909082023121329463 0.005160050064861448904 2.862916019042472726 0.004700660392810089745 -0.005845006718433348215 0.9999718694485024706 -0.02006249374717848297
0.9871064815565907535 -0.1599399148210516042 -0.006325955738287000404 2.763997988848986953 0.1599761311417414456 0.987104404203109298 0.005703741556640374438 3.491319777992199835 0.005332122831326678407 -0.006642202184468442953 0.9999637241501575513 -0.003847685790086953321
0.9819838612207126838 -0.1887596828062521326 -0.008802184327948039608 3.185091629846152905 0.1888315936432786446 0.9819751758844528222 0.008208726383398369866 4.120861905358005117 0.007094049915230558716 -0.009722967323862189565 0.9999275665578079009 -0.01696422100177634798
0.9768079012279068385 -0.2139579662458182541 -0.008265154486460724384 3.563097327461650199 0.2140340628685771518 0.9767771403161518151 0.00978969293546246358 4.743140008471574909 0.005978631172913711871 -0.01133167400492839441 0.9999179211983073579 -0.05827472198172826273
0.9703625223734547722 -0.2416377876171253991 -0.002784738502523941873 3.998222561882168069 0.241652526720958466 0.9703307394262026264 0.007893823786695345485 5.474577372501465256 0.0007946712546061700721 -0.008332809856221321324 0.9999649657750501186 -0.06687496863118830293
0.9639899665188400579 -0.265937573253213877 0.0007426864729584514799 4.388925113965384206 0.2659363159928456177 0.9639894912468285337 0.001461711953143056105 6.138661010663467366 -0.001104666084837199139 -0.001211568352214272178 0.9999986559065812131 -0.04416128660420349378
0.9560948280800862786 -0.2929950973125726721 -0.006045880358242780063 4.775512646315934084 0.2929984656821028599 0.9561128505623112117 -0.000340730898450928698 6.812816090171430083 0.005880376386227221738 -0.001445662618886684857 0.9999816654484964262 -0.07353192319787590914
0.9481761338170620057 -0.317652236856914405 -0.007686070486765614503 5.072726842517202073 0.3176653403002380194 0.9482027552410180471 0.0005162608603627271819 7.420327156167653371 0.007123961795431932829 -0.002931104423369816983 0.9999703284573980833 -0.08327724668713258616
0.9382573364855254505 -0.3459224204134966341 -0.003293871028974774268 5.463387940559949918 0.3459195290394966316 0.9382630967283106527 -0.001428547126804020472 8.312883914023936782 0.003584684111648331947 0.0002009305071793942828 0.9999935548126052121 -0.08785840549003205713
0.9290119000484734491 -0.3700085108489438168 -0.005530955403194312732 5.791221375709473485 0.3700354355570518172 0.9290038582738933126 0.00506040950149996404 9.137518219042963352 0.003265884325572504868 -0.006747830137679467453 0.9999718999991974444 -0.07188223050612162213
0.9184203504865769974 -0.3955026769820596533 -0.009038379950940316973 6.030939182265397491 0.3955876882233356207 0.9183577203424215796 0.01137885818470768182 9.905438733668399109 0.003800097134283089532 -0.0140260467522129121 0.9998944090624143355 -0.05106919946125799276
0.9081585209642266676 -0.418530203216513963 -0.008976067937127711269 6.333247295909301577 0.4186205464581113089 0.9080507687492390678 0.01416472580138108082 10.68849016344803182 0.002222359822495995497 -0.01662138289853159687 0.9998593854874593401 -0.07519261695766217557
0.8980672841475647594 -0.4396932429305170364 -0.01204181319663195568 6.555587762246127603 0.4398426904252538128 0.8979284160204031862 0.01621626907041915158 11.41914756093796868 0.003682502313858884452 -0.01985980423708240752 0.9997959928667313756 -0.08672661863252441317
0.8875151912601820792 -0.4606811101160105393 -0.009471011808807092147 6.747459422039056243 0.4607768184932244382 0.8872697451301705396 0.0209074846862182008 12.19855612949298873 -0.001228341021255386538 -0.02291973295923216761 0.999736553807758388 -0.1282962596440440917
0.8774454902980920457 -0.4794840677245044147 -0.01358088192657469148 7.014183773685995327 0.4796763201394097509 0.8770819392555595506 0.02525667692356411975 13.01509662919817245 -0.0001986279315532410341 -0.02867578473328439431 0.9995887453932618127 -0.1575655495873193868
0.8691275503342105191 -0.494234931023135371 -0.01868513330460990288 7.227346595734154278 0.4945724004967761434 0.8687798415470592284 0.0248943284368800706 13.78828725528188137 0.003929620453795973876 -0.03087749792362402823 0.9995154517090096835 -0.165750315912992302
0.8610171574924279092 -0.508165436786840008 -0.02042898330558068007 7.404686868119108034 0.5084895151811185121 0.8609164562065535486 0.01616379855171562463 14.596561433080808 0.009373764160176302485 -0.02430523169997629573 0.9996606365449626219 -0.1727762940550343074
0.854296067046172114 -0.5192365801321042751 -0.02390823460983975551 7.598116060206858258 0.5195825010364620855 0.8543458246451831606 0.01127991702260022246 15.42918209271109831 0.01456895487456520699 -0.02205868908296158143 0.9996505188263566932 -0.1906962717502738991
0.8481507686907715504 -0.5291017641373509939 -0.02629822724056436745 7.800716118227974505 0.5295569841061644745 0.8481454489002890895 0.01478844461431044234 16.30273169168054537 0.01448012961395111001 -0.02646924057222015125 0.9995447489481864567 -0.2143829962292802538
0.8439660740063008593 -0.5357663512398943562 -0.02599389938968948641 7.943714977236412622 0.5362723378712515032 0.8438221527704484748 0.01939469329348262813 17.18539656255396508 0.01154320408264019639 -0.03030827235155574007 0.999473943165388623 -0.2243503843350112825
0.839009987278017233 -0.5434862351092054622 -0.02617161620081493931 8.137551565035220591 0.5440130444771920093 0.8388160136267188705 0.0209165657323759635 18.03103453207478069 0.01058530521043280458 -0.03178690815731450431 0.9994386143147564461 -0.2442834883327889284
0.8373312679827902283 -0.5461692025906736969 -0.02399061899577355911 8.269731372956355742 0.5466450725563642976 0.8370450194291543244 0.02312574536515342102 18.87759954007299257 0.007450658238033906582 -0.03247826335126777902 0.9994446708555234649 -0.2383509304582559496
0.8331757626285309914 -0.5517287031933730823 -0.03759769462247147115 8.449762195250183794 0.5526781786298484711 0.8331004828662095241 0.02214534521026622488 19.72575329987011727 0.01910443495000751363 -0.03923039026886442765 0.9990475449369732308 -0.2987518680536025428
0.8318043951730045293 -0.5537603784878922797 -0.03809056822651014224 8.618848844360147865 0.5546559193095306206 0.8318727200314196546 0.01856310433162338541 20.55672526174115688 0.02140699291753936362 -0.0365680309077967558 0.999101856554052703 -0.3020622975683987521
0.8309171090992628628 -0.555166251053822779 -0.03697555269320106086 8.768522148152808171 0.5559418284382940945 0.8310884201359074464 0.01485669238719970059 21.35092340835461755 0.02248201945578294156 -0.03290093626092368412 0.9992057281632970023 -0.316991483506077365
0.8313640441557994532 -0.5543627948015809048 -0.03893222090626448362 8.916505007510346914 0.555137410803183573 0.8316692397428354644 0.01219552345377314731 22.19786222174074553 0.02561798609671118998 -0.03175165200984698954 0.9991674291043489697 -0.3364981519548437272
0.8297120457065819688 -0.5568387662480833722 -0.03883953672112159389 9.048743727585240038 0.5576866233065156386 0.8299114044146308489 0.01525421277915606222 23.12901937336842195 0.02373923744300864697 -0.03431689417542877624 0.9991290203871454612 -0.3507477617750133225
0.8282178226800960275 -0.5591167714623384022 -0.03799571113392039706 9.223347944659559872 0.5600308957753027395 0.828239778126459103 0.01960269639987903198 24.02845519944430563 0.02050936303625849888 -0.03751407467291584946 0.9990856120619903136 -0.3683191806966915616
0.8281438938915191006 -0.5593894305152912194 -0.03551275880539977309 9.401150760047483956 0.5602465999791763629 0.8280459906803180337 0.02153101321404239307 24.89589606883614792 0.0173619763265880564 -0.03772667949911259755 0.9991372575537388334 -0.3519817813236830184
0.8275141835072652441 -0.5602727701685501494 -0.03625877965353010296 9.566524808803331226 0.5612155067592442537 0.8272950098014241194 0.02490224348580434913 25.80481925812742006 0.01604465852765153341 -0.04095594908338216766 0.9990321211890088593 -0.3850210769915742293
0.8275105756402217905 -0.5603265347358775683 -0.03550241786797490168 9.743039662202216178 0.5612555578642286491 0.827232922378287161 0.02603633806802106015 26.70571558460285644 0.01477991779755394482 -0.04147127444825073062 0.9990303736251142652 -0.4138192178633854357
0.8268819113421340683 -0.5611654824171805611 -0.03687283605409433923 9.89532659166954609 0.5622125333712748585 0.8264421858539441335 0.03017251665353821652 27.61880639568251539 0.01354149236355666093 -0.04567947881103611579 0.9988643617629572313 -0.4471769304372760767
0.8252064205043926348 -0.5636336727597796026 -0.03676202510266909917 10.01305972014912804 0.5647138152269035594 0.8246127602557075109 0.03334820108098392188 28.50525536856354591 0.01151826593729496188 -0.04827917309549491914 0.9987674659273864108 -0.4614755715640093126
0.8260398533452584235 -0.5626748009045374754 -0.03248429023979224756 10.20928268150295715 0.5635578861328816025 0.8253844695782613927 0.03380808122994013315 29.38186918100551637 0.00778907329417622904 -0.04623360040112865083 0.9989002875818820959 -0.5035933366074260009
0.8246988955305071256 -0.5647522763993354511 -0.03044007247906095268 10.3682958324215484 0.5655440734515683188 0.8239980506236636026 0.0344545142500877824 30.31572214395186293 0.005624295028618850854 -0.04562980243405662106 0.9989425851545523649 -0.5653527572130681023
0.8247933669177635041 -0.5643617797782115586 -0.03480924322689080835 10.5541338978565804 0.5653666159797121615 0.8240826861025862815 0.03533151569908684481 31.25349554021157061 0.008745937577415950626 -0.04882118383975964093 0.9987692429106816983 -0.5909469633604755856
0.8229406811675461508 -0.5670604750663789106 -0.03480018530105547653 10.68602061520419255 0.5680431736080855387 0.8223278498545246729 0.03322439270910363535 32.18133898898453538 0.009776921639739736061 -0.04710971206796880223 0.9988418727867407476 -0.6126815201222036711
0.8221868123910157644 -0.568088424471876241 -0.03583835252019994255 10.84161404880470592 0.5691235474835177888 0.8215651997921309402 0.03360074687104547264 33.09495020430322398 0.01035534789742834604 -0.04802254128612332834 0.9987925722082368063 -0.6604913601586958061
0.8213125408151304985 -0.569265272184630744 -0.03718548351645947075 10.98708786180544372 0.5703533839524804749 0.8207511961045458326 0.0326265460463059237 34.02198679989790264 0.01194687045836525033 -0.04800545778883521381 0.9987756246068159038 -0.6526537439277165786
0.821836361832932738 -0.5682570577768727427 -0.04085230294586613548 11.1268896707047098 0.5695186916910034425 0.8213490332357685775 0.03215937526190847801 34.96126023446355191 0.01527920756376743329 -0.04969589409036109101 0.9986475173587440191 -0.6933392697604658927
0.8199386491003723965 -0.5711137568082002014 -0.03911123234929172326 11.27573910181931893 0.5722739990395944165 0.8194700107637172826 0.03116683304641953631 35.92434106895461099 0.01425067488530170484 -0.04793723232871401063 0.9987486871190250914 -0.7496518295295734324
0.8191947999871068697 -0.5721769948940548245 -0.03915821993008197777 11.41783478888525671 0.5733345339858383349 0.8187398650372396114 0.03086333646973772257 36.85819050668555974 0.01440110458699523852 -0.04773384452159008806 0.99875627070565276 -0.7869895804248694393
0.8173839663574617997 -0.5750414507036005762 -0.0347962859288491605 11.59550965289006541 0.5759999357818040844 0.8168466133049742117 0.03139560974963579582 37.71507366985485277 0.01036945134041728639 -0.04570492648383071843 0.9989011633660290768 -0.8089522729983297245
0.8156751839888066735 -0.5773960203792883883 -0.03588634663749924736 11.78406028539445671 0.5784162134253083565 0.8150899521365437828 0.03260450847313652728 38.6734988453209354 0.01042488712430286041 -0.04735193318342061086 0.9988238664310332693 -0.8101884631839176842
0.8142139191849712132 -0.5794756305947508235 -0.0355483804450385521 11.90463655790954434 0.5804795179072483879 0.8136171027441528869 0.03272215476369416676 39.60101665117509384 0.009961079038828464169 -0.04727794061744403781 0.9988321046278777482 -0.8310504483443754697
0.8133340908476175413 -0.5808806329737097318 -0.03263965228279270409 12.05216900721191386 0.5817641584620326656 0.8126027850761268212 0.03503109497981504727 40.52329253019885869 0.006174187723276602924 -0.04748056362959667681 0.9988530800289767697 -0.8384838629535535937
0.8119396197055889219 -0.5830967638561379562 -0.02742659171029002835 12.17076900396485328 0.5837411895132806894 0.8110002031700445091 0.03904989274974621227 41.43456222879886752 -0.0005268946419992090848 -0.04771618633803275528 0.9988607950777678157 -0.8850703336255285603
0.8103897415055589804 -0.5855326548369600426 -0.02049333994581649041 12.31842981529350034 0.5858280819766572556 0.8092933305767379126 0.04300887642756769103 42.32106110318503767 -0.008597978256797322166 -0.04685952628433439487 0.9988644850860918245 -0.8961602308522211846
0.8074964951287220138 -0.589399665314748411 -0.02361027068231750722 12.46151790901803835 0.5898260174601128725 0.8062842354591270855 0.04484418331549309966 43.25700934586926394 -0.007394557591389444746 -0.05013747278187719036 0.9987149514957078811 -0.9829493254566125104
0.8058048540407843907 -0.5917776818126636584 -0.021856635439610448 12.58434937891514416 0.592149188816235128 0.8048287478803606287 0.04012511395131040243 44.18657862480715437 -0.006154298382836247833 -0.04527540053672302056 0.9989555859584821063 -1.012331231528806885
0.8038351114398044617 -0.5945384109111798709 -0.01931816678067549767 12.71531354341909292 0.5947965637464273092 0.8028919305560703323 0.03976927964382154929 45.0924456347908702 -0.008133964101179303255 -0.04345832255339821676 0.9990221282978898332 -1.027977090589772269
0.8035574834241252518 -0.5946593904694010835 -0.02599192489306882334 12.85074104130178974 0.5952243540608379568 0.802653154254948098 0.03815602570290414081 46.03674642502141268 -0.001827338486644387947 -0.04613158669656659827 0.9989337002739032689 -1.076983804225687402
0.8018715898448346424 -0.5969182432912762959 -0.02627858873254184172 12.94363046536259354 0.5974903533354182228 0.800889614330867472 0.039763090021671256 46.87295164811734338 -0.002689065048403962727 -0.04758609547978337462 0.9988635204301709036 -1.09456132742926604
0.8014704172707396435 -0.5974180266887441082 -0.02714537948147945079 13.08483304622176391 0.5980213995957116557 0.8003273547651342801 0.04297127924822728706 47.79980294918128436 -0.003946627098258720032 -0.05067372693980525672 0.9987074634409103258 -1.139406753490086244
0.7999139532538178665 -0.5992014561750317325 -0.03309504959311167921 13.19717174108173907 0.600114582882871006 0.7986603149551334546 0.04476816644765402309 48.69290608670412723 -0.0003934477942301422139 -0.05567150288512599798 0.9984490617779880894 -1.171931943040003699
0.8002237661716326 -0.5986845775102392908 -0.03490989409142516986 13.28200658479629581 0.5996983130580926247 0.7990531364975044237 0.04331302770274215314 49.57529013746708557 0.00196401867764349914 -0.05559551874824893158 0.9984514414460760046 -1.180062551149195116
0.799827451028050751 -0.5992598562182495092 -0.03411265611549803983 13.40819638867660935 0.6002274136229187596 0.7986979929004363044 0.04252726269531431624 50.43561231901259134 0.00176082864380130294 -0.05448982347280698774 0.9985127733886980383 -1.235226553782589054
0.8014493543587067892 -0.5970357889281266983 -0.03503140215551451414 13.54330531430222173 0.5980600307312746722 0.8002431122648105966 0.04399046390340403956 51.30260751979758993 0.001769756966046023925 -0.05620701034300980975 0.9984175679286607652 -1.293828601953946222
0.8032806454395690077 -0.594537061349794449 -0.03557931061361727793 13.6573890171417478 0.5955992197271366972 0.8019777009482145225 0.04575299599198219547 52.19064612492737609 0.001331961942209176344 -0.05794350579113334565 0.9983189750846256372 -1.331612587654090518
0.8053614080832310895 -0.5915760381028276615 -0.03782583128970104513 13.79433373369529647 0.5927771711625317019 0.8040194706526668789 0.04656088658898006882 53.07198830249245702 0.002868400031678595193 -0.05992063045368478669 0.9981990234052982025 -1.338601560951359515
0.8075021227134561164 -0.5889529276130516244 -0.0327836982245458472 13.89337344339333313 0.5898646332892475419 0.8062360196848339378 0.04520171409689738296 53.93636195337575856 -0.0001902834833892634526 -0.05583842421461848032 0.9984397999746525976 -1.374973487757999546
0.8095179392506376415 -0.5862046074910585158 -0.03232435904476671507 13.99937747734804283 0.5870946669661165629 0.8082193116069528172 0.04584099001470155754 54.76829738930550207 -0.0007470283432723216505 -0.05608656257819075175 0.9984256304035954432 -1.416023714410594492
0.8113582888845450869 -0.5836606334116962724 -0.03221788422290404463 14.13082048382817923 0.58454713299162675 0.8099768339821671326 0.04735163907927739807 55.63421105151121537 -0.001541547797621252349 -0.05725201671279579047 0.9983585679567764659 -1.468163401181484806
0.8124871046737076608 -0.5821556966835482738 -0.0309749827736570775 14.24472486515098346 0.5829579723735928143 0.8108569440564501463 0.05168189936045812505 56.51599014431222656 -0.004970632254067750347 -0.06004798992745465774 0.9981831153253731825 -1.528638183511578097
0.8153780355813355918 -0.577885556130680822 -0.0347410867281950711 14.40033388568997985 0.5789109091558536369 0.8134103492805259128 0.05679580040527526519 57.33793772019342327 -0.004562713213123442864 -0.06642204226660473887 0.9977811854055317342 -1.560558255434857822
0.8187720997914977872 -0.5727621870034297347 -0.03944268933617436218 14.54235631421316732 0.5741154688228048419 0.8166035472700589049 0.05958250619374586693 58.19244320483081623 -0.001917566528884374118 -0.0714291517869632131 0.9974438326109407171 -1.57939349209051394
0.8203013657911388812 -0.5703632515430195893 -0.04232529468847508192 14.63391349616986759 0.5719236129738068941 0.8184299904548215654 0.055459279179481763 59.03021319298437675 0.003008355726844854153 -0.0697001579151347167 0.9975634505044910227 -1.600702808639496766
0.8238753712089060821 -0.5650048147127624265 -0.04470941809937022809 14.79805797239676224 0.5666918189779408532 0.8225118340851731435 0.04831837221303456748 59.80758101175307928 0.009473912542345950399 -0.0651447783114013218 0.9978308488115099628 -1.632282367694926517
0.8273616599245113834 -0.5600612435788185905 -0.04247454682400481074 14.96614040949695834 0.5615811061519133673 0.8262046120194848076 0.04486201389735199746 60.63066768592056377 0.009967191186629141206 -0.06097001327439549589 0.9980898319195368185 -1.709469631585458949
0.8306735227267186827 -0.5554541532372098134 -0.03810750965777968263 15.1061731181423422 0.5567402597719829371 0.8292701259401281666 0.04849063179902905057 61.36583303712748005 0.004667096507304609697 -0.06149586876187931872 0.9980964263714269258 -1.730865101160943942
0.8344099347783772158 -0.5500146888238278686 -0.03526900652374675982 15.25444059279226394 0.5511430004577489994 0.8325577325182943467 0.05557890850337025845 62.17446864520619698 -0.001205731966065663047 -0.06581385949801228652 0.9978311891840232484 -1.769192004174177546
0.8383656701763558816 -0.5441345353774067473 -0.03256701520500898672 15.41980273740757212 0.5450741504558532791 0.8361475333000573107 0.0612492698818480133 63.01399936280235892 -0.006097013578751038498 -0.06910072333806113742 0.9975910567259398398 -1.800454849957174419
0.8415592418675579278 -0.5396427454354741915 -0.02374341437462510612 15.6107718599125409 0.5399632650034806858 0.8392314258980159147 0.06426730297720495422 63.80672376567246573 -0.01475516431904823518 -0.06690531431842239307 0.9976502212909447165 -1.822551214469221526
0.844923475231630472 -0.5342736278260539207 -0.02561272363672894084 15.7868570271128128 0.5347691454264458244 0.8427619676206058452 0.06143473799173969352 64.56737836483129911 -0.01123753097317739015 -0.06560454665518264394 0.9977824218514750321 -1.874384091198631141
0.8491018571218580391 -0.5275747945334778866 -0.02628445177610623518 15.94731367395915989 0.5281781353744089413 0.8472765592728529471 0.05612743909326681213 65.40423363836403325 -0.007341222284088011474 -0.06154078549802918796 0.9980775712216266582 -1.925534231031555521
0.8514486680604064217 -0.5236849835185857227 -0.0280927694487109296 16.12560829583119926 0.5244240769504440181 0.8498140354360629312 0.05287241899656907468 66.16801202768785117 -0.003814862099022057074 -0.05975067541888233469 0.9982060426656176322 -2.000386819577416375
0.8562557918794170275 -0.5157817973386399357 -0.02819851781698134996 16.25714748672710996 0.5165220835316453041 0.8543414061596811271 0.05749520801968421163 66.95308023786303409 -0.005563820367373049219 -0.06379576204749794199 0.9979474658756836147 -2.034695374627826681
0.8603144711677387368 -0.5093942614200954733 -0.01940353399897404643 16.49117425976402629 0.5094762046091099172 0.8579280442464958245 0.06628323945371741854 67.68486293631097794 -0.01711746583084754192 -0.06691006895571062485 0.9976121666438675373 -2.050235172346259294
0.865321852938455871 -0.5006935997507283576 -0.02289126461807782301 16.69674960608924508 0.5009613492495064158 0.86252125275471625 0.07137797352509460402 68.42833191822134609 -0.01599429227166759143 -0.07323255911882665947 0.9971866299242263532 -2.124348086970913485
0.8699917428431054311 -0.49218046338753485 -0.02954249218409727915 16.8502327059246042 0.492957512675580134 0.866978658059932128 0.07308144200345671748 69.23702695996476564 -0.01035654776077588393 -0.07814344456338499778 0.9968883307523707105 -2.149976628018348102
0.8748469367143079101 -0.4836125645690984021 -0.02759936072613585617 17.0739791673708261 0.4843323061229158344 0.8723559772455086181 0.06646251732888115715 69.99563080181266628 -0.008065641155538804188 -0.07151179171950089453 0.9974071430854186682 -2.194691100157024177
0.879733957258793664 -0.4749970710604722313 -0.02111745557011069155 17.31637524593995181 0.4753681229233215344 0.8777820960580050569 0.05936109456852219773 70.709979058918492 -0.009659821641248201099 -0.06226053584725967788 0.9980131830401196558 -2.261017770783800174
0.8851666614230965235 -0.4650854209013796092 -0.01324887806857211366 17.52665030183955963 0.4650230980089170574 0.8833952049199280676 0.05802094658541386007 71.43716292840561266 -0.01528070100742825316 -0.05751924190620839872 0.9982274475224856003 -2.310489722544716074
0.8903689643665160247 -0.455018347214554475 -0.01419193401311768903 17.79023602535001558 0.4549919995210591761 0.8884240660557763958 0.06070386499021149934 72.15770014626649242 -0.01501291659625221195 -0.06050605383807877019 0.9980549232302886598 -2.334149244726837491
0.8950055185945247072 -0.4458717037600159472 -0.01278848980475859147 18.01273993559040321 0.4457332721352786353 0.8929033591600762376 0.0636037837886199442 72.94375840128465427 -0.01694024193816232038 -0.06262599290065151703 0.9978932874893406968 -2.370699412834827324
0.8990316256445609611 -0.4377823939366676798 -0.009418686212963696056 18.23117817203399937 0.4374703160951446956 0.8970406705925535462 0.06275155646257622732 73.73678748753476953 -0.01902258201486080325 -0.06053602945306257171 0.9979847346084738113 -2.437089622124235966
0.9040383359843846556 -0.4273397586555762184 -0.009768200590630785052 18.50407522647634195 0.4270625140739433556 0.9020054722117534229 0.06327509125157110281 74.43122231300631597 -0.01822899183794490438 -0.0613747405065437901 0.9979483178423251832 -2.478919647626324885
0.9075077866465385279 -0.4199637746885604428 -0.007748878966453342544 18.77582448630291978 0.4195504804052636594 0.9054200630621535018 0.06474491328466300266 75.17442747856576091 -0.02017452769244341276 -0.06200755884456433248 0.9978717608382976501 -2.533062311831185021
0.9107497273437501484 -0.4129168685607028655 -0.005881649539711958363 19.03376876853221589 0.4123510231170352536 0.9085447593125135501 0.06717926808250494763 75.88481445601881603 -0.02239571114340976887 -0.06360880429461013286 0.997723585036753069 -2.545379409188238018
0.913584581308268695 -0.4066322677809904307 -0.003662184468884591496 19.28436124248536032 0.4059126359949609131 0.9113521814481941874 0.06835300512223353719 76.57472595056573539 -0.02445699767791582185 -0.06393277851702242054 0.9976544768083165371 -2.60396290943684372
0.9159652038788151929 -0.4012446506288018244 -0.003236607021439236957 19.58247830254367372 0.4004955304503172719 0.9136986962583623084 0.06897842086542740891 77.33656251009713856 -0.02471993876528517931 -0.06447807997715046535 0.9976129017960326806 -2.659484190301602435
0.9177955824978019095 -0.3970390765562107349 -0.003352675783879721389 19.86651176839274768 0.3962514281270771987 0.9153731961329415467 0.07125108777145111594 78.05709861815587658 -0.02522051654451497663 -0.0667224361722103948 0.9974527768553622664 -2.716702246080719085
0.9192902495759776027 -0.3935440724660717038 -0.00533854487253365359 20.12794225275547078 0.3928867978417709406 0.9167812034327076365 0.07177875113232061455 78.75138925098360687 -0.02335382444432121049 -0.06808294984278735751 0.9974062917510237991 -2.753359070342608739
0.9199704550985587925 -0.3919491496704384237 -0.005497801230586164822 20.41408621239952481 0.3913152416524303123 0.9174806989773152122 0.07142512621338079071 79.48989212391920489 -0.02295089096856178096 -0.06786037928509977557 0.9974308124010565768 -2.811099522027331599
0.9205496450037684575 -0.3905850703080816499 -0.005626183063758993623 20.65168999270714778 0.3899613046808766414 0.9180492492115114311 0.07152451938858932212 80.14750488704486031 -0.02277129629653343312 -0.06803586462014796221 0.997422974063844392 -2.880035123272178144
0.9201858025754847681 -0.3914758148314755326 -0.002185209496399900374 20.91651795558396998 0.3904129197570925247 0.9172465931051190235 0.0789711309517228538 80.83706187176387914 -0.02891091187169510593 -0.07352124753487521147 0.9968745083187063871 -2.920609301499092592
0.9194448780336075266 -0.3932132811162586949 -0.002105186820835184321 21.22911808778172826 0.3920602354542571111 0.9163117603762948038 0.08161819387641466861 81.63988748591393119 -0.03016435037120749132 -0.0758687903546752529 0.9966614463381240352 -2.966394356941962851
0.9177133649820511385 -0.3972279220019482304 -0.003486791553111839685 21.5192686420194299 0.3963343892105411492 0.914985092188837057 0.07563949366100092275 82.34098954894837163 -0.02685575659757163253 -0.07079730965368273565 0.9971291337050445236 -3.045814312923996958
0.9151798263787349619 -0.4030051505406522239 -0.005721365841717210646 21.78765213947182389 0.4025307261883756538 0.9132008610949413629 0.06350749380755470186 83.04125663306692218 -0.02036909088907777263 -0.06042380270360229316 0.997964961410564122 -3.079589803496408429
0.9132378667000049521 -0.4073599539861144647 -0.007380156750008266993 22.04231964811216571 0.4071338009693173388 0.9117445309589385927 0.05444243174897184234 83.70903037269852121 -0.01544884893771360929 -0.05272360149777189503 0.9984896368573906722 -3.114900792282284669
0.9101892287820098071 -0.4141724416908430517 -0.004093452461598535465 22.301524223039074 0.413654172728884939 0.9084576939229541681 0.05995701573769273568 84.43607074091256948 -0.02111381522112945608 -0.05626550360596893618 0.9981925665475448461 -3.183439732260716415
0.9079581978547521803 -0.4190567019082985234 -0.001841611818569904727 22.55653305473456527 0.4181978613619861118 0.905798002043784245 0.0681214228106675479 85.18117961944344074 -0.02687861046653822195 -0.06262156241446020788 0.9976753380835671203 -3.231082266646331913
0.9039051898548711161 -0.4277239212829674342 -0.002766751841288009762 22.84824725825868796 0.426932678135196475 0.9017998370599558111 0.06697419069272722569 85.98208958575941097 -0.02615140710818766173 -0.06171953532682251248 0.9977508721445964568 -3.259336467773938928
0.9018618722096314322 -0.4319818849437356834 -0.006067498248501096599 23.06781034798576613 0.4315574419990435007 0.9001451671219249384 0.0591341894531758408 86.74431031608995113 -0.02008326939969386216 -0.05594934483529701713 0.9982316029372744204 -3.329911227180626376
0.8988526353618991882 -0.4381866971458082127 -0.007507219686172603851 23.33869901898610522 0.4379854182822879305 0.8975798466834359335 0.05019155506486198265 87.47646286472000554 -0.0152549426435501477 -0.04840286429734840662 0.9987113944742768146 -3.372547958328962814
0.8962172953856263335 -0.4435076627002864647 -0.009773053657993762203 23.57546658139476037 0.4434182695225105664 0.8949451943778200524 0.04953117516986792201 88.1571956621046553 -0.01322110832476848345 -0.04872424638898895793 0.9987247619381878216 -3.412258889166211784
0.8927410141304226165 -0.4503600496324201008 -0.01375890200810789103 23.80901097374166753 0.4504115291131933208 0.8912002264070852942 0.05377370076417270495 88.93187280680444928 -0.01195558996033308126 -0.05420315624614387845 0.9984583525223555966 -3.462419543493335361
0.8907132214401463077 -0.4540782525247353818 -0.02104513568023635289 24.03507662189995386 0.4545139785733567361 0.8889586704867643574 0.05629853859402147304 89.73351356764213449 -0.006855686189953178779 -0.0597111610210935978 0.9981921542550702409 -3.506442523494416985
0.886840736045064304 -0.461349995518132272 -0.02587837951781440937 24.27448228840021471 0.4620723157929197411 0.8852447192059839098 0.05320678618077737815 90.51110597638437127 -0.00163825175628236298 -0.05914362817191753247 0.9982481391807574989 -3.541819363579210567
0.8850383717240988268 -0.4643477903527996609 -0.0329880307146148341 24.53303179964345659 0.4654674582678462458 0.883762430141477151 0.04800012879255168008 91.33359328369800778 0.006864828448458516752 -0.05783681063910038611 0.9983024478911539656 -3.576439893969471484
0.8815668357437481673 -0.4706367874330635859 -0.03661868964669093979 24.70353410871037525 0.4719800134735715469 0.8801839922727046073 0.050109945403788346 92.16232140750894075 0.008647600721734427509 -0.06145855564173939578 0.9980721742139636588 -3.652725970431241365
0.8798665132894354368 -0.4733499528132130707 -0.04212767455747765122 24.96512406046959143 0.4750853138128822151 0.8782699545003388453 0.05418331497138228342 93.02789108167839061 0.01135180123183371186 -0.06768832390967963186 0.9976419334686624785 -3.678491177211410168
0.8777977131666663269 -0.476931748037384251 -0.04480270609434390539 25.21096915390191029 0.4788902031950328375 0.8759637115684212327 0.05789429418427968072 93.82193399637475295 0.01163391779201155066 -0.07227505606556662576 0.9973168845595304921 -3.675544695388649696
0.8766424439903613974 -0.4790943819610829491 -0.04434634785339337804 25.45527099830255935 0.4810121665960364612 0.8748190961659471077 0.05760941390070183077 94.52040970652508634 0.0111946853994693285 -0.07183399026034578694 0.9973537771834443122 -3.69697709726550805
0.8744985460458675197 -0.4826528752223956942 -0.04794262198939537589 25.66842925572298739 0.4848199479309314719 0.8727382592932085847 0.05724988082178843196 95.34060831954082005 0.01420954087620153461 -0.07330847703652418335 0.9972080806645485795 -3.772933998608920536
0.8718016980560514551 -0.487229053172839599 -0.05069170554325059391 25.868582499038137 0.489624242839921453 0.8699088310226191778 0.05938624868009288044 96.2198087714836845 0.01516245659578350884 -0.07659292038536223701 0.9969471522888374571 -3.801814206489282366
0.8707537759948370537 -0.4891837266319423172 -0.04987126616818996633 26.1174329473815412 0.4915466819667500542 0.8686467214972294348 0.061925218446069831 97.00184697710821524 0.01302770272196838476 -0.07843567320167484092 0.9968340504473089947 -3.839039670383946667
0.8689653311942457936 -0.4926689411008310371 -0.04665369928591511089 26.30432700693180692 0.49482599436257102 0.8663119767120063264 0.06819673238820911365 97.84301421472396498 0.00681824651707290709 -0.08234605928593079216 0.9965804724328640729 -3.916916556419915985
0.8674944719695453221 -0.4952951850208735518 -0.04621710503069494796 26.56124266981755966 0.4974318500528986386 0.8644370880704614901 0.07287026362798310064 98.75161790460479949 0.003859488985638891145 -0.08620441092774648595 0.996269995473802239 -3.950655296962201746
0.8664455862139726072 -0.4968732106899272361 -0.04887799739155040263 26.78692717795549072 0.4992395187153052527 0.8633365899100051699 0.07355158377270865078 99.65621040231192751 0.005652352009176347426 -0.08813027301243624156 0.9960929203119143205 -3.994124701688794854
0.865405639434889018 -0.4986840426965147288 -0.04886005315338508986 26.95919797323415068 0.5010425085604938156 0.8622876120085882778 0.07359673085085938204 100.5533808214182443 0.005429903286291268283 -0.08817198952267651935 0.9960904659788258897 -4.082782738729401117
0.8638756859214887784 -0.5012605698898607853 -0.04956450693156601306 27.18284431331916551 0.5036639388685476559 0.8608705554020611439 0.07228086555352439269 101.4203383597034076 0.00643707675091449022 -0.0874055370982797647 0.9961520145677887905 -4.131900232989906385
0.8636025474597930351 -0.501821342607722265 -0.04864134172017445246 27.37897885047598479 0.5041430639109656386 0.8605778356644721017 0.07242623746624442249 102.179075326905533 0.005514628856027215843 -0.08706967822632562248 0.9961869603654448513 -4.18182547005991534
0.8641152242806846573 -0.5012681188075049921 -0.04511266156554165352 27.59505284158267457 0.5032917354740390481 0.8609035553120756301 0.07444795131202629201 102.9765381762572787 0.001519266228113084864 -0.08703643787640352736 0.9962039702349690939 -4.234395739979238016
0.8635723027695447751 -0.5023475232702632187 -0.04347233319639105115 27.80859752282769648 0.5042250202308575791 0.8603425775899845585 0.07461754591925759406 103.862795844050197 -8.284018901046572567e-05 -0.08635748404193839545 0.9962642109839384696 -4.289272042018561493
0.8629018678027612355 -0.5034331570828820546 -0.0442201638629725266 28.05188710677727215 0.5053715130622985496 0.8595890666053592755 0.07553985939654778159 104.6738166969427937 -1.810052149246843992e-05 -0.08753109688613225359 0.9961617874373025483 -4.331170309040372146
0.8619203010146162525 -0.5050386813838126931 -0.04504802997882544763 28.31358370144247161 0.5070315506364519997 0.8578740926651809984 0.08349280084586660489 105.6577258103654771 -0.003521556199798988457 -0.09480491253090399251 0.9954896419360370619 -4.404208487694133645
0.8606828632377311328 -0.506702187740590615 -0.04977852818033410426 28.48658294244975409 0.5091347338372129716 0.8560461991998041809 0.08925652713431936336 106.532512932587295 -0.002613757718551646975 -0.1021655410325248425 0.9947639772811036618 -4.457074562344060631
0.8605909517844051448 -0.5061643627383587418 -0.05639903900318501972 28.74118857197336752 0.5092797650969591583 0.85617460941996959 0.08717315554314093717 107.3788574059838226 0.004163480466827801027 -0.1037433182341579718 0.9945953897702163315 -4.486150045706174261
0.8585281152273129823 -0.5083558698870721537 -0.06711024449065830511 28.9275178592800799 0.5124425785298253322 0.8552569743456075457 0.07705914314927704567 108.3003747904475489 0.01822303690227125919 -0.100547587661540469 0.994765350995652331 -4.58890515766180318
0.8578388172130869682 -0.508392293268504103 -0.07516541643364631209 29.13501045166199432 0.513188481047950118 0.8552026150024543139 0.07256769400126919511 109.1152523290545275 0.02738880432129049344 -0.1008254106768495528 0.9945270684901917901 -4.668664077541618163
0.8557299186971581983 -0.5124076357898060818 -0.07186599356341190348 29.34627452672497228 0.5169294042245632381 0.8526915390045817222 0.07550582996057896012 110.0904863349827707 0.02258976083523167588 -0.1017622429700685144 0.9945522352350869566 -4.732457947743350601
0.8564542166705630954 -0.5117253156417918003 -0.06799541218729997227 29.51307886584112339 0.5159710793338603274 0.8526923452994802366 0.08179003337035183063 110.9822823180722935 0.01612513684479769532 -0.1051330851776957759 0.9943274180886072511 -4.792174973225581169
0.8558795663689855449 -0.5128590314233187897 -0.06667669577575548179 29.71377202576525534 0.5169966151188317705 0.8518312899003940286 0.08424935312690305655 111.8731157681130952 0.01358925412625330148 -0.1065789258444950205 0.9942113782984610681 -4.822828186540690787
0.8558392478322470742 -0.5131866100275601639 -0.06464275023816980215 29.94956916869730534 0.5170370406050548429 0.8523100223485051696 0.07899572423022384327 112.7750774496247743 0.01455611597578279626 -0.1010303374868734005 0.9947768545734203549 -4.884696158258775789
0.8542093015156251301 -0.5160013040207291901 -0.06378968139985351227 30.16023831260717358 0.5196637638582660701 0.8512434973354326972 0.0730347915503397338 113.6758934952983537 0.0166145038098668707 -0.09553618420812248768 0.9952872930818034147 -4.966531987603213238
0.8536745266318946923 -0.5171893247776706559 -0.06127809491023354649 30.40425330076401522 0.5205413483221952298 0.8510693325560382272 0.0686854851444652359 114.6059194207142582 0.01662850765166531269 -0.09053283116437181588 0.9957546380583129908 -5.038491716322524461
0.8530278806438515993 -0.5188639574976451341 -0.05588943061206576995 30.59955115225349687 0.5217393775541153689 0.8502700845214725689 0.06948960553415312047 115.5277618160433661 0.011465459157977205 -0.08843628767496899967 0.9960158463943065144 -5.085187725667688952
0.852773856466571778 -0.5194650793391401011 -0.05415515741193769467 30.82483088001287896 0.5222308409703888543 0.8495242386348763608 0.07472293296702325893 116.4239486614239638 0.00719016456636027701 -0.09200325711090157066 0.9957327463805205614 -5.165020720897013362
0.8528529567698344138 -0.5196872057432090353 -0.05066598776069172749 31.02828788128343263 0.5221382957896685273 0.8494886860929714567 0.07576656432686934561 117.3558908068295352 0.003665269268638758886 -0.0910723909143301702 0.9958375296273663801 -5.201195572274229129
0.8516426553473730454 -0.5222060023168717535 -0.04478480475682480866 31.26167219144389264 0.5241214650227229432 0.8483274993882649051 0.07508091424648440093 118.2827349465551379 -0.001215522649003630915 -0.08741478665468800646 0.9961712591611971979 -5.262265525357929796
0.8512171488760577054 -0.5233910408030074679 -0.03861584993833419577 31.50292945255529276 0.5247896108495608836 0.8481666543335869557 0.07217472425258010527 119.1594796811704811 -0.005022927799783207491 -0.08170155986096032386 0.9966441818987377133 -5.326215462393415478
0.8511613269656529424 -0.5237450650049915168 -0.03486405542942761643 31.73599043611422843 0.5248465354677048778 0.8482041920867531282 0.0713145338202928053 120.1535827385426813 -0.007778797183124490019 -0.07899845194290645856 0.9968443885105680025 -5.394726533659551571
0.8509384664893615557 -0.5244119968564626699 -0.02992964753803618178 31.92994975195753327 0.5251591671124765659 0.8482383123055325935 0.06855373611110918142 121.0636986634955861 -0.01056292793043450869 -0.0740528398515486741 0.9971983761837246441 -5.444427350989059278
