1 0 0 -0 0 1 0 0 0 0 1 -0
0.9998689648200068669 0.006167465940415146376 0.01496714914877976012 0.04979867543970262905 -0.006294344247680517049 0.9999445311621518728 0.008444870004683508943 0.01935340438955814035 -0.01491423549028547332 -0.008537971818771198512 0.9998523234042926422 -0.001169230232358926423
0.9998229777194208578 0.003750175758390613453 0.01843771694249813839 0.886291522809991128 -0.004135948294385560602 0.9997723971096058593 0.02092959410544594639 0.7396271437585700825 -0.01835503080838255321 -0.02100214654490649771 0.9996109256528409315 -0.01712132878320157814
0.9997095466098706584 0.001632169668061069726 0.02404492543680447278 1.666272388100144886 -0.00210489336364493582 0.9998047467102528785 0.01964784669053506322 1.605277685300105617 -0.02400816196660020968 -0.01969275191083632096 0.9995177855752062079 -0.05466109913234475093
0.999819916450470858 -0.0001411117749090190303 0.01897668981778707561 2.160247487886273188 -0.0001100054595542984659 0.9999124573078653766 0.01323123650098781239 2.22997740288998525 -0.018976895630539517 -0.01323094131243827964 0.9997323740002693748 -0.09605544333103950561
0.9998513081439052153 0.0009727993473337891118 0.01721671467938024405 2.682153591334227816 -0.001005035845176819632 0.9999977579952125106 0.001863842133423462052 2.734308472111385502 -0.01721486293501257869 -0.00188086841066613733 0.999850044170699892 -0.1250636060983008613
0.9998564220595175245 0.002096601613766247048 0.01681486033284548473 3.216328131179513772 -0.002161165869876310354 0.9999903590246522755 0.003822462534783083263 3.250273049980918039 -0.0168066840400725552 -0.003858253415742842786 0.9998513135722516543 -0.1175501539742040968
0.9998414318134546397 0.002256032189565318133 0.01766413167921157545 3.769634339021449954 -0.002420375159072926056 0.9999539370745567091 0.00928792297464040538 3.809932605967249142 -0.01764236416442602207 -0.009329204031060500321 0.999800836636395629 -0.1308920405628522521
0.9997695772490808874 0.005264732923762229302 0.02081045396995487989 4.356238216399006546 -0.005492904647883307609 0.9999252621069936176 0.01092237148193330593 4.460725959035862331 -0.0207513952717261578 -0.01103416455838601186 0.9997237752533321142 -0.1495796739881837534
0.9998085706646068216 0.006485092759869429992 0.01845983741780668139 4.932468273077378562 -0.006716900318962157508 0.9998990210068737783 0.01252322001725559956 5.051108029606644401 -0.0183767591185467899 -0.01264481559341038182 0.9997511707234493228 -0.1610648542961285457
0.9997731491132364479 0.00979492664961089006 0.01891321559468672406 5.505934928306902343 -0.009989118185272490014 0.9998980787068598719 0.01020047627373411002 5.601939277391063676 -0.01881137501840355122 -0.01038708863248487269 0.9997690936209510104 -0.1894757077381783728
0.9997410342765089553 0.01080954021220585821 0.02002543942431119287 6.045728413264006562 -0.01101205699947782612 0.9998890561196221993 0.01003045626336460973 6.081188001609183047 -0.01991479310402957323 -0.01024837999938153256 0.9997491543997484298 -0.2213580520518860784
0.9996651967959824248 0.01278623008871077223 0.02249459123807789548 6.707842882159452458 -0.01300870785821514435 0.9998676329883561253 0.009771899616840514988 6.749583509431687389 -0.02236666793935285918 -0.01006125351934556746 0.9996992064330701977 -0.2474034164160761329
0.9995622386311178165 0.01465273190755400114 0.02570269539160352154 7.262173746599914104 -0.01494785808178108674 0.9998241035918218333 0.01132799256606393558 7.33235573249658934 -0.02553218834168234641 -0.01170723385156446049 0.9996054461806566094 -0.226172787784799656
0.9995052728248450258 0.01654823264468484323 0.02674631921722107897 7.90592343695425992 -0.01688031798817814233 0.9997826148714777927 0.01223837674564205724 7.974535871252854236 -0.02653798145960035645 -0.01268380846148622898 0.9995673346718380037 -0.2974173183072993942
0.9993848249965723296 0.0210990307467714272 0.02801432612285133239 8.546126227503522799 -0.02146421055292903335 0.9996876833939770668 0.01279934903513097431 8.550877696116634397 -0.02773552292476574865 -0.01339278058994368067 0.9995255745583299101 -0.3013640773208151047
0.9993870535346003336 0.02287408488443722424 0.02650082014069447822 9.124490557546550917 -0.02325070015258167214 0.9996317531473075668 0.01399153465689983826 9.110306785677122932 -0.02617101774567844735 -0.01459912121807512182 0.9995508708864273562 -0.3375548848499508869
0.9993444485988931536 0.02457246316636703745 0.02658697253377588846 9.656540706554196163 -0.02494926991755201662 0.9995915928542090656 0.01393489956068119824 9.704667536718256216 -0.02623369941802627947 -0.01458909007178564067 0.9995493742010556071 -0.3564968839205386875
0.999197054731098655 0.02655935300557537779 0.02999744296807821745 10.27870642367830456 -0.02716123214797977817 0.9994341950559987309 0.0198382766633460432 10.38037559535999321 -0.02945357847361540493 -0.02063711512525780861 0.999353088850184812 -0.4184089056152046626
0.9991501905204633882 0.02944214543426201119 0.02884539573570592264 10.93255894199792522 -0.03022366013325916353 0.9991772769728514136 0.02704255071673157887 10.93843598664220984 -0.02802547325329150449 -0.02789138313790701096 0.9992180160483413731 -0.4393237894251662556
0.9992487107326435414 0.03249721629583077892 0.02111741064078760319 11.5311045274807018 -0.03305025008243186319 0.9991052335793781936 0.02638964197909423465 11.49239525744430246 -0.02024092558749159346 -0.02706775142707739529 0.9994286576659904275 -0.4536042965157440765
0.9992278920359347616 0.03607163433718117013 0.0155710299488209334 12.09811532824993563 -0.03629796994763245799 0.9992357198265148233 0.01450632966906181646 12.05237616961494318 -0.01503586229995329884 -0.01506032599353097218 0.9997735290683912313 -0.4874822912231200345
0.9991976136840171607 0.03853920466015976765 0.01090222510902572224 12.64899771591952771 -0.03866473462732777228 0.9991855127894723188 0.01154769794537741437 12.66759079162135926 -0.01044830629163752932 -0.01195996387125280135 0.9998738881278150803 -0.5176304868707796158
0.9991241519122214809 0.03954650595758592985 0.01367490154373334627 13.29437760320945472 -0.0397923475495350204 0.9990422287125185763 0.01819874516610779994 13.27857519164847666 -0.01294210733154358903 -0.01872696226488797938 0.9997408677963246504 -0.5238280861305963931
0.9989458215345948799 0.04286039979637855379 0.01643872768398019907 13.90645221300481005 -0.04328000961655078388 0.9987224935932214054 0.02608105746570191924 13.87113693024883077 -0.01529988255395234829 -0.0267650316688130864 0.9995246603629160953 -0.5527921863542952785
0.9988567510871729782 0.04549434237032228684 0.01467840658482177582 14.52001165512094083 -0.04587093297989059543 0.9985976801697392657 0.02642973074341919276 14.39078486622364395 -0.01345541954499474002 -0.02707282718718439021 0.9995429023873667607 -0.570816255459693167
0.9986594576529860268 0.05073057696157163426 0.01028086578989696395 15.15929915610528944 -0.05096125295227532659 0.9984222770004366199 0.02357769044664322425 14.92397020829956666 -0.009068535591705277621 -0.02407000935624204266 0.9996691434228688333 -0.5675778352520028935
0.9986236266932317918 0.05226403065571662288 0.004395828667634099109 15.73315658434146158 -0.05234919349796249288 0.9983814747604815576 0.02222594869063838907 15.55482932500762416 -0.003227096244267034595 -0.02242547557364886132 0.9997433090024288038 -0.6072892475337722251
0.9985071179116975504 0.0545834276883197661 0.002045703172329139084 16.29511695648674419 -0.05461679792525846178 0.9982204009253420329 0.02393818207050999597 16.1907878995968737 -0.0007354346108211342117 -0.0240141749440485712 0.9997113476087434725 -0.6459074797335127016
0.9982870224817622651 0.05849158443605839003 0.001324875336307912823 16.90360445592097705 -0.05850639807003044784 0.997970230097045774 0.02514798649833558178 16.7126669976202642 0.0001487594314391776408 -0.0251824222466541861 0.9996828614517819789 -0.6391783904435676122
0.9983218733058679684 0.05785027895729627501 -0.002604324024653467944 17.67638647146918984 -0.05777187527208974688 0.998044073133002918 0.02388385462254969532 17.30569616964892887 0.003980917809813328857 -0.02369331780582843369 0.9997113478323348401 -0.6497496132507283306
0.9979630355527724372 0.06347466211810100234 -0.006383332929506285551 18.24395540055033749 -0.0633487025936314424 0.9978235580784748926 0.01830543152499239726 17.78583156987754066 0.007531371057094371144 -0.01786376815247740432 0.9998120644588136541 -0.6885744427543735169
0.9978949608042430031 0.06446769817335863684 -0.00704010608777062407 18.8516033576447164 -0.06435643245577564453 0.997813811918735416 0.01502818504569307899 18.37657002171681953 0.007993547589369834339 -0.01454347401521169543 0.9998622857976519063 -0.7276682528737273836
0.9978847429722832452 0.06442257226423968308 -0.008704707117365534721 19.52301805494811404 -0.06423022633188868458 0.9977179849080342056 0.02081587414464937044 18.93662093457107432 0.01002585500067956249 -0.02021273791227563843 0.9997454313261926462 -0.7132158969801385417
0.9978840690084241905 0.06447980554411671117 -0.008351017673512218728 20.17615592310088246 -0.06422694260018817214 0.9975521300427386828 0.02765226376677174316 19.44768440800213583 0.01011358805877276591 -0.02705739315211056623 0.9995827193446220615 -0.708857813411276183
0.9976377204962184608 0.06776704293064478302 -0.01125195696513002323 20.73970154051173864 -0.06731453540282000825 0.9970589787834779338 0.03663531289276266562 20.02544041503396954 0.01370153154254966435 -0.03579134978852120674 0.9992653538043356765 -0.6962291512679412708
0.9976318671123414195 0.06718999049359632159 -0.0147024793628183683 21.38307559403321534 -0.06659395482814607636 0.9970623349706595473 0.03784105393885240504 20.70430573838085309 0.01720182845776873498 -0.03677234504796688536 0.9991756060560039732 -0.7152101604506405641
0.9975979799145348048 0.06708447822405791405 -0.01726103275720121746 22.03972909925222012 -0.06643732757705377023 0.9971527560173926164 0.03567159474059715396 21.34599697568818755 0.01960489670614272428 -0.03443913396594121962 0.9992144885242694174 -0.7637145368449401728
0.997467124842863373 0.06828953239260483754 -0.01989659828491244231 22.63015393811984666 -0.06753346264372310503 0.9970501423412888586 0.03647252500944411086 21.87391879548484752 0.02232859783015187644 -0.03503645847991836842 0.9991365673901262401 -0.7637915468060562096
0.997424940262722548 0.06975380933190643284 -0.0166701717325414174 23.21954621721718937 -0.0690662731294823945 0.9968585397030410578 0.03876727662764366256 22.30708949090740134 0.01932196827210205456 -0.03751610194048084906 0.9991092050608298969 -0.7489173621619639176
0.9974452390655199618 0.07034790065838483764 -0.01241643823670104778 23.78737863922168216 -0.06971570610053463846 0.9965253318645492797 0.04557393196942612079 22.85531423350368385 0.01557932567320133299 -0.04459188070947470162 0.9988838014435714729 -0.7776623817762796653
0.99741417031544366 0.07145967669756586593 -0.007647709476345613058 24.37429022627899755 -0.07101833288647410591 0.99634158202014933 0.04753786208499398425 23.4076121407291815 0.0110167712139798285 -0.04687180969266410702 0.9988401594890713442 -0.8035405212869676239
0.9973660046913722654 0.07195043950919950693 -0.009175344157165650494 25.0345798305263223 -0.07143710398816681406 0.9963118504275501053 0.04753353417761754102 23.9613835415126033 0.01256156279104050574 -0.0467528710569085279 0.9988275007168068154 -0.827955805044537585
0.9975133873868634593 0.06996403710346811577 -0.008489728863149987453 25.69026691020463105 -0.06953564376966762939 0.9966446936052124617 0.04317579129686001382 24.53229510447021511 0.01148199588587054364 -0.04247809106771002763 0.9990314186999927903 -0.837467374480194815
0.9975012800876482677 0.06978606660348879442 -0.01100459592699279399 26.38107509411399221 -0.06925099090782554923 0.9966638585477254342 0.04319089398291921233 25.14115968356681563 0.01398200564251145077 -0.0423208928636073442 0.9990062289823020691 -0.8754408639601418685
0.9977114612528262816 0.06688779917496884275 -0.009892542963217976562 26.99635044442960918 -0.06637724647579847093 0.9967727889673054786 0.04514497009225443974 25.68837136277878486 0.01288026533271635979 -0.04438501431641637268 0.9989314637496859994 -0.9141090904209268064
0.9977854961324735816 0.06636680776231479451 -0.004421598705608325783 27.67863279352053496 -0.06613673402896806663 0.9970020672626872527 0.04015980933607204983 26.2863292518260927 0.007073621396075832277 -0.03977844518540255003 0.9991834862421300478 -0.9422153860434951955
0.997777596412706691 0.06654042701813776828 -0.003498523849534972228 28.34395885771833434 -0.06635843381655194551 0.9970612731926020711 0.03828022676214971193 26.8926905869695787 0.006035425278816626549 -0.03796299608554611071 0.9992609191647158218 -0.9652774813034009638
0.9979015322572970526 0.06474305719167268436 -0.0009319141668715191481 28.93360726410740824 -0.06463046816142004047 0.9968330816524740845 0.04633260092491762322 27.46039835571579246 0.003928677102319033665 -0.04617514340754998864 0.9989256336822666116 -0.9732425484763704837
0.9981561431094841952 0.06068432525537801464 0.001314017160592368836 29.61346621548192459 -0.06064924448489818209 0.9962392259278516349 0.06187951087465095451 28.05557898473040979 0.002446040925636528383 -0.06184510806017310541 0.9980827618453369521 -0.97839432434264062
0.9982381477314924423 0.05925463710804663997 0.003080323812988413398 30.24661470530613627 -0.05932749640949121217 0.9959659264273645896 0.06732103360364691258 28.65937614439517489 0.0009211858558233826854 -0.06738517178782919836 0.997726610870805497 -1.024925075578397404
0.9983788389395791274 0.05682669794971935417 -0.003228057897457220406 30.84948562258164984 -0.05649951778979486056 0.9963050624307432379 0.06468405572004136406 29.21197761194096287 0.00689191172162180541 -0.06439680873307405962 0.9979005724909757458 -1.070742291208074626
0.9981175679397290557 0.05790510711390862292 -0.02020690822978916945 31.46700339906788813 -0.05678679390040423935 0.9970255057013208688 0.05210950987620584923 29.79364485238391325 0.02316420964750070047 -0.05086393173116045968 0.9984369183079392363 -1.114303561233170869
0.9978890998381373389 0.05734983205037499226 -0.03046869193165021791 32.10196703284471198 -0.05584609746295542132 0.99727997159461379 0.04810271982335808522 30.40265686242593191 0.03314449912715697333 -0.04629962224511324081 0.9983775774513216072 -1.12944176374592975
0.9981998440359934888 0.05453805408013488037 -0.02495339703668501136 32.73539534744005408 -0.05327677356987126078 0.9973920821387152191 0.0486890119532409904 30.94693145925967315 0.02754372459386754401 -0.04727192765426919269 0.9985022323917691622 -1.163293813066886617
0.9985115958939808634 0.05256249428996125073 -0.01455256194878452695 33.34847585264451197 -0.05170842719971113083 0.9972071732102789632 0.05388963030580994074 31.53879458332304608 0.01734449254915215385 -0.05305693066869290875 0.9984408498685487521 -1.181613526898139366
0.9986004529118257533 0.05228169830571315763 -0.007984952508741536767 33.99198471013716727 -0.05176710821495098674 0.9971509785060790332 0.05486431054365505794 32.15281776496217958 0.01083060253901057743 -0.05437416745697772058 0.9984618910914939693 -1.209501547788984777
0.9987382243252821423 0.04917194009628790552 -0.01020193995030005754 34.66605338296883332 -0.04861190162866142056 0.9975986616166147014 0.04933349126895808512 32.79689258296895815 0.01260326511773040593 -0.04877530776844049565 0.9987302574071069694 -1.228849989272837284
0.9987493761054584418 0.04711012192831668527 -0.0167427638356606491 35.25383507979972819 -0.0463371678483066457 0.9979611518215852906 0.04389084563702063541 33.34262008237769948 0.01877633097160964076 -0.04306014243861777668 0.9988960273864395667 -1.232665321546244419
0.9989061203225105823 0.04242362522521621326 -0.01966720124929934033 35.86519906947839331 -0.04158701263152728839 0.9982868771651201012 0.04115618131335135182 33.95293961479418243 0.02137950332947968074 -0.04029326125622818833 0.9989591432760011047 -1.227525127117720771
0.9989649540259115668 0.0421156550350481329 -0.01718406904598828583 36.55786800331940611 -0.04140249745687635263 0.9983440846433092597 0.03993647282931140491 34.50160366205592766 0.01883756439516041242 -0.03918367336891483838 0.9990544459182274517 -1.295947282357102548
0.9991432208513474356 0.03967447300188612497 -0.01177966123529138043 37.21653530789762243 -0.03915967076026001525 0.9983866533343291882 0.04111703576166302054 35.09300170965508414 0.01339195328335841817 -0.04062051988712660211 0.9990848957678000186 -1.320161567692014204
0.9992891854237035965 0.03719495430438911343 -0.006136714880554172691 37.85895442161048408 -0.03691164959958899427 0.9984701677663631036 0.04116860702583682863 35.70327197814627596 0.007658591193422658282 -0.04091282751051344285 0.9991333677372741251 -1.323231170883283569
0.9994829533113757103 0.03208679536673461619 -0.002064849404576267998 38.47360156545477139 -0.03198126439116855124 0.9987190314961797988 0.03921090225019979031 36.24304188247317882 0.003320356594171080828 -0.03912459188829765094 0.9992288234141675218 -1.324430767965925737
0.9995258915095137642 0.03078153130420373251 -0.0006996661204096176531 39.11371277054224294 -0.03073961256246213886 0.9989421177223393178 0.0342011938376082722 36.90393040428717342 0.001751691074774080039 -0.03416347129576062513 0.9994147231291933275 -1.364956815940608914
0.9996893914295835737 0.024836106584578823 0.002070862831823925415 39.78818846341810911 -0.02488792061483735898 0.9992208219737054309 0.03063234143290335595 37.53659523742272341 -0.001308461164247104978 -0.03067436623488502268 0.999528574471720499 -1.385477059801316857
0.9997253660902747363 0.0225371586706372036 0.006424085516287767264 40.46319376304040816 -0.02271707803190572972 0.9993076407573864284 0.029464783888544583 38.203788630865958 -0.005755585231613028797 -0.02960262831170321421 0.9995451753851252175 -1.402503600877325285
0.9998551815796768993 0.01483341794140235342 0.008341797195270048149 40.99050089332621383 -0.0150346137194936301 0.9995843868355017703 0.024597032036400443 38.80269345758433985 -0.007973472178226144458 -0.02471888563163352967 0.9996626433125093136 -1.430138714145156698
0.9998606474318554316 0.01414474350944009383 0.00886633792515657132 41.60456951874282794 -0.01430747603899883841 0.9997252353524519464 0.01856744271239305424 39.36973413654195753 -0.008601270054148488914 -0.01869171020898505522 0.9997882966523057302 -1.487168581459827665
0.9999579117422530139 0.00650194738914296709 0.006472976457652550482 42.28035950582312097 -0.006607500783085025302 0.9998433305138408889 0.01642118632717572482 39.90527215847618692 -0.006365192650190408009 -0.01646326538506590401 0.9998442104725050461 -1.498458934524669939
0.999962958180404482 0.005786710783434114921 0.006371518296569896739 42.87297130922014787 -0.005903797009536775574 0.9998111767247325199 0.01851367270899719267 40.60217773761861793 -0.006263181936110610512 -0.01855060307953814575 0.9998083054653130741 -1.507181655213624571
0.999963840642578039 -0.001831829648346649467 0.008304324625419785486 43.45612294784278617 0.001664819245710294883 0.9997971158497760413 0.02007375190014874106 41.27948941556302742 -0.008339411503459213254 -0.02005920084671996076 0.9997640134937679779 -1.524304437980340765
0.9999659811259439257 -0.007762236448466661859 0.00279003156727066241 44.05231627669827077 0.007696897740113243548 0.9997124117291001921 0.02271236667466403417 41.87323986584365798 -0.002965527947349470925 -0.02269011943785764762 0.9997381477786517756 -1.558932185431242567
0.9999353996355541119 -0.0107899340150027969 -0.00357405646800900605 44.65683805504239245 0.01088133246406956627 0.999586264119867951 0.02662512322397854111 42.51180582919686657 0.003285294429882522609 -0.02666229372798862088 0.9996390993421933047 -1.562874424282993058
0.9998700867185935648 -0.01238197496698081705 -0.01031970839070523935 45.30264296035645089 0.01264858816503969426 0.9995771297101432307 0.02618348673997865708 43.06617302315279971 0.009991141215264126227 -0.02631061489871494227 0.9996038858672310345 -1.550620177817660483
0.9996958845701805485 -0.01980611030403005637 -0.01469205118657181987 45.84066811971917588 0.02018693293569666022 0.9994517854186975025 0.02624150075791154002 43.7292584296232576 0.01416425473132763846 -0.02653010776462057588 0.9995476613298155399 -1.58054439694499016
0.9996595038567264169 -0.02065319650020455006 -0.01594747074766355438 46.41253475497727976 0.02110816174180456598 0.9993591746656147468 0.02890822581105775835 44.40464320890470162 0.0153402039362410085 -0.02923500446357459731 0.9994548477331075542 -1.580418742982244495
0.9995429164229325814 -0.02489101040992825614 -0.01715796693991739064 46.93877526054890836 0.0254559103799808055 0.999113424802763217 0.03353149274368286831 45.00750533284264066 0.01630812237705004872 -0.03395293771776036751 0.9992903697949205855 -1.582618817619974916
0.9994417224730051119 -0.02951905280322042122 -0.01564828750353397871 47.55501147081356095 0.0301334525883769494 0.9987209567789758768 0.04060080695738894907 45.60612985081747439 0.01442977530305346312 -0.04104967736886380031 0.9990529042911669988 -1.596246805912942879
0.9992903212264714341 -0.03344871680017747623 -0.0173215832855154149 48.11987094659877329 0.03414557880855921546 0.9985493261802557141 0.04163319147970498402 46.27505037351765083 0.01590387848683439201 -0.04219510077460217334 0.9989828027146899769 -1.616315273014099274
0.9990225939793715426 -0.03945231852157363162 -0.01993417372252855382 48.66260132332732269 0.04020800644761132053 0.9984280157216003371 0.03904886220796442708 46.92733720770667105 0.01836226936510018323 -0.03981220900050691514 0.999038445245358675 -1.65997657568875101
0.9988288215661972336 -0.03970818695114372576 -0.02764498322905390576 49.19919377301285834 0.04062867702133091119 0.9986101528174794462 0.03357191226824459557 47.48928178047121662 0.02627348115834729492 -0.03465577266348787017 0.9990538932454637866 -1.664696702214929269
0.9985041026388314922 -0.0450863268436225012 -0.03093186294376561868 49.73860373000588453 0.04598011356478530487 0.9985265502387697945 0.02881939667708086072 48.10350462355436463 0.02958692565967781934 -0.03019853638856588932 0.9991059314356997012 -1.674956067611349519
0.9983496631129221699 -0.04769874946044618674 -0.03198092341106250486 50.26118546831201428 0.0487161638712282144 0.9983054663210925161 0.03182658151761845466 48.67016100388740796 0.03040864252126851755 -0.03333204484179689425 0.9989816260806192449 -1.708465176736345459
0.9983638325213919362 -0.05043815303161070657 -0.02693790325837909158 50.82981819924135891 0.05145625112387020722 0.9979312279798611129 0.03854242393627438368 49.2897768617174421 0.02493816620112989518 -0.03986548559049682416 0.9988938036273719012 -1.701288122943919401
0.9982854553221424121 -0.05442541565199643383 -0.02154121220754163374 51.38893293588417066 0.05537981706154626593 0.9973813225048052677 0.0465142277243780905 49.96163156544726291 0.01895324654228368669 -0.04762742539412618409 0.99868533722881625 -1.682040409294231154
0.9981812254924353756 -0.05758050100401033294 -0.01785292633007262708 51.89547934291093867 0.05840933730297323545 0.9970384297731578194 0.05002718132478981006 50.54977461343341361 0.01491946347049165691 -0.05097897075856930305 0.9985882805992415401 -1.721842877085339341
0.9980846905917816203 -0.05744802077627263887 -0.02294940773084396327 52.38256644555213626 0.05852315395113224378 0.9970677890951360478 0.04930379701959363564 51.15081828304806777 0.02004970967170466994 -0.05055243671502060443 0.99852013514212834 -1.734259817295721096
0.997659669664822002 -0.06044433233490091595 -0.03196351377533884069 52.91041702178394246 0.06177247021058247106 0.9971918370273564758 0.04233913190051128567 51.82768007673785604 0.02931459446011364101 -0.04421450954827207958 0.9985918744397256352 -1.758506394120579408
0.9976488619387663404 -0.06036676302063362365 -0.03244383138125214727 53.51171184906489486 0.06148099892040680137 0.9975111657316496627 0.03451899495110322819 52.48968767106833866 0.0302792840739902272 -0.03643251519036276587 0.998877288155492371 -1.765586915881186769
0.9977188934880782956 -0.06104356572749889548 -0.02882173936800275227 54.08333384515538711 0.06203758582428030993 0.997461521462936318 0.03495498742582126006 53.14305352981838837 0.0266147989287841974 -0.03666328250602760019 0.9989732009387757294 -1.789091212014189525
0.9976543185744844999 -0.06310334020560805224 -0.02652977731863427613 54.60684337119586473 0.06417948572400206109 0.9970590158833296801 0.04188451334286672628 53.73873767858787431 0.02380870097010015854 -0.04348893308258382912 0.9987701729914920667 -1.827155438458629932
0.997696636395979275 -0.06288058461668297183 -0.02544511352722579264 55.17007586185323476 0.06396496951188043734 0.9969674974455756677 0.04432033068976679036 54.34825277759829731 0.02258106285127964991 -0.04584584076413313058 0.9986932734754632168 -1.763916646841692915
0.9976709919651534086 -0.06192827043714328739 -0.02859162660519214139 55.67515026140922174 0.06302079187125077253 0.9972484424111459633 0.03903746790538261541 54.94773258969330243 0.02609543222840310372 -0.04074841627851724657 0.9988286114181980091 -1.802216372715139014
0.9975160586480118496 -0.06199598175158004681 -0.03343966187020918496 56.12592742233776733 0.06306355883532416273 0.9975003525202215116 0.03187529245446247411 55.53222159854333739 0.0313799344543575498 -0.03390494018121339298 0.9989323073887181881 -1.817960901573967725
0.9977640345380767162 -0.05484170903624147747 -0.03820102527791487124 56.65571094364734961 0.0558231534581401026 0.9981247143441104308 0.0251163324049690391 56.11237022805430286 0.03675196484936012198 -0.02719267484952863495 0.9989543790955817126 -1.813767184330488558
0.9975137274615015759 -0.05843427563459919344 -0.03939287952055486874 57.13512058312549868 0.05950253858170652388 0.9978759885062034041 0.02651338275475113859 56.75305693943537477 0.03775991827578273341 -0.02879143959282160284 0.9988719845795952512 -1.830681623499840871
0.997676002727161948 -0.05886171239993855803 -0.03432043699749161292 57.61549125662460824 0.05973692495851149614 0.9978995799829016855 0.02505849290059972839 57.38561589915908456 0.03277336386233549448 -0.02705045440089981837 0.9990966817770199349 -1.831580600791669289
0.9983057285643581746 -0.0500418179085469414 -0.02968987665844737694 58.12535964965910296 0.05085777364690414332 0.9983301069020513729 0.02739497239675370635 57.86924059930459663 0.0282694035180484568 -0.02885851890424152161 0.9991836801666584833 -1.827223988145543876
0.9982523288980610365 -0.05146222979440115419 -0.0290504174528632593 58.67914722256889348 0.05222758630673342284 0.9982906217613510824 0.02623192200178744299 58.44497926211978722 0.02765080610344088433 -0.0277033104145226472 0.9992336861384860658 -1.814545862965632139
0.9981956882164919609 -0.05144920679862239471 -0.03095718245894646045 59.15703802089250729 0.05223260838849073939 0.9983206500140744399 0.02505263212539701745 59.01883866191758443 0.02961625646395037517 -0.02662440375423447136 0.999206694572145615 -1.820157433048329443
0.9983101450964398937 -0.04814349372723381038 -0.03254317454184349478 59.70127603610769285 0.04894163969580012791 0.9985086522341335424 0.02419064524688565102 59.61900482596852413 0.03133001917349513554 -0.02574248288937935544 0.9991775390156037995 -1.817937479313109117
0.9986578612529066756 -0.04295071994352593625 -0.02894325161593121198 60.15917993621538074 0.04360090610949567125 0.998801892235672728 0.02222028471623445703 60.14026119867388331 0.02795419725553292128 -0.02345241400735504148 0.9993340518230260372 -1.821263989797656135
0.9987987901864371354 -0.04046069907701706908 -0.02763889564198489593 60.67184083137154715 0.04110218818983349398 0.9988890448428402458 0.0230496468295227977 60.69627348075626827 0.02667558524413238957 -0.02415797845758805434 0.9993521927872703881 -1.815871629412773469
0.9990323669719611832 -0.03473420065600511114 -0.02697897416858375738 61.13091128799945295 0.0353825127808800044 0.9990871442831122939 0.02393649760358350018 61.16139190447791663 0.02612293114701332367 -0.02486791975626167009 0.9993493778630596625 -1.81588600947954415
0.9990912483497965679 -0.03303294949077462822 -0.02693513910832699351 61.59946695690872787 0.03373682246672225077 0.9990896227377006333 0.02611039156519585208 61.67991915158950889 0.02604811472436841316 -0.02699536970998764676 0.999296125146859171 -1.781731767195110061
0.9993709429879336081 -0.02303895073297052357 -0.02696154781410123671 62.10753829247398272 0.02379564617357779119 0.9993221360434089151 0.02808977815541338977 62.15809665904943415 0.026296112537601498 -0.02871367553557370098 0.9992417321662699914 -1.821309953742922705
0.999531747627430911 -0.01453495842467792017 -0.02692620412250091785 62.54218109130385272 0.01536180072810550828 0.9994087521453444145 0.03075973364116669703 62.66575859878582833 0.02646319261245094062 -0.03115896530500378639 0.9991640597608972829 -1.80433058025829407
0.999653727505026013 -0.007620464319994561635 -0.0251863774460502482 62.97127032962610116 0.00833100726715656735 0.9995667952307412119 0.02822793279820385096 63.17466735522755528 0.02496035663250433662 -0.02842798613502226651 0.9992841588862925173 -1.816997543729585995
0.9996508872760395681 0.002599530826025328069 -0.02629345940935472886 63.3511984713112426 -0.001938496364707303909 0.999682187505310238 0.02513496004456299004 63.65956679721093536 0.02635044212287257492 -0.02507521533471458383 0.9993382249147917396 -1.811474652744936353
0.9994604861847511401 0.01393127360264000657 -0.0297431701597077533 63.78539035798853973 -0.01322105045821710123 0.9996258954069768832 0.02394312127900073348 64.04478157842287089 0.03006560127657887521 -0.02353696768082171736 0.9992707694975720978 -1.823650067962492072
0.9990450582484353692 0.02985097262978521696 -0.03190440443631994971 64.24802035658433397 -0.02901818523197397665 0.9992340305823018687 0.02625446727873638128 64.40998030234260341 0.03266368802237901159 -0.02530358787411788463 0.9991460413400402585 -1.824380738349347109
0.9984322717987837992 0.04690858522086184534 -0.03053822626310545574 64.71780644648315217 -0.04611696085965418662 0.9985942224305366377 0.02613053480931965336 64.80075452013727499 0.03172104272858327495 -0.0246812390476872888 0.9991919794950729905 -1.833248214267616527
0.9975814798437658837 0.06346673448731980638 -0.02834016030720485496 65.1577484865021006 -0.06267980961969570053 0.9976452386821871299 0.02784275849840577716 65.2033636762160711 0.03004051495498573018 -0.02599906437312495683 0.9992104963985123378 -1.804195499787381696
0.9963072731645139513 0.08176382965657463808 -0.0262010228689896936 65.65184781992616081 -0.08099505353190293577 0.996287522108219914 0.02917146884932914422 65.6594747470480371 0.02848892316067515654 -0.02694159333361425754 0.9992309701994785964 -1.804566828680159496
0.9944293216169526328 0.1028341073205833595 -0.02314023941159961198 66.14030778171223801 -0.1021188344425953826 0.994313034977236887 0.03022138525021303423 66.01440329534449347 0.0261164308536446059 -0.0276899773552587436 0.999275336027829697 -1.794196920141801765
0.9920633504808485936 0.1237690145825891125 -0.02217069376378974152 66.56096850700348 -0.1230855274900962693 0.9919448628419871294 0.02992226602174493863 66.36045487183018565 0.02569555516422356717 -0.02695589194677409581 0.999306318570114982 -1.795575811107701369
0.989513010843815044 0.1427563896731136595 -0.02201396325757891403 66.93877814944282534 -0.1420883224512524134 0.9894170689148360509 0.02940701213934332828 66.61642784680424256 0.02597902988559872006 -0.02597069401214932571 0.9993250787700319604 -1.76836393005048631
0.9863009751541924608 0.1637842540820062254 -0.01962408022531980309 67.38551982307514265 -0.1631971725398135842 0.9861814777291812995 0.02850922410200920284 66.93691863605522485 0.02402226643968622538 -0.0249160811262344184 0.9994008803360199256 -1.779844108503274569
0.9816654185199992222 0.1898048660883011052 -0.01752480787788833483 67.68496902133944104 -0.1892975004630817748 0.9815452264946972205 0.02711871427451932257 67.21563588278618795 0.02234865544913999802 -0.02330410167064030438 0.9994785922894697805 -1.80247480487733891
0.976886206458704498 0.21314797931434315 -0.01616411287184311291 68.07470392849666041 -0.2126111054953168933 0.9766832853949348747 0.02977041904668817698 67.40638134649141477 0.02213272352830910131 -0.02564564182017153512 0.9994260570971975621 -1.786409781616145498
0.9712134782821013612 0.2373727431991461412 -0.01996397729147570549 68.54217179477242894 -0.2365984514505877767 0.9709805654597127855 0.0348986284933995583 67.73472973581885981 0.02766861713866808001 -0.02917057225439158644 0.9991914357819452475 -1.78776358067339336
0.9646898041288771708 0.2625996379786527113 -0.02037184192137019706 69.00629927816919462 -0.2615981547695957476 0.9642649144782990955 0.04194734946693519373 68.01513066970012744 0.03065921119225666069 -0.03513694408509494133 0.9989121122147981424 -1.795834538848520401
0.9563993027398398628 0.2913504433454122133 -0.02037873600545003772 69.44245646455783572 -0.2902590972189185714 0.955919462821023691 0.0443580554310469069 68.18898287837232886 0.03240416949107714079 -0.03650889976974382861 0.9988078243772404718 -1.830954705561100626
0.9491811630138855538 0.3142389353537559105 -0.01757871688564128371 69.78838197837823998 -0.3133207943570423537 0.9487354113841991454 0.04160767968928660854 68.37115534987133003 0.02975230416420676996 -0.0339854482593996074 0.9989793740130614719 -1.802985609176183557
0.9394591208956013517 0.3422341969794822636 -0.01709720982712655338 70.19384796929659842 -0.341328489432198956 0.9390362223400198216 0.04130176068060623096 68.54435207482599424 0.03018977422898561774 -0.03296555097664437967 0.9990004254157298647 -1.783437170800499016
0.9283585120519278755 0.3713535672403903698 -0.01571627177696081207 70.61929834688675101 -0.3703159719059392341 0.9277365309038213548 0.04659410024780491488 68.71815647874164767 0.03188344479647797075 -0.03743604311862741563 0.9987902625794518041 -1.792248336245368945
0.916455554925368121 0.3998527139851011381 -0.01506728128046125673 71.08916418696884421 -0.3985918263433929631 0.9155757450358289473 0.05334426936724577517 68.8933368920047684 0.03512508816606822043 -0.04288195682143888104 0.9984625010287017099 -1.805122429627917136
0.9044612336132533681 0.4263593913289503434 -0.0129439683404585365 71.45096232887968313 -0.4249010573807226465 0.9032079091399746185 0.06061818459620082339 69.01986083604025168 0.03753622686866172481 -0.04932689218471227738 0.9980770959098611561 -1.806926398251724519
0.8889549508552899715 0.4579276591640121241 -0.007832900001752402322 71.92410933017175978 -0.4566150688608273667 0.8874740588240083161 0.06238969308838251959 69.14265885675831669 0.0355214616688419374 -0.05188500637957955963 0.9980211279696937776 -1.804821349995675117
0.8723792168650299494 0.4888123559032738208 -0.004121006945891644499 72.28596305910095055 -0.4874804406156906245 0.8705662693050072454 0.06691181334782123069 69.29813893915779488 0.03629493076297354154 -0.05636356504562776287 0.9977503828795347696 -1.797902274478453188
0.8522656908236996287 0.523109158997241086 -4.242792765364284486e-06 72.66760680782503812 -0.5218313948623274356 0.8501844842989392248 0.06984509999552150628 69.35767260555412861 0.03654021867531465767 -0.05952436837586665141 0.9975578489434155927 -1.800679199722231782
0.8299282331285737779 0.5578675245497780599 0.001718402975582123933 73.12084195891027605 -0.5562132311193622725 0.8272220923285809047 0.07956413445317964128 69.4839984901562957 0.04296474582541633808 -0.06698831999854532038 0.9968282678575732803 -1.798213087676135302
0.8027786617923641233 0.5962626735817331269 0.004152621343776042792 73.53923794899323241 -0.5943039732301377276 0.7995366651569952854 0.08685567610986960618 69.56769741956441067 0.04846862463215744626 -0.07219380280047850429 0.9962122501071107861 -1.802274132040945887
0.7733487729456276494 0.6339145340656929806 0.009167272427906434859 73.97273858799181312 -0.6321188436134339561 0.7698894573024505084 0.08772679797731840201 69.60638660221552243 0.04855350587040237198 -0.07363821721642567486 0.9961023893319799205 -1.829270616824667739
0.7400417655847706389 0.6723945647470306319 0.01495775681131842998 74.38957775312306353 -0.6710767794881939974 0.7367494200304185448 0.08280246443552047309 69.58884418707587827 0.04465580837840837924 -0.07131508524493991585 0.9964537206486699938 -1.805393162782142236
0.7055253436299601111 0.7084370488799359711 0.01873331978358150698 74.75947846738343117 -0.707485757059450715 0.7025486716136776222 0.07674156352246737367 69.58927018809224307 0.04120549785941951537 -0.06739667490421315243 0.9968750148127965005 -1.850333841471458518
0.6671990057842647204 0.7446057390134114273 0.02019356602436379877 75.25806003434773572 -0.7435281195906560114 0.6641114960132438183 0.07824229189533420115 69.54796606816381654 0.04484888023654590161 -0.06721766353677419148 0.9967298348349893367 -1.858094603626382568
0.6297950632389608394 0.7764593592269222189 0.02165737261882709139 75.63779390332318542 -0.7752303290447714046 0.6265596614164531397 0.08025538994257672143 69.4734851218893823 0.04874541259409763405 -0.06733390048569112829 0.9965390261281362738 -1.842882083610064115
0.5914711824104533777 0.8059113508078594723 0.0258599113886981459 76.00919005361251379 -0.8046731813462795202 0.587902533424554341 0.08289561155482315369 69.41612090770385635 0.05160340686464102294 -0.06983914254944550981 0.9962226571243602002 -1.847654117685207487
0.5512665664656309916 0.8336609039815046085 0.03338667204042001374 76.47629369601854421 -0.8328135267126173247 0.5474134603990248316 0.08222002857247022456 69.29676364339015038 0.05026730967225697538 -0.07313002493303147333 0.9960548162785055615 -1.851670124494166014
0.514965490613230048 0.8562800742733345238 0.03993717416052732644 76.85165835522126088 -0.8556287352169735794 0.51062748859008944 0.08461108300441684549 69.16097693340680053 0.05205776549639423711 -0.07774318168579823218 0.9956133721243862755 -1.870738760438373394
0.4759058291582689559 0.8784139788229105017 0.04361792729696992166 77.22297510157417832 -0.8779006067808698965 0.4714717850366903495 0.08369516430533666118 69.03182606364880769 0.05295438024338501581 -0.0781232214058025648 0.995536335796046612 -1.863317412692854003
0.4385765313483703798 0.8977037836772434609 0.04217277465371096351 77.55485736600745383 -0.8970315055842686958 0.4344301008092070759 0.08127093884115119127 68.85755171288462861 0.05463610655648764441 -0.07347383399866207199 0.9957994233669172912 -1.860252939076638024
0.4032148381936817572 0.9142700966451422495 0.03908944411123228824 77.93436016731914151 -0.9133301264569848588 0.3994059272140958461 0.07939134343438356001 68.76598886002483368 0.05697257556501122977 -0.06771333463011902642 0.9960768192999767123 -1.874586040587025826
0.3677405913387502001 0.9291513561761107765 0.03800808858546431135 78.32892308046619689 -0.9280620247247032273 0.3641076419395904984 0.07827198314259982415 68.60943224182996403 0.05888748377805582551 -0.06405764901465824113 0.9962072484463281308 -1.877326277232315155
0.3320604194480784588 0.9424220340128711682 0.03970626704953243713 78.71598760608192435 -0.9411516259710240861 0.32821350711327274 0.0806815386597405787 68.42982557339915672 0.06300392660829759461 -0.0641607633639769831 0.995948744502691552 -1.888409806248669387
0.3019999562865525178 0.9525741578969894041 0.03739652537017296163 79.08387763546390659 -0.9510719775564938638 0.2983745297327971557 0.08021679072059849369 68.24367882751539582 0.06525427119890715721 -0.05979225462862026302 0.9960756830566268594 -1.879732631733740167
