1 0 0 -0 0 1 0 0 0 0 1 -0
0.9999999966096193571 3.776220452941855002e-05 7.317634261049004623e-05 -0.000818067813116238416 -3.778923040478701938e-05 0.9999999310729019708 0.0003693591279206313751 -0.00268240460682366965 -7.316238975172544305e-05 -0.0003693618919460340839 0.9999999291095262866 0.001566675941793756709
0.9999991637138653244 0.00103952177522998292 0.000769393299114072538 0.001032367520129471791 -0.001039299290122696739 0.9999994180194666793 -0.0002895128898096202617 -0.0301275838736494786 -0.0007696938062953284686 0.00028871301778437945 0.9999996621080619041 -0.01101023054699605541
0.9999999522172369204 0.0001509502039428168001 0.0002697768705953583913 -0.0184404337089215907 -0.0001508740435898890285 0.9999999487699623435 -0.0002823067402348727645 -0.01274234445565628968 -0.0002698194710346882774 0.0002822660244181464709 0.9999999237616693515 -0.0007615529254983532774
0.9999995599690923997 -0.000931262418589715057 -0.0001131897928720312577 -0.007985411744703690626 0.0009312736061448549435 0.9999995614813085298 9.882641943825475029e-05 -0.03770500957090508476 0.0001130977099058005312 -9.893178661816729651e-05 0.9999999887107047236 0.007230175310817417086
0.9999993876544533977 0.0004519814255409960037 0.00101015024084338237 0.02023378342549460307 -0.0004511318968551438218 0.9999995445471779876 -0.0008410620953776612322 0.03781779252306810557 -0.00101052992521245724 0.000840605869362754006 0.9999991361051481231 0.01636894480318003275
0.9999997438580247033 0.000592028046231373741 0.0004022271466594678916 0.01509262035492665681 -0.0005921951715597978394 0.9999997383289956909 0.0004155079048124591876 0.03556341798457232639 -0.0004019810490752223327 -0.0004157459953575505843 0.9999998327832377853 0.02467014664167145252
0.9999997046360979969 0.0007683455878193518182 1.930736676814486015e-05 0.01666966502160723354 -0.0007683435934203514854 0.9999996995099040831 -0.000103093277632206989 0.01317828639579112296 -1.938657223148345399e-05 0.000103078412490610521 0.9999999944995008327 0.0002276828670492055649
0.9999997237273282602 0.0001714145258688288111 0.0007232996111923441869 0.007100790240451524196 -0.0001708807343571289974 0.9999997130835327486 -0.0007379922945452745955 0.01194739379747738334 -0.0007234259062650437834 0.0007378684926894464547 0.99999946610238033 -0.007928637499717238607
0.9999998421313226471 -0.0005554049213088959377 8.522149466051138025e-05 -0.008251274741576254679 0.0005553692434784642798 0.9999997583776828458 0.0004181023551043845936 -0.03140185644148701244 -8.545369017468305319e-05 -0.0004180549597021111351 0.9999999089638546002 0.0005831711232488138823
0.999999839941860591 6.684760440159145717e-05 0.0005618252850846368416 -0.01916690010923974286 -6.661653097610450232e-05 0.99999991319760273 -0.0004112991914576597375 -0.04396278717876281328 -0.0005618527306824937315 0.0004112616987743731678 0.9999997575926327098 0.002550382460271797148
0.9999999562036576695 0.0002615619355115696306 0.0001384847887675716817 -0.01058547672348587355 -0.0002616034070783717258 0.9999999209217534935 0.0002995332106086559423 -0.02355012725342950017 -0.0001384064313301415689 -0.000299569425582757367 0.9999999455509080981 0.01241011724182398968
0.9999996907434658411 0.0005569999526661978525 -0.000555215296442763853 -0.01265982455820855411 -0.0005567924054743276889 0.9999997750910777361 0.0003738983969382776067 -0.01887224418627149111 0.0005554234329592915584 -0.0003735891416472850103 0.9999997759679565279 -0.01099739534212371486
0.9999999719115060248 5.863683847754208291e-05 0.000229649098582205397 0.0001382283141420305092 -5.861221515975050401e-05 0.9999999925335162354 -0.0001072267493189645222 -0.0008951669735829522953 -0.0002296553843051104356 0.0001072132860647577836 0.99999996788185741 -0.0001010823074906604623
0.999999930805129833 0.0001310652265501849767 0.0003481546236760620625 -0.01538261176218146467 -0.0001309443627115051436 0.9999999311682288283 -0.0003471557454138649436 0.01543796860954527866 -0.0003482000997583853158 0.0003471101325071440668 0.9999998791356159433 0.00372215995519371845
0.9999998695780363267 -7.87709421052681534e-05 0.0005046177255715618816 -0.02867502743671324419 7.886771175064593133e-05 0.9999999785056812307 -0.0001917511960419768019 -0.02452634296276320208 -0.0005046026103027854591 0.0001917909690787345 0.9999998542962043047 0.02030753036610481385
0.9999999768239234976 -5.519421876469165822e-05 0.0002081003379834295091 -0.006172620055861519593 5.519661667908003217e-05 0.9999999984103443706 -1.151715036709374927e-05 -0.0372225955367565392 -0.0002080997019725038888 1.152863653477301138e-05 0.9999999782808020043 0.0006699549474037908925
0.9999999306016061906 8.363573986104748978e-05 0.0003630452394152126894 -0.01083091598187312793 -8.355782101108240182e-05 0.9999999734748260538 -0.0002146355930214787595 -0.02826106882900488934 -0.0003630631809920055659 0.0002146052428569654772 0.9999999110648541967 0.01499076667488577312
0.9999999468613913756 0.0003259926324486982219 -2.453172067038718376e-06 -0.0005206463080327006264 -0.0003259917448435710203 0.9999998843778555857 0.000353516135174214549 -0.01728157731212355552 2.568415438870479813e-06 -0.0003535153166750168224 0.9999999375101601418 -0.005989994947858336312
0.9999998887403163117 -0.0002343573377086859187 0.0004093848964081550569 -0.007138648067880788706 0.0002343169180821282895 0.9999999676692683526 9.877775171401998973e-05 -0.01433788599365035631 -0.0004094080324633507951 -9.868181491683427546e-05 0.9999999113234773196 -0.004473173288251837756
0.9999998263898020046 -0.0005573475934948293742 -0.0001912695111178968276 0.006060614574227322568 0.0005572540595875647828 0.9999997253094853322 -0.0004887216661280388086 -0.01512902119360453289 0.0001915418464224869649 0.000488614995569425681 0.9999998622835440942 0.0152905400887006146
0.9999998924505886233 -0.0004263447384662231174 0.0001825622503264196861 0.02632423830160066786 0.0004262987214120860782 0.9999998773758800308 0.0002520270322907525824 0.004487470803739627284 -0.000182669678339069454 -0.000251949179131489274 0.9999999515766987424 -0.01175364173020218908
0.9999994276824130113 -0.0008267715363948832793 -0.0006790314227044578869 0.01688469539848590911 0.0008269303702705903649 0.9999996307933536333 0.0002336649721307307228 0.004440497776767114019 0.0006788379844535367622 -0.0002342263501059499583 0.9999997421584706503 -0.007364012231958224838
0.9999992222300483347 0.00123118078406505454 0.0001993318221465356036 -0.003169283842527952089 -0.001231278502130268935 0.9999991215094529151 0.0004908498473669878999 -0.05314239503941894233 -0.0001987273221354880944 -0.0004910948985861198716 0.9999998596666161976 -0.01063939420592256019
0.9999997249131560295 0.0001313991930183142293 0.0007300053865226817417 -0.01046101720890737358 -0.0001314597923538766598 0.9999999879175813788 8.296481291054499051e-05 0.007385533142009743923 -0.0007299944761929844355 -8.306075644455630682e-05 0.9999997301044513121 -0.002036663661756718188
0.9999990052822809172 -0.001299781602701246619 0.0005477245969261146331 -0.00273920304456200768 0.001299891408134921543 0.9999991351073058699 -0.000200167348495347905 -0.03315129235270244945 -0.0005474639493660806355 0.0002008791318828970988 0.9999998299653848344 0.003564003276344236606
0.9999998363898781051 -0.0005703205935379544907 -4.421128240597718478e-05 -0.002179376611076125694 0.0005702934941486802363 0.9999996509907466136 -0.0006105601653415288887 -0.0208975629649828451 4.455948201174568047e-05 0.0006105348520409797962 0.999999812630805951 0.009479001042909707825
0.999999604939824871 0.0008814677275268659358 0.0001146073272920802876 0.00207358840825125389 -0.0008814549845156521022 0.9999996053367069537 -0.0001111914597459198007 0.003212233896787680676 -0.0001147052937441100706 0.0001110903946187065221 0.999999987250809852 0.00682495643459931408
0.999999983389701308 2.289109539454462451e-05 0.0001808219979766624997 0.002434831055109985733 -2.284904013495197631e-05 0.9999999726929604815 -0.0002325768685371603142 0.007772988990607684195 -0.0001808273169782310117 0.0002325727330649017858 0.9999999566057017342 0.007388913747752249433
0.9999998361534705449 0.0004553204461363930173 0.0003469529121186885564 0.0198692982311659723 -0.0004552729339275680943 0.9999998869776683952 -0.0001370080511332006333 0.02624284932780232213 -0.0003470152554722437258 0.0001368500704146312851 0.9999999304262329192 -0.00136346415941246391
0.9999998608686853085 -0.0005231472265639178654 6.767266303356449253e-05 0.005041014943883037613 0.0005231220088182172035 0.9999997939329592356 0.0003721255205266821471 0.003955592866727810145 -6.786732552242435664e-05 -0.0003720900676929468935 0.9999999284715013204 -0.003744814922049228157
0.9999999132633043963 8.1234170862636758e-05 0.0004085026230440077567 -0.03292924353732130244 -8.099977335823633834e-05 0.9999998321073999552 -0.0005737806275360574863 -0.01046214296260890471 -0.0004085491650529824792 0.0005737474891483339192 0.9999997519506683696 0.009552573281927011217
0.9999999196401302415 -0.0003191986996685494725 0.0002425529285320183006 -0.01036095745759506304 0.0003191756437555879461 0.9999999445425938882 9.5087946729930216e-05 0.002176986890189398435 -0.0002425832670296062361 -9.501052210158185732e-05 0.999999966063179091 0.009180410012317868906
0.99999994393296332 -0.000328300810126066231 -6.597460481876660514e-05 0.01381897840397315613 0.000328307657120797459 0.9999999407200000912 0.0001037982598036377889 0.005673657234798051147 6.594052385503695413e-05 -0.0001038199139518965891 0.9999999924366363979 2.664504077366254605e-05
0.9999999003725156266 0.0003270786152189944702 0.0003037672434322330104 0.02150548028028763034 -0.0003269617894218928341 0.9999998726048244801 -0.0003845599081479218555 -0.009750020694321036296 -0.0003038929860559903828 0.0003844605495536951279 0.9999998799195621846 0.008678653642007325489
0.999999932716105211 -1.528875169928280045e-06 -0.0003668316339991231374 0.03717043730806222912 1.603588316204299219e-06 0.9999999792577179969 0.000203671284515333814 0.01304028529088573432 0.0003668313150022282118 -0.0002036718590584587769 0.9999999119762762456 -0.009420173532359903124
0.9999995590883449248 0.0008848720149268563895 0.0003143638542711610926 0.007802562900420261655 -0.0008848203948931243059 0.9999995950481407325 -0.0001643058833974535835 0.03404652793900075219 -0.0003145091166470539209 0.0001640276554033716502 0.9999999370894698814 0.01285304605757626832
0.9999995556005506492 0.000856064594662784748 0.0003949077245163024269 0.007356245463924758823 -0.0008560372677642473288 0.9999996311944847616 -6.936202556218311192e-05 0.03436392495354046589 -0.0003949669572464562677 6.902393900820731046e-05 0.9999999196183960715 5.168427237765618461e-05
0.9999999633680248801 0.0001412255193977463334 0.0002309097256673268278 0.02368869303616830124 -0.0001412152909801337689 0.9999999890473494357 -4.431187892485356213e-05 0.04902116180461547901 -0.0002309159811063744947 4.427926931749782849e-05 0.9999999723585776268 0.007289318399463195521
0.9999999644846304658 6.750356704962495497e-05 0.0002578255343843086599 -0.0008830721204041170605 -6.743018488782821546e-05 0.9999999572230124922 -0.0002846175385451584221 0.01298454043400295958 -0.0002578447360544148127 0.0002846001432134008069 0.999999926259422578 0.0150577513210563077
0.9999998954393817252 0.0001118360338411021664 0.000443411690294747416 -0.02252415706318640701 -0.000111898851351671308 0.999999983707483997 0.000141646316041692022 -0.02955377195929885861 -0.0004433958419082543946 -0.0001416959184899063424 0.999999891661191076 0.007289633734059327436
0.9999999692867852508 -0.0002466931906004276708 -2.38515895373845429e-05 -0.03526951294085695077 0.0002466948199928336097 0.9999999672359966008 6.833499592187841339e-05 -0.07193270781573009309 2.383473097776114198e-05 -6.834087788667016434e-05 0.9999999973807149889 -0.0138893169717508036
0.999999901474025954 -0.0004031178713744014365 0.0001858707084515224704 -0.0004459955039356477426 0.000403160038073042883 0.999999892994003825 -0.0002268787443850354014 0.01034766197381712348 -0.0001857792296857803892 0.0002269536576734535729 0.9999999569890566375 0.0087622178826950569
0.9999999077427621508 -0.00042804774782688595 -3.591089987032929347e-05 -0.009474446977462566699 0.0004280411521636142726 0.9999998915589298765 -0.000183474522612480322 0.01517239124084248172 3.598943183229957096e-05 0.0001834591343426721522 0.9999999825237532169 0.008458988127983044919
0.9999998248982647775 0.0005577534200887267419 -0.0001977740179428474378 0.007195782920380758112 -0.000557721975450254921 0.999999831830630681 0.0001590122900620299657 0.03118523727455293354 0.0001978626743319587182 -0.0001589019593026912407 0.9999999678002642334 -0.003116176173277295739
0.9999999214456934959 -0.0003819821377593078703 -0.0001058217993976111104 0.004219583021767430581 0.0003820032036843129682 0.9999999072121520394 0.0001991211681279101602 0.01724032571953896392 0.0001057457288491616592 -0.0001991615767524732537 0.9999999745762532255 -0.006411560858436300518
0.9999997013147405855 0.0007088851405224132858 0.0003079809850462298759 -0.002426445740611550116 -0.0007088181523801573769 0.9999997251217357386 -0.0002175621285891149437 -0.03188247810646664682 -0.0003081351269490508978 0.0002173437610937220587 0.9999999289072140085 -0.01439410155890077057
0.9999997458847001974 -0.0005871091672540720754 -0.0004043925825098739412 0.006382727573818864318 0.0005872826142058267754 0.9999997355623911899 0.0004289222293540551545 -0.01437814186600916595 0.0004041406514004070743 -0.0004291596130913445943 0.9999998262461651244 -0.00068818728656137721
0.9999999785924467144 0.0002009274240591659246 -4.942950969961457715e-05 0.004079095304759482003 -0.0002009298207206299664 0.9999999786381444933 -4.848626355265219862e-05 0.006353240343129085491 4.941976642368592533e-05 4.84961943771866058e-05 0.9999999976029029236 0.006789038079356227162
0.9999997763881485202 -0.0006657345568718023255 6.341255965291806571e-05 0.01653819321642956836 0.0006657303166739727543 0.9999997761661170159 6.686449954829906401e-05 0.03102836538170252942 -6.34570594670263679e-05 -6.68222689331757013e-05 0.9999999957539930096 0.004555077365785044005
0.9999999426002859071 -0.0002995263478351361738 0.000158377371659517254 -0.01649448220479713539 0.0002995097685833129821 0.9999999496663944942 0.0001046953057535822423 -0.004105665244996330177 -0.0001584087226903939296 -0.0001046478641741474189 0.9999999819777504184 -0.007569785371913159006
0.9999999575484037617 -0.0002643436850524682569 0.0001225789816264617608 -0.001946049425443096594 0.0002643583507157391843 0.9999999579002505357 -0.0001196417969065878128 0.01149491084709731124 -0.0001225473499124042046 0.0001196741966050510935 0.9999999853301166919 0.006084799920011057031
0.9999999559865854204 -0.0002446006886051806713 0.0001679206074802200765 -0.001108244988921333694 0.0002446312752195818618 0.9999999534879305818 -0.0001821528916798579483 -0.00186067715065805963 -0.0001678760449471450626 0.0001821939622950341931 0.9999999693114963728 0.009022346407535571794
0.9999998834116835544 -0.0003708949631823857678 0.0003092144006578452097 0.01127569040958610082 0.0003709603904882791212 0.9999999088150465232 -0.0002115615448001916974 -0.02256745254852629209 -0.0003091359053507651013 0.000211676226429414441 0.9999999298140811455 0.0006147081756258342394
0.9999994326472583239 -0.00106509414461891487 -1.672197891708225687e-05 0.03062288205837062141 0.001065090477062380792 0.9999994090674280134 -0.0002178234844197544093 -0.03503688069829043877 1.695397155333938519e-05 0.0002178055504165008491 0.9999999761366522577 -0.008268438578108362746
0.999999961238941526 4.725251410109166137e-05 -0.0002743889856247276431 0.02371479631383593967 -4.715619546487838728e-05 0.999999937278732931 0.0003510253887009952539 0.002912347726489603744 0.0002744055552468262996 -0.0003510124359542447564 0.9999999007459255962 -0.003772024907642037173
0.9999997835297442794 0.0003250863911887350347 0.0005720658204434346181 -0.001329218701461182175 -0.0003249184047616066051 0.9999999040791092142 -0.0002937172152290760778 0.02877245762482795455 -0.0005721612490399083373 0.0002935312769342227654 0.9999997932354258712 -0.005081850872934198619
0.9999998190592718217 0.0006010407417053534448 2.512867701847063684e-05 -0.03214683983674942319 -0.0006010420886643802908 0.999999817936135349 5.36293189251948175e-05 -0.003219416287140922268 -2.509643903782413682e-05 -5.364441261398664851e-05 0.9999999982462228765 -0.003041005277118061408
0.9999995917543140767 0.0009028650768307984334 3.641233621734592561e-05 -0.02334418425623340995 -0.0009028586520150316819 0.9999995769212605135 -0.0001760782625859916642 -0.008583510407586732519 -3.657129572613832636e-05 0.0001760453155100067107 0.9999999838352934267 -0.009219330422908997291
0.9999997211470910141 0.0007248724185041259885 0.0001796266045365645027 -0.02572082671064256781 -0.0007248508753567040877 0.9999997300992830018 -0.0001199690361345008712 0.02422081209827872672 -0.0001797135183005882852 0.0001198388001792433951 0.9999999766708563831 -0.009999331221964204153
0.999999899794907221 0.000316201955879387962 0.000316901401822268676 -0.02040957793979291876 -0.0003161305473849677808 0.9999999246375672612 -0.0002253582411706052618 0.02519542751567036692 -0.0003169726366564629009 0.00022525803637490411 0.9999999243935794313 0.009682120752256580601
0.9999998696151255473 0.0002002791089810933398 0.0004697424936671668679 -0.01392395382704316245 -0.0002002103470660249087 0.9999999692378257476 -0.000146424603596349395 0.008002578766284639683 -0.0004697718050060165572 0.0001463305371970784229 0.9999998789509051411 0.01211584339488124863
0.9999998331211391589 0.0005750417151281909164 -5.554025376672821899e-05 -0.01323152018026548492 -0.0005750583907879478276 0.9999997894446391866 -0.0003006967316514005798 0.01034563727851364572 5.536732890812000546e-05 0.0003007286203604290402 0.9999999532483767606 -0.003001411260196159593
0.9999999082791765082 0.0003124610374884709209 -0.0002929329932300757475 0.0153165433101780709 -0.000312321988350457581 0.9999998386026986985 0.0004746046273133826612 -0.01912535819745806581 0.000293081241405723314 -0.000474513094367359496 0.9999998444703425138 -0.01883898277601632476
0.9999999502527762152 0.0001462224754274352916 0.0002794878043068271161 0.02236684521595684941 -0.0001461256045103436255 0.9999999292611330137 -0.000346590589308983421 -0.006911848801885878829 -0.0002795384638701172504 0.0003465497317426964163 0.9999999008807604062 -0.004438879524059481316
0.9999999825247314345 0.0001832539888104697313 3.69934119680644761e-05 0.03283411028815814287 -0.0001832546289327236541 0.9999999830592074535 1.730103456713006504e-05 0.02083621725485192838 -3.699024085777850862e-05 -1.730781347875863372e-05 0.999999999166080844 -0.01067876825708038817
0.9999999524658360617 -0.0002791719625838398806 -0.0001308867488059632601 0.01026632650711871431 0.0002791528221111363962 0.9999999503448964155 -0.0001462323715641790204 0.003928574525354221712 0.0001309275662849365609 0.0001461958272078344085 0.99999998074237606 0.005979811743766710354
0.9999999215861519186 -0.0003625599428383432426 0.0001593046696784262972 -0.004615318934917508192 0.0003625336682176483758 0.9999999206835358256 0.0001649310809975657749 -0.01188377558981662703 -0.0001593644544462512202 -0.000164873314758413349 0.9999999737098800301 0.007700847990336328816
0.9999997356866828779 0.0001052779789892482041 0.0007194046923867807074 -0.004403657435150905818 -0.0001049117094866527765 0.9999998648812352675 -0.0005091473699990931544 -0.03962475459268197109 -0.0007194581971878333043 0.0005090717614485650543 0.9999996116128466728 0.01040983103218367199
0.9999995779708329424 0.000773396277278035906 0.0004958995406390089879 0.01460183173667618274 -0.0007731572675456055812 0.9999995849601356346 -0.0004819827757075013735 -0.0115660523296948984 -0.000496272098505363881 0.0004815991639629061132 0.9999997608880961675 0.01234398628934036367
0.9999999615165738875 0.0002281133323517348674 0.000157896036957067351 0.03607452141556800884 -0.0002280875571949734018 0.9999999606643708017 -0.0001632400780367187858 0.01753263027111982147 -0.0001579332679842672307 0.0001632040576333543519 0.999999974210758924 0.004692904346746640427
0.9999994467046088298 -0.000985731872648697334 0.0003673188689359529178 0.02182698261043084995 0.00098570419635525563 0.9999995113418491677 7.552019637907633927e-05 0.02289926657841406463 -0.0003673931321071957179 -7.515808684357685933e-05 0.9999999296867717602 -0.008280008341851104875
0.999999739444233926 1.481813707247598197e-05 -0.0007217284025085754463 0.03013824007938762164 -1.480390978073043055e-05 0.9999999996960194926 1.971814388025036185e-05 0.008354475287750722651 0.0007217286944753430493 -1.970745434041580737e-05 0.9999997393596199435 0.001516109839593637312
0.9999994662932770728 0.0006907904906106882969 0.0007682588490286570201 -0.007994232692780978838 -0.0006905271851588274225 0.9999997027812510542 -0.0003429425841306994825 -0.04525228218407255365 -0.0007684955221636746107 0.0003424118974794243672 0.9999996460842998092 0.01224674879050225047
0.9999995445419564977 0.0007405701124063837539 0.0006020562998107405889 -0.008200808458063540626 -0.0007404373802133068418 0.9999997015312750426 -0.0002206577595007431928 -0.0249096187880982825 -0.0006022195326575344827 0.0002202118740109827515 0.9999997944191613142 0.009214849623079538268
0.9999997950727573803 -0.0002064360729961373737 0.0006060021378586330542 0.003276128704898938811 0.0002067074868876471818 0.9999998783522333623 -0.0004478476676183189417 -0.01509713407677644448 -0.0006059096122260262387 0.0004479728410210920015 0.9999997160968974175 0.01119874722177831121
0.9999987427855060451 0.001141793527907064305 -0.001100334016076696736 0.02291472855079399254 -0.001141381004585171558 0.9999992781384284823 0.0003754624139008827695 0.01924226564323945621 0.001100761922342010073 -0.0003742060415194720796 0.9999993241462860061 -0.007802913220335937726
0.9999996508554191976 0.000776461470785588131 0.0003088634393269190149 -0.01256681050398871825 -0.0007764129402186251572 0.9999996862331184122 -0.0001572151742656049218 0.0001812346842735499926 -0.0003089854139412438142 0.0001569753138037192095 0.9999999399433806557 0.01472536027100960696
0.9999997814922632067 -0.0002535399690130097521 0.0006105185583913576731 -0.01841093076322539851 0.0002536193464795271561 0.9999999593960784416 -0.0001299425584559593704 -0.01285720577572410823 -0.0006104855879696727532 0.0001300973693802641668 0.9999998051909917418 -0.0006143908593213690851
0.9999998167856318787 -0.0005816993087288548471 0.0001674951247243508913 0.009816751846805428158 0.0005817811914703885541 0.9999997110906213571 -0.0004892333993392753485 -0.001211345679484154662 -0.0001672104896032199388 0.000489330755217920162 0.9999998662980231767 0.001363678824498477634
0.9999999126922120007 -0.0001393574861635575189 0.0003939480413586074871 -0.01264409913700191568 0.0001393743391261240984 0.9999999893735074252 -4.275252877742228647e-05 -0.01445624736234324241 -0.0003939420792873812838 4.280743129273286975e-05 0.9999999214885778587 -0.01027683053861059431
0.9999995756891069121 0.0007213196619849575157 0.0005729917551559011524 -0.02619486501495705069 -0.0007211598704250494997 0.9999997010352971172 -0.0002790300302722137078 0.002660064448870964448 -0.0005731928536987002023 0.0002786166932168515739 0.9999997969113247898 -0.01739975168698124075
0.9999999486020703099 -0.0002666997144889209515 0.0001779525750058350399 0.0009262880257766824841 0.0002667133072428694036 0.9999999615162153965 -7.636477888199975233e-05 -0.01669200578357061399 -0.0001779322016928078579 7.64122372768525032e-05 0.9999999812506505936 0.0184057905847189382
0.9999999737985675319 8.912467619767587871e-05 -0.0002108545858729058103 0.02723342742102909456 -8.911075827707847592e-05 0.9999999938506017871 6.601567296486305909e-05 0.009866663613898816673 0.0002108604682017453831 -6.599688182315197103e-05 0.9999999755911369581 0.01438186292251027697
0.9999999963530129543 7.372367406020187311e-05 -4.311373278812127835e-05 0.03904266661737025579 -7.372145268294269321e-05 0.9999999959552650086 5.152297850607979822e-05 0.01937748729978392218 4.31175310770114562e-05 -5.151979991116460169e-05 0.9999999977432943998 -0.001366686799048764858
0.9999999897701424834 -8.396215730272032194e-05 0.0001158018614915116165 0.03533161276205621509 8.393933861031896676e-05 0.9999999770646673669 0.0001970402297455812535 0.03078800392253642354 -0.0001158184027583190542 -0.0001970305073982262206 0.9999999738825380291 0.004834604133531552293
0.9999999818632172577 0.0001685135242018716794 8.875109722493832343e-05 0.01090090770397753386 -0.0001684972277260444117 0.9999999689506929856 -0.0001835954721898940846 0.03161118363317937108 -8.878203278931374944e-05 0.0001835805145462280274 0.9999999792079724559 0.007108263833359754549
0.9999998191818743054 0.0005665552262814944635 0.0002016219088951289181 0.01133161159057689653 -0.0005665378777386325228 0.9999998358115176345 -8.609164266985252904e-05 0.003749842101853933466 -0.0002016706514612308387 8.597740065454401322e-05 0.9999999759684171652 0.005208893549705566686
0.9999999931909832052 0.0001163950682819386558 -8.379832329827246754e-06 0.008447782356978081678 -0.0001163977277058812483 0.9999999426440226991 -0.0003180621327598391786 0.00820672202877172248 8.342810985555380358e-06 0.0003180631059875899547 0.9999999493831278619 -0.006208364450123004911
0.9999993884160378599 -0.0008968650720513911658 -0.0006471480455154526856 -0.01794767676674884765 0.0008969654126561197802 0.9999995857484953454 0.0001547768914197853959 -0.002891061807626003725 0.0006470089634455261814 -0.0001553572661744153098 0.9999997786217360574 -0.01315779132881484195
0.9999991737891215093 9.359346884945068772e-05 -0.001282053562449734152 -0.006524684101486598851 -9.289830683128705302e-05 0.9999998486542712728 0.0005422742287439955662 -0.002869799522055350473 0.001282104121742539066 -0.0005421546801059103776 0.9999990311381925512 -0.01846495323540522232
0.999999498936846809 0.0009236461662055960248 -0.0003860101228278673422 0.003775556731899477013 -0.0009238912538256181112 0.9999993714536419276 -0.0006352300939873356837 -0.02282630502003677939 0.0003854231523616713203 0.0006355864070732920087 0.9999997237394182559 0.009937426430738164826
0.9999986097030741927 0.001313569536962351644 -0.001027193745288607551 -0.0494327563036288109 -0.0013140246747731202 0.9999990387486008547 -0.0004425392959696759993 -0.0293793449265036706 0.001026611451759096251 0.0004438884386357159952 0.9999993745157950142 0.01295478995566263537
0.999999885570000413 0.0003247338866435987739 -0.0003512945899033538544 -0.08738326315134931077 -0.0003253147558516073738 0.9999985780370866939 -0.001654718741736324605 -0.03547355737772495132 0.0003507567471271683742 0.001654832833700606342 0.9999985692479749222 0.02199437141624151562
0.999997672928257253 0.001976332483650491533 -0.0008650132856499544078 -0.01976579506095013303 -0.001977448781527299613 0.9999972107925161335 -0.001291550813731407159 -0.02210311976372837661 0.0008624583391209382282 0.001293258327667733262 0.9999987918235256901 0.01315200917120849973
0.9999958469141707607 0.002875787701526272278 0.0001897353578522648955 0.0451548663967795208 -0.002875726738346577778 0.9999958136325893809 -0.0003208005952885824167 0.005012160281699741537 -0.0001906571179569250445 0.0003202536359343872334 0.999999930543733595 0.01627664937182334362
0.9999949103610882295 0.003121816645381292159 -0.0006584168526144966839 0.04206120291999414923 -0.003122071250620253417 0.9999950518174329783 -0.0003860204083995888262 0.02789757283473174101 0.0006572085097113170449 0.0003880740680215503317 0.9999997087377038296 0.01876767839791285142
0.9999904728811034316 0.004360120416995463648 0.0002085592875509132359 0.07759896272430893971 -0.004359987503086242867 0.9999902945079707228 -0.0006335604429252727652 0.07050390969978514999 -0.0002113196632030051145 0.0006326450910322317048 0.9999997775520695908 -0.004846501554139441385
0.9999725331792220784 0.007409427362169258673 -0.0001824096880145588395 0.1081356172012647721 -0.007409497392127999474 0.9999724746888312144 -0.0003862811033200854892 0.06789268668154124775 0.0001795425453547052253 0.0003876220575138943731 0.9999999087568033351 -0.01490659413085601223
0.9999793273543599037 0.006404115696797344805 -0.0005763384977103485447 0.09220133282718584455 -0.006404323826354882919 0.9999794273044820825 -0.0003600057320953735742 0.06964122781569033471 0.0005740211225140723177 0.0003636893481973754944 0.9999997691148777568 0.01505789477725711679
0.999952396475423555 0.009754424368029278314 0.0002366184813660914541 0.1882301896839000954 -0.009754212756326988837 0.9999520396988271775 -0.0008795656083154793818 0.1479715009003166326 -0.0002451867892755033463 0.0008772157108831011739 0.9999995851879314168 -0.01706833393169726945
0.9999094869193102531 0.01343267740398227002 -0.000762329667748364373 0.1698536483898500093 -0.01343319152344599025 0.9999095438977769756 -0.0006733406523963533308 0.1202832094588699718 0.000753215942611387061 0.0006835202266904161824 0.9999994827327879365 0.04508559353627466376
0.9998020965001462868 0.01982595357295502056 -0.001642984733753721305 0.1938081940599725439 -0.01982853135933837843 0.9998021660804023991 -0.001567815380487278584 0.2148045563171945005 0.001611576260699501247 0.001600083078652502237 0.9999974212747237967 0.06372668137661806342
0.9997787751829692038 0.02085220328398598374 -0.002754326023790537332 0.3236800370435616858 -0.02085466300860024449 0.9997821416306053033 -0.0008673565115545699795 0.2842231296926349127 0.002735639676515589855 0.0009246051718109645455 0.9999958306817267051 -0.0001777575051107035747
0.9996506339877532232 0.02607886555219966068 -0.004301481069741202624 0.368738496903839863 -0.0260795167978205393 0.9996598670088711058 -9.536979816197367621e-05 0.1977296960801066816 0.004297530857974660862 0.0002075170270097169444 0.9999907440397677316 -0.01123096880551381974
0.9995321264473363554 0.03042122427920495101 -0.003174478385530365553 0.4333935477237464418 -0.03042901509640878743 0.999533963207261178 -0.002435453848460203321 0.3100072107096340512 0.00309890947405928787 0.002530910614732310125 0.9999919955937306426 -0.001414720843776244141
0.9992064869307711872 0.03944293317066605714 -0.005536379535495340037 0.4657788012881318718 -0.03945585424047824696 0.9992187941653876138 -0.002244315669160993742 0.3939461907347281966 0.005443532090546986633 0.002460977359318510319 0.9999821556151969881 0.01448491001816870107
0.9988651534877288629 0.04755379517176834547 -0.002653622561219115463 0.56048463695050732 -0.04755682849696993286 0.9988679371173464494 -0.001091907618189049464 0.4536586918303855409 0.002598694142391131355 0.001216866343676413975 0.9999958830040531765 -0.01018107947586915918
0.9982875744736006141 0.05819824005073019613 -0.005906226088874021521 0.7154545184199025964 -0.0582082620153300187 0.998303275060191786 -0.001539232682199068907 0.622039123968641694 0.005806624214636335428 0.001880388016565949982 0.9999813734545944799 0.008599741922029426056
0.9975847634904138062 0.06923840814353851569 -0.005539177693835612391 0.8366876604057363886 -0.06924543674570829421 0.9975990615975303122 -0.001087101477841644981 0.7058168409497953544 0.005450609293576134246 0.001468038649284470224 0.9999840677335078976 -0.01930783592603018892
0.9968936096675291569 0.07849381426570631315 -0.006469321916923981286 0.9389848105995076688 -0.0784950853073841659 0.9969144989745237773 5.759306182148039171e-05 0.7947263162390996172 0.006453881516612784523 0.0004503958204588555587 0.9999790720594978755 -0.0194905537108079098
0.9958756588734146709 0.09054795353940782443 -0.005721902941113616789 1.077729199733927556 -0.09054927918356607541 0.9958919757101104553 2.748725784508834522e-05 1.002147280047797073 0.005700886139793415186 0.000490740295859060701 0.9999836294015933547 0.0005950742516277796089
0.9947532516897581445 0.1019897885870880705 -0.008003204146703671654 1.26078046312846781 -0.1019761549291490627 0.9947846383105087842 0.00209456613561110087 1.061142177910373352 0.008175088899756426108 -0.001267440488284534003 0.9999657801725465589 -0.03589797218074156776
0.9937019861531343201 0.1117767123133962676 -0.007894890735425083572 1.472316245339822194 -0.1117587258037301134 0.9937317429356018472 0.002685198111400804565 1.24649324442725562 0.008145546147602628073 -0.001785963767562841415 0.9999652296011988239 -0.02669465369338423419
0.9924580556895017391 0.122474279692063176 -0.005201779592041658878 1.634875027046600815 -0.1224582345411896062 0.992468182205674454 0.00329971247523248596 1.476012442024634996 0.005566730644543171208 -0.002637825482189819215 0.9999810265133317611 0.03475373975822182437
0.9913383068945050836 0.1312670711998673578 -0.004161406270123343271 1.918630938552969623 -0.1312482485348775429 0.9913392566097498637 0.00451392965780642811 1.770595750709694771 0.004717895724057693738 -0.003928654100014973907 0.999981153390852362 0.008185291077620542727
0.9906622762775463276 0.1363108117511541151 -0.002759884115659102296 2.121190120569148796 -0.13629953155268415 0.990659875607226903 0.003930465671214547659 1.843035164315011798 0.003269871420912507688 -0.003517593156572127941 0.9999884671731347208 0.0009528551583511415089
0.9899605468228048766 0.1413258256497741672 -0.002264230267200570586 2.357036194604453794 -0.1413173568698209426 0.9899580019997040736 0.00354385723210547815 1.989069743859282147 0.002742331420697362125 -0.003188303806651658634 0.9999911571295095891 -0.02528547794293335704
0.9896480612645812691 0.1435129551050177699 -0.0008640325691945458094 2.623411973675774167 -0.143509505537276455 0.9896436860302103566 0.003224363655792732673 2.146733713148445855 0.001317822333203877211 -0.003066988353994043806 0.9999944284478461398 -0.02958628395660416882
0.9894938571704778862 0.1445694350488620217 -0.001258996244181403469 2.880187058350664575 -0.144563835599179985 0.9894883153677186405 0.003764463787524668752 2.32430802847829332 0.001789988475733680917 -0.003542908467232546051 0.999992121839392123 -0.01582409298695718405
0.989699642646884703 0.1431593059450492755 -0.000174545010472615061 3.170920568012598029 -0.1431564880283661967 0.9896864833898288971 0.005185029494433350886 2.559920570779101734 0.0009150300613355688388 -0.005106634587052110569 0.9999865424110372381 -0.01986090559778986089
0.9898991299167890778 0.1417319612774679272 -0.003429831253319304708 3.449943661740174417 -0.1416985861164242744 0.9898729272230133436 0.008549774473585887088 2.788257181532968865 0.004606873407225516373 -0.00797741207317417475 0.9999575679067710388 -0.08132714163969863297
0.9903536192333615151 0.1385363544907039224 -0.002717969059436451621 3.737107164858870956 -0.138510993157579948 0.990328784700769349 0.007975146870000433472 3.042218772355957501 0.003796530769383796907 -0.00752174697282843082 0.9999645042083212809 -0.03997265213798241457
0.9906504672413857238 0.1363990824076956598 -0.002634781350116944653 3.995944954798060333 -0.1363754043088632184 0.9906272854212400114 0.007702628028101006323 3.237171818636072285 0.003660717691705631539 -0.007271292683137205171 0.9999668631753243497 0.01804095509330432001
0.9910856448556408793 0.133216164389968944 -0.001642591337848818469 4.299179153350822347 -0.1331967970432552106 0.9910503408548088089 0.008822423079017349332 3.500603709548418596 0.00280318006847246181 -0.00852498896140473951 0.9999597325616225163 -0.04014428184203681915
0.9914828723071054117 0.1301504556795707035 -0.004751084934210069582 4.585816312938008288 -0.1300948972084873534 0.991445267041736078 0.01056409867682229706 3.791825371522697719 0.006085362927968251262 -0.009856030993286605743 0.999932911255097312 -0.07066129272022628194
0.9920081102038238452 0.1259686186588161172 -0.00719836113485973917 4.988752493783207065 -0.1258471192982410225 0.9919303674407804472 0.01538339082038044786 4.111085050392291329 0.009078097497404883157 -0.01435455544376194881 0.9998557570389038363 -0.08807247337237143758
0.9920974343224957526 0.125162559738360768 -0.008775787740273897908 5.338807338296284399 -0.124995560009210277 0.9920025064253411573 0.01752533091912591642 4.319821265043878533 0.01089911871230813713 -0.01628990133740002358 0.9998079057127488012 -0.08262206841565263027
0.9927249556257194962 0.1197257396360445897 -0.01276361024614394019 5.67620258776753861 -0.119438309989437566 0.9926129998435372359 0.02130546053201020501 4.604911581581715652 0.0152201374757401104 -0.0196259983240620571 0.9996915362275522465 -0.09447479646613350657
0.9928926829219907324 0.1184181399710745319 -0.01188546699806764841 5.988939723308043916 -0.1181139313315512501 0.9927178680290326129 0.02367136923157768524 4.829312293335529027 0.01460203497382310187 -0.02209929007192504638 0.9996491394248985252 -0.08546821707644111643
0.9932416266384067605 0.114549301751439403 -0.01869568348441569619 6.435249423238908584 -0.1140640373344211228 0.9931528177029045334 0.025236403780113114 5.177918342071844648 0.02145848316315846632 -0.02293334160210425826 0.9995066759873580953 -0.1010151828726201934
0.9932516195936537118 0.1146133717867962309 -0.01774810362392301513 6.745777781860529565 -0.1141811643159056228 0.9931770563050559275 0.0237064663053767298 5.56327905012779933 0.02034408734861426274 -0.02151998691647893577 0.9995614079550423359 -0.1446377723504203017
0.9935189540107154382 0.1115145643632157457 -0.02201340401519429404 7.179118172734288983 -0.1110168898866453896 0.9935599476478902403 0.02266893446587306404 5.856102213498677322 0.02439955289242841385 -0.0200781564094866076 0.9995006400467414398 -0.1127692288890840555
0.9938156395255950404 0.1074389642466533207 -0.02805964354618117884 7.529648540597256634 -0.1068870722743628099 0.9940601565639102244 0.02048313727799974671 6.144768547634124722 0.03009366071031469025 -0.01735724902571234365 0.9993963665589903345 -0.1102063648509339217
0.9939660181905363157 0.1049993566854536958 -0.03172837496770529453 7.849080526439400352 -0.104352826563867282 0.9943102233103002785 0.02139316266362305263 6.455283745195990797 0.03379411591655968189 -0.0179531310991055508 0.9992675531673969047 -0.1333994073166374916
0.9946001035784725053 0.09957872905643407047 -0.02923543536869238624 8.225504765315388767 -0.09897120934606057352 0.9948570683659404557 0.02154328765311341529 6.701213401814511528 0.03123033272749343309 -0.01853348973700935307 0.9993403704823988765 -0.1390699282031727657
0.9946327262872145525 0.09856537739668126685 -0.03147389675767451461 8.666126763428913193 -0.09770914659164106619 0.9948301011451405884 0.02767657001657819471 7.037032067760008225 0.0340391314635987291 -0.02445273469776238287 0.9991213146034892967 -0.1167880110650744846
0.9948709242951950804 0.09601072175870631331 -0.03183999527946753533 8.966855016815419077 -0.09508960036718701325 0.9950378746704524602 0.0292847378905398692 7.369647343469037715 0.03449365005378390164 -0.0261068818260862083 0.9990638712451200831 -0.1222291402889901929
0.9950053188857604924 0.0940293618704596823 -0.03350961795186850611 9.37349564147651293 -0.09315923749164967127 0.9952945420190728587 0.02664828506711938369 7.659551092510406001 0.03585766109244242078 -0.02339345492393517939 0.9990830668206229781 -0.1144866490294777772
0.9951985685265661852 0.09090262514834054897 -0.03628390750475601195 9.789496879354677716 -0.0901863768907894825 0.9957052723543480255 0.02091478015820278855 8.01180334052912535 0.0380292864248841303 -0.017542045117196748 0.999122640133392359 -0.1376441224026365151
0.9952676377589408929 0.08871155178675957376 -0.03965589249181848686 10.21386821606108164 -0.08806986322819063129 0.9959579357773913344 0.0176490609666724689 8.418609118689227344 0.04106127641349434365 -0.01407305018901732624 0.9990575162810557686 -0.1145401622956476878
