1 0 0 -0 0 1 0 0 0 0 1 -0
0.999999916844795389 0.0004078114597044424296 -4.645045618685404753e-07 0.0008593009029247814 -0.0004078112021818603404 0.9999998105479022126 0.0004610793675640464549 0.007228968458983849737 6.525379237390476036e-07 -0.0004610791397927335223 0.9999998937027948509 -0.009691637642148497045
0.9999999492461210115 0.0001870353203058402016 -0.0002579254627003560517 -0.009726334950684282707 -0.0001869411843877638309 0.999999915932546446 0.0003649491657608202634 0.04402183104838150451 0.0002579936994013634654 -0.0003649009303467317072 0.9999999001432759993 -0.02468679141081068021
0.9999998857444832856 -0.0001898713583814407198 -0.0004387025047059482197 -0.006534574535477528229 0.0001899989413563871882 0.9999999396691829912 0.0002907955169257506818 -0.01382178240562783461 0.000438647264498866023 -0.0002908788367122106411 0.9999998614890303061 -0.01538788179129639035
0.999999973075459625 0.0001222450580846525317 -0.0001972440765975261572 -0.0448502643834355133 -0.0001221265832974591508 0.9999998122118044508 0.0006005509582039299807 -0.05831683598852192146 0.0001973174539441952435 -0.0006005268532892177021 0.9999998002166404776 -0.0210658192047842481
0.999999338626998524 0.001087109829416776311 -0.0003754168140314019086 0.03750693236500628192 -0.00108705477315383962 0.9999993983767512251 0.0001468266177864245765 0.0003342225735870066805 0.0003755762048313428291 -0.0001464184220396266552 0.9999999187520767219 -0.01418464790963414046
0.9999998162719534456 -0.0004485877954676956939 0.0004077070629000290893 0.01505917428296347192 0.0004487722167942534532 0.9999997969874131476 -0.0004523589613577650771 -0.0111443834946585614 -0.0004075040574211587501 0.0004525418458491294428 0.999999814573143353 -0.001279305242519926996
0.9999998716204120397 0.000498383686713791004 -9.150333473324530743e-05 0.02129797827809418176 -0.0004983890727703031449 0.999999874072585393 -5.884849675946594914e-05 0.001672571060941253646 9.147399407969449307e-05 5.889409346667311737e-05 0.9999999940819970234 0.009125338674566893862
0.9999996543933976634 0.0003410799235330322127 0.000758206812892637627 0.001938096472845769747 -0.0003413222630459024115 0.9999998907044733709 0.000319515499020324716 -0.007065877642441038657 -0.0007580977497020646456 -0.0003197741814588604074 0.9999996615160801072 -0.01185587166653704824
0.9999998342390362671 0.0005755754272557323577 1.532408729077982322e-05 -0.01726414915565201505 -0.0005755773511642608324 0.9999998264373611834 0.0001258410126450761383 -0.0362834726500101748 -1.525165363648945881e-05 -0.0001258498119831182559 0.9999999919646058721 0.01777030365038268639
0.9999997514772948071 0.0006982368029948028947 -9.752289786958956961e-05 0.00821510914421205718 -0.0006982183016621761572 0.9999997382680587688 0.0001896180820744675425 -0.01177890982753326647 9.765527066816148075e-05 -0.0001895499426779391646 0.9999999772671334108 -0.008237188629732890288
0.999999960408233024 -0.0002136934600704015503 0.0001830809592309710367 0.008374564724976839986 0.0002136644460894565991 0.9999999646156159105 0.0001584811386942334825 -0.01149123629245350081 -0.0001831148191356408907 -0.0001584420145279491954 0.9999999706825450918 -0.0004009431974719766638
0.9999999433450666997 0.0002689246480268365396 -0.0002024583837047987339 -0.009615769187416372057 -0.0002688584315814068087 0.9999999103871126671 0.0003270182111378576776 -0.003679930108276282998 0.0002025463088192511044 -0.0003269637599671568521 0.9999999260348434449 -0.00600015866643869699
0.9999999082313337784 -0.0003654257915766953644 -0.0002236097380654587319 -0.030771821433582279 0.000365427651062707852 0.9999999331970761407 8.274964821595623982e-06 -0.0224076610632690347 0.0002236066992421052713 -8.35667724352138065e-06 0.999999974965104732 -0.008403699247831346308
0.9999998779345974365 -5.712207916215294729e-05 0.00049078290358141373 -0.00927455595715186154 5.705670110163441419e-05 0.9999999894978505166 0.0001332247411424451148 -0.009320018277189628247 -0.0004907905085013454776 -0.0001331967224268881713 0.9999998706916466418 -0.01458013893310270391
0.9999998415451027967 -0.0004740683209345584038 -0.000303593472385789453 -0.005609781306892882083 0.0004741851160452537702 0.9999998135569608815 0.0003847525428161943694 0.002181946463859975316 0.0003034110167909560081 -0.0003848964413562000909 0.9999998798982349113 0.0004241339034959599997
0.9999999788767319764 -0.0001533948693586135829 0.0001368084420242281554 -0.002647338959484570303 0.0001534015809830738557 0.999999987031055082 -4.904941099139473659e-05 -0.004888983944252312148 -0.0001368009163219901462 4.907039658656937343e-05 0.9999999894388027499 -0.008392405870416478827
0.9999998758848611669 -0.000488070100823498592 0.0001000891546817931277 -0.002505993448512626107 0.0004880719950469979466 0.9999998807142175261 -1.890181014636671379e-05 0.01004776674270302025 -0.0001000799173341943525 1.895065851378335497e-05 0.9999999948124412841 -0.01061837477687771307
0.9999998767346726103 -0.0002515402173080287431 -0.0004280866250407798696 0.02422549841641893908 0.0002516017594161324691 0.9999999580215497286 0.000143713094487261505 0.02940554311194012657 0.0004280504574473459767 -0.0001438207841204728048 0.9999998980441887619 -0.01374226685431699686
0.999999966804377749 1.507434550925047574e-05 -0.0002572236525274615893 0.02073749981500957323 -1.495716894698362329e-05 0.9999998961300908817 0.0004555393403533184761 0.02902570532995315394 0.0002572304927670744884 -0.0004555354778937781746 0.9999998631599416044 -0.01289197722190520666
0.9999993831500184616 0.001046485565159846432 0.0003722466177326808306 -0.02355710493890231585 -0.00104608749738520964 0.9999988825828785011 -0.001067957837293458763 -0.01175784781818998634 -0.0003733638042388316551 0.001067567775990943546 0.9999993604490521326 0.02956835539432500076
0.9999992449343386713 0.0009764099786262973174 0.0007461597054961285674 -0.004727964559983646557 -0.0009761590949773274245 0.9999994669325602548 -0.0003365234265015075899 -0.01086105316709644157 -0.0007464878925743678208 0.0003357948018213861873 0.999999664998782567 0.02040696594475444048
0.9999999441290540192 -0.0003341780209681859798 8.181637890746643193e-06 0.009726738202024885066 0.0003341785552542470656 0.9999999420244826132 -6.538902601610525206e-05 -0.01241966594911769056 -8.159785841112369918e-06 6.539175649068751373e-05 0.9999999978286679969 -0.0003921529231688328232
0.9999997781558827015 1.688752822153927907e-06 -0.0006660970901868251736 0.01933590034912821901 -1.23344751714438377e-06 0.9999997663845362483 0.0006835417701841517727 -0.002129009233253331863 0.0006660980889093379587 -0.0006835407969486290017 0.9999995445425536866 -0.01529681941410113849
0.999999466863262243 -0.001023681154101243945 -0.0001354624896782877306 0.01087844742073405292 0.001023725356104624807 0.9999994226467268099 0.0003266383451014270617 0.003006680723631373429 0.0001351280379505088493 -0.0003267768473440017438 0.9999999374786507911 -0.008395654865724208257
0.9999999437909669053 -0.0002272560057191311766 -0.0002465213396227097092 0.01061222554482361448 0.0002273383265553247979 0.9999999183962525739 0.0003339532504670479325 -0.01519146087555915854 0.0002464454266238545461 -0.0003340092754446627042 0.9999999138512241093 -0.01511730089241870509
0.9999998986552384173 -8.708252661526973322e-05 -0.0004417082142777488851 0.01401223880568781138 8.73279214061069433e-05 0.9999998418580438031 0.0005555697270419581108 -0.003939014646339983501 0.0004416597640096114972 -0.0005556082441980931402 0.9999997481180342707 -0.03519156987438298856
0.9999995225928867137 -0.0009649944863657565312 0.0001536217428967035436 -0.01243795459084636248 0.000964931128862038588 0.999999449595555423 0.0004119666282709155908 0.02295722673685664586 -0.0001540192038674499165 -0.0004118181971933301258 0.9999999033419240124 -0.01312475582180185063
0.9999998618590718591 0.0002420450780654460389 -0.0004665790579824106001 -0.01949741069109421979 -0.0002418392613785240355 0.999999873461453137 0.0004411245281953142419 0.01452656428157547176 0.0004666857709630233431 -0.0004410116301232210674 0.9999997938565454714 -0.008105737484796659426
0.9999999286239920071 0.0003772968441929848318 1.997754134437328466e-05 -0.00793064255640012726 -0.0003772934641547804279 0.9999999145567841641 -0.0001689262152366888389 -0.005349227269004093975 -2.004127496535679527e-05 0.0001689186657836286385 0.9999999855324157583 0.003417695078725095127
0.9999999069121140449 0.0004314767495313695609 1.89156385129648575e-06 0.04279666547359178147 -0.0004314765844059887984 0.9999999031777045966 -8.644384618773446455e-05 0.009697786740546662093 -1.928862177910017243e-06 8.64430219753500596e-05 0.9999999962619416927 0.01589413183537564944
0.9999996573123208776 0.0008156854747946895882 0.0001415360273228597897 0.04078884797968165138 -0.0008156370674304783261 0.9999996089763487639 -0.0003417357516142696498 0.02261891802457046546 -0.000141814720867704079 0.0003416201924753896834 0.9999999315921122012 0.0001150525276220712461
0.9999999475781810032 -0.0002260719115749919479 0.0002318083819663234392 0.002395008241275957232 0.0002260263172087525042 0.9999999551111505847 0.0001966972308984428258 0.007250112069803276403 -0.0002318528392797126786 -0.0001966448257923303735 0.9999999537875355893 -0.01323141603756561487
0.9999998738904187778 0.0005020296771279462436 -1.361432204289574872e-05 -0.01522357347748846262 -0.0005020304930605829115 0.999999872182990579 -5.999488706724140043e-05 -0.002652496418481867495 1.358420108897222275e-05 6.000171430611872032e-05 0.9999999981076318489 -0.004620363557257445644
0.9999999883705295023 0.0001306703373468078445 7.863970910289851438e-05 -0.05145816694815321529 -0.0001306695984280144501 0.9999999914185355721 -9.401319993581520399e-06 -0.01270656499331332921 -7.864093690170859163e-05 9.391044065049681478e-06 0.9999999968637056647 0.003544490262900980466
0.9999998574016478736 0.0003811906398362560275 0.0003740192242883993881 -0.03459968340825119587 -0.0003812314656901350505 0.9999999213810544241 0.0001090892046755777544 -0.0210857245852457062 -0.0003739776110996774808 -0.0001092317770166927531 0.9999999241045797183 -0.0006666672890894656013
0.999998894392116533 -0.001009331931998838812 -0.001091999814871997751 -0.02255521405747888675 0.001010121054393922635 0.9999992289473680351 0.0007223296511610049608 -0.0392584018852982844 0.001091269902500337447 -0.0007234319045520182147 0.9999991428877723632 -0.02095839948094349592
0.9999997233953571429 -0.0004234098069531745537 0.0006115008950757699685 -0.006135561071879187811 0.0004235501233004717973 0.9999998840017125801 -0.0002293509417993896602 -0.03009844284068636036 -0.0006114037147047338182 0.0002296098796393293974 0.9999997867323776601 0.0008692894533002317467
0.9999996834677638002 0.0004695464558523598677 -0.000642332077635271166 -0.02178876911585812121 -0.0004687932598488940387 0.9999992030376557706 0.00117224439970570085 -0.03457494706096641418 0.0006428819889240975456 -0.001171942907703963027 0.9999991066258856476 0.009021290091015578272
0.9999997035488266128 0.0002816149609130514579 -0.0007166556165746247598 -0.02415411291089644349 -0.0002817438841036353967 0.9999999441459904714 -0.0001798010001339051976 -0.0431253537885055091 0.0007166049418949134355 0.0001800028601686534701 0.9999997270381265624 -0.01593021565730260575
0.9999999080867579826 -0.0002274707567752595804 -0.0003634329794439992794 -0.01161511330814765132 0.0002274683127886685942 0.9999999741061933456 -6.766044902345431613e-06 -0.0335551412771034549 0.0003634345091106898481 6.683374793831564193e-06 0.9999999339353429217 -0.01975564829221847576
0.9999997334512383818 0.0007255457161057697005 8.173656413045750824e-05 -0.0149207251480120099 -0.0007255573751315278841 0.9999997266012423669 0.0001427022625401041893 -0.01021522275720071482 -8.163300476850015219e-05 -0.0001427615290699257118 0.9999999864775991343 0.008167644454815161173
0.9999997537511706724 0.000235587522568142776 -0.0006610568183675622281 -0.025150850666290539 -0.0002351893655258019422 0.9999997909501222582 0.0006023169216662310581 -0.02700752749748314835 0.0006611985785250979386 -0.0006021612998126987934 0.9999996001090244446 -0.008700653969750039851
0.9999997361835958332 0.00072626832512516005 -1.292511379042305016e-05 -0.02227751733410826204 -0.000726268754949468574 0.9999997357129867259 -3.328140784729949364e-05 -0.03044198236334852425 1.290093914214487007e-05 3.329078617341961965e-05 0.9999999993626446093 -0.01274306168996590556
0.9999993802313040803 -3.725734630498753381e-05 -0.00111272139277149686 -0.03288395589917007117 3.832195353299024549e-05 0.9999995415765750018 0.0009567539222081277535 -0.04475650482013172893 0.001112685236561735238 -0.0009567959708995074685 0.9999989232359374203 -0.02172918067083169646
0.9999998748579861374 -0.0004937107209283804303 8.083152935557022772e-05 -0.03388354038141055263 0.0004937160851601323647 0.9999998759206059074 -6.635661227138207224e-05 -0.03857730361124442342 -8.079875835515346234e-05 6.639651179362107952e-05 0.9999999945315318772 -0.01207039279717170462
0.9999998178273931115 -0.0001514268205772680237 -0.0005843073665731564337 -0.003142504432150558785 0.0001517183404298723208 0.9999998640385729942 0.0004989031776144730191 -0.008533078698921099312 0.0005842317398079314387 -0.0004989917368719375525 0.9999997048402168298 -0.01213175159668217901
0.9999999479488634879 -0.0003119167511306890329 -8.252400072158259524e-05 -0.002835463091972441688 0.0003119285993175141807 0.9999999410399759148 0.0001435987239118839318 0.005295009771754513421 8.247920500849670441e-05 -0.0001436244580333851111 0.9999999862845977416 0.003853011059934732026
0.9999997959063707809 0.0006206832082926436785 -0.0001514581518079911036 -0.006479602021962053808 -0.0006206135186853040196 0.9999997017396358157 0.0004597385124287411582 0.01725766181256319434 0.0001517434586088892547 -0.0004596444216225152677 0.9999998828504573778 0.0006778544259005785631
0.9999997693990585468 -0.0005527209793709826754 0.0003945901020743710383 0.00200315951407693078 0.0005527521183274972105 0.9999998441270276928 -7.880999917521642562e-05 0.001842669164853518544 -0.0003945464806285125885 7.902809151633916041e-05 0.9999999190438144669 -0.006763784162176377478
0.9999998932233356008 0.0004080815676593317295 0.0002168472999148892213 -0.0101541731158701163 -0.0004080745092510525379 0.9999999162064296954 -3.259338025350518801e-05 0.01515338717998953276 -0.0002168605825021880393 3.250488691780342699e-05 0.999999975957459708 0.002802621097791945914
0.9999998516532349058 0.0003787603853065680225 0.0003914512468133472291 -0.0120222742663562629 -0.0003788213044078186649 0.9999999161475473519 0.0001555612986592214825 0.001411886977241576507 -0.0003913922935317745255 -0.00015570956565415261 0.9999999112832979042 0.002807811900386838339
0.9999997669518229104 0.0006301261146086162756 -0.0002627496519423452707 -0.0008083256374937394751 -0.0006300978279178950838 0.9999997956859705273 0.0001077253197572063792 -0.005595340981370229734 0.0002628174787960747697 -0.0001075597366670760454 0.9999999596789371781 -0.007335218160501529722
0.9999998668666791879 0.0001877736535700383054 -0.0004806325820680091231 -0.01336503785500067418 -0.0001876017668499510474 0.9999999184474082092 0.0003576461294568147181 -0.01113185870061429196 0.0004806996993916044856 -0.0003575559143205762967 0.9999998205407674146 -0.006780810971584919251
0.9999997089015838503 -0.000641525901341876998 -0.0004130874791543163462 -0.05356023820250253864 0.000641667452358163793 0.9999997354355799617 0.0003426246496910775527 -0.02729308325165131707 0.000412867567278854021 -0.0003428896147439322757 0.9999998559835315826 -0.002246909406077459044
0.9999999468736009423 -0.0002213811236051610324 -0.0002392554982931349022 -0.02421252228886804775 0.0002212896925400658233 0.9999999025124894914 -0.0003821071621700546941 -0.02135026255836702455 0.0002393400662816466435 0.000382054197094398851 0.9999998983754563309 0.005647680373321789689
0.9999996357826336224 0.0008094517672015229997 -0.0002705964459304256243 0.03129250154191681732 -0.0008093950369982447169 0.9999996504542932874 0.0002096925494280510536 0.01298513141824139336 0.0002707660873493140095 -0.0002094734536340035758 0.9999999414032973988 -0.01313242477719580963
0.9999996204204102401 0.0007435315713099369334 -0.0004542244357214685968 0.02437314688035803131 -0.0007432970654218529075 0.9999995905087660786 0.0005162284113085377707 0.02201367870290604073 0.0004546080818423402594 -0.0005158905916686709484 0.9999997635941667573 -0.008794370021421376096
0.9999997149604478164 0.0006343203041436666981 -0.0004095323856634544004 0.01310368899441893484 -0.0006343760262920581294 0.9999997895426718797 -0.0001359473034240239752 -0.007244757455521557213 0.0004094460653395171588 0.0001362070622010908005 0.9999999069007735608 -0.002148087630948280948
0.9999999397666444745 -0.0003399461512798154848 -7.002372243129567023e-05 0.01543296994865838226 0.0003399527578224988459 0.9999999377644449572 9.435692217598615639e-05 0.007487272605875780647 6.999164180080191745e-05 -9.438072125009686563e-05 0.9999999930967247153 -0.01164709161133997695
0.999999780847779518 0.0002175383096148094612 -0.0006252851163795321516 -0.01091765409850694452 -0.0002175510605717509752 0.9999999761292294176 -2.032428506541028994e-05 -0.02127046792383892326 0.0006252806801428779752 2.046031205150650897e-05 0.9999998043027041872 -0.01197696762692997303
0.9999994987105109701 -0.0009369398240816971101 0.0003531607182280781265 -0.0123729528343136698 0.0009369066158699133808 0.9999995566674765302 9.418515596457206133e-05 -0.02145978992726396695 -0.0003532488074839037063 -9.385423013717972556e-05 0.9999999332033294719 0.001573166214622499217
0.9999998009781840835 0.0004139175571928052156 -0.0004761468766536068489 0.01854980777230070058 -0.0004135366116747904008 0.9999995945902324657 0.0007998792668589549404 -0.014506038338047509 0.0004764777676911881787 -0.0007996822034995067609 0.9999995667385612741 -0.007476017835609658456
0.9999998709089752413 0.0003500351765198541319 0.0003683169941937618642 -0.01847136348778607301 -0.0003500973978252400415 0.9999999244551347477 0.0001688832047265442456 -0.02555589055806621254 -0.0003682578513069458166 -0.0001690121297464381085 0.9999999179105241165 0.01062751171309921604
0.9999995110412464028 0.0008637633881544465493 -0.0004814873594135146359 -0.02576747539603373854 -0.0008636535270816169925 0.9999996009835868671 0.0002283314522225447503 -0.01663724594198334739 0.0004816843916409694563 -0.0002279155023216376569 0.9999998580173252716 0.005422649488548330135
0.9999998167180789155 -8.936309340954183859e-05 0.0005988138660071969576 0.002709407507290444075 8.918095626401152155e-05 0.9999999497597269471 0.0003041830050013589982 -0.01164118765068304466 -0.0005988410186569088304 -0.0003041295464569298244 0.9999997744473012595 0.00158817168502051599
0.9999999396656413797 -0.0003370001655184969719 -8.425913646091385189e-05 0.003739155912072977123 0.0003370241555738716062 0.9999999026331345409 0.0002848656526654287863 -0.008083295998209023142 8.416312848481848812e-05 -0.0002848940328425422709 0.9999999558759780083 0.002262227685565954601
0.9999999263222698609 0.0003107641162307536405 -0.0002253466639845158549 -0.004386564070889506853 -0.000310761160293656117 0.9999999516272595201 1.315218388790049909e-05 -0.02570722210407494143 0.0002253507403106815206 -1.308215392812754752e-05 0.9999999745229501968 -0.00584260165346625962
0.9999998522135101764 0.0003153521497040510479 0.0004428611290677585024 0.002259587841552415828 -0.0003153433208367071834 0.9999999500791806328 -2.00056577768064176e-05 -0.01404141255254739984 -0.0004428674157869526653 1.986600152116503923e-05 0.9999999017368922383 0.0006198058041744612537
0.999999996961674964 -2.968835061622205796e-05 -7.20780951703250001e-05 -0.001577697858608254457 2.970196094734987657e-05 0.999999981729787546 0.0001888338370170528221 -0.02026226280521320824 7.207248768827299542e-05 -0.0001888359773040853326 0.9999999795732648078 -0.002260316881726161763
0.9999998840055824845 0.0001549469245916880054 -0.0004560485414685183192 -0.01575604776194152248 -0.0001547847929282308204 0.9999999248207961378 0.0003555278749166476617 -0.02893461558941883699 0.0004561035951339890396 -0.0003554572442983269516 0.9999998328098149702 -0.003203264973280293103
0.9999999022739289867 -0.0003765681077559980029 -0.000231621658575069015 -0.001371396002324710289 0.0003765850121648839821 0.9999999264314795022 7.294356831617434958e-05 -0.04306681424086977045 0.0002315941733135204689 -7.303078643277289086e-05 0.9999999705153210794 -0.002675618689607762654
0.9999997562580562604 0.0006859287379967349404 0.0001303287934379326277 -0.00425306424904462084 -0.0006859698905281714186 0.9999997148017452098 0.0003159774321421467743 0.0007701378918779477455 -0.0001301120182671428071 -0.0003160667567533526285 0.9999999415863323193 0.002497744240770576746
0.9999999824450882535 -2.450440917468555289e-05 0.0001857669429878311548 0.003197616277999906862 2.458292229365636669e-05 0.9999999103802211797 -0.0004226526110925430822 0.002901416020717897861 -0.0001857565694869190223 0.0004226571703672375182 0.9999998934277009033 0.01230000735413759767
0.9999998616950347419 -0.0003960376918051735479 -0.0003460694410490967768 0.009878991143724159471 0.0003960974117293281343 0.9999999066727364161 0.0001725148075339505112 -0.003470655640866429376 0.0003460010863851889561 -0.0001726518608842060826 0.9999999252372887559 -0.007939269556329590569
0.9999994762207858878 0.001022163361638911937 -5.234707293295452849e-05 0.002504434923861667984 -0.001022149048747630256 0.9999994404164044282 0.0002727236702888476442 -0.01739350547508314651 5.262581178398523257e-05 -0.0002726700209310599756 0.9999999614407910631 -0.01128890105019553745
0.9999999817983991068 0.0001866576415810239429 -3.952374440093022769e-05 -0.001001140716582997773 -0.0001866582722917918438 0.9999999824520686698 -1.595468126917517449e-05 -0.02247467676118749744 3.952076564419471316e-05 1.596205841261305486e-05 0.9999999990916609294 -0.006133671420556720787
0.9999999623419948414 -0.0002387069245602088706 -0.0001354068426612941472 -0.02011841067108156161 0.0002387905606435610992 0.9999997805364111425 0.0006179855967420036164 -0.02480566224185961829 0.0001352592955032203231 -0.0006180179073457688337 0.9999997998793745957 -0.005639525198586525963
0.9999997756484166889 0.000667479915277286698 -5.633541468567113217e-05 -0.02935350045633137658 -0.0006674808976639780072 0.9999997770828521482 -1.742117315516153965e-05 -0.01789092400672157371 5.632377384435780426e-05 1.745877205986399902e-05 0.9999999982614118377 -0.001942259858253257742
0.9999997417994931359 0.0006810612008347813719 -0.0002292522359079022826 0.01315670829531257607 -0.0006810687846123029228 0.9999997675279944653 -3.300405271241567472e-05 0.0001969071335210175291 0.0002292297048333994194 3.316018073245321487e-05 0.9999999731770720102 -0.005278871901227373195
0.9999999735769833364 -3.271360115992842703e-05 -0.0002275430789631085397 0.02432355183429476056 3.274123371793035499e-05 0.9999999920906386119 0.0001214361330018561182 0.001045673906199781449 0.0002275391045501633854 -0.0001214435798342825533 0.9999999667387058366 -0.006818096916210421819
0.9999997195558333329 0.0007295824640264694794 -0.0001691084944796827937 0.01019294817838323035 -0.000729573651450131865 0.9999997325003681103 5.216779913445009819e-05 -0.01885844094130274123 0.0001691465099546577756 -5.204440740248754421e-05 0.9999999843404188127 -0.006698158557725491721
0.9999999923147239178 -7.360153354768144795e-05 9.976655890329664286e-05 -0.01203704456443548641 7.362216984135370296e-05 0.9999999758947899497 -0.0002068579118170554149 0.01263561790459404033 -9.975133143886505589e-05 0.0002068652552578400714 0.9999999736282186857 0.006940484148692208088
0.9999999673870840766 0.0001870202481806071502 -0.0001739231366339451332 -0.01578334695770147386 -0.0001870120486493926379 0.9999999814012310306 4.715963635826850932e-05 0.01911242973378830118 0.0001739319532060829932 -4.712710909817221914e-05 0.9999999837633555266 -0.00308467422350599792
0.9999999655575451118 0.0002563859922841284873 -5.613494062910389206e-05 -0.003982615595712414407 -0.0002563760710854548507 0.9999999515287490981 0.0001766743036947619207 -0.002889018274304826824 5.618023472482126595e-05 -0.0001766599059541410692 0.9999999828175293315 -0.002068455313505590271
0.9999997229863087922 0.000744018848831785721 2.152343456914959023e-05 -0.00288086704664852148 -0.0007440130583707125263 0.9999996873640636386 -0.0002677990740212154693 -0.004605107510608133677 -2.172267539891843644e-05 0.0002677829861208253425 0.9999999639101981863 -0.01071556857377314008
0.999999986011738784 0.000106453060414096447 -0.0001290126661692166229 0.01914279437777301196 -0.0001064415350903396787 0.9999999903444251048 8.933839699708593914e-05 0.004183644651058550205 0.0001290221752693271947 -8.932466344112178331e-05 0.9999999876871912274 -0.01033233863134833813
0.9999999918102527863 -0.0001239389462175094611 -3.191601566326222916e-05 0.001344667516477434733 0.0001239450904410310545 0.9999999737748415107 0.0001925822704602273006 0.01101041384340170279 3.18921463825960595e-05 -0.0001925862247164755053 0.9999999809467183809 0.005799130949185287223
0.9999996167706012296 -0.0008503558147564447244 -0.000208215367093118718 0.02734200571335991189 0.0008504078780527518904 0.9999996071319706692 0.0002500846760146370365 0.04214668152224040204 0.0002080026243335281731 -0.0002502616481633438469 0.9999999470520064548 -0.01215933885806638401
0.999999804946327564 -0.0004067517729923580115 -0.0004739834406731250303 0.0101524473341631661 0.0004068623510274922521 0.9999998900352384812 0.0002332220790956128422 -0.007204021227734994613 0.0004738885250574677733 -0.0002334148796218267236 0.9999998604735701457 0.0162612517929217569
0.9999997722889276686 -0.0005043390317165350216 0.0004484018665548115956 0.007879620065631113765 0.0005043168832426874176 0.9999998716068130289 4.950594623127408154e-05 -0.01882715263720840734 -0.0004484267767640473762 -4.927979832649545289e-05 0.9999998982424584959 -0.0004757247559044887569
0.9999991959348843995 -0.0009104005091646735423 0.0008827799825065082116 -0.0002265537441377737232 0.0009104173831029190251 0.9999995853949222857 -1.871288473712995606e-05 -0.01946395509555982895 -0.0008827625802816521997 1.951656793228739127e-05 0.9999996101745892707 -0.00863439697423730966
0.9999998947644737068 6.392627269678775577e-05 -0.0004542955790466707603 0.002608248651619511031 -6.373343332969841216e-05 0.9999999078766400595 0.0004244817556437422844 -0.009351416575543669563 0.0004543226727319063193 -0.0004244527571561772955 0.9999998067153642589 -0.01343362346903050931
0.999999654721821396 -0.0006080313277590047036 0.0005664398842461590032 -0.005955112233004767643 0.0006080348681722265187 0.9999998151283108205 -6.078102769160637757e-06 -0.0005857972890982212624 -0.0005664360838505642102 6.422515870830659901e-06 0.9999998395544442698 -0.0002289446513985588405
0.9999996634507617443 -0.0002657790186048091582 -0.0007761828885694040808 -0.00424315299498183654 0.0002660092953745837267 0.9999999206366128046 0.0002965903282321982618 -0.0002960023211164614543 0.0007761039994825416448 -0.0002967967002782040723 0.9999996547870907415 -0.007783394129344388401
0.9999997190029913385 -0.0005970850213719267096 0.0004533027857746432603 0.01242010348600732297 0.0005973145982548685442 0.9999996933428559887 -0.0005064873787288703315 0.009618272304381813784 -0.0004530002307387837176 0.000506758000778777056 0.9999997689935331557 -0.01953808239280004425
0.9999999135837303044 0.0002594445773480158089 -0.0003248400270895132635 0.02689800699465401748 -0.0002592106721433813784 0.9999997072783638474 0.0007198979192142443764 0.0397104678923349691 0.0003250267056132198867 -0.0007198136550015787199 0.9999996881129227244 -0.0175114783279120001
0.9999997711269601464 -0.0005229496790940933336 -0.0004292664212586270274 0.04053307681023270853 0.0005228671841906352849 0.9999998448217961577 -0.0001922661991799778957 0.01529654494181596248 0.0004293669001930173861 0.0001920417058504308658 0.9999998893820180035 0.002786880355346567535
0.999999780145792827 0.0006613035468457479586 4.884654433297305715e-05 0.01670211223622464561 -0.0006613185638714316836 0.9999997338786604795 0.0003080590286163331659 0.003512466288485938809 -4.864281080557112687e-05 -0.000308091264014813133 0.9999999513568238463 -0.00572974812515289738
0.999999757012757895 -0.000692904791908865135 -7.653348666565202587e-05 -0.002436096348737332856 0.0006929331312415773535 0.9999996911447048831 0.0003708829605365178959 -0.02146728553832782591 7.627647644727785685e-05 -0.0003709359030052519247 0.9999999282942249046 -0.008806101807296403544
0.9999999658503567757 9.907131407564820716e-05 -0.000241834985196712096 -0.01141452028594122647 -9.898613894282605279e-05 0.9999999330819426824 0.0003521900828504789739 -0.005178251421120588088 0.0002418698609479098046 -0.000352166132511858639 0.9999999087389885855 -0.005976599477974197522
0.999999708077041749 -0.0007601994176842281643 7.708875844905336303e-05 0.003949037856917416225 0.00076017582325489609 0.9999996643592696799 0.0003056371472784258792 0.005050998255830304109 -7.732107775630887912e-05 -0.0003055784570455082451 0.9999999503216274732 0.005163142817156968732
0.9999997349657264722 -0.000708511691718898733 0.0001675698645944569359 0.01389543618461316042 0.0007084721304348701827 0.9999997211785149887 0.0002360299403618733706 0.03873426902782151765 -0.0001677370478447048929 -0.0002359111592268948239 0.999999958105103004 0.001902075931276061942
0.999999951690793254 0.0003061605520196939898 5.370407454376045959e-05 0.002319306179245029988 -0.0003061342088350218734 0.9999998331648128902 -0.0004898491529646897347 0.0317100428919963942 -5.385403807107448074e-05 0.0004898326886460978779 0.9999998785818324798 -0.001733923978719891651
0.999999869373241479 0.0005109771072186947757 -1.248583294577487202e-05 0.0152965608976165842 -0.000510976732934296813 0.9999998690025333481 2.996155141681489518e-05 0.004538934489165383224 1.250114097702709101e-05 -2.995516753291047773e-05 0.9999999994732047259 -0.00611783106989922075
0.9999997369229526312 -0.0006639297958204334838 0.0002921493652774690363 -0.0002251071353267742258 0.0006639577104967453805 0.9999997750234885796 -9.546271941438815739e-05 -0.01354440737899712498 -0.0002920859190069091801 9.565666912404757229e-05 0.9999999527678076205 0.002905211985970841855
0.9999996327581092137 0.0008511502101764134446 0.0001001347410082676183 0.006015143661994503191 -0.0008511743769294984703 0.9999996085783473543 0.0002415477842546023097 -0.01961314646910551282 -9.992910836600994349e-05 -0.0002416329276739305996 0.9999999658138502001 -0.00283316192443793663
0.9999998370890601507 0.000109958136277201241 -0.0005601170070200634085 0.002266303527372668433 -0.0001096984456614004486 0.9999998864993151493 0.0004636459942024261116 0.007056707702021428573 0.000560167925095807445 -0.0004635844747043712556 0.9999997356506303836 0.004797570061594175206
0.9999997162179978805 -0.0002127376803779229531 -0.0007227078270331596796 -0.03369163305605231418 0.0002127993057367128633 0.9999999737291963564 8.519426063123001537e-05 0.0407254254617881381 0.0007226896840176589122 -8.5348028178450821e-05 0.9999997352176323018 -0.003350961074264108708
0.9999981399720982989 0.0007443654346095700996 -0.001779317971440263178 -0.03319412730762974495 -0.0007443477986667639294 0.9999997229172360447 1.057382657325417852e-05 -0.001159987268713370693 0.001779325349212934181 -9.249375490507192888e-06 0.9999984169566223935 -0.02286995996077825777
0.9999990973463700472 -0.0001444068289411245089 -0.001335834238475043468 -0.01977522232695443083 0.0001447179915524496752 0.9999999624208105731 0.0002328413202944392888 -0.05434264536698110715 0.001335800564398763671 -0.0002330344293674249342 0.9999990806654808218 -0.02997761156169638508
0.9999983916679454632 -0.0007931746406825607209 -0.001608581832489392946 -0.006903469111178318039 0.000793274354954921746 0.9999996834758235753 6.135185711086989777e-05 0.01118601891794728485 0.00160853266059713426 -6.262780515226924673e-05 0.9999987043493795413 -0.01772958564664709261
0.9999994043446590597 0.0003644963775907112628 -0.001028811313093465568 -0.0009690910037218803839 -0.0003644739922099307313 0.9999999333385412026 2.194589378467723813e-05 -0.002338573456253038429 0.00102881924371018966 -2.157090574599536493e-05 0.9999994705326897826 -0.004938712141398085564
0.9999973441941573116 -0.002076318085830238056 -0.001000253887067114201 0.05873193080424227164 0.002075018294668076919 0.9999970037677871071 -0.001298751140612360412 0.01489303768966043252 0.0010029475105564603 0.001296672146266502181 0.9999986563679154061 0.05795951869015040364
0.9999994812360100127 0.0009208531117313557357 -0.000435381737517139412 0.00971723009193149051 -0.0009210375668108277498 0.9999994861041067162 -0.0004236523608607123534 0.0173229653107246119 0.0004349913921814476596 0.000424053144021294267 0.999999815480692833 -0.005880586246090807601
0.9999999323616234337 -1.478054633053569446e-05 -0.0003675027672925682606 0.001013367821872408498 1.479040041209687526e-05 0.999999999531209216 2.681092215000827585e-05 -0.004638074004779566342 0.0003675023708402090921 -2.6816355849646081e-05 0.9999999321114428907 -0.02627412136422499489
0.9999999566116472005 -0.0002945691170729604889 2.395605642488037424e-06 0.02187788330454926156 0.0002945708751108329945 0.9999996598990934515 -0.0007703438823066185472 0.001294582279147416838 -2.168685310471128573e-06 0.0007703445545583169742 0.9999997032822379728 -0.05664295517907608213
0.999999553200666802 5.431995697511186541e-05 -0.0009437413888763010635 0.04241320497467314377 -5.500240886384948774e-05 0.9999997370335180769 -0.0007231235230840869993 0.01047650391927559821 0.0009437018606652853745 0.0007231751080427133941 0.9999992932220308495 0.02590974155426855816
0.9999971167426244811 0.0009635579021841664347 -0.002199559639366272402 0.004580603982280577122 -0.0009625277393138354344 0.9999994266205447513 0.0004693601313458268393 -0.001255226655663696424 0.002200010633847490193 -0.0004672416408926143906 0.9999974708160316306 0.01224485422996046853
0.9999968520192277222 0.002237835271153715885 -0.001134920673066683533 0.02768472551647158802 -0.00223733443032382703 0.9999973993147658335 0.0004423780643293446927 0.0134534836758821788 0.001135907690730771861 -0.0004398374746342068801 0.9999992581280818804 0.01295042504878128088
0.9999985379264842988 0.001482483519222081714 -0.0008522837022201555169 0.04784719871766742599 -0.001483055302691922359 0.9999986753910035109 -0.0006706438753687890206 0.08305093146439897211 0.0008512883547850011402 0.0006719068787021074962 0.9999994119244687285 -0.0005199284648490952107
0.9999969655792900758 0.002163921929029352653 -0.001177401417177943244 0.04969264233025855876 -0.002164356924883189658 0.9999975899521691414 -0.0003683055187345073665 0.06110986025961506751 0.001176601595195641246 0.0003708527180512451106 0.9999992390381843288 -0.01739239550210665286
0.9999943643642300595 0.003050264628456509936 -0.001402542504128481259 0.06284177963803722067 -0.003049525734380476982 0.9999952104432662248 0.0005286618228437705907 0.04963342429969015007 0.00140414834503023076 -0.0005243817540383662306 0.9999988766949696739 0.009471415057641621033
0.9999974960641258015 0.002232137602534878251 0.0001594590921999415351 0.07458695187012460981 -0.002231974398536267206 0.9999969925710637808 -0.001016434509497101063 0.01784024313518718652 -0.0001617274343271775134 0.001016076055798871038 0.9999994707167028096 -0.04410933281015250867
0.99999375143927971 0.003102076266676444434 -0.001695348115214621214 0.04299263495158470172 -0.003101536403742265538 0.999995138711937015 0.0003209741890254831122 -0.01728930561954539549 0.001696335560053060122 -0.0003157139995024071813 0.9999985113840611506 -0.008224303736571958456
0.9999943404599147545 0.003271881734146565943 -0.0007834781796536558797 0.05446143348008663371 -0.003272394558659645104 0.9999944317363669288 -0.0006541636746048955231 0.04417881530373547055 0.0007813334708625313063 0.0006567238220712689209 0.9999994791157787999 -0.0094970320987164316
0.9999925015316364352 0.00374341316567168526 -0.0009918358590402201903 0.08595684207159126622 -0.003744216572509932121 0.9999926628258876127 -0.0008094051204022526414 0.07592480650579758183 0.0009887986439837659867 0.0008131126993641791482 0.9999991805621541996 0.01054285455969480693
0.9999899276804673498 0.004419933820841097372 -0.0007802067886785408546 0.122686162261201534 -0.004420883782210338619 0.9999894835401201831 -0.00122008022191193795 0.09358516936932710639 0.0007748059098281787722 0.001223517136412928617 0.9999989513402596231 0.01960062252656766257
0.9999898694229011342 0.004300263975497981353 -0.001329955379007572575 0.1294295758046198896 -0.004302285798360821339 0.9999895882227889388 -0.00152111239764861979 0.08275057142009549505 0.001323400346962198956 0.001526818836041735506 0.9999979587157983296 -0.003876284158765584253
0.999978955912663281 0.006255298983481974093 -0.00172016465692120292 0.1552842244627167245 -0.006256741739298584716 0.9999800780869705363 -0.000834632843749597399 0.1322215919221997049 0.001714909509971410291 0.0008453779056705923618 0.9999981722091142444 -0.01996897136038526532
0.999967861618538123 0.008016836613583606941 -7.785087921177281207e-05 0.1312837907247078051 -0.008016957679468226378 0.9999664111092191332 -0.00170441864393342901 0.129377985898558201 6.418421849755185976e-05 0.001704987993880829021 0.9999985444471041207 0.01389677120548147085
0.9999621169790584574 0.00863942259990266824 -0.001060652582249474365 0.1893955788838984078 -0.008641364563957277048 0.9999609694947819705 -0.001840191709709536501 0.1267811843874950828 0.001044712990598325748 0.001849287483327372722 0.9999977443527416909 -0.00404026061221191609
0.9999542846464668511 0.009492868910519128636 -0.001146323261790721136 0.2573961987801787754 -0.00949501087097615569 0.9999531582378788919 -0.001877790896653313722 0.1766032371054489236 0.001128443943165883092 0.001888589404610967323 0.9999975799192355463 -0.0127553604844238902
0.9999384233208723494 0.01080476777380799842 -0.002531118314469358276 0.3007800700463838517 -0.01080799218789212611 0.9999407934143967891 -0.001263713042174634087 0.2641212604647454332 0.002517314329642766739 0.001290991533891551642 0.9999959982267054848 -0.04060928738977832159
0.9999108810412062898 0.01312439608598646619 -0.002445445312563992567 0.3448182328590729817 -0.0131339093134827771 0.9999060798296471875 -0.003915602872154650381 0.2407294649002692521 0.002393825712914050309 0.00394737217466993931 0.9999893438689088088 -0.003788790132196854371
0.9999059620849641838 0.01355958458558947054 -0.00205052500795883377 0.3643663701422070744 -0.01356811480839864928 0.9998991072080010145 -0.004204957216004314748 0.2845443213452685804 0.001993300651716496674 0.004232383549320397481 0.9999890567811245967 -0.009048885546358253346
0.9998228748860555903 0.01850908218559527488 -0.003410678998329963723 0.4256999173057478547 -0.01852055995236064068 0.9998228172526867352 -0.003364960616638418018 0.3129350567561927088 0.003347792352250170047 0.003427532282472619141 0.9999885220885381676 -0.02859930192758737208
0.999761817893943916 0.02174178955811743169 -0.001897911538263494496 0.4003749296233846677 -0.02174856640895151544 0.9997568956231241977 -0.003626225747109604065 0.3349541104050580698 0.001818609510577734066 0.003666638900152362213 0.9999916241742347056 -0.0215541256094504384
0.999710985801634755 0.02402355778921148183 -0.0009019637864285627712 0.4859444226616300155 -0.02402839322753513862 0.9996944525134517923 -0.00579982178458641074 0.4081608538276001452 0.0007623558398515330875 0.00581981829427997803 0.9999827741159319494 0.03538370266614946497
