1 0 0 -0 0 1 0 0 0 0 1 -0
0.9999997947693880507 0.0006298677892897860823 0.0001171654806293165454 0.00572028011084678694 -0.000629849362498008207 0.9999997892823483392 -0.0001572419776563187971 -0.01079090371372329674 -0.0001172644975973280955 0.0001571681487821729257 0.9999999807736050794 0.006881699948422461029
0.9999996571334978102 -0.0002765774759171101558 0.0007805368579431996336 0.0006802701461858429079 0.0002771466656244783657 0.999999695717880055 -0.0007292145589443786843 -0.01543153120420856679 -0.0007803349361176621602 0.0007294306321087232073 0.9999994295040074421 0.02418739939972638919
0.9999998580330758946 0.0005147947378447944363 -0.0001375507396159185956 -0.04366156497971528799 -0.0005147667970512339848 0.9999998468849771172 0.0002030890614130547562 -0.06356548709766789151 0.0001376552677349855312 -0.0002030182260274461493 0.9999999699173131029 0.02881680209941826776
0.9999997074447315448 -0.0007447466622282671381 -0.0001745361293356822573 -0.007938283458403371656 0.0007447824572695570028 0.9999997016141305428 0.000205111533496322052 -0.03300357597750515348 0.0001743833211266118612 -0.0002052414649371511117 0.9999999637331985491 -0.0008610653556084405316
0.9999994460521571815 0.0009676350337330105267 0.000414219531408641442 0.004860371650014094248 -0.0009676234837678772405 0.9999995314579546157 -2.808317690102256312e-05 -0.012135437784975266 -0.0004142465115952041928 2.76823527983622645e-05 0.9999999138167537938 -0.00494364112507583546
0.9999998466339212744 -0.0004576339656554564636 -0.0003119347489017506572 0.001843854105748687173 0.0004576656770498732543 0.9999998901101287974 0.0001015965469846231306 -0.001730147613475819645 0.0003118882205926008463 -0.0001017392932311706643 0.9999999461874256035 0.01672522127945293147
0.999999685172453856 -0.0001195349656595515598 0.000784452920951305495 -0.01333067995433733985 0.0001195431606657602815 0.9999999928006373384 -1.03998991992973919e-05 -0.01687454361493736024 -0.0007844516721521508067 1.049367190668503742e-05 0.9999996922626811502 0.003114270427318022259
0.9999999116898037332 0.0003237012167635962452 0.0002680259448327219581 0.005028571107212929416 -0.0003236853403637445555 0.9999999458570871802 -5.927582293714931723e-05 0.0004763491972900243672 -0.0002680451179770167863 5.918906163335190381e-05 0.9999999623242341595 0.01390199134578351016
0.9999998106586330815 0.0001219401656041274178 -0.000603169374345819396 0.007563866831095429275 -0.0001215336058372765762 0.9999997654566277205 0.0006740298749832452892 0.004706272126868736062 0.0006032514241910073675 -0.0006739564420125219307 0.9999995909351331314 0.008534682030156467633
0.9999990048948693699 -0.001410375818685303748 3.23932256893507187e-05 0.01225937849249152112 0.001410373014503435267 0.9999990016886477484 8.642724029501102582e-05 0.0004839362143872577527 -3.251508824061021555e-05 -8.638146775945706156e-05 0.9999999957405055762 -0.01466872685961332148
0.9999998352597476714 -0.0005043482381165014005 0.00027406811621216075 0.003699653328213697769 0.0005043738924021668292 0.9999998684281969918 -9.354445657457798784e-05 -0.0008966199847413715372 -0.0002740209011706755534 9.368267396656871303e-05 0.9999999580680503097 -0.003601743958868248822
0.9999997905790453112 0.000374036223476729426 0.0005281465412959009597 -0.01272679773844565855 -0.0003736484810162268746 0.9999996607677279492 -0.0007340648756942143912 -0.04801932364640398854 -0.0005284209289854282284 0.0007338673808127475729 0.9999995911049109898 0.01052211245129380975
0.9999997135499099077 -0.0006358448877118571402 0.0004106109800495498703 0.007057242687811237682 0.0006358746182791828738 0.9999997952195731621 -7.227919129236243365e-05 -0.001788429139263464926 -0.0004105649376101903154 7.254026768816284839e-05 0.9999999130871669584 0.009585390704767620187
0.9999997957208547339 0.0005815812212148334121 0.0002651820731744100362 0.01422975663458687055 -0.0005815044598769741153 0.9999997890350811325 -0.0002894518205652617119 0.006155117758122168221 -0.000265350356973575183 0.0002892975568780676849 0.999999922948052844 0.01724586962044928964
0.9999998666889116095 0.0002760204261449168564 0.0004363884547703889461 -0.01173633315301434409 -0.0002757776843999057794 0.9999998072863747201 -0.0005562138817401640189 -0.001399840063584079043 -0.0004365418970650300403 0.0005560934613931489646 0.9999997500955859486 0.01162549293447323433
0.9999999284702136837 -0.0002414464215921126528 0.0002911411906968804563 -0.01668501795710873245 0.0002414593779273144095 0.999999969860001614 -4.446756855301158896e-05 -0.01276184320062678963 -0.0002911304453865790304 4.453786414306633892e-05 0.9999999566297202991 0.008626266570828534236
0.9999999249215811847 9.470213670269463091e-05 -0.0003757503657245871696 -0.006280378668906017037 -9.460751443197917647e-05 0.9999999638150431913 0.0002518319488595113028 -0.008309150202899450235 0.0003757742011517285177 -0.0002517963811442110135 0.9999998976961608221 -0.0179841728951467307
0.9999998096632697342 -0.0006056223384160991765 0.0001178770859665552413 0.0006108591951808217549 0.0006056203159512102549 0.9999998164642112108 1.719234310038980518e-05 -0.003137052688888441066 -0.00011788747639892521 -1.712095106999103058e-05 0.9999999929047079794 -0.00585835944770678272
0.9999992972575338923 0.001090880221149762366 0.0004641818409576172161 -0.009820391281754861992 -0.001090920992610340924 0.999999401109424868 8.759097915408450678e-05 0.003968773931956915378 -0.0004640860116967819994 -8.809730331484759717e-05 0.9999998884315132175 0.01072990169694239618
0.9999999693141982116 -0.0002092030192512694248 0.000132686469988736131 -0.001080597840456356835 0.0002092370144707954684 0.9999999452791801247 -0.0002562450164570539784 0.008467215203033061008 -0.0001326328554969201444 0.0002562727715148075411 0.9999999583663952141 0.01341029150858496187
0.999999860200685986 0.0005093421739189356529 -0.0001420181617651085728 -0.004941785141656440672 -0.0005093314789219114801 0.9999998674531642706 7.533324884345554457e-05 0.007490521514926287358 0.0001420565133417905402 -7.526090399154281713e-05 0.9999999870778716327 0.002618259709667872595
0.9999999916839847902 -2.879271448508108941e-05 0.0001257100228757321119 -0.02625554001214972302 2.876286645218634915e-05 0.9999999713996232664 0.0002374309377678633442 -0.006702666723319175741 -0.0001257168555615760671 -0.0002374273200127860342 0.9999999639117693739 0.0002130143148049351348
0.9999999357257437493 8.998914721759395904e-05 -0.0003470597380233959623 -0.01070143666659129425 -8.988581091773924605e-05 0.9999999516321481652 0.0002977519813321251687 0.02050353793801553554 0.0003470865156837391226 -0.0002977207664483550484 0.9999998954466424728 -0.01698619000059734332
0.9999996860151560973 0.0007630531947341989002 0.0002138209794496801971 0.0119914086086640656 -0.0007630320545428688874 0.9999997039971496582 -9.893278930479107642e-05 0.01427951497460141009 -0.0002138964071390076339 9.87696059801325036e-05 0.9999999722464455454 0.00412298384051732001
0.9999993134446522047 0.001012610953427505942 0.0005896857479528422969 0.01114565487213842188 -0.001012668478025388575 0.9999994825213044392 9.726087109954701499e-05 0.02538683418030664857 -0.0005895869553796188574 -9.785796049344689827e-05 0.9999998214055049184 0.007188314139289549848
0.9999999627538509461 0.0001183647700222591247 -0.0002459310429275907497 -0.02605025449281881539 -0.0001183406897566392785 0.9999999882028967058 9.792695018692475814e-05 0.009482253631289154147 0.0002459426311272562213 -9.78978428902664826e-05 0.9999999649641166943 -0.00724117563800937003
0.9999997027483880085 -0.000747412844317039385 0.0001894127126687194433 -0.009022899696198507721 0.0007473930055365004621 0.9999997152115941423 0.0001047875273193689681 -0.005148165241484996615 -0.0001894909782700129875 -0.000104645930434507718 0.9999999765711988786 -0.01393115766984357948
0.9999998200533700699 0.0005924359506787097883 9.440800717897538568e-05 0.02663377542462953482 -0.0005924467244906649966 0.999999817990296469 0.000114132609928504537 -0.01013222648854916405 -9.434037373454849825e-05 -0.000114188521105334202 0.9999999890304377415 -0.01208538149980732494
0.9999998292775015285 -0.0005808758798430921659 -6.346794562591557816e-05 0.01181312015804183296 0.0005808720986417493549 0.9999998295189741482 -5.95787515488616548e-05 -0.00244704503078759265 6.350254266555382639e-05 5.954187461866377988e-05 0.9999999962110961427 -0.004474642598194875608
0.9999995949592822564 0.0006762252907218476621 0.0005939702244885321268 0.003537203392733179793 -0.0006764109401306974767 0.999999722433607019 0.0003124115058940679169 -0.000446586718115650125 -0.0005937587990609575952 -0.0003128131473126504153 0.9999997747991863362 0.002344438588364346297
0.9999998974625406989 -0.0002697769931113473902 0.0003637241840788798543 -0.002071914377842650184 0.0002697806930621039724 0.9999999635579467361 -1.012338337790543553e-05 0.0043553705513422903 -0.0003637214397680973814 1.022150810229281532e-05 0.9999999338011154038 0.0100090477899802896
0.9999999339243694774 8.616241672439161334e-05 0.0003531675163125849596 -0.002380753404980512442 -8.613418102136543111e-05 0.9999999930933053394 -7.996431721620661254e-05 -0.008841331729503557404 -0.0003531744037921864181 7.993389213773932959e-05 0.9999999344392045408 -0.0006744439673620508625
0.9999999212772802126 8.637029156865076219e-05 0.0003872797517432085656 0.01255247631768089539 -8.643823000039136035e-05 0.9999999808796385947 0.0001754113873387730534 0.01031094454570780604 -0.0003872645940056158105 -0.0001754448493061562693 0.9999999096226155348 0.003251456398059684831
0.9999998591288392635 -0.0002997466265028641674 -0.0004380573724678373318 -0.002739316536258082965 0.0002997780455551079192 0.9999999524990041966 7.165970124118390772e-05 -0.01191676576561941613 0.0004380358719059807677 -7.179101112930891813e-05 0.9999999014853080403 -0.008840433699312949534
0.9999999745152488018 -1.878124658509585339e-05 0.0002249817026909303112 0.003973497775087569961 1.869734843060263878e-05 0.9999999302952706781 0.0003729073115296460596 -1.046019218044988316e-05 -0.0002249886906728090872 -0.0003729030954649125633 0.9999999051616808021 -0.005931095794775165762
0.9999999756080024671 -0.0001532890590121082448 0.0001590171655455711874 0.01211773441834150707 0.0001533150172904271518 0.9999999749231719415 -0.0001632426448460258539 0.01624547002494515502 -0.0001589921382465221927 0.0001632670205836809802 0.999999974032689698 0.01654620746232656273
0.9999998232494718975 0.0001449522623409984297 0.0005766193428067017566 0.005140359931295778936 -0.0001445895112933397327 0.9999997916687715094 -0.0006290916362019835896 0.02076787629417350609 -0.0005767104109347770098 0.0006290081519007222717 0.9999996358768570293 0.0214660254747801732
0.9999997502767893343 -8.243501191824012325e-05 -0.0007018908945267904667 0.01290243346070545083 8.239008195906655674e-05 0.999999994555285876 -6.404141356364962681e-05 0.01217747125885023686 0.0007018961699598857138 6.398356872269411549e-05 0.9999997516239038653 0.006781448330950254864
0.999999842942606687 0.0003287793931952580004 -0.0004538930186449911764 -0.004350733544258455869 -0.0003286948625966644335 0.9999999286266170184 0.0001862966667386016051 0.00891200924079649584 0.0004539542367541735688 -0.0001861474451758917607 0.9999998796373325005 -0.01581543246925099303
0.9999996829441563095 0.0005559131735296333728 0.0005701509715492551712 0.005160409231213454982 -0.0005558869267908421062 0.9999998444279926124 -4.619215396337309816e-05 0.01160136868370100285 -0.0005701765616766273385 4.587519984648335305e-05 0.9999998363970639126 0.003067029659229740003
0.9999999350937642806 -0.0003246932712632787967 -0.0001561625650440460577 0.026236066279219733 0.000324751933475004727 0.9999998766666047256 0.000375769819037354404 -0.009123500224985502116 0.0001560405358521662722 -0.0003758205087424990455 0.999999917205144695 -0.01800901753048035625
0.9999998437402699558 -6.067004022074790889e-05 -0.0005557324732790978493 0.008380560111880928573 6.128736916771756571e-05 0.9999993810848957221 0.001110888691098792323 0.001070121377436406397 0.0005556647316663081452 -0.001110922576892872746 0.999999228543569485 -0.02309919039073288563
0.9999999511976883637 -2.264369378448822983e-05 0.000311595705845016239 0.000822706825742974086 2.265897027668979947e-05 0.9999999985416483383 -4.902320255801619899e-05 0.001420572628209671503 -0.000311594595324212343 4.903026060341232715e-05 0.9999999502524196116 -0.002430963581192841644
0.9999997506330168262 0.0006419464484572365249 0.000294344460903991933 -0.03029402849962029715 -0.0006419809842285120619 0.999999787056207734 0.0001172516745383036645 0.0008337956777502839771 -0.0002942691289291352692 -0.0001174406088462840044 0.9999999498066903802 0.01000881326999750014
0.999999855276862526 -0.0005374354395018827567 -2.468607462133653552e-05 -0.02212438220253952481 0.0005374318348622521366 0.999999844955492323 -0.0001457944243115772548 -0.0007702527098472953344 2.476442588442202304e-05 0.0001457811361293682409 0.9999999890672917058 0.004742878884092841321
0.9999998993456902241 0.0004396651933680287283 -8.946019797907990806e-05 0.001711113692128886105 -0.0004396328166429311975 0.9999998379804244664 0.0003616104411865072514 -0.002808791786204721704 8.961917100936106061e-05 -0.0003615710751500339666 0.999999930617378463 -7.7962062183621706e-05
0.9999999716617457013 0.000216610687565357054 -9.87740748561683965e-05 -0.006140380195695711342 -0.0002165849053205873482 0.9999999424958395666 0.0002609584186424964195 0.005159201792444042221 9.883059555876860249e-05 -0.0002609370182737272975 0.9999999610721921339 -0.001203192989307633708
0.9999998700058165824 -0.0001281369605402630184 -0.0004935273743938311565 -0.02219313921140179599 0.00012812220223331098 0.9999999913442917387 -2.993522495740234989e-05 0.02273769085079604957 0.000493531205930741821 2.987198925191957339e-05 0.9999998777672990391 0.0007449725310204418065
0.9999998741528670632 0.000501691068755459298 -5.67060857310054222e-07 -0.01085268844226660624 -0.0005016909497753086963 0.9999998554722219213 0.0001932918159699130055 0.02179805094568024876 6.640335530800651229e-07 -0.0001932915071553920939 0.999999981318975939 0.007813595494427861068
0.9999996162337104755 -0.0008446134636047910845 -0.0002327241475055991148 -0.02879542912396977281 0.0008445852422259299795 0.9999996359764877774 -0.0001213369705965716119 0.01903271768296217401 0.0002328265456275484561 0.0001211403686510167184 0.9999999655584047575 0.006588389016723055283
0.9999999714920456695 -7.334164354457663854e-06 -0.0002386673791456135564 -0.002918743398773758491 7.38202023429684114e-06 0.9999999798701010301 0.0002005126012166866451 5.292856358309398995e-05 0.0002386659037488905223 -0.0002005143573479050898 0.9999999514162882797 -0.01500460510209405789
0.9999997012617970471 -0.000276351125364999073 -0.0007218769785971192307 -0.001800700380198851048 0.0002764996339287545792 0.9999999406313265782 0.0002056338874553720894 0.0265472175989618156 0.000721820108584037565 -0.0002058334247449681664 0.9999997183041263726 -0.03046847174373793279
0.9999997077405837764 -4.298074523217460712e-05 -0.0007633291573919666296 0.006596380166432568894 4.297309524517762012e-05 0.9999999990262731231 -1.003827033453286361e-05 0.01729194742430967616 0.0007633295881010324817 1.000546478416519039e-05 0.9999997086138727731 -0.007125686112354573561
0.9999996376542629184 0.0006823035945254537051 -0.0005090708672785461018 0.03174801756707183731 -0.0006821327800160319156 0.9999997110203153738 0.0003356399205713837602 0.01892406533109455835 0.0005092997284916668966 -0.0003352925450277865213 0.9999998140963306525 -0.01229197272874552396
0.9999999938896654283 -0.0001021955664271588185 -4.215133850270111294e-05 -0.007575598372210649682 0.0001021944370896306749 0.999999994419196403 -2.679373112377655063e-05 -0.02424405331741711841 4.215407646800771045e-05 2.678942332772178486e-05 0.999999998752680308 -0.004518502441147356254
0.9999998588120131426 0.0004923864832691048944 0.0001998286888235699995 -0.009609385327624687598 -0.0004924698007282864555 0.9999997917465061059 0.000417109625614466191 -0.04372958492482439258 -0.0001996232680668902284 -0.0004172079763181449873 0.9999998930440219258 -0.01582777037833785552
0.9999998416727281514 -0.0004499285281949694172 -0.0003379627763127735331 0.004945470284687869186 0.0004500545542901684222 0.9999998291923029026 0.0003729158931327134332 -0.03206374348034351368 0.000337794933087231272 -0.0003730679357765822918 0.9999998733574412269 -0.01847030292054182773
0.9999996915287900912 0.0007608612888803873223 -0.0001950190344761631057 0.01808097035381588807 -0.0007607880593935646999 0.9999996401761389597 0.0003752987096564623214 0.00384647943576427653 0.0001953045145635735392 -0.0003751502257348479532 0.9999999105592233262 -0.02363381210510527228
0.9999999045219692961 4.861999148657960873e-05 -0.0004342719755283409584 0.009792225420649192449 -4.842288270686020675e-05 0.9999998958230619239 0.0004538822421931823546 0.02815140806159241449 0.0004342939980379658402 -0.0004538611701564674314 0.9999998026993612843 -0.01274987055862042765
0.9999998448294821207 -0.0003347224604757353126 0.0004453109994975348439 0.001074241096319160631 0.0003348441705320455105 0.9999999066019161775 -0.0002732682573624689148 -0.00980371210700102004 -0.0004452194888828768429 0.0002734173247515306001 0.9999998635112773426 -0.004889370912266903166
0.9999999875187712828 0.0001524721309695835803 4.140901545634305641e-05 -0.007260853670822322442 -0.0001524686150311227689 0.9999999847728722191 -8.489744790055866672e-05 0.0043837984187630177 -4.142195932064045158e-05 8.489113326567704202e-05 0.9999999955388583217 0.001000469653876753014
0.9999994949197783534 -0.00089867533246726979 -0.0004500475921178808455 0.006375643426060810179 0.0008988236086705884151 0.9999995418143321491 0.0003293740218976279788 -0.003243467754835261448 0.0004497513856039148171 -0.0003297783689381101778 0.9999998444849471646 -0.008912474102439170084
0.9999999845439562218 -6.267743785133931547e-05 -0.0001642669354744344769 -0.01009041882532750803 6.270670759076270859e-05 0.9999999821590038751 0.0001781849061986647323 -0.01355754828301264543 0.0001642557643703778704 -0.0001781952040833081929 0.9999999706332561855 -0.00611852537563974206
0.9999998913729802874 -0.000209316469601503191 -0.0004164620550075757901 -0.01976769195237089091 0.0002095036474437831189 0.9999998770493481182 0.0004494546810619026852 0.01083988761238159973 0.0004163679255362030232 -0.000449541882558531598 0.9999998122749055307 -0.0135727102782824214
0.9999997777578085723 -0.000211182181843549765 -0.0006323657323995412636 -0.02102202424459547608 0.0002112946871629322687 0.9999999618619179742 0.0001778502677867104084 0.000125156980821955439 0.0006323281494747239745 -0.0001779838437805069111 0.9999997842414080074 -0.00982308796623594313
0.9999997663763129374 0.0005173299075938214611 0.0004467852797761681064 -0.0116749029703006324 -0.0005173817243161263086 0.9999998594452533807 0.0001158689983578283563 0.000638127495471875277 -0.0004467252744801580877 -0.000116100129826553699 0.9999998934786388238 0.00108266514170059897
0.9999998456789731538 0.0002457912245458349207 -0.000498225555016839055 -0.009974874498524684968 -0.0002457503651404172886 0.9999999664356840068 8.206941540847328877e-05 0.006533854945521313552 0.0004982457102363551044 -8.194696363133862835e-05 0.9999998725179455317 -0.005497639932580946839
0.9999999950555122918 -6.119521333083178605e-05 7.838444513711287994e-05 0.02949629832081964234 6.122353034904360518e-05 0.9999999328545751132 -0.0003613066905706454669 0.01922695678576111233 -7.836232963394342487e-05 0.0003613114877566258438 0.9999999316566746677 -0.004611126378959690998
0.9999993253723312714 -0.0006952980556448992884 -0.000930492072059035274 0.02633990131827507186 0.0006953504974073539818 0.999999756673749074 5.603684932806670852e-05 0.01846350253492013219 0.0009304528833335085677 -5.668382964914725372e-05 0.9999995655220933477 -0.01057904170083566464
0.9999992681845127906 0.0001978549009237367293 -0.001193517438940293676 0.04512543703677619061 -0.0001973360496191303606 0.9999998859921378491 0.0004348266261085915411 0.01929146156428596451 0.001193603335448948678 -0.0004345907838791833499 0.9999991932206386824 -0.01311518785914475918
0.9999988684119964777 -0.001459183107553951603 -0.0003660046247455113065 0.03876699575776834661 0.001459185359784092055 0.9999989353711501439 5.886597545899100471e-06 0.02061580631072953279 0.000365995645462728874 -6.420659474725329083e-06 0.999999933002979069 -0.007540095830703261517
0.9999977274522218185 0.0005230386961252679731 -0.002066765810255169738 0.05195363615396361018 -0.0005225775469159925097 0.9999998384445023536 0.0002236597342851573303 0.03741051398262413424 0.002066882459053584562 -0.0002225791806005742205 0.9999978392253699999 -0.0140816224239972386
0.9999943914125364319 -0.002541102562988660409 -0.002181728955498927341 0.03243552994772239129 0.002540002210611969676 0.9999966456786791857 -0.0005069715575623480117 0.02496684783467924273 0.002183009904003252108 0.0005014271177981362987 0.9999974915161560229 -0.002459985028041146264
0.9999960605163261684 -0.0004304527453442034621 -0.002773745168910109193 0.01344405102576968353 0.0004215456305585187058 0.9999947558495035915 -0.003211008061823572741 0.009761607872331622138 0.002775112810208542335 0.003209826151953497353 0.9999909978419629919 0.01861941321350283826
0.9999927706842653974 -0.0006559547306689858612 -0.003745437570894130045 0.07870052975084423919 0.0006441973121375062705 0.999994864340707057 -0.00313947480224092447 0.05039906223163220789 0.003747477688951217183 0.003137039305170379738 0.999988057626374105 -0.00566632007503047215
0.9999816318049504771 0.001942969626018665628 -0.005741160313107240148 0.1638750578019240733 -0.001959230420811278791 0.9999940817483841116 -0.002828053104895619611 0.1158140527716059187 0.00573563151419234727 0.002839249414600799291 0.9999795203872402505 -0.01860296089098429154
0.999972957447810562 0.005514507111235618028 -0.004865653542877504401 0.188192742420686121 -0.005530918246326558228 0.9999790397162232614 -0.003365868620773894253 0.1720932541877030209 0.004846990450953721219 0.003392689131056691922 0.9999824980188545265 -0.004756339357273167701
0.9999370426396684275 0.009638805168117381417 -0.005744927498659141256 0.2072049485756115861 -0.009647280401932124133 0.99995241351700348 -0.001449373094166387472 0.18664090974944611 0.00573068389289381995 0.001504704771930612901 0.9999824474087878334 -0.001901238258697423916
0.9998883370637885459 0.01385989055288667018 -0.005587203027782906839 0.3080290821090455045 -0.01386598334832944701 0.999903307929480567 -0.001053231914808911525 0.2734367438629604075 0.005572065110487686018 0.001130586371987733199 0.9999838368018054702 0.0163225227363826518
0.9997549993574590399 0.02133985310529720736 -0.005878088908079977595 0.3827858206593123258 -0.02133786097709600496 0.9997722413385156104 0.0004014198336234869988 0.3559146300718112887 0.005885316362701266402 -0.0002758956415746753447 0.9999826433158256478 0.004265017147939677289
0.999571431999965454 0.02857086771186906349 -0.006376350659212656063 0.4283876254746925571 -0.02855902752918134183 0.9995902246342219799 0.001940299536966286686 0.469771403944285848 0.006429173829181012746 -0.001757365612662094767 0.9999777884483123103 -0.01420595714354440896
0.9992476082830995532 0.03833780853652623416 -0.005867689248921873282 0.4885417001289329986 -0.03832564676528464609 0.9992629434925883736 0.002171304343226582775 0.5489819168453843323 0.005946607480562629208 -0.001944787686341246545 0.9999804276386249358 0.01123012413847165533
0.9989760863086115661 0.04495267658358769597 -0.005102533831431968654 0.5874908804634150217 -0.04493807104516918394 0.9989854428118242202 0.002941907680878531623 0.6144748172109422146 0.005229603643572682328 -0.00270959739349801304 0.9999826545134151701 -0.009774897175994124929
0.9979372034972538996 0.06387977062763912361 -0.006380656756217610408 0.7770564035563433114 -0.06384888302443825214 0.9979473872616989594 0.004932787658138161266 0.6598389012735248471 0.006682665083037785808 -0.004515214514161335069 0.9999674768837629735 0.004217504880827950033
0.9972438665133419589 0.07393804151494362542 -0.006151155863268050958 0.858987962670743288 -0.07391323065477048426 0.9972559667848537313 0.004167858704582670833 0.7853416433992013168 0.006442440197195558292 -0.003701719727524129065 0.9999723957366845051 0.0202906995910114539
0.9962590474149990438 0.08638875562178026379 -0.002212090838767202285 1.024318453503524351 -0.08637826980823079537 0.996252413918768287 0.00446343656432689629 0.9150685257460513533 0.002589391568518371184 -0.004255662480462241506 0.9999875921171008653 -0.01127334491057092186
0.9949894763552170618 0.09992316648101251531 -0.003361955201793916884 1.194195442180312705 -0.09990987371053759725 0.9949887936420505063 0.003913778466092608654 1.050790945855560654 0.003736184887748716151 -0.003558275866916097135 0.9999866897090877726 -0.02272331788727057628
0.9935724066208792005 0.113187215956662604 -0.001589636931514644674 1.350287139813674653 -0.1131818772622747438 0.9935693828761255064 0.003121549381716459595 1.171787875595717621 0.001932734069029830217 -0.00292156723950367115 0.9999938644731194426 0.009288402760140090919
0.991980659205105253 0.1263633229396489976 -0.002585029720290553737 1.520096420242700974 -0.1263596491586075066 0.9919833016262463721 0.00153894743417294015 1.317042848596998716 0.002758772828347335216 -0.001199962641712390421 0.9999954746208304934 -0.004947129549685477454
0.9902175798527486084 0.1394728396319983854 -0.004058516422574162154 1.732182506223906238 -0.1394605408159343696 0.9902225501945306485 0.0031715361526294698 1.473968176159307086 0.004461177635170543963 -0.002574507958269709861 0.9999867348134575673 -0.0008356644132386768526
0.9887460364386015943 0.1495502246768231347 -0.004000715694380820378 1.913200004998457882 -0.1495380552454662337 0.9887508348351529142 0.003186949355110796789 1.574814916537357501 0.004432319974847612025 -0.00255282429866863364 0.9999869187283104699 0.002730848247020497069
0.9868254948542526384 0.1617088379911941765 -0.005068966482147849693 2.119230503788440245 -0.1616921629859451592 0.9868348764226260172 0.003545575392942506253 1.667573295301604475 0.005575583788803710125 -0.002679252037081807699 0.9999808670539330757 -0.01769727932713622762
0.9849504794633012761 0.1727500815327429051 -0.005473786207333853661 2.353792593269758093 -0.1727336033075151656 0.9849628624122421794 0.003355883949812460063 1.852239760947878233 0.005971205356952728055 -0.002359872690063228185 0.9999793876413012317 -0.02360591581462391161
0.9829566464082620803 0.1837415278646433447 -0.005939883819515597713 2.579223863734094291 -0.1837029409059070251 0.9829603198445640011 0.006499162530138086376 2.044939560422264435 0.00703283615219881756 -0.005297220878802338245 0.9999612385820849658 -0.02440858297982855668
0.9811797582805814599 0.1929633732771660337 -0.007170670398007822528 2.892709964103072018 -0.1929064757345874681 0.9811851081207885183 0.007929389740552461596 2.249720449027666103 0.008565836802134196154 -0.006396887953813768825 0.9999428514992172445 -0.0446707146025555335
0.9793516284715227949 0.2020653793098589335 -0.006322206461299138998 3.085191931802006238 -0.2020279979234154699 0.9793608423294355436 0.006085110256598324531 2.427164871605686169 0.007421311557460376351 -0.004682199925393591353 0.9999614998281812772 -0.04188251634182254407
0.9775643559453277565 0.2105377101364511172 -0.006465492687831642972 3.380960005543596658 -0.2104912875683671858 0.9775693535646413634 0.007181700983764880385 2.613578529016326701 0.007832486387327048522 -0.005659645016160499628 0.9999533091976261501 -0.03941057964606179548
0.9761609536689682676 0.2169730998366301844 -0.00569793641367192117 3.657042844847538277 -0.2169415758972823571 0.9761681054665549695 0.005672963691106635946 2.763223576084198552 0.006793024311323072294 -0.004301606341895590317 0.9999676749793391384 -0.02406779101636839432
0.9748160398291794149 0.2229063734874791869 -0.006814480935202167806 3.939591255854607343 -0.222837557712590284 0.9748083832194371912 0.00959368947771532983 2.956002610677788134 0.008781307672766615335 -0.007833560095337867638 0.999930759588777196 -0.03398317998909215071
0.9733274840950867368 0.2292615719152391318 -0.008528795230407060224 4.260175956205689118 -0.2291483568737031629 0.9733113993471353975 0.01248801197160967491 3.184145130392150858 0.01116419487516023129 -0.01020056586051611147 0.9998856480662750013 -0.05652824961386268554
0.9718421600868785148 0.2353866918062793856 -0.01076667070945396681 4.530685335014812409 -0.2351589746826447669 0.9717711520212202192 0.01900222948913478024 3.391903437465598525 0.01493561193515036654 -0.01593528850840647201 0.9997614685895213071 -0.08497265304122592067
0.9710596679863172653 0.2385482269123404275 -0.01174157771689062282 4.951229810819626209 -0.2383116018963344906 0.9710109903311814339 0.01858055590291253847 3.646515201882994717 0.01583355967261389913 -0.01524467425158095024 0.9997584199670723759 -0.07127033147805512947
0.9707045339320403698 0.2399650468418256799 -0.01222636896141575738 5.33755646748783974 -0.2396771471656674313 0.9706208312206401345 0.02121478557705874096 3.82375295241025448 0.01695797541887779022 -0.01766290731317998047 0.9997001794412856412 -0.06947550198049598502
0.9705569558324078638 0.2406426586188817884 -0.01050268242715951365 5.667086188721616402 -0.2404473403096118178 0.9705126889148960601 0.01703517517408790691 4.051449591591854471 0.01429237640713269461 -0.01400826570330756214 0.999799728179910252 -0.08588399657473509696
0.9701069477589033818 0.2423581234996909639 -0.01245190281093098289 5.974089373510723 -0.2421604694173762617 0.9701123342683963813 0.01550373993200798196 4.253908888412554212 0.01583720181914413661 -0.01202492719445350487 0.9998022725341785266 -0.09100198939179665603
0.9702817815010956748 0.2414880289177508133 -0.01538818951272806317 6.359173503830508167 -0.2412857246750904905 0.9703545888517369766 0.01389859569859524212 4.447243935845215823 0.01828834478777434033 -0.009772603736780240483 0.9997849932166051889 -0.1005925200922315466
0.9712359774833014825 0.2372593709808328843 -0.02021551196075410672 6.662047401661247648 -0.2370122187356179244 0.9714074209113751079 0.01388635187261470609 4.668399928640433849 0.02293216544671428103 -0.008695601191981257999 0.999699205915376643 -0.07385584104436904163
0.970743787323531393 0.238970127217226852 -0.02344733824016670756 7.119929280065699473 -0.2386903326237615475 0.9709930179687878971 0.01412388642772383941 4.940376629456608271 0.02614238865758927027 -0.008114022038888824701 0.9996252988803494555 -0.08337828252989674949
0.9718866499649155832 0.2338766338310063475 -0.02716725543464406853 7.548170834281762609 -0.2336216495235878265 0.9722503727486722092 0.01225306345147949422 5.283991613986584568 0.02927907945704083872 -0.00556172976199575779 0.9995558026784712169 -0.05330553412912463623
0.9716144260511818675 0.2350305080011062531 -0.02694563782830898882 7.995606893158480943 -0.2348615267509635285 0.9719841733503249426 0.00931826210685063501 5.40982657212369844 0.02838080938660671876 -0.002725264249106992224 0.9995934686628027421 -0.101686192267112202
0.9728228641569947044 0.2302791331373868489 -0.02423212361463931291 8.427799988166887246 -0.2301835868815679809 0.973124164122874058 0.006699069375171623139 5.788809667492916589 0.02512352092595977748 -0.0009391707253656489699 0.9996839133719375159 -0.1147896132325992163
0.9733630301219045045 0.2279814238127086945 -0.02426689078219006895 8.773800008921485372 -0.2279033001080566778 0.9736654400577821056 0.005974666262038639923 6.017983225217326648 0.02498994581350055116 -0.0002850147641621567215 0.9996876619098700179 -0.07058530230922929749
0.9743052499662073762 0.2237764387081044304 -0.02556140386215030591 9.150219871559890805 -0.2236684182587966307 0.9746398245091253409 0.007046357529195695565 6.160430091304240463 0.02648997096816050473 -0.001148024363512816512 0.9996484199348122379 -0.09159985246757638977
0.9755828706385299975 0.2179308583149803524 -0.02728009367251619036 9.571363897984060287 -0.2178471439067447835 0.9759642096264331546 0.006040150654210466388 6.46404019666203844 0.02794073027605620263 5.022297774227708314e-05 0.9996095803208836506 -0.07127704856253581911
0.975895389540955227 0.2160565186790475711 -0.03078586378514704819 9.968265720752150116 -0.2159690900257102419 0.9763806612183566491 0.006177099017449476891 6.712898260374322135 0.03139332454796603389 0.0006205925354667743248 0.9995069154531803779 -0.05294055319784583824
0.9772192321996568953 0.2097909757875564829 -0.03209857780678103401 10.36657983730139776 -0.2097908127961694846 0.9777403442994537786 0.003410864334494031862 6.983054595700894041 0.03209964307333736805 0.003400824501594214289 0.9994788878747132843 -0.06646425815671523629
0.9783049730266187849 0.2042635360752549922 -0.03458016167428368259 10.8474703829438095 -0.2043104842835132551 0.9789036470254355304 0.002208133179366644078 7.338135847600749884 0.03430168746902801519 0.004904861907795621603 0.9993994879758757444 -0.0641918726945770457
0.9797064871834793021 0.1976459850721448142 -0.03333561992026651266 11.25902935900754365 -0.1977305257329910193 0.9802561093613618715 0.000774114384703486957 7.667571156193450754 0.03283044568631280496 0.005833064767953427196 0.999443913979894627 -0.05051077085335096972
0.9811861213756020161 0.1900596090166321028 -0.03392845767711050176 11.68637519830673099 -0.1900772182118393994 0.9817653328972043569 0.002735367999066984357 7.928222684770374507 0.03382966651847637424 0.003765121735943808244 0.9994205208627457981 -0.05238251475960817999
0.9824522458342452857 0.1835674521697520656 -0.03302385742389017664 12.10804512359707275 -0.1834427905486430421 0.9830069239861737307 0.006791906283769127452 8.310431433012967162 0.03370945343630347979 -0.0006147350214657493596 0.9994314858207535845 -0.03906953822652281527
0.9841606393061252955 0.1744950118157630181 -0.03129419901476113153 12.52643787206483772 -0.174075612780302702 0.9846074307646438539 0.01568082645172998862 8.578183944857238785 0.03354872688673696257 -0.009984895315619701089 0.9993872046358284189 -0.0512105151202228645
0.985704128870760754 0.1661480113896490474 -0.02796799310640115527 13.00616972575715913 -0.1657865294663191935 0.9860506233654378061 0.01479847316937740916 8.915108402135386356 0.03003659392554226468 -0.009950199590790286333 0.999499272912919845 -0.01390863832594964669
0.9870288106339404344 0.1574695175007067571 -0.03126464515460698756 13.52550884155787614 -0.1571775905001473739 0.9875022186456658968 0.01160056957460729385 9.255098774478106805 0.03270064254899066741 -0.006535994796657660678 0.9994438197061910056 -0.02789113275764345395
0.9882931295266985661 0.1480883664962074076 -0.03669503834047772167 13.96617754829095404 -0.1479125161218794726 0.9889721880496747941 0.007476552596846011874 9.638995500420872276 0.03739756281923886649 -0.001961370113879013465 0.999298541639312865 -0.01490085895168065909
0.9892059958194554525 0.1394339599306241295 -0.04505184405664908187 14.38906460436891166 -0.1392561555877897539 0.9902311057817980711 0.007076741698461722595 9.952615758569324456 0.04559847547614743341 -0.000726608713514315563 0.9989595843046047419 0.002649147602529691638
0.9901331350096577166 0.1299788938709520725 -0.05236279312671056341 14.85278566692419844 -0.1296585561653114393 0.9915133506202304936 0.009483372552563450186 10.32704356299079329 0.05315104673544711333 -0.00260051724234199727 0.9985830979648105954 0.01125021788405582493
0.9914175581271679194 0.1200572989716488514 -0.0517442789185016197 15.29712607149857817 -0.119495198938148639 0.9927383878867598321 0.01383440084461201244 10.70766956408656512 0.05302945283421137135 -0.007532475000240261218 0.9985645392023867473 0.01305442112397406547
0.9927539576773981578 0.1109704200487297288 -0.04609929923622819309 15.73893911956680114 -0.1102391241361343754 0.9937398725461993321 0.01812184376826653232 11.09779296477486099 0.04782170036250049661 -0.01290858575026674303 0.9987724732832634622 0.005005654495599693235
0.9937615030668662808 0.1027197169525610465 -0.04343656030889670588 16.25358741181169364 -0.1019072512347511256 0.994582070305686794 0.02052845761939024391 11.54143974091185321 0.04530990143511673396 -0.01597389043531752609 0.9988452571125822077 0.03224072075054572328
0.9946796717674135646 0.09343138699426627169 -0.04339270096454192482 16.70241313956305618 -0.09261062448603578356 0.9954901269877778347 0.02055916589174927936 11.93328908810299716 0.04511787677824584397 -0.01643115924655496468 0.9988465318560391104 0.05608506479192952587
0.9954401725714911997 0.0836773739570618319 -0.0457925749274894836 17.18439172424722017 -0.08278864778938659075 0.9963463688857239209 0.02097505674456834335 12.38659523452041 0.04738040341791743826 -0.01708830874846887019 0.998730738025055631 0.0656982052476459133
0.9961015662097011392 0.07470196488967485726 -0.04691786691871470405 17.63764372324708418 -0.07365252811652417408 0.9970019825161863247 0.02371396130634410501 12.83044204684584422 0.04854868583829076434 -0.02016589448588766362 0.9986172248679465735 0.05833422181610463386
0.9967962498236250246 0.06553361942512710148 -0.04585391000339959777 18.12251395275858812 -0.0643605620929238037 0.9975718900024554969 0.0266090646962972438 13.21943735236769157 0.04748635998515958467 -0.02357263247860613697 0.9985936994660983279 0.07610765994975969562
0.9974153006548881484 0.05682696520133496271 -0.04397060433431960319 18.62556673980913757 -0.05572489436994137318 0.9981102507899043408 0.02589717003020262226 13.63453826180085038 0.04535916849963077951 -0.0233799763498728462 0.9986971125115469139 0.07544249535290767361
0.9979083943768781717 0.04857695414657539623 -0.04265109562487937739 19.1333845708271717 -0.0475026556786049825 0.9985365459473715122 0.02585080484187437036 14.0618915881982911 0.04384443106759387809 -0.02377069484332102259 0.9987555356197155287 0.08117028959007553668
0.9983811144373410107 0.03958843071979211564 -0.04084001087165865795 19.6094281608241694 -0.03847260822086377013 0.9988741127191769209 0.02775545633134024817 14.55403707097001309 0.04189282458293906025 -0.02613930168579929256 0.9987801200243434652 0.08215594220761311683
0.9989173428773643337 0.0306866496425534617 -0.03496386180817871725 20.09434426000852625 -0.029857499216497628 0.9992661172181173113 0.02399493113898771082 14.98772211539658983 0.03567452647706888247 -0.02292501937933950906 0.9991004812565620341 0.08980513014429251928
0.9992062358468811745 0.02239556111031437008 -0.03294445457525600751 20.56371992790746717 -0.02164524293641581845 0.9995020763848403433 0.02295828305026936106 15.4317614573937103 0.03344221438437462723 -0.02222696886547778292 0.999193464826568345 0.08474028573887967819
0.9993717208015079345 0.01555496814820041436 -0.03184661093650886093 21.05529434221928042 -0.01485074179269121886 0.9996425450034439608 0.022231457155217689 15.94464918830733069 0.0321810368142437242 -0.02174454379714451172 0.9992454932020531366 0.08013100265000906719
0.9995947709368229184 0.005293393271160897091 -0.02796915986291586761 21.555168266098228 -0.004785025656777982736 0.9998227016148326651 0.01821177819657671462 16.4587021354231311 0.02806060308019932281 -0.0180705651072167392 0.9994428734207280174 0.0954938232530538611
0.9997558282151207676 0.001233422924640342668 -0.02206269742771109488 22.08371073193375977 -0.000950611325487798575 0.9999173116298946118 0.01282443920614641415 16.99239865267707117 0.02207669105653318684 -0.0128003347898897786 0.9996743325409835901 0.09959679174194162321
