1 0 0 -0 0 1 0 0 0 0 1 -0
0.9999946920858199251 -0.003191288759112898867 -0.0006568685119533677333 0.001675241200706935069 0.003191125461551498361 0.9999948772213453907 -0.0002494982063663328921 0.004955723765189690676 0.0006576613677827778965 0.0002474007322178627274 0.9999997531371710435 -0.0009351121189226347481
0.9999994465837293012 -0.0009625424448693932098 0.0004246696090642957657 0.004246535604934375228 0.0009632675504471430172 0.9999980730303419385 -0.001710570439648101577 0.03402587061279781916 -0.0004230222940857033837 0.001710978563444671063 0.9999984468010407745 0.0238316745967510589
0.9999998517667366693 -0.0003238159210666911544 0.0004377325143335735911 0.04516345243586367131 0.000323896988155673068 0.99999993040703683 -0.0001851395757623907441 0.005449243229208126753 -0.0004376725327282322484 0.0001852813285615274896 0.9999998870567853304 0.003642136142386333871
0.9999997437041813209 0.000240650594457554926 0.0006742987935640264901 0.01247489635689317221 -0.0002400484182301851875 0.9999995724822670073 -0.0008929793054896855396 0.07390637335448312084 -0.0006745134012900427106 0.000892817212264011232 0.9999993739543524551 -0.008242484620683578761
0.9999993665337079118 0.0004213584760447377955 0.00104373809814359308 0.01568512777226696575 -0.0004217344927624593607 0.9999998462463222104 0.0003600657571024588671 -0.002405219949219492177 -0.001043586220906322307 -0.0003605057093703675731 0.9999993904815307477 0.01191133501274279673
0.9999998132494446468 0.000227023828137510957 0.0005674162997978954423 -0.02218450854885116105 -0.0002265752000878008116 0.9999996618155995165 -0.0007905898844002383352 -0.005916422633705466748 -0.0005675955906485869546 0.0007904611742954862534 0.9999995265030766634 0.02362326366203027286
0.9999989545821971193 -0.0008125562637609740849 0.001196071415540511662 -0.01148740986584776726 0.0008123675489473343491 0.9999996575069030058 0.0001582562544052423532 -0.004438358202185661329 -0.001196199598005106158 -0.0001572844393571173048 0.9999992721837985821 -0.01250251255823977246
0.9999995891791654268 0.0006929699888181296841 0.0005843236217702084357 0.03982595835469583678 -0.0006932148067307095183 0.9999996719970926096 0.0004188781910012788902 0.03927340942776678945 -0.0005840331600950046057 -0.0004192830807039560543 0.999999741553449617 -0.02541284929170846765
0.999994795312038498 0.002304904725436533741 0.002257601169580623988 0.03561485025554327749 -0.002306357700125054051 0.9999971347839717861 0.0006412004413536094485 0.02329437826218897986 -0.002256116795138349545 -0.000646403939946630984 0.999997246045684407 -0.003834687675864640981
0.9999998207708913345 0.0002626217383478343073 -0.0005380408977520078706 0.01887492667655972858 -0.0002630654221127402045 0.9999996253137279911 -0.0008247235823691641482 0.007732313073580926281 0.0005378241058145969995 0.0008248649745105821702 0.9999995151713849673 0.02423673244946903879
0.9999991666758442088 0.000726838944698895875 0.001066936158175839063 -0.003073835758591911532 -0.0007272164663661555848 0.9999996730997989802 0.0003534918758830410033 0.03311939372379570784 -0.0010666788777321625 -0.0003542674748525251544 0.9999993683451645632 -0.007627212467032448706
0.999999639826966269 -4.190788182439251591e-05 -0.000847696683433763463 -0.002110187466108860189 4.321377058683796563e-05 0.9999988124114469468 0.001540554531884794423 0.01232545813282879058 0.0008476311153416193423 -0.001540590609188600274 0.9999984540498385588 -0.03181660130148526028
0.9999984722239838586 0.001391504342018035642 -0.001057953384781733751 0.03485538159253265267 -0.00139059171733276637 0.9999986608463559135 0.0008628790010813090772 0.01334888094888453218 0.001059152667896220588 -0.0008614065015812937508 0.9999990680867983928 -0.02480628075181800021
0.9999984908529698791 0.001437330632169662873 0.0009758957098373289511 0.02763529608346864536 -0.001436557957869316832 0.9999986545185446385 -0.0007919989482673173457 0.00507304268382731318 -0.0009770327611367418154 0.0007905958222764369924 0.9999992101823028667 0.01135265440294409844
0.9999983863033057307 0.001568800025786404231 0.0008753612188929206723 -0.01796331426587323074 -0.001567264563393537622 0.999997237036860942 -0.001752027520488374807 -0.05384324814630848943 -0.0008781073811214583271 0.001750652770628817814 0.9999980820693127326 0.05714238614761720653
0.9999989793083196021 0.001333879211559825051 0.0005120044608101854055 -0.0001315319292413579314 -0.001333440713458720461 0.9999987447513271066 -0.0008558221976207827002 -0.01882074762830741876 -0.000513145381555449461 0.0008551385964966771091 0.9999995027097754452 0.03285037292997111669
0.9999978381863589005 -0.001777564757737269989 -0.001078835548506218087 0.003193012152614603093 0.001777808329965010039 0.9999983944173052031 0.0002248562952799382263 -0.008001061267139867803 0.001078434119720483603 -0.0002267737720073399646 0.9999993927765684631 0.01464388539253034562
0.9999996397588953867 -0.0005749485748084858959 -0.0006244327151634358102 0.01292079019373532783 0.0005733451813176105097 0.9999965462476183564 -0.002564910941505783599 0.03747580283670028101 0.0006259052504177976687 0.002564552002031134266 0.9999965156517528486 0.05290758863293729825
0.9999998933366522902 -1.37665093276610371e-05 -0.0004616678105073163964 0.01944496892510019087 1.355256328115118411e-05 0.9999998925291945229 -0.0004634198177825952928 -0.00271252364781833814 0.0004616741405647476382 0.0004634135115704708023 0.9999997860524297844 0.02163865350745518279
0.999995558377334115 -0.001283147467216550494 -0.002690122335729726224 0.03453731331381864472 0.00128804793139405808 0.9999975129695384268 0.001820710648138134649 -0.006930878380430565214 0.002687779405056838714 -0.001824167567738186344 0.9999947241133597675 -0.01580827236066216154
0.9999992287907804034 -0.0005547781445545682056 0.001111143129770092008 -0.02585365879983612253 0.0005573489892527372803 0.9999971657084399945 -0.002314721838823764408 -0.01324843253424660278 -0.001109855823379612191 0.002315339348189225741 0.9999967037064443343 0.0272608057392659496
0.9999907967338622639 0.00417221137816114248 0.0009995497942188417018 0.005966367576825473869 -0.004172925412210777736 0.9999910388808082029 0.0007133383389868045484 -0.05393813197008889837 -0.0009965646387995808538 -0.0007175028206813146431 0.9999992460240272329 0.003023276763419604097
0.9999963915588330199 -0.002358806498648701507 0.001285652058321916065 0.01267392928010045716 0.002359737668117864191 0.9999969542742567219 -0.0007232429383011415623 0.01501102872826625377 -0.001283942152435377411 0.0007262741301116670519 0.9999989120086266725 0.02676749825345832792
0.9999911203227156431 -0.003850108579120135616 -0.001713458388441281479 0.01326489768045435377 0.00385177656687204226 0.9999921102339510703 0.0009712296990640152195 0.03489301929886301501 0.001709705529858779197 -0.0009778209337266627332 0.9999980603847302696 -0.01469318001915617504
0.9999997181090687359 -0.0003438125149322362626 -0.0006675138483551841745 0.01594236048707575043 0.0003438497895673779713 0.9999999393309082496 5.57270323215050206e-05 0.03718691187046971325 0.0006674946482065956341 -5.595654110881941794e-05 0.9999997756598548726 0.01913104225913877382
0.999972173763578609 0.007449253438778306521 -0.000400401983224602583 0.03485821969338641357 -0.007449108537393402639 0.999972189420370472 0.0003621709939744339394 0.04026483126933408374 0.0004030887513356528869 -0.0003591782782871043344 0.9999998542552008818 -0.005722483537559978732
0.9999989832374610588 -0.001425967264489006207 1.18913741389199271e-05 -0.002819294613827079844 0.001425979283584419147 0.9999983992606776839 -0.001080767859006731687 0.02550605482030543839 -1.035021551647482166e-05 0.001080783716975634769 0.9999994158995444415 -0.003810688742757045548
0.9999999331638467215 -0.0003601965398076352964 -6.269573178714679792e-05 -0.05798575543250171493 0.000360270573691430561 0.9999992331489054864 0.001184865694809368033 -0.03256867686496864311 6.226889918544201413e-05 -0.001184888203044762037 0.9999992960810174525 -0.03136412295117836646
0.9999995349094695785 -0.0004715724525285634131 -0.0008413086630595257177 -0.07574850725335503798 0.0004720968073201646325 0.9999996943910748337 0.0006231712136470642874 0.001799195466873506179 0.0008410145355705323216 -0.0006235681029498250059 0.9999994519285357875 -0.02737114598508395835
0.9999993603028257683 0.001101429050796418627 -0.0002573868395348043246 -0.01414925105211358759 -0.001101290173331676047 0.9999992482721241638 0.000539087321929064946 0.04405928066699606183 0.0002579804124872698114 -0.0005388035194792852424 0.9999998215684211544 -0.0065845644386835862
0.999998204110745359 0.001868176892918178237 0.0003188892921539877314 0.03239182072896424486 -0.00186815200799049703 0.9999982519357883959 -7.831629736353955403e-05 0.04560677430212053268 -0.000319035043412105139 7.772042304466641733e-05 0.9999999460880869551 0.0005095213852534554149
0.9999999112011369595 -9.660453455215415382e-05 0.0004102015140052322692 0.04638823018131867787 9.675937750968125698e-05 0.9999999240743076001 -0.0003774771541527225196 0.04941803246762357937 -0.0004101650168556091264 0.0003775168114763379976 0.9999998446228458571 0.00819550458121427565
0.9999996460924653885 -0.0006945626467075893037 -0.0004747606488158958812 0.006026265887169107542 0.0006942036941658121874 0.9999994734103195837 -0.0007558176463548373731 0.00949265746578630519 0.000475285361516722361 0.0007554877982690222805 0.9999996016709266078 0.01601069495178859825
0.9999992235723030864 -0.0007423568736332940765 -0.001000880144286198222 -0.007722957974209579239 0.0007421072918199424391 0.9999996934606291132 -0.0002497106630008720778 0.0005160968437647019472 0.001001065211904114899 0.0002489677086653320406 0.9999994679416193133 0.005746320626941520474
0.9999993451884705564 0.001019698583646235814 -0.0005194587844045860841 -0.02838692349970771064 -0.001019707880906488501 0.9999994799423145286 -1.763344106686517567e-05 -0.00822039030699005073 0.0005194405334611734834 1.816312573651037798e-05 0.9999998649258073913 0.006143283966256024228
0.9999961510953033761 -0.00277107684236252861 0.0001375780250801098806 -0.07874093268118134703 0.002771115191207399516 0.9999961214376935636 -0.0002793388025678929091 -0.02183630935792413644 -0.0001368034221881997219 0.0002797189719747389023 0.9999999515210590273 -0.005471564621279195566
0.999999563710520456 0.0003248539557151540989 -0.0008758131515010184618 0.006261818510191095692 -0.0003251842474925620979 0.9999998760593897806 -0.0003770098279446098253 -0.06952579348613681376 0.0008756905698182580484 0.0003772944640997862942 0.9999995454073533629 0.002011514082674742757
0.9999799178539854339 0.006303512422675016345 0.0006554539447469528296 0.04582171163677627862 -0.00630342286746812374 0.9999801236265929427 -0.0001386069903880931989 -0.07630000282140286805 -0.0006563146275853758843 0.0001344726034783881477 0.9999997755840890346 0.004584238350296250368
0.9999845039076273867 0.005541939605645435779 0.0005280625187551473863 0.01174803362510759043 -0.00554190033949710642 0.9999846406800579901 -7.579315513941423858e-05 -0.03091788647624142683 -0.0005284744491622764056 7.286551078971594507e-05 0.9999998577026768531 0.01220910648110565787
0.9999965369074523824 0.00197586743232698852 0.001738424859529846085 0.004029329795853319775 -0.001973993923863490325 0.9999974698079452384 -0.001078761185905566028 0.01589314863304185782 -0.001740551950075559578 0.001075325809945950825 0.999997907074465564 0.009559148784379464109
0.9999963815031397418 -0.002670856639503940352 -0.0003217226105890627435 -0.01103106820703229733 0.002670885688952945921 0.9999964291376456371 8.989768826549433096e-05 0.02006905519878208685 0.0003214813579243259545 -9.075664728741986782e-05 0.9999999442064821942 -0.005580354411622871248
0.9999997418263855131 0.0006854199243924764557 -0.0002157468180777600522 0.01731269222723958931 -0.0006852793461449448566 0.999999553302103994 0.0006509898694255799624 -0.005128328625804991735 0.000216192923131223189 -0.0006508418545187370048 0.9999997648327225708 -0.03089950992008657846
0.9999938920209350268 0.002823054476038648793 0.002060651413445374006 0.03193921398432088971 -0.002824060948653330568 0.9999958943897465646 0.0004856782978427453884 0.01439369762303693151 -0.002059271856921159136 -0.0004914947365153834926 0.9999977589136603839 -0.02458782733164651194
0.9999993955446891958 0.0006678753072499444112 -0.0008734144663739682899 0.04604499459739985062 -0.0006676784653842806998 0.9999997516453938973 0.0002256426760961809043 0.007487209674023935502 0.0008735649506291007877 -0.0002250593796746683066 0.9999995931161934637 0.003489460219816015001
0.9999999745780805416 -0.0001855670008030010107 0.0001280965512534333779 0.04269441217291011781 0.0001855401147740424724 0.9999999607649828759 0.0002098687652112037722 -0.01058359511097741769 -0.0001281354909448573101 -0.0002098449928271324018 0.9999999697731870585 -0.006452786131281781738
0.9999990118948903772 0.001401272857674382751 -0.0001124438579796560383 0.04685955723651860638 -0.001401405846180542401 0.9999983082191290507 -0.001191478297719444088 -0.00567114169548923585 0.0001107740815501437743 0.001191634699893593828 0.9999992838676660112 0.03148223240314956817
0.9999980865309227029 0.001885942623785269575 0.0005197642860874551914 0.04816076959752047665 -0.001885638067818933223 0.9999980505909040751 -0.000585818631482379077 0.02567507971767795522 -0.0005208680931811326921 0.0005848374232124174199 0.9999996933307618852 0.001188943702877526829
0.9999992722777572007 0.001034894801483577601 -0.0006200296008133525426 -0.007672424843726328124 -0.001035046991798633208 0.9999994342806266534 -0.0002451859526939610787 -0.004987904009633644178 0.0006197755083827521634 0.000245827534039846148 0.9999997777235466456 -0.005325869726337997996
0.9999989892055651808 -0.001369346002896576443 -0.0003827262367250382344 -0.01965663795816659579 0.001369513089039232955 0.9999989668858016989 0.0004366477163113780739 0.01434861398368759457 0.0003821279195200984191 -0.0004371714235410326284 0.9999998314296855151 -0.02301428937857400228
0.9999960833175137731 0.001572739165914640832 0.00231513307350036902 0.07143537076433070787 -0.00156862531720971133 0.999997189625073446 -0.001777682921391425227 0.03796930903220084585 -0.00231792239866348334 0.001774044382420050933 0.9999957399920677004 0.01140383221271798128
0.99999746328191641 -0.001028560419013411185 -0.002003869555829369212 0.06242605915938489319 0.001029838312594640211 0.9999992669683500646 0.0006367855309673190042 0.007369869081276917734 0.002003213114537008566 -0.000638847577263984231 0.9999977895030521813 0.01843837132597734782
0.9999963524236200607 0.002698005618219890059 -0.0001261155785834612195 0.06699154701732189243 -0.002698003202642408963 0.9999963601961061599 1.931988822261698402e-05 0.03558754905717154832 0.0001261672447144556494 -1.89795575169248202e-05 0.9999999918608013516 -0.001103822032343423692
0.9999976229332967481 -0.002142161174394401763 0.000406538139502294932 -0.0009726875078187902394 0.002142173262480311178 0.9999977051149465668 -2.930109054528625101e-05 0.03574468727819974517 -0.0004064744388854611072 3.017189602726338575e-05 0.9999999169340901828 -0.00867434728678174484
0.9999994649880621367 0.0006979070024791987018 0.0007635112345261157877 -0.02831374251951316104 -0.0006975155272561371937 0.9999996252149113696 -0.0005128763262869820254 0.008302058250006528681 -0.0007638688883530252681 0.0005123434909506879376 0.9999995770041448795 0.003008490378292054315
0.9999953883447066927 0.002768759234167223349 0.001247902889817150036 -0.005686051711773719951 -0.002767213675239825997 0.9999954042449691327 -0.001238554567363899352 -0.00459632349335089771 -0.001251326414156577393 0.001235095641635096907 0.9999984543592861375 0.03178163754950442954
0.9999941613282747888 -0.003414167925154340359 -0.0001441066938322398637 -0.004592844423603942294 0.003414107216861588141 0.9999940839544902982 -0.0004194376374608376314 -0.04928804862391015368 0.0001455378718188891614 0.0004189431927987571198 0.9999999016526597284 -0.00959407831374086556
0.9999997471105138702 -0.0007094830534910811495 4.911929451939578471e-05 0.00430143020144121372 0.0007095063085219840493 0.999999635462957448 -0.0004750523659375416666 -0.02912921585923974876 -4.87822350104892674e-05 0.0004750870962511195557 0.999999885956265766 0.01196218145233952576
0.9999998595970702731 0.000492439663210268502 0.0001957268960759021891 -0.003694125472460677278 -0.0004924038083644702865 0.9999998619891903306 -0.0001831941315420703353 0.01939946899325991833 -0.0001958170811198955627 0.0001830977291520695458 0.9999999640654455568 -0.01076845378886452653
0.9999991989377161605 0.0009237095419971520088 0.0008653811923106041011 0.001646158562073268133 -0.0009237830614352342479 0.9999995697371154568 8.456027112735673465e-05 0.04281721903317223243 -0.000865302710839887146 -8.535962787640033402e-05 0.9999996219824048849 -0.02026674055770991134
0.9999989483320195216 0.0009926790799954850631 0.001057318825708628658 0.01713106632057229128 -0.0009928921805711424502 0.9999994868734346509 0.0002010422472224720309 0.03427236346271653883 -0.001057118712737239357 -0.0002020918393871880389 0.9999994208292900533 -0.01584185220615497852
0.999995059340567205 0.002919622686853531705 0.00116494541577912762 0.0341696695451407656 -0.002918740848493091289 0.9999954532126538176 -0.0007579616602559469509 0.03827916500031227492 -0.001167153081079113459 0.0007545577416542013699 0.9999990341976835451 0.01498246396396902061
0.9999984793779689296 0.001607870561713646042 0.0006752732829167836393 0.03229439517976586543 -0.001607649773208766385 0.999998654142238097 -0.0003273773345717964352 0.03638566718985405263 -0.0006757987544738211158 0.0003262912338144811604 0.9999997184149974627 0.01522770241182201841
0.9999998557734679494 -0.0002049654036014287944 -0.0004964294780942395992 0.03775850259096561606 0.0002046319430723217187 0.9999997534888671602 -0.0006716754965722230609 0.03261781404905368664 0.0004965670259580893609 0.0006715738143700957343 0.9999996512048394681 0.01640004705340275537
0.9999999168426270124 -0.0003841209094772672075 -0.0001369885611187230702 0.03294795814528835715 0.0003840820618616644453 0.9999998860553276359 -0.0002834965634662057121 0.03959874113019411224 0.0001370974424674421669 0.0002834439250423492827 0.9999999504319150301 0.01964623243684456705
0.9999999792391888187 0.0001850604836610494366 -8.528915163353041466e-05 -0.03448915307195974528 -0.0001851969182034568376 0.9999986989295843731 -0.001602448513988749372 0.01538706271976880181 8.499249076930860344e-05 0.001602464276008656527 0.9999987124414314588 0.05017172290800162027
0.9999994368363374075 2.803189829785940316e-05 0.00106091527501122251 -0.001660481770524718575 -2.784538726427322975e-05 0.9999999841566193926 -0.0001758163685295102382 0.02834871081656687233 -0.001060920186669299945 0.0001757867279194318848 0.9999994217735247437 0.006929229671997684352
0.9999998072537663596 -0.0006173622706410857031 6.600194542327278446e-05 0.01468220856601936894 0.0006173503905409511577 0.9999997932634603348 0.0001798653158066777107 0.03854031097687275059 -6.611297383803760124e-05 -0.0001798245348115310306 0.9999999816461054847 -0.00664561267053389703
0.9999993873781104492 0.001097561326194282675 -0.0001435358455513626515 0.05798552133865605973 -0.001097583327399782264 0.9999993859061077073 -0.0001532913785267949846 0.09502529883045515713 0.0001433675107181532724 0.0001534488271681148583 0.999999977949606933 -0.001180683712999063082
0.9999984758746507385 0.001691569172978650473 0.0004322523669879454523 0.06577368777160320923 -0.001691383042394116942 0.9999984768982148609 -0.0004306096310788756635 0.1064680392440521123 -0.0004329801146010955047 0.0004298778704522822521 0.9999998138666010838 0.0001163126780068729829
0.9999997095055329632 -0.0007614030535361969746 3.541524672935757894e-05 0.06724819250392873038 0.000761390656992677519 0.999999649332174112 0.0003487402991861230316 0.07785126843928467932 -3.568076623903975109e-05 -0.0003487132330410230635 0.9999999385629800841 0.009275482315804318284
0.9999964902942976019 -0.002536414232469190021 -0.0007655076277663504193 0.01934724129707235396 0.002536422844902999976 0.9999967832215629349 1.02800003719284485e-05 0.03646520394295994089 0.0007654790909586668213 -1.222161532716377151e-05 0.9999997069461538102 0.01230229787146776971
0.9999917960457331834 0.003918661863105008837 0.001025636598113138353 0.01071012716530443144 -0.003918065730176069003 0.999992154639808839 -0.0005825974310187118435 -0.01743616153010783473 -0.001027911553959082224 0.0005785741398093408559 0.9999993043246589997 -0.004009043166780631301
0.9999999609604444117 -0.0002372682957869377818 -0.0001475901943730610101 -0.02839075316522190681 0.0002373253546600535586 0.9999998970675231247 0.0003867061149010662621 -0.0403265182652385451 0.0001474984260804009992 -0.0003867411266994487461 0.9999999143377539257 -0.001710653662372306006
0.9999903616296941244 -0.004317160520259016865 0.0007992326044195622323 -0.07633635218501928776 0.004316936380919449145 0.9999906422367024206 0.0002819562208572713637 -0.07977508484907719355 -0.0008004423756551577555 -0.000278503266951966161 0.9999996408639022505 0.01361252923205095826
0.9999999247777818789 0.0003633146176533032842 -0.0001358194356259949886 -0.01111343820829265375 -0.0003636712348091466628 0.9999964624306169059 -0.002634932538950068587 -0.08442429908528550908 0.0001348616456473828427 0.002634981734366464122 0.9999965193357405191 0.06341345394241967859
0.9999999335897239439 -0.0002714711515145999828 0.0002431541930156365513 -0.000879650940632503253 0.0002715633907234054007 0.9999998911575643801 -0.0003793918609710066471 0.001060852052629114323 -0.0002430511726047734791 0.0003794578675526094321 0.9999998984689220105 0.01669938491766962893
0.9999998316554301603 0.0004874441139122294929 -0.0003147814277806991901 0.04338729984307006238 -0.0004870449113253520496 0.9999990787187719166 0.001267023623233185913 0.02960672803055590385 0.000315398740985778261 -0.001266870097244066984 0.999999147781532316 -0.01265195243614496839
0.9999995535813941405 0.000729835405485638306 -0.0006001477262008936752 0.08349157138255351718 -0.0007304002736516945933 0.9999992900130981743 -0.0009415353099256878328 0.06214989528956438303 0.0005994601342992029536 0.0009419732376702351926 0.9999993766667891748 0.03426904138385552384
0.9999992736852546527 0.0009640040117344422701 0.0007234122120720547873 0.03235560964695756436 -0.0009636951414173813672 0.999999444399917059 -0.0004271902757317987023 0.03008369595020577228 -0.0007238236232837497652 0.000426492816623185464 0.9999996470915576419 0.02751621289278319976
0.9999994514162017234 -0.000958649287523438004 0.0004220886627813547976 0.0314169910863422927 0.0009592959892467983925 0.9999983623460756421 -0.001534619292171632244 0.02143200252241608469 -0.0004206168098551863431 0.001535023358265651897 0.9999987333915922871 0.01309869312002189673
0.9999984670696837608 0.001613410345555187347 -0.0006802685788882658138 0.02906220408772806213 -0.001613412459360452937 0.9999986984459978689 -2.558543993191779236e-06 0.01741166008581578051 0.0006802635655006263223 3.656093872006591856e-06 0.9999997686140303932 0.02404355135085434886
0.9999963195269070404 0.002668907344275254449 0.0004877153141660976526 -0.005754618709393199971 -0.002668615801451906626 0.9999962607653367641 -0.0005974487835070709527 -0.01649247740271457541 -0.0004893080259302169969 0.000596145059818907171 0.9999997025943174744 0.007724471750088761184
0.9999930421639573463 -0.003610386382814570992 -0.0009384742087198461079 -0.02133637017804079772 0.003610333521191473084 0.9999934810418024123 -5.801520530308497696e-05 -0.02708958839849177555 0.0009386775481529337 5.462659674826155892e-05 0.9999995579501000931 -0.01915124746992796778
0.9999965208499130842 -0.002632530573529093688 -0.0001675435723809710214 -0.04279223058691127707 0.002632608498347544911 0.9999964258252216354 0.000466593266655457653 -0.007609415469769657651 0.000166314652511079979 -0.0004670327199399495989 0.99999987710992988 -0.00879450070579887444
0.9999947804457637313 0.00319041232977721953 0.0005102454258778383028 -0.02604251717538867 -0.003190500220710960552 0.9999948956296736968 0.0001715311620321317658 0.006392080417461375001 -0.0005096955662619340492 -0.000173158204859823222 0.9999998551133224556 0.002264897683598943168
0.9999993063155845352 0.0009956107378511032044 0.0006293866922013584145 0.01789109836025691569 -0.0009956600456821275598 0.999999501285744663 7.803419271546063328e-05 0.04027766811373315048 -0.0006293086866370505754 -7.866079376710852938e-05 0.9999997988915080294 0.002442381542834402407
0.9999995970233001019 -0.0006405024139098066446 -0.0006290547632512645841 -0.006580203881742101822 0.0006403189476764880282 0.9999997524186879927 -0.0002918119395094555322 -0.03643578784213265948 0.0006292415137607092158 0.0002914090262320401551 0.9999997595679195328 0.006662361650692855825
0.999999607504609811 -0.0006277930428271879474 0.000625193187449779998 -0.0219188702702249813 0.0006281062164761771734 0.9999996773145216622 -0.0005008527062843015328 -0.06507131956034363507 -0.0006248785538645224317 0.000501245197429469355 0.9999996791399710094 0.01848425423109046478
0.9999996985818909723 -0.0007729204421169361258 7.368933012898419999e-05 -0.05435925052045239431 0.0007729684175614943498 0.9999994878855582581 -0.0006532598616178749221 -0.08514052559902136885 -7.318437449058265085e-05 0.0006533166242384206429 0.9999997839106945507 0.03531605224987511421
0.9999988098077037257 -0.001542739993419044511 1.834362750042467546e-05 -0.07605755468572934774 0.00154273977627262561 0.9999988099061196678 1.184596617284193663e-05 -0.05719523561605095729 -1.836188091556157165e-05 -1.18176526300779218e-05 0.999999999761592262 0.02007179684963402572
0.9999994558844369497 0.0009627668838824069266 0.0004016351045436033877 -0.05055860219124210658 -0.000962616563834121225 0.9999994666358744677 -0.0003742957622856561131 -0.0160013134842483043 -0.0004019952498905685133 0.000373908938021239349 0.9999998492959512042 -0.001702907665235626816
0.9999990422973776827 0.001232569714384329235 0.0006294253144933716375 -0.008097137838143196251 -0.001232504817229615511 0.9999992351112911848 -0.0001034828877237109159 -0.01432170751754592575 -0.0006295523829264239877 0.0001027070188856592491 0.9999997965575120329 0.001961761578003161192
0.9999946266845646248 0.003146652222519468779 0.000919337690271778969 -0.007532093295291792875 -0.003147561142077853931 0.9999945574535739068 0.0009888994326558602551 -0.02600040537776300564 -0.0009162209641361176559 -0.0009917877905776088538 0.9999990884476461783 -0.02497629542501994537
0.9999999928213796352 5.089400905842633596e-05 0.0001084759909238399659 0.01501150298287483136 -5.087058992859022307e-05 0.9999999754031159149 -0.0002158841140159278383 0.03047392314138957711 -0.0001084869754637182547 0.0002158785942285286561 0.9999999708135038912 -0.01292617544115367417
0.9999949655474359433 -0.003135186673523327264 0.0004893713361220403037 0.05807518268325815441 0.003135478137654511624 0.9999949067899068789 -0.00059596232578336785 0.1122211845139128444 -0.0004875003905093126897 0.0005974937385648987397 0.9999997026722565741 0.01589081813129761961
0.9999974237801880772 -0.002254622730859938504 0.000262886531507923384 0.03979724906619713787 0.002254729577498798803 0.999997375330027638 -0.0004068508181812438345 0.1179400381921442836 -0.0002619685464147982379 0.0004074425080822220669 0.9999998826815347241 0.01613966828322228181
0.9999955035371431711 0.002803623559037211801 0.001064237020003631993 0.0235646735004628044 -0.00280409800526034347 0.999995969683923569 0.0004445787741009874102 0.02977585674800096657 -0.00106298629926714224 -0.0004475609999739624712 0.9999993348744182775 -0.006058915113299155435
0.999999872176708049 0.0003664585450896853643 0.0003483600182149764347 0.03561283689522802554 -0.0003662854300855244256 0.9999998094742064136 -0.0004968767800529508803 0.03661590388563389781 -0.0003485420365853308185 0.0004967491173414172873 0.9999998158793645953 -0.009381486372810301372
0.9999995724683288234 0.0005762393269937961726 -0.0007231952693676073655 0.02145413935378562634 -0.0005768619667509081866 0.9999994629169979277 -0.0008610435453138950892 -0.01724283167159817998 0.0007226987137986503121 0.0008614603610359472139 0.9999993677961078742 0.006239534733506767183
0.9999867480507054207 0.005107553577270893333 -0.0006454606342199138268 0.02983589476165199317 -0.005107479573823044475 0.9999869499841890219 0.0001162485351823257858 0.009142185792591605784 0.0006460459565701567831 -0.0001129503176576362463 0.9999997849334006927 -0.004511122555900371964
0.9999984461912989619 0.0009991088033715661738 0.001452376186382922348 0.03517268129914929292 -0.0009982120716442105871 0.9999993108131558506 -0.000618017696606623949 0.02748736169370115737 -0.001452992652345681118 0.0006165669568835335963 0.9999987543279941216 -0.006592170853340895836
0.9999992345342816336 -0.0007696481949608436398 -0.0009687995183674091154 0.0284207901126663047 0.0007697489929584981974 0.9999996983688770325 0.0001036756616165878905 0.03555368730343860806 0.0009687194323614998397 -0.0001044213147100460772 0.9999995253393125783 0.01349145246668810756
0.9999999923601086138 -6.876933417711597032e-05 -0.0001027159254899026456 0.03421312224220542791 6.870487633378078113e-05 0.9999998008201498312 -0.0006274068064545126021 0.02924752420001063696 0.0001027590513792871332 0.0006273997445762363344 0.9999997979050485597 0.01261683332900102525
0.9999933313431909054 0.003641561383172548134 0.0002762242564635264581 0.02905250405710163228 -0.003641563257252704387 0.9999933694668080575 6.28199054243694274e-06 0.007829371531948462609 -0.0002761995486952569575 -7.287836753090076597e-06 0.9999999618303476723 0.0051282315279630869
0.9999992426553619973 -0.0002280626670676077616 -0.001209411477647212877 0.04993569293121041808 0.0002254854334760228039 0.9999977046556963733 -0.00213068994880848215 0.02548305752116649878 0.001209894632463891576 0.002130415630470582945 0.9999969987376060576 0.03487901470752504535
0.999997884969408668 0.00172738872607774421 0.00111632651959117841 0.07788597829902803305 -0.001726636934646859399 0.9999982821795578847 -0.0006740644103334788272 0.1087183035590670449 -0.001117488973205705725 0.0006721354940668075682 0.9999991497257747497 0.04137329376740494363
0.9999966633660263282 0.002574683147209191805 0.000210388939088548073 0.0374651196478845705 -0.002574392586987002841 0.9999957479902872315 -0.001369855523099450375 0.07635131984507005642 -0.0002139149884421393888 0.001369309328667804321 0.9999990396157089068 0.02656873972014073271
0.9999928895486588365 0.00376557240030889499 0.0002032649054853287094 0.0155690736223346865 -0.003765497226058666606 0.9999928424246045111 -0.0003689582640329880326 0.02786640058603739173 -0.0002046527896573579943 0.0003681902471354407029 0.9999999112765848297 0.02147737437995626136
0.9999995411798577871 0.000339229200770624871 -0.000895859153755704826 0.02013592217639965931 -0.0003399415226444326863 0.9999996261321407731 -0.0007950945477461786965 -0.01690752766931085879 0.0008955890995347973085 0.0007953987226655816764 0.9999992826302610549 0.0129176709919062091
0.9999999692037704335 -4.016510688767362445e-05 -0.0002449065583846911083 -0.00566861602279605109 4.006797845358597019e-05 0.9999999205571046268 -0.0003965858565822739414 -0.03408806661440265395 0.0002449224678419179404 0.0003965760314582246352 0.9999998913702121683 0.007684558870501889509
0.9999999902366626392 -0.0001041753086068048493 9.313527672226265314e-05 -0.02010818152418225591 0.0001041879760212305355 0.9999999853222003576 -0.0001360164130536362505 -0.01061701025838892622 -9.312110580343727843e-05 0.0001360261153016393046 0.9999999864126777327 0.0001388866917003181824
0.9999986677408025937 0.0002130449592875097674 -0.001618372165211425353 0.02455057037985687585 -0.0002131323547278199447 0.9999999758384759962 -5.382979399354215417e-05 -0.005484968416352830473 0.00161836065794281731 5.417464974871338314e-05 0.9999986889860846828 -0.005694476906945725517
0.9999997616526379307 -0.0005954941637903925049 -0.0003494014426840376993 0.004698917622025887766 0.0005956639674700365573 0.9999997044543917912 0.0004860818520870641255 -0.01894603673666513111 0.0003491118805139133401 -0.0004862898620803403739 0.9999998208215163942 -0.009413869658216902914
0.9999991454958597759 -0.001303641545938171971 9.76026118173078266e-05 -0.008354795134639058513 0.001303654818491346108 0.9999991409874670056 -0.0001360457360007851955 -0.00678274059805110581 -9.742517310183325169e-05 0.0001361728598643402357 0.9999999859826438353 0.0149801566821842775
0.9999991999631016037 -0.001231652369901311585 0.0002882804129479531467 0.006264698502521795845 0.001231679285310693971 0.9999992371390549195 -9.320647116558019956e-05 0.05684266209570418976 -0.0002881653950589795651 9.356146560996546715e-05 0.9999999541034775286 0.00480706526679780706
0.9999985624204212886 -0.001695623875148852093 4.094486352343709003e-06 -0.00620149100404876908 0.001695625222802332873 0.9999984993179089621 -0.0003552703671713092312 0.07972985775703765599 -3.492075291116826421e-06 0.0003552767991562178363 0.999999936883098739 0.0004667671302428287139
0.999998248610097451 -0.001796978203668446114 -0.0005231119126373452938 0.01517247432870145671 0.00179658612584360374 0.9999981056234331644 -0.0007490179152353830744 0.07474049166790024123 0.0005244568905342442957 0.0007480767878084526677 0.9999995826629576312 0.0009807203673967196302
0.9999999754083066517 0.0002207167102057931609 -2.162220768188762834e-05 0.03815943283969117777 -0.0002207048115472492219 0.9999998250740238515 0.0005487634353037089494 0.04988311099906709428 2.17433251596888048e-05 -0.0005487586496834165415 0.9999998491955748303 -0.01614742641141153623
0.999997491280162798 0.001751124531589022971 -0.001396780675526505854 0.03990491630225786318 -0.001750480495871813017 0.9999983611047542631 0.000462175117397410531 0.02532065534966228271 0.001397587712535255889 -0.0004597289206000241234 0.999998917698367018 -0.0007801198255841480453
0.9999998606282285429 0.0003673784834452478829 -0.0003791788144784213194 0.03112255691270528549 -0.0003672083200505594038 0.9999998318950822362 0.0004487403002750626709 0.02373212012958567443 0.000379343608267540479 -0.0004486010001178967642 0.9999998274277699384 -0.009531130173428289595
0.9999981846432238752 0.001213388036045429802 -0.001469149322120913599 0.01734721663140461473 -0.001212369020103678304 0.9999990240528963126 0.0006943015295859816544 0.007225193317285969613 0.001469990345478286399 -0.0006925191180569687703 0.9999986797719562226 -0.004714537368692117182
0.9999993915714010528 0.0006623010368323947869 -0.0008821644769868730194 -0.03237286443148987281 -0.0006616633061020213858 0.9999995197277746772 0.000723011679923061504 -0.01648983246070246864 0.0008826429046930198228 -0.0007224275441577235335 0.999999349519761549 -0.008837275290027901339
0.9999997624274822305 -0.000223903517561570086 0.0006519295928123401088 -0.01856409345167463892 0.0002244482088859193071 0.9999996257369287989 -0.000835553112528230604 0.03318376198320343445 -0.0006517422655381578363 0.0008356992384532050669 0.999999438419243325 0.009866901218168550036
0.9999997239288571649 -0.000732279283798897211 -0.0001261319152368595283 -0.004568577203170963441 0.0007323133388978302159 0.9999996953648818687 0.0002701616500078040284 0.03434439165428788271 0.0001259340430330730537 -0.0002702539435079562551 0.9999999555517103955 -0.01534124027343679829
0.9999994784022006034 -0.0006098710894450211622 -0.0008193000554605928435 0.01597699226372841994 0.0006105179105644476098 0.9999995020085714614 0.000789462152334592421 0.01488581949432850673 0.0008188181773132595809 -0.0007899619379108647988 0.9999993527482551325 -0.03968141020536943703
0.9999991284018939774 0.00106632813420546365 0.00077854978163057018 0.003873904721490908313 -0.001066786416387564308 0.9999992578417546962 0.000588457884257371556 -0.01592691298999173583 -0.0007779217146256377398 -0.0005892879176901377183 0.9999995237886646349 -0.02914044050537986999
0.9999994761473213201 -0.000944900914980461009 -0.0003935318841686723831 -0.005191492829508921429 0.0009447822887396325944 0.9999995082368824395 -0.0003015168653920369929 -0.02022995705063702215 0.0003938165942061854614 0.000301144905487417782 0.9999998771101105133 0.01135729681550160311
0.9999954876314816055 -0.002810668992780782603 0.001060592517595464928 -0.001269928373987006974 0.002811337791761064821 0.9999958499662940925 -0.0006296268813135169487 -0.02425476380667939899 -0.001058818443348454518 0.000632605724031349583 0.9999992393564617332 -0.003973611637881478698
0.9999940446156764251 0.003450146440447379812 8.498658692357372306e-05 -0.01093840783177863103 -0.003450216151108614644 0.9999937000063344739 0.0008342398646884141523 -0.01228389413271723137 -8.210780180897433685e-05 -0.0008345281185642338057 0.9999996484105022621 -0.01509424025938036797
0.9999987139591560714 0.001186940362219955679 -0.001078541890967457716 -0.1112930219271478227 -0.001186466188258403177 0.9999991992707538691 0.0004401770498203143615 0.03647344232554006194 0.001079063491254372148 -0.0004388968302484085775 0.9999993214955469334 -0.02565866124940773679
0.9999997238950716349 -0.0006172347045256969299 0.0004138007974223731171 -0.04133405068303245417 0.000616613645945904309 0.9999986859202381062 0.001499314979739788719 -0.01273900865501620579 -0.000414725682893663124 -0.001499059410553130623 0.9999987904110142489 -0.03128514803481906997
0.9999999447384456674 -0.0002422406534484447256 0.0002276896380051003513 -0.007819819815984251077 0.0002422756033461229478 0.9999999588727608302 -0.00015348292582645671 -0.01913916262539381435 -0.000227652448836587805 0.0001535380809892061111 0.9999999623002093774 0.01798182609314993158
0.9999919768275797871 0.003769581191912696385 0.001355189324984475228 0.007630447126144885607 -0.003768780587657473251 0.9999927223912646879 -0.0005928384173823153871 0.03815038428981037955 -0.001357414214994823306 0.0005877262497168501748 0.9999989060016537534 0.02021310732811370733
0.9999965951907358042 0.001974297989937826882 0.001706386352104290226 0.02188788617707296269 -0.001973075263408547494 0.9999977957615983071 -0.0007179456453504879992 0.0232571296555524748 -0.001707800029466454437 0.0007145763721813736891 0.9999982863983656323 0.02455964211490246907
0.9999986984542326152 0.001504310115463809543 0.0005832160124771295804 0.005733240816675079683 -0.001504620244211525267 0.9999987267149330616 0.0005316826434515149529 0.00114307629081127635 -0.000582415454298144215 -0.0005325594700613260667 0.9999996885862761919 -0.01605627868025627861
0.999997672959230699 0.00200624361713579993 0.0007931347125438058861 -0.007966739667300668307 -0.002005818711013003172 0.9999978446079341721 -0.0005361630205078721841 -0.01992315920044800473 -0.0007942086766651561139 0.0005345708883879219829 0.9999995417331666303 0.0117348925710047975
0.9999998814850016293 -0.0002519741271698356668 -0.0004165801505802434776 -0.01900365638649059719 0.0002514255274476213855 0.9999991018836575929 -0.001316441066846782892 -0.02179655589414198832 0.0004169114855315745336 0.001316336171944693491 0.9999990467214935341 0.03584062532098238052
0.9999982779576845893 0.001827108953216916671 0.0003251992289488512796 0.009184861842732889442 -0.001826694340766679431 0.9999975242361691663 -0.001270712130103526707 -0.01504397772954146721 -0.0003275201533422493071 0.00127011590229232185 0.9999991397677019389 0.04921381041712221543
0.9999980175290276163 0.001972872627200151704 -0.0002696509064157875555 0.006653910619683013096 -0.001973093541446074156 0.9999977160465276516 -0.0008214643053966278483 -0.006207644400475922399 0.0002680296461033247909 0.0008219947233293815707 0.9999996262423219706 0.01680629788553779716
