1 0 0 -0 0 1 0 0 0 0 1 -0
0.9999996946116442853 0.0007657605844073269883 -0.0001561644823060211618 -7.22339534587489087e-05 -0.0007657596321167905225 0.9999997067870912693 6.157698016919618521e-06 0.002532449818224409219 0.0001561691518390113367 -6.038111679904087774e-06 0.9999999877873685383 -0.002619757991349344964
0.9999986197197090476 0.001595837790447782656 0.0004624504549532884676 -0.06257394659810226745 -0.001595858252962571375 0.9999987256545741499 4.388239100253784003e-05 -0.02493387931661453921 -0.0004623798364537691627 -4.462033580766490171e-05 0.9999998921069503943 0.003917947966922418618
0.9999996164109331565 0.000848432544509326609 0.0002175780414013732519 -0.04101218980302696188 -0.0008485756242947852055 0.9999994232437996455 0.0006583551306200809486 0.0132187960771213784 -0.0002170193459932633811 -0.0006585395095045533257 0.9999997596141300127 0.02076835760030404723
0.9999999225845763728 0.0003699229585842276334 -0.0001341187754470762265 0.01385001797930754397 -0.0003698518442176589754 0.9999997912226818997 0.0005298718768334583894 -0.01324830899199474707 0.0001343147592185161144 -0.0005298222317367467593 0.9999998506239629048 0.005994374388331448825
0.9999998948555034461 -0.0004475799748852010815 9.980555142611674752e-05 -0.01913612583087491437 0.0004475767349010310197 0.999999899309957474 3.248293814021900393e-05 -0.02344510943037794726 -9.982008008933187094e-05 -3.243826408197422804e-05 0.9999999944918552819 -0.0003888335126428138283
0.9999999190172412789 -0.0004006915104781460851 3.757425036229553457e-05 0.002808176056782143125 0.0004006921918782862277 0.9999999195585502765 -1.812898940169860098e-05 -0.01462207686175172501 -3.756698320761686383e-05 1.814404364230858593e-05 0.9999999991297576774 -0.0008494246118560705742
0.999999694345816037 0.0007749334482712082412 -0.0001038577167678420655 0.01121589153513466615 -0.0007748965638218547258 0.9999996368562347193 0.0003547149757038257911 -0.02104338033702831193 0.0001041325595518366264 -0.0003546343882958591636 0.9999999316954280015 0.003281573677480889833
0.999994854742310646 0.003207653338615219177 -3.806526382485184628e-05 -0.004347245670118207901 -0.003207639350884367111 0.9999947899862959844 0.0003620083680068933852 0.009793797807063712654 3.922626285453899091e-05 -0.0003618844057424090515 0.9999999337504863473 -0.01140087757392720808
0.9999999280046363292 0.0001675630192052144263 0.000340460506939438618 0.00632170548017687 -0.0001675671711564004167 0.9999999858866082114 1.216661528875219245e-05 0.02947989138583475069 -0.0003404584634595947293 -1.222366441685288345e-05 0.9999999419693066383 -0.01410168873139531001
0.999999778693492436 -0.0006065842525666709922 -0.0002732553946605041184 0.005154693007938101687 0.000606823784033717656 0.9999994310053299529 0.0008773562055151411807 0.02837865288058970259 0.0002727230487214725462 -0.0008775218292231024312 0.999999577788699856 -0.02728537260576904475
0.99999969715682413 0.0005503587640184671222 0.0005502649280097603613 0.004223706946529150012 -0.0005504666038908777315 0.9999998293154450657 0.0001958458546276442265 0.02782033125457561776 -0.0005501570486055460318 -0.0001961486977832227431 0.9999998294264406118 -0.0007000962592888143642
0.9999972962589778192 0.002265479359166820781 0.0005244787958284736389 -0.04187826604006151393 -0.002265261492316766965 0.9999973479221319073 -0.0004156189049800932279 -0.01274370861090018923 -0.0005254189809203782795 0.0004144296996344840403 0.9999997760914342004 0.0403261127539110073
0.999998984916063316 0.001363754869477932586 -0.0004127220602566733184 -0.01877726775395431591 -0.001363703764441480566 0.9999990624576049481 0.0001240804336963645925 0.001380830603742657205 0.0004128908886078994068 -0.0001235174771170873648 0.9999999071322691613 0.008697917101498472275
0.9999998755214143387 0.000412011001778706898 -0.0002814322124697306911 -0.009898142350797519903 -0.0004119165446486719386 0.9999998588467849947 0.0003356056768549106032 -0.006547656620614700912 0.0002815704459757804238 -0.0003354897084946875728 0.9999999040823651653 -0.0002246846604165774147
0.9999996708811432766 0.0006111168466031570261 0.0005336420195118579202 -0.01011906600853702473 -0.0006111660823147437895 0.9999998089962929271 9.210536107242625766e-05 0.0006401944727072544873 -0.0005335856304464433632 -9.243147466121984441e-05 0.99999985337138797 -0.0006420809746758338087
0.9999993499416819365 0.0004341031802860079386 0.001054357928955388865 -0.01231952447514438574 -0.000433741310731263765 0.9999998469663987644 -0.0003434176094924434896 -0.02694051392283188656 -0.001054506846279647681 0.0003429600676608762061 0.999999385196662538 0.01162890113297417212
0.9999999778579372611 -6.066369170932015752e-05 -0.0002015044456696672682 -0.003622804932345395201 6.070802340858578159e-05 0.9999999739562228651 0.0002200047490915388966 -0.006661037960409871284 0.0002014910941214671433 -0.0002200169771567752155 0.9999999554969334348 0.01657385557758695241
0.9999993201412902266 0.001107058420141890419 0.0003662493846858971467 0.009605410127644740254 -0.00110709562758717862 0.9999993820281269929 0.000101403331175823762 0.006445420456537553737 -0.0003661368989424685651 -0.0001018087353282842635 0.9999999277893737437 -0.002158660213854442581
0.9999998582486261389 0.0004911823456781458852 0.0002055301218455493216 0.00817081645868182431 -0.0004911861507236827849 0.9999998791976294488 1.846325581730669542e-05 0.01285847028961586806 -0.0002055210281917243316 -1.856420674949800867e-05 0.9999999787082384239 0.006590709799967279202
0.9999998696114119623 0.0004630964764354050973 -0.0002152180584790229327 0.01141998039171251977 -0.0004630233342497986444 0.9999998350804165659 0.0003397771795948402842 -0.003717406628951171882 0.0002153753725999494738 -0.0003396774843087740003 0.999999919116324465 -0.002499097024437492865
0.999999873554825669 0.000171381418929896298 -0.0004727776876204672018 -0.01244557681374111428 -0.0001713117410187577213 0.9999999744603425 0.00014741642320790691 -0.01604640075794258949 0.0004728029399816616575 -0.0001473354121990569354 0.999999877374820656 -0.005344307732271637822
0.9999994827584524071 0.000944759571288063065 0.0003767123306731616711 -0.02222916709334519722 -0.00094455929754432141 0.9999994126789742976 -0.0005314597255933786431 -0.0256960647553311633 -0.0003772142110846149129 0.0005311036235658786204 0.9999997878191674294 0.01732774837857968195
0.9999998365074939111 -0.0004759890123465604188 -0.0003168902735975420389 -0.002988401014681865437 0.0004760938451583841108 0.999999831944990647 0.0003308241846581414956 -0.01879873616490756322 0.0003167327516656331813 -0.0003309750000797121784 0.9999998950679511722 0.0001226169384889471521
0.9999992115247500202 0.001186375484627690989 0.0004116589459490036114 -0.006140664180076746588 -0.001186209221063002023 0.9999992148875233022 -0.0004038960521587823356 -1.446216011008866289e-05 -0.0004121377951250520914 0.0004034074200591196988 0.9999998337024318396 0.0123201446027335574
0.9999993936714683951 0.001100786943694140926 -3.04105271518740071e-05 0.009873431529898418768 -0.001100785227940860155 0.9999993925464629729 5.637895853393995281e-05 0.02500844252434211712 3.047256990034177094e-05 -5.634544889070785889e-05 0.9999999979483064072 0.00455764870123247668
0.9999999019376581977 0.0004286966383615907505 0.0001111029533920178744 0.005457938906325980263 -0.0004286720206042870531 0.9999998835878528558 -0.0002215052583670632728 0.01897380313592713155 -0.0001111978990179002171 0.000221457609918226158 0.999999969295776614 0.006944668058197210267
0.9999996513280905441 0.0008006937556249436915 -0.0002371354192929654725 0.02014323469978666556 -0.0008007289283835335777 0.9999996684251728496 -0.0001482657331717323549 0.01615218784618946066 0.0002370166252181174537 0.0001484555626657901005 0.9999999608920319139 0.004543771351393058149
0.9999999137920165815 0.0001741647711199975353 -0.0003769384458522715537 0.001234386159072225087 -0.0001741321827952570591 0.9999999810990436444 8.648638740775053111e-05 -0.01577587316648863813 0.0003769535016096363898 -8.642074283760355189e-05 0.9999999252187536936 0.002027919570587798353
0.9999999668110178819 0.0002549818955624382714 -3.690794059609147677e-05 -0.01520314534510587047 -0.0002549686265855997599 0.9999999030281241374 0.0003590748411828770682 -0.03811774215978178115 3.699949460076156085e-05 -0.0003590654188986197224 0.9999999348515290487 0.0009169464743203271278
0.9999995951181178677 0.0008998543425057651309 -5.075682374638870545e-06 -0.006527839682631374728 -0.000899855093244844432 0.9999995838955301197 -0.0001498985581794107127 -0.02844708633834617043 4.940793394117589934e-06 0.0001499030648668366788 0.9999999887523297604 0.00502246849281455434
0.9999996860803979093 0.0007862829354580963114 -9.797066422672569036e-05 0.0145920495373843169 -0.0007862504722604174608 0.9999996361392953226 0.0003309553927369229711 -0.01174296466064727283 9.823085315672101044e-05 -0.0003308782593625326975 0.999999940435136736 -0.003694310396088214439
0.9999995029750818887 0.00096980379908808399 -0.0002313659018304462358 0.02460427011713742923 -0.00096972514829225451 0.9999994720804999959 0.0003398115039378053607 0.0009358772127973619777 0.0002316953301753437138 -0.0003395869737095745153 0.9999999154989770433 -0.004766028700105916227
0.999999823313511782 0.000576132532185222139 0.000146438555906003965 -0.002775398181280109948 -0.0005761208376968534597 0.9999998308512502154 -7.988899486951766442e-05 0.00190350513840721494 -0.0001464845577850025417 7.980461445073162516e-05 0.9999999860867487822 0.01194339836678646495
0.9999999558044286863 2.740225324687675301e-05 0.0002960409723888405274 -0.009696086191685484787 -2.737234638675943278e-05 0.9999999945222221021 -0.0001010262854435871338 0.0165247860649050532 -0.0002960437391150494489 0.0001010181776426397483 0.9999999510767150213 0.0138323346751478022
0.9999999069817454567 0.0004310996827104984319 -1.37682256261182197e-05 -0.01880302008039429901 -0.000431094706523592699 0.9999998424922720286 0.0003594061562740412277 -0.008393650524171963542 1.392316333746146974e-05 -0.0003594001874335218364 0.999999935318823252 0.01628178086342189912
0.9999994820389230821 0.0009402434033434449098 0.0003896976110022963851 -0.01642575339571245019 -0.0009402550868864341122 0.9999995575160999239 2.979892535221141594e-05 -0.02469575104414284406 -0.0003896694203243890493 -3.01653250786126085e-05 0.999999923623895115 0.01454212932791796795
0.9999998912757460667 7.945162359234961464e-05 0.000459495305236181685 -0.03102769004316232107 -7.941351259541158561e-05 0.9999999934056786888 -8.295864343294453969e-05 -0.04032736254260278763 -0.0004595018934050332932 8.292214427712069004e-05 0.9999998909909579847 0.01020246449360015691
0.9999998561099344707 0.0002955495289907363455 -0.0004476947465957747323 -0.004710377083215369458 -0.0002952923334234229904 0.9999997914071565575 0.000574445890528804703 -0.01911187050917555544 0.0004478644304222551497 -0.0005743136070453454299 0.9999997347906312006 -0.005569124314322619965
0.9999999670579023947 -5.31768526785779191e-05 0.0002511103674247662032 -0.008480392110151516172 5.315471643012978663e-05 0.9999999947012557788 8.815931399958732524e-05 -0.03473894127746967458 -0.000251115054129044126 -8.814596339507648674e-05 0.9999999645857587938 0.009239079238279959
0.9999998627286109665 0.0003877912446268188705 0.0003523644558389400837 -0.0176145686489314196 -0.0003877806733576374476 0.9999999243610061539 -3.006877695439078547e-05 -0.03058596765529468173 -0.0003523760895948913497 2.993213270080099812e-05 0.9999999374675774266 0.005721274758273066016
0.9999998573627877363 0.0004672014444176207475 -0.0002588382014543516856 -0.01870975014296528613 -0.0004672149192815288048 0.999999889503051409 -5.200100269283577405e-05 -0.008261492908899298326 0.0002588138779099552803 5.21219283449356446e-05 0.9999999651493399755 0.01205336429524234837
0.9999999896195119753 1.781082107373771096e-05 -0.0001429816440256126843 0.003873940973970014644 -1.779273704549566202e-05 0.9999999918433357671 0.0001264782466584997412 0.01884368867095811625 0.0001429838955407830873 -0.0001264757013107962991 0.9999999817797511348 0.01233001218582444047
0.9999999573375552009 -0.0002105311954559431725 0.0002024882799235243184 0.005968725484734275534 0.0002104975276547503245 0.9999999640213225183 0.0001662773120775388807 -0.02152675932947276799 -0.0002025232791995372407 -0.0001662346817014580811 0.9999999656751754618 -0.005320059702084492352
0.9999998137810353072 0.0005998128268897208893 -0.0001125276291843822633 -0.00301321964140196033 -0.0005998230050629265115 0.9999998160166029271 -9.043850350209372765e-05 -0.01096721928243801249 0.0001124733623067105445 9.050598332143285291e-05 0.9999999895792047733 -0.008140928320920273395
0.9999999217631513337 -0.0002762423191140985922 -0.0002831322521888937497 -0.007722132096105376736 0.0002763452555919112944 0.9999998957183026116 0.0003635886185005165658 -0.003410691686629564821 0.0002830317841001820213 -0.0003636668323091032679 0.9999998938197164344 -0.01052035821513509252
0.9999999484491526314 -0.0003062855158786317498 9.638918532373746387e-05 -0.02319309010611459929 0.0003062886989190723489 0.9999999525487930363 -3.30097677323280505e-05 -0.009602937659726820674 -9.637907033622608089e-05 3.303928894877790904e-05 0.9999999948097401115 -0.005168059935559693972
0.9999998480337997098 0.0004634891504507473265 0.0002985132911922912333 -0.01070902545157492898 -0.0004634993129150610249 0.9999998920070267694 3.397531016694833091e-05 -0.01293265555412957679 -0.0002984975117673101686 -3.411366570919228329e-05 0.9999999548677456218 0.01216884063837612301
0.9999994665925137083 0.0009514830450939384954 0.0004018640356163716005 -0.01201932451887253832 -0.0009513551450692527001 0.9999994967919492161 -0.000318338242254642711 -0.01725536221493359154 -0.0004021667268352409992 0.0003179557570327680438 0.9999998685830215894 0.008447702412364456459
0.999999821897506691 0.000596624097782216486 1.564100146796859082e-05 -0.01288514674395187763 -0.0005966339200500137734 0.999999619966487785 0.0006356845487249251653 0.008367566096355721905 -1.526173080350494933e-05 -0.0006356937674599414095 0.9999997978302364032 0.0005571193840458786659
0.9999998722759496639 0.0002295648392881856077 0.000450275547685818824 -0.0135285613164775817 -0.0002295092485146107736 0.9999999660357326015 -0.0001235072406168448845 -0.01008596910183041928 -0.0004503038853123890331 0.0001234038824394034068 0.9999998909989403773 0.004821697008684152144
0.9999999357526226929 3.749318184259413898e-05 0.0003564954582354440231 0.002116697137189473606 -3.747388951303326385e-05 0.9999999978331962636 -5.412314652952334771e-05 -0.02058330531104678521 -0.0003564974867119626695 5.410978378084178294e-05 0.9999999349908345048 -0.001555188410324717229
0.9999997953071915191 0.0005887975432933372465 0.0002504057271073934854 0.0008545503014809471224 -0.000588824346013740391 0.9999998209208980082 0.0001069769207982254285 -0.008724956765488491028 -0.0002503426945168216807 -0.0001071243438892836939 0.9999999629264544332 0.001073054107664955662
0.9999989379377864918 0.001430369638226109893 -0.0002795818251874856086 0.001022401841023040095 -0.001430169570437888997 0.999998722057759637 0.0007144913206014483166 0.01431016800298959453 0.0002806034545898579272 -0.0007140907123483716031 0.9999997056680345331 -0.004977533613377126132
0.9999999972049892216 5.207353545800895406e-05 5.365042840128019224e-05 0.001812829832074745219 -5.206570820774036022e-05 0.999999988003423268 -0.0001458845961437354381 0.008339343134436695212 -5.365802448435691142e-05 0.0001458818023884330621 0.99999998791965794 -0.003827590249816997022
0.9999999462778723647 0.0001508167926395443195 -0.0002910301484850954861 0.01765311759593012758 -0.0001507537561252588116 0.9999999651772113474 0.0002166076660940668204 0.003207985134007257551 0.0002910628064240809677 -0.0002165637805694050851 0.9999999341912836348 0.003026175989575620538
0.9999998934374408899 -0.0001099767165984407618 0.0004483639466716508089 0.02177900343656973686 0.0001100238298878608107 0.9999999884291105312 -0.0001050549177339842668 0.00142138204175778853 -0.0004483523878887673902 0.0001051042372576547411 0.9999998939666121522 0.007853623337305121882
0.9999999815499687195 -0.0001906141720153967198 -2.379705287461644805e-05 0.02062259327117493476 0.0001906149239685481038 0.9999999813336852839 3.160031487706765267e-05 0.006926982381285218607 2.379102896255579292e-05 -3.160485036746647677e-05 0.9999999992175602204 0.001839263560984052016
0.9999998859980168131 0.000424618487619984517 -0.0002184103786986607456 -0.008722736694147867689 -0.0004245980348163697743 0.9999999054701135259 9.368176377840845232e-05 0.007002375586278890805 0.0002184501370611888931 -9.358901648096165692e-05 0.9999999717603164084 0.0008842833004300346134
0.9999998444360456151 0.0004806362452283271169 0.0002830489080810969079 -0.02631157968670773048 -0.0004806496442161028114 0.9999998833706346124 4.727194465429659459e-05 -0.01369876096391284617 -0.0002830261544593001377 -4.740798465744483595e-05 0.999999958824338564 0.01323709401935485412
0.9999999304452590332 -0.0003321757027834586358 0.0001696136183350404139 -0.0244698804496213812 0.0003321839689265866972 0.9999999436406061815 -4.870929265630939415e-05 -0.01726051078710546735 -0.0001695974287321889203 4.876563219330655951e-05 0.9999999844293124829 -0.006732566640939791416
0.9999998956813546114 0.0003388496685185940602 -0.0003062975381190505926 0.001255184426377943269 -0.000338817697973196484 0.9999999371491711253 0.0001044232793994995213 0.01267806871591006627 0.0003063329026616241923 -0.0001043194894793924042 0.9999999476387970709 -0.007444655971433625057
0.9999998532736124046 0.0005279655387695033264 -0.0001212647663109662306 0.0009038625644202139767 -0.0005279489569162303716 0.999999851287086905 0.0001367322308724385491 0.02567535720195583682 0.000121336938183264683 -0.000136668189203331767 0.9999999832995766225 0.004067687686480397219
0.9999999038926634665 -0.0002734516144388008047 -0.0003426935632884164332 -0.004545661630914248248 0.0002735807813660197309 0.9999998915399709309 0.0003769265213003495426 0.00450151389086124714 0.0003425904549540990636 -0.000377020239447749218 0.9999998702437512543 0.005046363019146075241
0.9999994779283812862 0.0009486752259203624481 -0.0003796818147936799944 0.003579544168218979153 -0.0009484456198145584192 0.9999993675412263139 0.0006044568252380602474 -0.004362293089120623801 0.0003802550078758348286 -0.0006040964021141378157 0.9999997452368004636 -0.004851092806952496568
0.999999860886937264 -0.0005106715220644704066 0.000132063252328800838 -0.004259236285241099415 0.0005106031544347714932 0.9999997358916127288 0.0005172051076028469536 -0.009982003914477241904 -0.0001323273393693243181 -0.0005171376037396320513 0.9999998575290768299 -0.01081637161721383036
0.9999998326045163033 0.0004997477974055029946 0.0002916214642733728308 -0.001008664241129829039 -0.0004998826609237004212 0.9999997680724914684 0.0004625713875665778433 -0.01765583721429151917 -0.0002913902276062779956 -0.0004627170866477449906 0.9999998504923053311 -0.006328377406488346936
0.9999995261397547353 0.0007752098123723723993 0.0005888718134975343436 0.0061882686838604338 -0.0007752967394536215695 0.9999996885937042501 0.0001474023754746906553 0.0139462349800686617 -0.0005887573623513059438 -0.0001478588560235389248 0.9999998157512465236 -0.002849111383199170403
0.9999995873805261892 0.0006603962459618003492 -0.0006237912917935283094 0.002075849562835965605 -0.0006601227022417128793 0.9999996859242591407 0.0004386221621471275418 -0.0002036413674356171537 0.0006240807603050877155 -0.0004382102023699167436 0.9999997092474692817 0.01938260899558737552
0.9999996428712862873 0.000837002149507478331 0.0001169816293848382159 -0.02469235984813859808 -0.0008370287813912768472 0.9999996237459566339 0.0002277954442315583414 -0.00584279757624863675 -0.0001167909200935795985 -0.0002278932798699421169 0.9999999672122664718 0.003482570071838360717
0.9999989437555693028 0.001394263384083202061 0.0004105086617340376496 -0.000588466357768376502 -0.001394429209921613927 0.9999989461979051919 0.0004039433840251838094 -0.003783796989352986983 -0.0004099450256695359339 -0.0004045153826311073393 0.9999998341561767701 0.008256615469503899435
0.9999998254587095792 0.0005897294369486896781 3.607965362941433098e-05 -0.02025635718855862966 -0.0005897198932974268568 0.9999997912784406306 -0.000263957425477208418 -0.01395730230399644042 -3.623530956275401255e-05 0.0002639361025162452641 0.9999999645123673897 0.02664012583965041578
0.9999996276879168366 0.0003649935848831933438 -0.0007819230849904109911 -0.0014168293598124384 -0.00036442332482950233 0.999999667641807144 0.0007293229158636045954 0.006460753300048998303 0.0007821890232974491224 -0.0007290376933174955165 0.9999994283420233776 0.001002622872715874715
0.9999999604560726452 0.0001938550678610041897 -0.0002037352837200320874 -0.007799382502798287049 -0.0001938440546963053829 0.999999979750209711 5.407460279429275021e-05 -0.003013092724180601971 0.0002037457622302173881 -5.403510778253552138e-05 0.9999999777839355675 0.001164050457768911343
0.9999998938227916412 0.0004513495932715897102 9.294057270231642555e-05 0.001377473669659525684 -0.0004513895877719670681 0.9999998053496371719 0.0004307529779460914695 -0.002418763579133142039 -9.274613443005410695e-05 -0.0004307948846167312896 0.9999999029069562839 0.0191103848510524553
0.9999990249175749746 0.001376859860558940756 0.0002332827116346664444 0.01626708736065666031 -0.001376786195626567965 0.999999002414377447 -0.0003156422363035429608 0.05473426321773150471 -0.00023371707404066608 0.0003153207481092774444 0.9999999229745746288 0.009152941392693965394
0.9999997894520614716 0.0006481745181105897551 -3.107453625923302457e-05 0.01081474160712421646 -0.0006481716946567208293 0.9999997858157619879 9.078482439765240143e-05 0.01162571415799478272 3.113337401336840725e-05 -9.076466364826504558e-05 0.999999995396244401 0.0005069300692718204304
0.9999997021895130622 0.0007308303320967227557 0.0002480078849604262412 0.008326846780659986902 -0.0007309079661234023492 0.9999996838758170581 0.0003130843512808598552 -0.01228356329858149368 -0.000247778995018749454 -0.0003132655289798087577 0.9999999202351358418 0.002332294132733304329
0.9999997860597192867 0.0006279984232986960627 0.0001830259434095921902 -0.009892435028713770714 -0.0006281008483104957765 0.9999996458880234806 0.000560101019441816019 -0.0204264505339669146 -0.0001826741360408064882 -0.0005602158583639683118 0.9999998263941609622 -0.007574840465776198212
0.9999998881360061542 5.72734875624050869e-05 -0.0004695186075931878796 0.004965169997617484461 -5.705665695667250405e-05 0.9999998917356649475 0.0004618151104384359798 -0.009183252595611705177 0.0004695450065230547519 -0.0004617882696158221584 0.9999997831395168735 -0.01787273787776651537
0.9999997134018564493 0.0003647762726647255744 -0.000663426315328671432 -0.004494292693910794702 -0.0003642972300842954462 0.9999996729648239491 0.0007220510877819808241 1.248732453803310769e-05 0.0006636894854694158283 -0.0007218091964744295132 0.9999995192537598498 -0.0145182276144092421
0.9999998477491306437 0.0005458432016971264062 -8.097477795883949354e-05 0.007459470970897169248 -0.00054584743425547806 0.9999998496598707654 -5.225719476890909474e-05 -0.01241301205478979701 8.0946241550579093e-05 5.230138668749002471e-05 0.9999999953561354848 -0.01109706960420495103
0.9999999705177042841 5.318598133000291482e-06 -0.0002427680028716530604 -0.03086577415557442694 -5.353801643142857633e-06 0.9999999894719451277 -0.0001450084357162550867 -0.01481909404531923762 0.0002427672290741837095 0.0001450097311728045738 0.9999999600181244119 0.0006277777705165383127
0.999999934098061094 0.0002148741125270902557 0.0002926311487088886385 -0.003889283555684458406 -0.0002149794364071600189 0.9999999121148177572 0.0003599363815629507139 -0.006907946097353527895 -0.0002925537819804218515 -0.0003599992675218458829 0.9999998924064003036 0.02615449875849754427
0.9999999188355119806 0.0003477938599504726432 0.0002033922330882779203 -0.00368415422629583952 -0.0003478274297145213874 0.9999999258893791376 0.0001650373150245326769 -0.0002078238129125773326 -0.0002033348190499479019 -0.000165108047026994297 0.9999999656971415574 0.0106937343581921078
0.9999999692642672633 0.0002407859046698065215 5.910678958726234652e-05 -0.004168805969161158698 -0.0002408037833313371511 0.9999999252051831045 0.0003026601496750842358 -0.004464986325236743568 -5.903390886841634069e-05 -0.0003026743735111593484 0.9999999524516094418 -0.003662718797586135729
0.9999991734277567934 0.001263926620067820725 0.0002358671284743499297 0.04030053183633140051 -0.001263998693755533824 0.9999991544360544715 0.0003056705388378673028 0.01704999101536387035 -0.0002354805839025910343 -0.0003059684219213845984 0.9999999254661069426 -0.001317521298160628665
0.9999994551393981412 0.0009497623699892831801 0.0004332116658438588054 0.02789081961056416592 -0.0009496880876506235943 0.9999995343156002914 -0.0001716424155384538601 0.01322199755934610685 -0.0004333744836113135267 0.0001712309060587888948 0.9999998914332609568 0.01443484955448324884
0.9999998195306810667 0.0005997514505372775542 -3.516820995033011047e-05 0.02054105010584199309 -0.0005997496673617253504 0.9999998188652702291 5.06928317380412962e-05 0.003261523339481499448 3.519860667950911739e-05 -5.067173046732350667e-05 0.9999999980967169133 -0.002311301605041656514
0.9999998626116872735 -0.0002009223544132059482 -0.0004841557746519864393 0.007203999246447262764 0.0002011542891778212209 0.9999998650245854881 0.0004790488104432451591 0.01371120481733779581 0.0004840594576879750388 -0.0004791461346382508619 0.9999997680526846455 -0.005565954342629836522
0.9999998011651773933 0.0005941888392157455585 0.0002112089698386826172 -0.0003603168537149124676 -0.000594201784459305821 0.9999998215873208141 6.123369847017791009e-05 -0.008319685814932064813 -0.000211172547776100199 -6.13591870415905558e-05 0.9999999758206022937 0.01001421567734107898
0.9999996389328998925 0.0006782389489446709503 0.0005119824197588470575 0.004625405985948675969 -0.000678097205202827613 0.9999997317343157777 -0.000276975588890551825 -0.009400084731698742785 -0.0005121701380438051709 0.0002766283150358649708 0.9999998305792481279 0.02335800666872314343
0.9999998847858887485 0.000454026484603829402 0.0001558465928326762176 -0.00844548308804751735 -0.0004540490038174828315 0.9999998864809094279 0.0001444910732904991133 -0.01325322929601439881 -0.0001557809723670281258 -0.0001445618186333361686 0.9999999774170843514 -0.003466106238905182144
0.9999997914430738266 -0.0004617710656683839056 -0.0004515321601978921555 -0.01271636022356804029 0.0004620205923780859266 0.9999997405440840259 0.0005526741688463099409 -0.01571782309946813741 0.0004512768341052888197 -0.0005528826707384144456 0.9999997453349532828 -0.002386325867388996904
0.9999998716286589984 0.0004480349662978997554 -0.0002366586879052352127 0.007929370991957045839 -0.0004479578001698106401 0.9999998465231928479 0.0003260174843170629685 -0.009552348826090040559 0.0002368047188161834335 -0.0003259114293605584094 0.9999999188526293992 -0.004576703333104657247
0.9999995349178192328 0.0004821483316872985096 -0.0008352826655778229073 0.004301868629911028211 -0.0004818021516480371514 0.9999997979874757359 0.0004145982325571641899 0.008784717760872388578 0.000835482394686423214 -0.0004141955987493798979 0.9999995652054924911 -0.003362993571457750363
0.9999998658332025503 -0.00051794615674450662 -8.08428032615750899e-06 0.01791829313548095465 0.0005179469479505220382 0.9999998610461696691 9.817637473748517293e-05 0.00439277286088425676 8.033429126851645058e-06 -9.818054879379553492e-05 0.9999999951480219584 0.005174686733446423777
0.9999999297582892188 3.038047694885198527e-05 -0.0003735778944426600113 0.001784915212974126164 -3.034339341437089193e-05 0.9999999946122599681 9.927113647950347182e-05 -0.003970524609964601846 0.0003735809083343949889 -9.925979388549910755e-05 0.9999999252923962301 -0.0006207985866311650737
0.9999998109630710008 -2.836818240600089749e-05 -0.0006142223281864345056 -0.003976817652455002031 2.842043457120976599e-05 0.9999999959783776315 8.506188132050521318e-05 -0.003021644173589259699 0.0006142199126652991793 -8.507932170615836568e-05 0.9999998077476854874 0.006261526652211859938
0.9999998638790990046 0.0002650703319795457498 0.0004494212973813390961 -0.006535238345864014149 -0.0002650727519840452226 0.9999999648540388586 5.325156423808166273e-06 -0.036601217027806561 -0.0004494198700450142254 -5.444285039065322498e-06 0.9999998989960650064 -0.006328481774918045914
0.9999999970441991737 3.613248485872796805e-05 -6.786785114101715583e-05 0.002986665196804020889 -3.610811720943508355e-05 0.9999999349031281071 0.0003590124558028651484 -0.02815785960965925053 6.788081873515644754e-05 -0.0003590100041613719238 0.9999999332520034256 0.006049299914322536255
0.9999997493204610954 0.0004828008541894383918 -0.0005179404889919818258 -0.002458522299718067516 -0.0004825355524715678707 0.9999997523914090358 0.000512227060163338477 -0.0114714725238866163 0.0005181876644076578286 -0.0005119770070584871982 0.999999734680509178 -0.005486113946095144862
0.9999999942467248104 -0.0001060973094779500865 1.580858529014529361e-05 0.01227942539552006121 0.0001060923570303512063 0.9999999454039724123 0.0003129480212177097854 0.005072137275813837047 -1.584178737012351712e-05 -0.0003129463422471586006 0.9999999509068111525 0.001545620920379048302
0.9999998931201860008 0.0004121468772222871137 -0.0002095103056580505921 0.01662831133305356715 -0.000412031757968726669 0.9999997642964749689 0.000549214734890905742 0.001675226479151647975 0.000209736613413617995 -0.0005491283512913937249 0.9999998272342884853 -0.01238276015110685233
0.9999998720857410373 0.0002175931644213434856 0.0004565979811240289637 0.02105886817766330216 -0.0002174988973985942612 0.9999999550270854964 -0.0002064946891532105911 0.003677462091948727543 -0.0004566428924223267885 0.0002063953531821670568 0.9999998744391056515 0.008067803244399910159
0.9999998895393874543 0.0004681594927447442055 -4.180792121331637162e-05 0.02275408124924884964 -0.000468144230943118723 0.999999824058707909 0.0003643124100507603188 0.004346752864731616775 4.197847017068357219e-05 -0.0003642927976714626292 0.9999999327642805635 0.005380911298007710897
0.9999998517861630187 0.0005429719210922380208 4.011414736619966966e-05 0.02290437569333441878 -0.0005429776565387972207 0.9999998423479733445 0.0001431058805534371654 0.002021772997892131146 -4.003643856724339482e-05 -0.000143127640428895327 0.9999999889557810162 0.003917689050593347461
0.9999999152591472207 0.0001855963229838955726 -0.0003674720442288124879 0.01776114379069778509 -0.000185480936214399211 0.9999999334970569587 0.0003140106749580975345 0.02419243602654573555 0.0003675302990174752495 -0.0003139424892897862561 0.9999998831807895838 -0.001532985309906468273
0.9999999936820065383 9.461601801204821291e-06 -0.0001120110042195760999 0.02242357368244759716 -9.429971496998215062e-06 0.9999999600855011828 0.0002823828459205442458 0.01926762008882748969 0.0001120136715427552551 -0.0002823817878758746818 0.9999999538567305724 0.002751775708068847186
0.9999997592027347615 0.0006907571492187348757 -6.670107483163573105e-05 -0.0250024351860151095 -0.0006907385795911139123 0.999999722791512502 0.0002780235833542474126 -0.02627326033062451702 6.689310311937565312e-05 -0.0002779774434012447014 0.9999999591269260746 -0.006005716330264864421
0.9999997017621417017 -0.0005303142560546703511 0.0005614645289987197372 -0.0545665886805097658 0.0005301422955503777307 0.9999998125414593098 0.0003063759008071286578 -0.04632983991054636513 -0.0005616268992553229492 -0.0003060781533399355224 0.9999997954456740779 -0.003813774253444120969
0.9999995376702112138 0.0006623752101572195211 0.0006970785069168543681 -0.01436059965578819798 -0.0006627267612663284959 0.9999996532823983708 0.0005042105938700976826 -0.04279315907150462589 -0.0006967442886294042403 -0.0005046723333397355434 0.9999996299265476729 0.001063207102457119652
0.9999999769687346607 -0.0001413293594192545192 0.000161519479692889302 0.0007231623137624001345 0.0001412924754856881781 0.999999963947601378 0.0002283445473858551568 -0.01381256614485260048 -0.000161551745658302016 -0.0002283217206396886544 0.9999999608851120048 0.003677442788144506206
0.9999994929498468021 0.000810690844294514705 0.0005973946804075679681 0.02788930704010338102 -0.0008110443763434314847 0.9999994959984541687 0.0005917853133970798259 -0.01168317793800852447 -0.0005969146243843481909 -0.0005922695269282666217 0.9999996464548068786 -0.008483008433178604313
0.9999992311314300775 0.001235045394196102563 -0.0001113526965401671247 0.02429150310180866815 -0.001234968438833836373 0.9999990003851852993 0.0006885358270673880938 0.02182209764405107152 0.0001122029582323452588 -0.0006883977806080212453 0.9999997567594662851 -0.0001983029867624090334
0.9999996752123552213 0.0008053356677599491286 -3.177493259531476616e-05 -0.008175097649985436227 -0.0008053217745542581981 0.9999995811791081435 0.0004348545133563092653 0.001933766065886458572 3.212512313720215762e-05 -0.0004348287830758319934 0.9999999049459483702 0.001790319425355049428
0.9999996896938859736 0.0007379248620770076979 0.0002758242733703488532 0.0004069140065679013071 -0.0007380140213563582494 0.9999996754110729302 0.000323284786506480566 0.01982502340222699194 -0.0002755856239593579347 -0.0003234882483704052737 0.9999999097039544704 0.0006510951654267799942
0.9999992113508511249 0.0008396885931695895113 0.0009339275893705005147 0.008676456085905621951 -0.0008397909978122681217 0.9999996414063069272 0.0001092626991813114518 0.00101562302174942453 -0.0009338355078277939692 -0.000110046916993554545 0.9999995579203624363 -0.009543239443023342206
0.9999995315720062727 0.0009660719123805426318 -5.967267506498111549e-05 -0.003464163544505362378 -0.0009660382452503866318 0.9999993756470576534 0.0005616721495788721142 0.005691889638323216656 6.021525349579988422e-05 -0.0005616142403896096872 0.9999998404817713737 -0.003993726367949125555
0.9999999891183348755 -9.983694237600302215e-05 0.000108609001261158878 -0.02259291652596938718 9.979477928365870776e-05 0.9999999196917992439 0.000388146102711545832 -0.001275892367620400309 -0.0001086477438590493811 -0.0003881352598765624453 0.9999999187733406014 -0.002389694836586689613
0.9999990584303564134 0.001358228540768862151 -0.00019584083220890557 -0.03902928652052096992 -0.001358225461761543296 0.9999990774856952758 1.585412954819821968e-05 -0.01759191675713965217 0.0001958621850741788719 -1.558811861565904348e-05 0.9999999806975072847 0.01026319334610177082
0.9999993816228504029 0.0005878068667251524397 0.0009440534964392145343 -0.01476520843976425641 -0.0005873752378031623679 0.9999997228784544001 -0.0004574203147345658779 0.002424559078387100806 -0.0009443221096236313963 0.0004568655182293251049 0.9999994497646743641 0.01035092037594998945
0.9999998341771806354 0.0001991839893336774749 -0.0005403437328549039187 -0.02469757955597596394 -0.000199139673672194613 0.9999999768042481252 8.2066396729009111e-05 -0.01620960820254328805 0.0005403600666335199197 -8.195877924586686576e-05 0.9999998506468672499 0.003656335745801262468
0.9999985656064359629 0.00165664559970892097 -0.0003525768393541052698 -0.02029239403566382091 -0.001656546481409773217 0.9999985883801659758 0.0002812319866424121441 0.007813599859448541046 0.000353042243382801406 -0.0002806475233224181402 0.9999998982990658813 -0.01069892587071046008
0.9999999960054657411 8.545600657146002691e-05 -2.619807952009527361e-05 0.0235360073194095902 -8.549208845099559269e-05 0.9999990436226654511 -0.001380378519567718306 0.02505217214345208457 2.608009282901040633e-05 0.001380380753782280579 0.9999990469339475885 0.001645507782915121234
0.999999710422201038 -0.0004318875670615900607 -0.0006266008645943418106 0.003982468658891072204 0.0004308635937894915056 0.9999985732004124106 -0.001633387187090715349 -0.009850850003834107915 0.0006273054101787741777 0.001633116734597663726 0.9999984697076559348 0.001334665474853427049
0.9999991971930315415 -0.00011856931980809992 0.001261568313180718142 0.00547231127743871143 0.0001214514037067766263 0.999997382709517213 -0.002284693343087305061 -0.03362496594950405149 -0.001261294116754316545 0.00228484472816207736 0.9999965943050601602 0.008943126777479000478
0.9999921624069841863 -0.001024998649037903555 -0.00382419957288805375 -0.0155494643895861262 0.001011318699705333153 0.9999930896035629235 -0.003577426394526740574 -0.02363103224809947819 0.003827840003374359274 0.00357353087157516458 0.9999862886650089377 -0.01933675437197941369
0.9999983925440222299 0.0008442192388586577901 -0.001581835404964099766 -0.01916068946620956212 -0.0008493065660618078633 0.9999944609681902241 -0.003218184471982663258 -0.02880197867122025537 0.001579109789882049072 0.003219522762088652002 0.9999935705220589499 0.02125941572656213016
0.9999949259874013618 -0.0005081407859006379941 -0.003144804030984558844 0.05137373982212373874 0.0004977291607243272166 0.9999943959601118593 -0.003310636502800316187 0.04885904496403659786 0.003146468676811689513 0.003309054443918010499 0.999989574892435118 0.003594013535545504713
0.9999955351217929556 0.0003099839289468526039 -0.002972145091114510723 0.1147383035351276226 -0.000319982332802758564 0.9999942900330464068 -0.003364151098006107257 0.09440587360769038539 0.002971085287489323625 0.003365087111400872147 0.9999899243697143447 -0.008445362223186845402
0.9999942521213072144 -0.001000266222656632804 -0.003239628347712999491 0.1793492282117882808 0.0009915498322100638716 0.9999958875522667601 -0.002691042081507179738 0.1886439611421174556 0.003242306783408630856 0.002687814360779131571 0.9999911315110170396 -0.003916827977911463941
0.9999967468541038906 0.0003922129033383768841 -0.002520406762354644031 0.2825464375470130296 -0.0004016052983095450089 0.999992973641059546 -0.003727114392606815235 0.2614403659956814896 0.002518927230715059702 0.003728114476469579757 0.9999898780328012604 -0.006394268122807755979
0.9999991001362309451 -0.0009008381819150109923 -0.0009940911921379079128 0.271684410680778532 0.0008966486281295600819 0.9999907490284227762 -0.004206884691982139268 0.2591638454781173273 0.0009978717181860037241 0.004205989555855355923 0.9999906569082983587 0.01204475429039438342
0.9999997474303944367 9.949107124330833121e-05 -0.0007037333828792157516 0.3194431911950015301 -0.0001017946147208196385 0.9999946351342802187 -0.003274040395943923244 0.3137607275076981228 0.0007034038696578274281 0.003274111205289407991 0.9999943926936848415 0.01081329996520301838
0.9999992517351193877 -0.001220025549157356974 -8.981570476816451583e-05 0.3926436629315357973 0.001219732255061132436 0.9999941483115910579 -0.003196184569381922171 0.4079641406654087032 9.371460602914145227e-05 0.003196072626677139324 0.9999948881556033342 -0.001925269613287923553
0.9999977520301587264 -0.001256307493498278827 -0.001708106001076821175 0.4936432424518014672 0.001251005925638187539 0.9999944084343219686 -0.003101303639524668598 0.4946965466318024029 0.00171199264109187085 0.003099159817158657782 0.9999937321251691769 -0.002727203963070742605
0.9999982122311482646 -0.0003715078762927227708 -0.001854054045886852639 0.5964119635322845392 0.0003678637789184391999 0.9999980008797483277 -0.001965429405259534572 0.6344658718645028728 0.001854780511914221617 0.001964743852198416133 0.9999963497787618394 -0.002080071675678869803
0.999993841884320056 -0.003257178242631366717 -0.001306515722529110607 0.68176699633444382 0.003254761400109994294 0.9999929962079742163 -0.001847718384066710006 0.7269938873339971686 0.00131252492008378718 0.001843454608660844178 0.9999974394734418848 -0.006743971526750834437
