1 0 0 -0 0 1 0 0 0 0 1 -0
0.9999998297362977517 0.0003746514401990157358 -0.0004473965510307471513 -0.005339559837835852578 -0.000374501981253308816 0.9999998740624665983 0.0003341007586558940637 -0.003234815890690205878 0.0004475216660171336827 -0.0003339331508758915492 0.9999998441064924526 -0.002498582199927787927
0.9999994632384220372 0.0008805289213986552867 0.0005460693055813161572 -0.02150595909887900725 -0.0008804874112253939077 0.9999996094636951494 -7.625205471049164489e-05 -0.02550414813581129009 -0.0005461362344609119656 7.577120663212653321e-05 0.9999998479969572918 0.006008624757674481918
0.9999997862600796816 0.0004437141907853068786 -0.0004802056975672487973 0.00659142332823410039 -0.000443449204237885016 0.9999997494431951406 0.0005517846955596649198 -0.0008945011792846674272 0.0004804504119480950439 -0.0005515716307868144324 0.9999997324680330868 0.006916462938639034511
0.9999997193407019758 0.0007273691544053084799 0.0001795901739554092475 -0.0144975517864153209 -0.0007273692289948249009 0.9999997354669061256 3.500179919638069989e-07 -0.005553876829360046043 -0.0001795898718555740824 -4.806462600802090354e-07 0.9999999838736233215 0.003466462213991564935
0.999999866647865443 -0.000487340221244113856 -0.0001708910765321907418 0.01439240626688813481 0.0004873201092087570173 0.9999998743315956506 -0.0001177111038667354149 -0.007485972479939268474 0.0001709484204120004637 0.0001176278095116048476 0.9999999784701677497 -0.001284186923380266658
0.9999986626996870687 0.001633857552178163064 7.14726297245416595e-05 -0.004533588195607595947 -0.001633850725272461505 0.999998660707546505 -9.547209504599633856e-05 -0.01252783771339149518 -7.162852180529780891e-05 9.535519176322371964e-05 0.9999999928883711586 -0.002015875000144155393
0.999999930341998966 -2.375514128746482982e-05 0.0003724938797033905901 0.0004688283277821217216 2.378003668737819508e-05 0.9999999974841238259 -6.683009996403238139e-05 -0.003408956680903621125 -0.0003724922912077757047 6.683895322690353794e-05 0.9999999283910211423 -6.353516256737169472e-05
0.9999999694147304607 2.97002023711449596e-06 0.000247308950664375032 -0.007987567427129792577 -2.909714209112844318e-06 0.9999999702646104049 -0.0002438489528842518778 -0.001737900602188306937 -0.0002473096675468721903 0.0002438482258276978643 0.9999999396879837299 0.004650272824071480758
0.9999997605613241136 0.000112086240682175142 -0.0006828718541204420586 -0.008515489440318737419 -0.0001120216108642477118 0.9999999892432718251 9.46816509893578487e-05 0.01017042682565205344 0.0006828824592852944736 -9.460513191380799485e-05 0.9999997623606796671 0.00196859839305673235
0.9999997368485404881 0.0006522449546909447459 -0.0003176151271456013263 0.003630592934571535806 -0.0006521762039433178252 0.9999997638937464517 0.0002165147808351914347 -0.0110313670854613223 0.0003177562728280795032 -0.000216307582831103232 0.9999999261209876478 0.003724397989216716737
0.9999998803801952718 0.0004859727997655188272 -5.540788016569555565e-05 -0.006876369202661710561 -0.0004859654750341405364 0.9999998731891427406 0.0001321334767984272548 -0.005949032210067334986 5.547208641501846522e-05 -0.0001321065346758490855 0.9999999897353555323 -0.007453657353864832219
0.9999997748755073967 0.0005937184205174626719 0.0003126457608256679962 -0.01395377558533384202 -0.0005936143934374841016 0.9999997684599160053 -0.00033271920028547108 0.02411757646798224491 -0.0003128432299536931176 0.0003325335343585740272 0.9999998957752755935 -0.00797544481543283057
0.999999947098989983 0.0003150399699512980759 -8.094340286807313086e-05 -0.004441291147771390599 -0.0003150285055353955208 0.9999999403520072327 0.0001416086959468363369 0.01713107213416999175 8.098801043928203884e-05 -0.0001415831889763522562 0.9999999866975712859 -0.006040318902830071369
0.9999998620222324552 0.000518102386654443808 8.674925424147756736e-05 0.002115685683466139114 -0.0005181236847254175326 0.999999835596838027 0.000245670804712851121 -0.007073317586674162348 -8.662195734938947023e-05 -0.0002457157176589908022 0.9999999660602106877 0.004931552795842042945
0.9999999727928324811 5.333285459142476996e-05 -0.0002270901605281680112 0.002831536202757210276 -5.329401001065702534e-05 0.9999999839497661913 0.0001710561773957756644 -0.01546417442040464232 0.0002270992797975439684 -0.0001710440701965462186 0.9999999595849208278 0.00786341036446687805
0.9999999348351209516 0.0003180580866905220261 -0.0001707887798967198825 -0.0002977942686178862777 -0.0003180560227194420965 0.9999999493468322287 1.211195790704391116e-05 0.005766472044126527002 0.0001707926235518839964 -1.205763671772681321e-05 0.9999999853422464335 -0.003592121897415549627
0.9999999333684438385 0.0003232201602750571544 0.0001696815720097877658 0.005299180791937711278 -0.000323203037716496039 0.9999999426766991162 -0.0001009276719482486072 0.005826094568601363453 -0.0001697141841413841155 0.0001008728236237612123 0.9999999805108843454 0.0003432577820533931514
0.999999886797209192 0.0001374144143303023902 -0.0004555467565214349392 0.01529933135478073886 -0.000137348989598882115 0.9999999802505102897 0.0001436462117014114873 0.004178765403391924982 0.0004555664865846759484 -0.0001435836265535194594 0.9999998859214527247 -0.01335074019175424773
0.9999997822820683169 0.0006261851120614605028 0.0002081538408974638679 -0.009621930662869992296 -0.0006262384748889213626 0.9999997710431548503 0.0002563961983710684217 0.01301203452692645951 -0.000207993241757005947 -0.0002565264964928859514 0.9999999454664825205 0.006310510431512043189
0.9999992525166000457 0.001107966410123947332 0.0005170847853283305892 -0.03068925063243806151 -0.001107858103797885194 0.9999993643389935016 -0.000209695089931902207 0.004157935216176801042 -0.0005173167917537059785 0.0002091220766185319208 0.9999998443256349345 0.01090606382099657164
0.9999999065026430323 0.0003700550137998486269 -0.0002237274951128212736 -0.00999997831618482276 -0.0003699879947843007309 0.9999998866972212852 0.0002995236690202610096 -0.01092043564533612225 0.0002238383099993293416 -0.0002994408645283079301 0.999999930115787361 -0.0007486666468876474433
0.9999999489351453219 0.0002275742326630940588 -0.0002243650494003749827 -0.008215523779686073266 -0.0002276036846923340756 0.9999999654847955277 -0.0001312515542301624226 -0.01757694580437984405 0.0002243351721846160789 0.0001313026138398037457 0.999999966216676528 -0.00438702367595238639
0.9999999278669022829 0.0003748821828444391809 -6.1069953416675193e-05 -0.0003032967441710944208 -0.000374879492796599263 0.9999999287622974853 4.405412424518253086e-05 -0.009638086380804893397 6.108646417244047871e-05 -4.403122719427660168e-05 0.9999999971648474428 -0.006316657501854670495
0.9999999269957959847 0.0001718180766232634666 -0.000341301847845634158 0.01074544732819801215 -0.0001717690477462814581 0.9999999749262058479 0.0001436766575516082944 0.02237212135136825916 0.0003413265255348574712 -0.0001436180219692110703 0.9999999314350309643 -0.006825457926926707317
0.9999999956008793767 7.558220052619051032e-05 5.554792750046608067e-05 -0.004277486866184800583 -7.557435740037619931e-05 0.9999999871777704996 -0.0001411841893640597336 -0.008674386262885825163 -5.555859779996714015e-05 0.0001411799907440328594 0.9999999884907261327 -0.001988163992182605862
0.9999999940713940605 -4.491611568952198974e-05 -9.919553644850107347e-05 -0.002069055865017227318 4.494019385402975243e-05 0.9999999695275082479 0.0002427454663468211257 -0.02669827527919570523 9.918463024230446184e-05 -0.0002427499227743212318 0.999999965617441422 0.005131045854249780165
0.9999999648808394204 0.0002029086764653899051 -0.0001704886767524448261 0.005174879132367784552 -0.0002028428164910057541 0.9999999048407032243 0.0003862296937691278445 0.0008356299126173058955 0.0001705670298848287647 -0.0003861950978016963592 0.9999999108801134184 -0.009193192606744188949
0.9999999328492835682 0.0003505470768018463393 0.0001068558621359610571 -0.01089409700712907006 -0.0003505282816970216276 0.9999999231015650469 -0.0001758601368029072323 -0.01828532069381604702 -0.0001069175011757780088 0.0001758226689920394572 0.9999999788275182322 -0.001297643897300517109
0.9999998538504220047 0.0005282922303066977339 0.0001149193372733433433 -0.01252806760281824881 -0.0005283356693146494965 0.9999997888774121435 0.0003782942660077786234 -0.003774815172397793465 -0.0001147194630897945629 -0.0003783549267052005493 0.9999999218434940662 0.00724691928901725381
0.9999991304843545148 0.0004402593316678701167 -0.001243061645969114736 -0.003751687332318823578 -0.0004420127755029036837 0.9999989073272889106 -0.001410662587017446181 0.001973120868096177923 0.001242439230341791778 0.001411210809552525475 0.9999982324128426914 -0.006171733990574442344
0.9999993961583274471 0.001098482885117263571 3.191131058805781552e-05 -0.002981182170328671929 -0.001098469424026008454 0.9999993089742683638 -0.0004188268261086903707 -0.02504313719982539932 -3.237136263681151535e-05 0.0004187915196046389471 0.9999999117828750617 -0.01873202544674633721
0.9999990534487971372 0.0005549174451497233297 -0.001259034605918543659 0.007594002048142552315 -0.0005568938041969104897 0.9999986125865730768 -0.001569934463540603297 0.01076707870309701054 0.00125816167509547501 0.001570634126088546511 0.9999979750667704614 0.008983193542966821238
0.9999972522390151441 0.001848551730451418245 -0.001441655617512843397 -0.02190620603672236918 -0.001850583878966604624 0.9999972942703778678 -0.00140953582084047107 0.005694225357661901639 0.001439046116901812698 0.001412199852417699627 0.9999979674168594235 0.002434476670272755789
0.9999985637330658372 0.0005704453273104531999 -0.001595971157039952504 -0.0412023346156934131 -0.0005752208608335330218 0.9999953543703570258 -0.002993385819665956085 -0.03531595819038619438 0.001594256179795362684 0.002994299556267703954 0.9999942462421473888 0.001828839523772253506
0.9999932469766907861 0.0009309039761793016328 -0.003555196028670176527 -0.006360388270022637736 -0.0009393770890313395128 0.9999967209168796334 -0.00238237825985115198 -0.006547250648892949908 0.003552966605492040471 0.002385701841291564679 0.9999908423855814465 -0.03477817185617496781
0.9999953992547635506 -0.0003739640443678923483 -0.003010252514237044159 0.034447462622214646 0.0003626921002596680973 0.9999929247109995423 -0.003744193154959041953 0.06172519102156549808 0.003011631409445662561 0.003743084134073521203 0.9999884596321194641 -0.01631634125013718337
0.9999921260047015537 -0.0006159980669158682254 -0.003920264656715409177 0.05287757506896198501 0.0005968098019287521473 0.9999878465884983747 -0.004893924126736133758 0.07450810756248554823 0.003923231659927544149 0.004891545939627285448 0.9999803403225800968 -0.01319725087881738583
0.99999172340744924 -0.001337796048582120569 -0.003842319394821973582 0.07594080729514177119 0.001318880646993493208 0.9999870209190890868 -0.004921234317138491708 0.0730721948645278313 0.00384885313287127882 0.004916126025397802614 0.9999805088272790687 -0.001386231649412657686
0.9999818693678489412 -0.00151289955321878963 -0.005828556470012994165 0.1093260619025156061 0.001484903187440842886 0.9999873551338952504 -0.004804647212950564732 0.1145939387852206309 0.005835751717318684618 0.004795905259578841541 0.9999714712403724448 -0.002041074913282976515
0.9999755865411236178 -0.002641645359441110313 -0.006469005451435396771 0.1584007958671103944 0.002596336905204933449 0.9999721127501411955 -0.007002339372928552408 0.1584488285689300002 0.006487322745973757819 0.006985372704010704009 0.9999545585734261888 -0.02248672374196166932
0.9999750355632426313 -0.003050886209882847262 -0.006373409105501637827 0.2130976204624357162 0.0029974220280378828 0.9999603829436983782 -0.00838140825148020463 0.219155678538518639 0.006398727332648092986 0.008362095217497457489 0.9999445642894889685 -0.02108842179008353634
0.9999632820842836445 -0.003801602484416528004 -0.007679993605323056846 0.2644654707116570469 0.003738668688730133801 0.9999594533407765162 -0.008192315353513978868 0.2509688056142937995 0.007710826133640536623 0.008163301597147445618 0.9999369498460244365 0.002953246484594295763
0.9999590582592997601 -0.004367160901596329851 -0.007925257777129539327 0.3324272592221956257 0.004300319757251974163 0.9999552077586332244 -0.008431472372846575414 0.3251587966276101582 0.007961724383559899004 0.008397046031090640503 0.9999330480401135146 0.003013658184319922828
0.9999564119065058598 -0.004024191903842410517 -0.008424972794458657904 0.4086240361622245909 0.003957819514857452252 0.9999611201969781371 -0.00787995933317959564 0.4574585934611137827 0.008456355701727124793 0.007846271339037407672 0.9999334608234290434 0.0006051646820589899568
0.999937207402580519 -0.005079848748968245585 -0.009988813173563690362 0.5327736587314362282 0.005000878435104360795 0.9999561708519557612 -0.007915023055651363923 0.5874724033309587368 0.01002858249235962125 0.007864573210403107834 0.999918784712744646 -0.01339095548642222841
0.999923180963051883 -0.005700980896122279269 -0.01100595246010019172 0.6603950507221392208 0.005618622313800026961 0.99995609281994835 -0.007499567691389181535 0.6550463690061251176 0.01104822411190165346 0.007437153291744687603 0.9999113088143809502 -0.02139664228563600834
0.9999070818371493807 -0.005760138099940299676 -0.01235510020136950347 0.7419283032321702942 0.00567675760522921239 0.9999609486245287782 -0.006773156503722193092 0.7806343201359210449 0.01239363203454648711 0.006702390245431706986 0.999900732998026287 -0.01661298419609439497
0.9999034606839870554 -0.005300995635115425715 -0.01284401640698119157 0.9139248602368311714 0.005232580585518619397 0.9999719750089284265 -0.00535437178005886312 0.9487253364906258479 0.01287203995497094612 0.005286647521778267515 0.9999031762852731431 -0.01676935010106935658
0.9998946720125156951 -0.005387639473209169388 -0.01347658049693659793 1.07826773423013722 0.005328275047724029094 0.9999759607913696335 -0.004437040048620857075 1.134254895221793458 0.01350016170271656213 0.004364765776531692731 0.9998993421608579624 -0.01214061230326869689
0.9998883472498003577 -0.005512393133270353067 -0.01388908045937705706 1.231451843473591268 0.005477551658144738135 0.9999817586562486094 -0.002545345278831315748 1.27024055258316837 0.01390285804772283321 0.002468982928330388463 0.9999003023608926677 -0.02870150614044134768
0.9998561923555234765 -0.0103717060598005513 -0.01341723972072691139 1.390370939544330664 0.01034773939127563679 0.9999447411223219007 -0.001854451752659301003 1.409049795993282395 0.01343573212759907598 0.001715346968340560486 0.9999082651358440765 -0.0006685810546703907335
0.9998549902938446143 -0.0120851826559052241 -0.01199778082268479137 1.551570633567850521 0.01208217161758442897 0.999926955596692979 -0.0003234194371583508885 1.61015013742239077 0.01200081303491611941 0.0001784132912709485369 0.9999279717335636253 0.004242653965884126029
0.9998133872529459953 -0.01604707783729806408 -0.01075555496821803229 1.739782863653842826 0.01608086241070149844 0.9998660059236631481 0.003062035661014229741 1.851527936096192928 0.01070497706297168609 -0.003234422845722639307 0.9999374690324072112 -0.002657986967705712206
0.9997339828524777205 -0.02014519742382884712 -0.01123096392464396388 1.990120800407719992 0.02023835934071114076 0.9997611934593181315 0.00824408054280394674 2.116440504019366564 0.0110622032668878708 -0.008469183759663505631 0.9999029455828836177 -0.01823573026752779713
0.9996521286916900673 -0.02430525507476103547 -0.01024090708499399323 2.182063359970580319 0.02438153811777584931 0.9996754039974209416 0.007391024394802279789 2.359504108546210066 0.01005794219431194528 -0.007638142335929723817 0.9999202451098146982 -0.01074626019784377835
0.9995798516622763641 -0.02734909917457135561 -0.009599318994648085163 2.40790705952607631 0.02737175669723001387 0.9996228204445819499 0.002236913437449152085 2.584077900725009869 0.009534520760331637382 -0.002498723825967394743 0.9999514234667163937 -0.01431291305014265047
0.9994775645273800135 -0.03072239453166294293 -0.01003655721140554909 2.638797003757539006 0.03071087305264602954 0.9995274643665335024 -0.001300097439616928422 2.819141311106043712 0.01007175668695534793 0.0009911867881915402672 0.9999487873216256206 -0.02913456682879349974
0.9993451469647968155 -0.03430970551701311572 -0.01149440495390778583 2.912787707902601664 0.03427381006951029513 0.9994070140401617452 -0.003305484933705010904 3.090130162896012056 0.01160099914781977277 0.00290936327461105643 0.9999284736540452467 -0.019653773073389353
0.9992316293612336642 -0.03666693034891530673 -0.01384511115455231561 3.120300835084887314 0.0366556746759151772 0.9993273864319709432 -0.001065946105442716748 3.325488188562427005 0.01387488371654285908 0.0005576251734196279028 0.9999035836799557986 -0.01289911105642559813
0.9990838728488229403 -0.03845333469958728267 -0.01878180140131373993 3.350014934422734125 0.03848291299260440945 0.9992585186850333479 0.00121583016762808545 3.630862131352451172 0.01872112232213958907 -0.001937494741771472262 0.9998228671585407401 -0.007096338953163739555
0.9987527985635231698 -0.04274828315271397144 -0.02579596187440555063 3.612800949425603925 0.04280111785946325714 0.9990824873308662424 0.001499272740314380606 3.957632250463098078 0.02570820241694718455 -0.002601498849683664405 0.999666104523017407 -0.02684633925711126662
0.9985419018652824663 -0.04620463675946577531 -0.02791418566232202469 3.911825303548635446 0.04625753643295028861 0.998928762669979764 0.001251971955568829519 4.280237296823565352 0.02782643603516333705 -0.002541387917866647257 0.9996095391726871338 -0.05340755014437648801
0.998596343827411248 -0.04821899906612480552 -0.02191506841394296606 4.174116924694454056 0.04826519693474695671 0.9988333007139297282 0.001583713915621299964 4.607140587715536029 0.0218131350194518854 -0.002639226018645430844 0.9997585816719182228 -0.05055150124632110803
0.9986249709076014947 -0.04937299914420090891 -0.01762028476781145672 4.461353231600805991 0.04946770440507781974 0.9987633093858204747 0.004979763606407624534 4.957196095775593392 0.0173526280627424416 -0.005844551325002955017 0.9998323497062522325 -0.04226319768803288301
0.9986434685327351124 -0.04921368348367113899 -0.01700694313735047133 4.778776398775264944 0.04935317928282512145 0.9987502875851413942 0.007882051971076267302 5.282743658309350998 0.01659778453846654303 -0.008710706433261342085 0.9998243031362301636 -0.03594146632796321739
0.9984259061911503474 -0.05304061175722152299 -0.01823193217407208938 5.056131098481714048 0.05320723187388831654 0.9985449070291686491 0.008778332553924902276 5.578963607611693298 0.01773979488885241151 -0.009734585277694602148 0.9997952478016549627 -0.0447798875990611453
0.998244996244918914 -0.05603943998988384495 -0.01914441531105454466 5.372594354552157725 0.0562466969066529876 0.9983620623608322475 0.0104642976695505964 5.92839843904441377 0.01852664457134766199 -0.01152274291330219157 0.9997619665883878959 -0.02958556858615063109
0.9981557150502747833 -0.05673741197540549397 -0.02158783441681524917 5.63425988277248635 0.05697092482021323678 0.9983220878945751053 0.01035965959604119926 6.326285609040746216 0.02096383165369181817 -0.01157043232335553187 0.9997132803250371458 -0.03470714966303687504
0.9981308885426898314 -0.05764006340286153413 -0.02030646271251137364 5.922026757648462869 0.05793620520829674547 0.9982177234255800169 0.01430988347661743716 6.655576714037792385 0.01944544838882973983 -0.01545961610022520555 0.9996913897833625828 -0.05764887850018807214
0.9981411812115403848 -0.05814310945906835115 -0.01826365768573470771 6.246383724405623283 0.05840999275753445269 0.9981883014712985558 0.01443563479409974357 7.011801307532640415 0.01739123675003226635 -0.0154755816780710008 0.9997289889045078981 -0.05067388829826873636
0.9981063257610105488 -0.05949012575603909031 -0.01564248744241548625 6.573687603489739573 0.05970115649977728034 0.9981265039034467046 0.01338858163032294497 7.389010865205903222 0.01481669289836882661 -0.01429710260903844544 0.9997880067637049395 -0.02201297053713720947
0.9979725975965408891 -0.06175669737770335399 -0.01538846241219081479 6.920230816345582348 0.06197208518641734304 0.9979805811994540976 0.01393629098602718053 7.75283094707426379 0.01449672735689244707 -0.01486169161968307374 0.9997844642812476756 -0.04098834893250018901
0.9980251985701109607 -0.06107633242914359967 -0.01467598841971112789 7.252570641491368875 0.06127817343465052913 0.9980264132362157703 0.01372093084915407962 8.149816137037797503 0.01380899994944032906 -0.01459315249900172175 0.9997981553396351195 -0.03663522994122241083
0.9979383423597393277 -0.0627608313885724689 -0.01342173206821684235 7.515084520249935451 0.06294370602595242281 0.9979235014451641739 0.01366656998452974413 8.463559513240337395 0.01253613656651461281 -0.01448320775376590701 0.9998165241548806481 -0.05966737748688073772
0.9979330808581334811 -0.06318707485814042957 -0.01170297824768723981 7.893525669939394085 0.06333469983677385284 0.9979114694096320459 0.01270492098734763743 8.874069025332154581 0.01087574942612424753 -0.0134198655574765454 0.9998508015113252156 -0.06751577309628642443
0.9979912999189178846 -0.06277932133474597998 -0.008492473073097870154 8.165733559759081217 0.06288209503331433636 0.9979435488526924303 0.01243042346483992124 9.262573812761209169 0.007694635168077084385 -0.01293947897106860478 0.9998866748154949802 -0.06850792315567783008
0.9978733487865434348 -0.06486853575155593354 -0.006391623501005030787 8.526235584697104741 0.06494382067910323131 0.9978121954027379115 0.01237428224864206908 9.657994154767504114 0.005574938307279700585 -0.01276306291677994399 0.9999030074401478174 -0.07334408603505619684
0.9978626985020215834 -0.06511906175997581037 -0.0054353227837977032 8.909670925780282857 0.06518433826315322976 0.997790513770837828 0.01284883940759778791 10.07225457441240479 0.004586609146028479411 -0.01317567548279313834 0.9999026775602282147 -0.1004301941076373578
0.9978947982606264366 -0.06471099599850753392 -0.004296347432981237509 9.274594867062486259 0.06475240532705646423 0.9978479607258937678 0.01032343351485728519 10.48567070331642093 0.003619061859699470272 -0.01057989943507176012 0.9999374821053561568 -0.08685719501695100819
0.9976055722144488991 -0.06913485694733970122 -0.001869182054501420352 9.617937546570912488 0.06914938872552578442 0.997562514513783305 0.009348351503021299497 10.93454772412865061 0.001218329006517646865 -0.009455220346918861984 0.9999545562087425177 -0.09636381952653240435
0.9975944789285613457 -0.06931286679906580039 0.000991013293012310819 10.00030092464954024 0.0693069486625806086 0.9975823126118742445 0.005106508692551245572 11.37008354482005146 -0.001342564089487413657 -0.00502554077086708826 0.9999864706392911362 -0.1198061888723606916
0.9974707806498638307 -0.07106702238346726541 0.001232914960108969643 10.38105834027564711 0.07106291405466037825 0.997466999917148156 0.003105852917306126983 11.78370015533078075 -0.001450515705206817515 -0.00301038300416207015 0.9999944167835924658 -0.1091021018058450087
0.9973325566584410051 -0.07293258098565487402 -0.002934290358588506099 10.81127966560676867 0.07295107686597324115 0.9973124280324189295 0.006786845819388855929 12.24925359650154988 0.002431422059716293899 -0.006982801934194211857 0.9999726639583280674 -0.1459554649900345891
0.9971024464083902972 -0.07592812031283506513 -0.004651011950398169052 11.1674571002849472 0.07596065791113730536 0.9970842990553573371 0.007271796682649996069 12.72169685836013997 0.004085317137050123622 -0.007604020189759536606 0.9999627438364108167 -0.1337563925533118425
0.9969510126245049175 -0.07801269457814306862 -0.0016425320793265264 11.55209680494386681 0.07802422154727767234 0.9969123245535422839 0.00883391222472384649 13.21118159426517025 0.0009483031770376700639 -0.008935135024730313583 0.9999596312267682308 -0.1284231597983410411
0.9968064361592272604 -0.07955553107676333058 0.006917102473895174464 11.92464551497721281 0.07951678404384483756 0.9968171881720541139 0.005707400466423709177 13.61224738068719908 -0.00734914191350025895 -0.005139147775043453187 0.9999597888281716029 -0.1554312384689922055
0.9966080453372586634 -0.08168721786633885429 0.009980100515819274876 12.35173692037180793 0.08166150315773909596 0.9966557319895745781 0.002958174157091512588 14.08717420638451046 -0.01018836940178029921 -0.002133150154679027289 0.9999458219320437324 -0.1699053893755159139
0.9968191468561166113 -0.07953540776703441062 0.005070243818124343764 12.72097646391244297 0.07952778926657629033 0.9968312214305299346 0.001687221292195592625 14.55103164734382126 -0.005188371171639483657 -0.001278629207145926591 0.9999857228540495191 -0.1565055813546748775
0.996541576840201393 -0.08276709430334966422 0.007381986820990544748 13.13063034995668232 0.08277531281005094665 0.9965679026033441579 -0.0008143033647313387179 15.05527246783036155 -0.007289253599859820548 0.001422533427382819803 0.9999724212100076226 -0.1539254214919689168
0.9962685502900928691 -0.08581299688251935176 0.009225251699403523228 13.54109872763884503 0.0858130021307446228 0.9963111822386931937 0.0003959942503020818941 15.49492260900321838 -0.00922520288044890481 0.0003971299260659137578 0.9999573680510766005 -0.1988948619303695098
0.9960872312686284147 -0.08652040861127897886 0.01801240120958942648 13.9390103058811885 0.08641559674556761883 0.996237843137257828 0.006519550623463750069 16.02215285765925756 -0.01850870991466830803 -0.004937488730294406838 0.9998165075964353665 -0.1916594887162629546
0.9958293033904577207 -0.08911689462567030928 0.01954936319046901572 14.34520849586242264 0.08873527900669209156 0.9958625656443358398 0.01959082968853859824 16.54868606853334256 -0.02121435288855636619 -0.01777440408446906081 0.9996169375270518298 -0.2106104950656859931
0.9954851584996750047 -0.09326006356573669775 0.01765955125680366417 14.74889265676767458 0.09290651703551681961 0.9954762923073601222 0.01988292097053181995 17.04900742066408625 -0.01943394708251902289 -0.0181524653341065545 0.9996463423146647598 -0.2161918775000129522
0.9953693560968521759 -0.09531923335631546645 0.01241324678326234665 15.15032356254193147 0.09514927106227875908 0.9953696843771993041 0.01363112758180539709 17.5535377939846633 -0.01365507816363195452 -0.0123868953010320814 0.9998300373889286163 -0.2285033845533036567
0.9952003437806236086 -0.09733131405904622835 0.01014352219240789894 15.53368959678543604 0.09726218524958937794 0.9952334673650692354 0.007100194150601760006 18.03287854538220714 -0.01078624398959706493 -0.006079534525026745323 0.9999233451622958624 -0.2573823376997527168
0.9952760498488157914 -0.09701582821968898762 0.00367609469211590276 15.9294277628387988 0.09699007073001163215 0.9952632307036821668 0.006635343929034286277 18.60003853834782817 -0.004302415266445673223 -0.006247454210879026422 0.9999712288554896134 -0.2961330243899835679
0.9948345583991148322 -0.1014151272619167737 0.004378741518663673872 16.30522128681819538 0.1013222846921822268 0.9946938027556827544 0.01783349052191493533 19.05913647064705785 -0.006164092763287962705 -0.01729770857333652254 0.9998313824033118191 -0.312379321335877147
0.9948974283294919063 -0.1005772699961621497 0.007957377927596992126 16.74663283574981421 0.1003282870949281785 0.9945835453871757492 0.02716258554838370254 19.53722431094572087 -0.01064621585170873533 -0.0262256364116239607 0.9995993567839287497 -0.3013768266239014726
0.9949020517256403906 -0.1004508356570784633 0.008918356794038261037 17.15335823590233488 0.1000765269605327773 0.9943463317690951486 0.03549734143372548778 20.06491347115518309 -0.01243367297418226242 -0.03442385964907686974 0.9993299763657806922 -0.3120880702001158635
0.9947171341220740759 -0.1013797695934880727 0.01612344259576744404 17.57996956156488721 0.1007263121587954335 0.9942191125025943155 0.03718287742285127789 20.61479425185337888 -0.01979982633400197492 -0.03536239035649531987 0.9991783965966328784 -0.3412380270777295999
0.9948380933052827224 -0.09989435287894793403 0.01784058215434039182 18.00316544576427447 0.09930756496849769965 0.994567371068749595 0.03120499872494553184 21.1123932991517087 -0.02086086404579519729 -0.02927221666175061632 0.9993537720361945764 -0.3621515742554909378
0.9947151514427724495 -0.1013165255699597367 0.01663517768507575753 18.40825237232557399 0.1008600536742619291 0.9945527801272890933 0.02630621816044891037 21.6147128058769411 -0.01920981683950558072 -0.02448936886715993508 0.9995155095092226327 -0.3799546513795698521
0.995203512957945291 -0.0977022509082523527 0.004923206640571399159 18.77225325911895482 0.09755982968720253168 0.9949473048210984993 0.02370527917228749254 22.13407667830454173 -0.007214390311654860985 -0.02311126990654027019 0.9997068679246622347 -0.4046862940828043764
0.9950435565272808258 -0.09942220140173661791 -0.001883210549169333234 19.17878056209018567 0.09943949688659217689 0.9947973979833550917 0.02213421388908020163 22.68154381984662393 -0.0003272193169808065242 -0.02221177241866682112 0.9997532346001887227 -0.429750314971120706
0.9950432610351287455 -0.0994407104785900442 -0.0006736231065952231383 19.59475887143352324 0.09943273565286088467 0.9948205188121542752 0.02110133718285066642 23.19689964119548264 -0.001428197873124063691 -0.02106372355091328669 0.9997771150616551195 -0.4377921071483476534
0.9950702706228263805 -0.09891295138256725461 0.007168303244489477276 20.03650212065408098 0.09873050208788994309 0.9948611400140451311 0.02244103490099475309 23.70811384135424049 -0.009351175331915782818 -0.02162267649354243648 0.999722469178905393 -0.4527224046432736793
0.9950810855588776427 -0.0986567835141925753 0.008970631505048497559 20.51342936648108051 0.09837028620252254163 0.9947515040007559595 0.02815549823156689169 24.27890916197167215 -0.01170128007524949033 -0.02713456015614965425 0.9995633024925099086 -0.4928466148464552554
0.9953749421614391801 -0.09581359888679684411 0.006962670857636442563 20.92868129508059027 0.09551549971467229727 0.9948153936810510967 0.03491592486920307159 24.854346360497658 -0.01027199257049050442 -0.03408939371088023917 0.9993659987237190068 -0.5188746140130969797
0.9954100482597181276 -0.09535982973224456372 0.008083235554082449439 21.35177137008105319 0.09503846480545537212 0.9949056017883805003 0.03362341055756470909 25.41812788062375361 -0.01124837903911838494 -0.0327008624280409263 0.9994018849118979642 -0.5467598508009919867
0.9953486826034995127 -0.09595221339665863103 0.008612362263629711953 21.79394962183760143 0.09566860654285268273 0.9949953492042248326 0.02884047128795746984 25.95112610851032642 -0.01133656745345586365 -0.02788239240532880761 0.999546924577394913 -0.5409966876164948868
0.9954897820955135312 -0.09448043716701796935 0.008575589551519600603 22.25036333912414577 0.09421223427958332064 0.995169369694283823 0.02760399489803517376 26.46312859746993595 -0.01114220155426516937 -0.02667156941409738052 0.9995821520663087378 -0.6004430233469361111
0.995636412808478366 -0.09277942341950817795 0.01000560242108844769 22.67465895163130085 0.09249602977525944736 0.9953785225120479474 0.02580855279837736965 27.01030028682552242 -0.01235386440267140055 -0.02477045642849424328 0.999616829851640909 -0.6150420797281384022
0.9955831957656579023 -0.0932445118466355416 0.01093440988450129422 23.13954612733660454 0.09290769460208732344 0.995278903656788172 0.02807248153382665631 27.60071613993392248 -0.01350039231892577116 -0.02693260006431625816 0.9995460842107334321 -0.6366398812940848861
0.9955853981369752193 -0.09288846436454573086 0.01347027113450210631 23.60217663374223207 0.09246871637051411186 0.9952929850403043899 0.02900707538429020405 28.12792408370383157 -0.01610128905491419599 -0.02763344201428761041 0.9994884398397076986 -0.6487123680263036096
0.9956319769324680768 -0.09276531573160110011 0.01056232487483511027 24.0702296647828291 0.09239724844863235476 0.9952334540062808266 0.0311948794812497085 28.71173313327244969 -0.01340578191180599732 -0.0300826897724314167 0.9994575112466705935 -0.6864737318775225861
0.9954721946358209284 -0.09407845991754358594 0.01357766866901027013 24.51953533711616728 0.09368050881013478826 0.9952236944565751031 0.02745469470381979582 29.25124479533281274 -0.01609571297012140148 -0.02605842228049962822 0.9995308332674057716 -0.7158276738106632564
0.9955105481498498499 -0.09419948474111122794 0.009230687780152058847 24.96226315083367453 0.09389063567620943573 0.9951434970712089711 0.02956296279472076308 29.79189444278707555 -0.01197067478059631387 -0.02856356615329899706 0.9995202977598320881 -0.7748843127010610621
0.9955058149049607064 -0.0943094714617286195 0.008596283093269157724 25.41942217791272185 0.09400785339095980853 0.9951036308630385463 0.03051700090148892763 30.37394487457585157 -0.01143223474365518029 -0.02957173373015293052 0.9994972819237473161 -0.7825127589355922453
0.9954157288818681337 -0.09518515410904887508 0.009344149603668852264 25.91336588352616843 0.09486929159026216696 0.9950422831769064613 0.029844131805948311 30.99879253221132558 -0.01213854224118120911 -0.02882084536105108605 0.9995108877170540973 -0.7875623843315798789
0.9954876578954319211 -0.09328735746237398763 0.01737215920819144832 26.38117213372092351 0.09276087994823721539 0.9952665381396483824 0.02898167025463709023 31.58514379390471305 -0.01999355218804851203 -0.02723943826893366477 0.9994289724005886999 -0.8299935447005887257
0.9952984666401785141 -0.09359227564908112473 0.02492886364309391742 26.88655714236963234 0.09283334697054240747 0.9952284654456281521 0.03003783043075721262 32.16769642163811227 -0.02762122361439545842 -0.02758237672076966837 0.9992378498137853837 -0.8616335087476926224
0.9952603802919609555 -0.09426469853019814327 0.02389439331960835355 27.32866219782044936 0.09335483232852165303 0.9949563229514944984 0.0366986471106917761 32.76405261940720237 -0.02723326462278976082 -0.03429405239764379137 0.9990406734803807254 -0.8911682164275315232
0.9954279876364935387 -0.09323932259893336072 0.02072559169849571767 27.77143891365778927 0.09253141601042648434 0.9951683304259180129 0.03283186209151305046 33.3216590684907743 -0.02368667306875554823 -0.03076398606459794863 0.999245975063372982 -0.8909515553973186286
0.9953346327136066707 -0.09502751918846610857 0.01669549393564903617 28.26712053699705152 0.09456363501852432796 0.9951615099539383724 0.02666998384477597267 33.91273414968793531 -0.01914909535599287199 -0.02496677197963319966 0.9995048636419755494 -0.9561189367451853327
0.9953177902324913395 -0.09512094131113368878 0.01716108885805662371 28.7504920537081361 0.09474257047083600725 0.9952661661377716351 0.02165880610745287219 34.48700441918291659 -0.01914005713912390189 -0.01993150936345326404 0.9996181236588328467 -0.9781606082846977523
0.9952571377860447432 -0.09522795067404687952 0.01987126307890914323 29.21886827040388468 0.09481559441845062441 0.995278466397210404 0.02075517721179319028 35.0336905182062992 -0.02175391323430793042 -0.01877263264537926482 0.9995870925149823449 -1.002260865634555076
0.9952167648434678826 -0.09513322490811219889 0.02220946854573589355 29.69088276722457209 0.09457202102528630694 0.9952019440304494813 0.02508432652488351566 35.60080653587000654 -0.0244892591495597424 -0.02286394796610399793 0.9994386004501272236 -1.042351333071096287
0.9952287994924692294 -0.09428261506665469582 0.02510826869721353299 30.18462709589251602 0.09353388545093198336 0.9951792102388951067 0.02949155439682659557 36.21572229162384815 -0.02776776788347223857 -0.02700237034932419927 0.9992496300035780266 -1.05078512893305609
0.9948836957245319468 -0.09654126943865888599 0.02976936809321174826 30.65242607707053324 0.0956573765040217433 0.9949677891540817942 0.0298121597038258461 36.81085222874855845 -0.03249766609873233625 -0.02681197197169305976 0.9991121157593497726 -1.079564667250853649
0.9942216736006339595 -0.1018113815877097483 0.03402508371710939727 31.10435165468631169 0.1008403212294589762 0.9944759212057062703 0.02913540383110378371 37.39665045103977548 -0.03680344219083415969 -0.02553594958609780446 0.9989962071607890737 -1.12474553394935417
0.9939489179327631874 -0.1033346029786157555 0.03724927338272514266 31.59390862762554519 0.1023933246241328088 0.9943948324206378642 0.02635382946648428051 37.97537593981898141 -0.03976374746809079042 -0.02238028334010617321 0.9989584412301196759 -1.159687129918336224
0.9937190828479961491 -0.1048339812125220205 0.03914359164499392474 32.04590506321979859 0.103911125284143091 0.9942744573443752509 0.02491548744719235958 38.52749563218613105 -0.04153146308427594496 -0.0206915406792404534 0.9989229188072514809 -1.186331687634464505
0.993185664473917651 -0.1092268268695893441 0.04064155724751972176 32.51717990490403309 0.1083163291484526003 0.9938273354307434193 0.02397499093706869852 39.14934653061110481 -0.0430094027313417393 -0.01940947301266067807 0.9988861114431735189 -1.182288832093337572
0.9933117885211824039 -0.1083191898288390353 0.03998304515258711139 32.97788184243184162 0.1072415614665167827 0.9938334127147531172 0.02818501846674027062 39.75738194020191685 -0.04278946458035188388 -0.02370866690835066182 0.998802763729834564 -1.237217521185429492
0.9932884038276461602 -0.1089025805332660968 0.038966328730360697 33.41616823096794775 0.1077910934652441949 0.9937335111529103093 0.02957683183296953844 40.31511050500488835 -0.04194313997656867049 -0.02517810089947732088 0.9988027013599841686 -1.283717822932070929
0.9932061674507264293 -0.1092384854558845347 0.04010563842085104053 33.8364395943415559 0.1083692179994539123 0.9938387877128029846 0.02325030382022897496 40.87691467441889159 -0.0423983670443375954 -0.01874612847631810728 0.9989249026524080755 -1.304088265205599395
0.9937598378116372366 -0.1058130298547271947 0.03528437990883816211 34.2859686278253406 0.1050878529532871947 0.994223641667001945 0.02181498365970698655 41.4674127477476091 -0.0373888742041920269 -0.0179708948961260391 0.9991391890134104781 -1.351621977331018742
0.9940447472861072553 -0.1046764887606426025 0.03029642047572929722 34.77119271954349955 0.1039385555261891914 0.994269735129551635 0.02498940736673329471 42.03955603832231702 -0.03273861738113587744 -0.02169162294883261038 0.9992285306304145021 -1.390310320637150765
0.9944071974535738656 -0.102135575752157079 0.02688214683213258765 35.25341902157263263 0.1013627310439139673 0.9944355753886124916 0.02869639623434407788 42.61446315696893095 -0.02966348610409968653 -0.0258110551371829415 0.9992266344653034649 -1.420711791343185038
0.9945955258520687847 -0.1005894225290845795 0.02571979841118743684 35.7033813293338298 0.09974397831680517634 0.9944894276747282547 0.03227873963971036875 43.21686189712237791 -0.02882496738217632526 -0.02953889501076166491 0.9991479244521102032 -1.444105122455511037
0.9949254582722697471 -0.09750372401969836789 0.02482652380025444916 36.1286736600581051 0.0967269134760086885 0.9948350429641209525 0.03077566408674810641 43.79178705258883753 -0.02769903772911312331 -0.02821809867560402113 0.9992179453032331571 -1.472503739170933468
0.9953550459628767166 -0.09322722808156236329 0.02402116609300512448 36.59027563273178885 0.09251950851528156772 0.9952867128874758329 0.02906027690394287835 44.34538011977974037 -0.0266171565034684296 -0.02670286677252918517 0.9992889891747023245 -1.503443990731412772
0.9955583322099657018 -0.09162547989760472245 0.02164205629891307117 37.06633349641665376 0.09099871143122878481 0.9954470788130220793 0.02836102608293573218 44.89815988105330291 -0.02414211434749743979 -0.02626565659096764468 0.9993634341913244512 -1.552083300287119272
0.9957295813317301736 -0.08937896191613489694 0.02310848389080275012 37.56498708225846883 0.08875045419591379159 0.9956898250966471631 0.02692822086635360268 45.50569248097301056 -0.02541569871076517981 -0.02476233764817491884 0.9993702361453643546 -1.580331747850798108
