1 0 0 -0 0 1 0 0 0 0 1 -0
0.9999996703013402932 0.0007902779651426716572 -0.0001867028347957670612 0.001570027100933703117 -0.0007902938957065643293 0.9999996840824634248 -8.526741299411736135e-05 0.001916880654651958006 0.0001866353908554304502 8.541493499222232338e-05 0.999999978935759648 -0.004527138456304239181
0.9999999641926367033 -0.0001582318846751669687 -0.0002158179697350630399 -0.02563525412734620618 0.0001582860789251184434 0.9999999559428928153 0.0002511169642243268603 0.005788212318986843928 0.0002157782255162255598 -0.0002511511162126804511 0.9999999451814356455 -0.001170807147110121665
0.9999998256282434106 0.0005825794467668178296 9.666783901097835644e-05 -0.03203100269374245523 -0.0005825908619357973847 0.9999998233200744213 0.000118100412703046919 -0.0001422700738942393381 -9.659901905862518982e-05 -0.0001181567099093140986 0.9999999883538106538 0.008193945998074575465
0.9999997185069873229 -0.0007310046319441067947 -0.0001691690699408553459 0.001762594418660868049 0.0007310373215169527379 0.9999997141184253646 0.0001932550182882254589 -0.003512706194332919536 0.0001690277512650290069 -0.0001933786327920534477 0.9999999670171613175 -0.0223200264081989154
0.9999996537507089833 0.000832137739139960763 -6.726458344146544723e-06 -0.005378110885475056308 -0.0008321376184936706043 0.9999996536128862301 1.791902287742798178e-05 0.01439715371670025924 6.741367109372425526e-06 -1.791341933395178808e-05 0.9999999998168317417 -0.005459418813080110788
0.9999998442757230821 -0.0005557951229184994761 5.040149696108786235e-05 0.0117009617422965239 0.0005557852852304080238 0.9999998265406323528 0.0001949908252030864745 -0.01735523141990014465 -5.050986316812336956e-05 -0.0001949627824279203813 0.9999999797191333473 0.001020005057936527364
0.9999999360693617723 0.0003059890626112974406 0.0001850188255106942901 0.003109139041249024508 -0.0003059899305775919814 0.9999999531742085335 4.662943570143944928e-06 -0.001908457552310959459 -0.0001850173900373088952 -4.719557169628261752e-06 0.9999999828731453988 -0.0003445213495698425587
0.9999996576630962863 -0.0007805164729729024671 -0.000274713897947403171 -0.01782149116769301406 0.0007805727965798152325 0.9999996743448159586 0.0002049789533853042984 -0.004571280250687617848 0.0002745538190356895019 -0.0002051933174089956785 0.999999941257949776 -0.01290912838315489038
0.9999998929556408456 0.000406461802674135651 0.0002210825858468898754 0.003523526669248391863 -0.0004064831522180272633 0.9999999127265229992 9.653182500681488625e-05 -0.008787480025138719522 -0.0002210433300526200317 -9.662168102006015076e-05 0.9999999709020480632 -0.01406008212186807271
0.9999999684838264402 -0.0001245848177008256823 -0.0002179701111807503991 -0.01779134795712088504 0.0001245655673281293103 0.999999988340799173 -8.832791732314249165e-05 0.001167987931176238219 0.0002179811129568750942 8.83007629688138245e-05 0.9999999723436043819 0.0009053660379091661541
0.999999340828676142 0.0008437294862616954993 0.0007787571941173368267 -0.00425948779289085297 -0.0008436625867235608093 0.9999996403988469229 -8.623002231547988736e-05 -0.008181362291359189562 -0.0007788296688877756595 8.557295716634585739e-05 0.9999996930507608628 0.009478247707512590589
0.9999998450330361832 0.0005484148593029366386 9.578645975418152388e-05 -0.004480333778846427861 -0.0005484397227107902593 0.9999998158749735522 0.0002597381173082560172 -0.01559026350579234034 -9.564399787446486772e-05 -0.0002597906101568457074 0.9999999616805315128 -0.008810802223688379842
0.9999997577005789173 -0.0001026364229244838432 0.0006885234549405164868 -0.02406105862111609234 0.000102981868535170239 0.9999998688445277395 -0.0005017027627247905817 0.001110578846265614745 -0.0006884718716599566319 0.0005017735465944265756 0.9999996371148290875 0.0004352962328817206903
0.9999999026147589065 0.0002097762809411955786 -0.000388283897131334562 -0.01081220105319947306 -0.0002095360559109942802 0.9999997867011387598 0.0006186213044048141521 0.006897549265249293231 0.00038841358638734677 -0.0006185398846838655344 0.9999997332716129561 0.01747598371958078434
0.9999999704741669992 0.0002429221060313028948 6.365187685561842634e-06 -0.008844871156679475627 -0.0002429216942527272205 0.999999968407078943 -6.461340069955314098e-05 -0.01202117134296516211 -6.380883507831572653e-06 6.46118525496129463e-05 0.9999999978922964328 -0.01240693408093830261
0.9999997148269974545 0.0005965563902638884109 0.0004631051684933151173 0.01418049217423450123 -0.0005964558756925264884 0.99999979854255161 -0.0002171525834376932017 0.01048978363390232552 -0.0004632346189586480922 0.0002168762997128138002 0.9999998691891706093 0.005030689434725521721
0.99999953100537331 0.0008512324124790210432 -0.0004619441668115426545 0.001153970473596945554 -0.0008511446365733902134 0.9999996196926026482 0.0001901774374842210287 0.01314875414623482841 0.0004621058763296739553 -0.0001897841669920312304 0.9999998752200567331 -0.0100852911799451106
0.999999588392164851 0.0001543599570951399214 0.000894085289314350772 -0.01351967479883969987 -0.0001540083661948948488 0.9999999107996798697 -0.0003932963963870972552 -0.01537672297460940425 -0.0008941459187765265918 0.0003931585378885776513 0.9999995229646062578 0.009734044683037306259
0.9999997187512857932 0.0006583803022311505559 -0.00035921125690581223 -0.04243187661171526209 -0.0006582771525046461451 0.9999997420939674697 0.0002871988666425955884 -0.02653174085721853731 0.0003594002503396589499 -0.0002869623253049697915 0.9999998942420363912 0.0136193962718588208
0.9999997751163304249 0.0006562950785402639096 -0.0001380002123847301032 -0.02174083474123840454 -0.0006563318465655676621 0.9999997490875631723 -0.0002665582824588822028 -0.0225140283354408402 0.0001378252368698635428 0.0002666487964484854766 0.9999999549513106656 -0.007633748004398347234
0.9999999123504593745 -0.0004186573436777046354 -5.010194468464161939e-06 0.01394739861577724838 0.000418656851978985731 0.9999999075865098064 -9.774155800385019629e-05 -0.02133921407843020895 5.05111422650128887e-06 9.773945188460327071e-05 0.999999995210742898 -0.00745136647062937061
0.9999997927518055052 0.0005965164910781245141 0.0002422073943664372999 -0.005493179558641396107 -0.0005965579551698690355 0.9999998074120332037 0.000171156368636704901 0.003780573533554161536 -0.0002421052501237461782 -0.000171300823912790359 0.9999999560205368176 0.008098917424130418902
0.9999998772701939043 0.000485173343326174007 -0.000100331570254572579 -0.01157102903606160513 -0.0004851446032301591992 0.9999998413399722175 0.0002862773902581741757 -0.007963338865451162485 0.0001004704484945555319 -0.0002862286798035480599 0.9999999539894148803 -0.002401290892311762609
0.9999999050758670016 -0.0002819380670314744161 -0.0003322035270491280183 -0.007159774597296080477 0.0002820707450841561446 0.9999998804543819286 0.0003994087088160973645 -0.02274764916868335027 0.0003320908788163172442 -0.0003995023757989793218 0.9999998650567408776 -0.01927828137169209852
0.9999999468473537156 -0.0002267804152235049328 0.0002342561271071219348 0.01143630180872198289 0.0002268937524091656091 0.9999998571779833423 -0.0004839041620926289315 -0.03231313917601908586 -0.0002341463536633906644 0.0004839572876235419827 0.9999998554804039319 0.003894624610844846669
0.9999999460225562631 0.0002707686083759871815 0.0001861162146962937072 0.007624448875178894448 -0.0002708300789045670239 0.9999999087650771612 0.0003303345359225306902 -0.01530532840831197103 -0.000186026753493393084 -0.0003303849239610351504 0.9999999281199218881 0.003795471214819364902
0.999999877857684849 0.0004897486899629338196 -6.656452618040768451e-05 0.02251146555047228021 -0.0004897169138395287462 0.999999766536722845 0.0004765541355582645017 -0.007457628107736428286 6.679790240359122807e-05 -0.0004765214795765110312 0.99999988423265318 -0.005292274143478770988
0.9999999891781209405 -3.608530075032462568e-05 0.000142624012992931704 0.005063059222520982505 3.606032559173670809e-05 0.9999999840179706334 0.0001751105691773220229 0.01209071339088333731 -0.0001426303296310685428 -0.0001751054242139470898 0.9999999744973393501 -0.009667171735148222256
0.9999999881207269903 0.0001334551910645961263 -7.712495031233006454e-05 -0.0007786140561874798629 -0.0001334329637504641508 0.9999999495877764932 0.0002881320683222744587 0.01748210232962490659 7.716339914450735576e-05 -0.0002881217738887789756 0.9999999555158256559 -0.01117213508657316327
0.9999999832158850133 -0.0001781136868868372924 -4.29388426741353669e-05 0.01745413028767348051 0.0001781250643350171378 0.9999999489939078723 0.00026511062450807057 0.02592386845540381804 4.289162065325198439e-05 -0.0002651182685425334303 0.9999999639363056358 -0.002859636609928446326
0.9999995755239876605 0.0006805728736646679024 0.0006211057945726416746 0.02329496076239917154 -0.000680541613513905479 0.9999997671543938704 -5.053978922864712858e-05 0.03894784756067453529 -0.0006211400459604796229 5.011707943607494073e-05 0.9999998058366419418 0.0233595603132424022
0.9999997368498630967 0.0003754477272896253326 0.0006207569642314780594 0.01747951064065215651 -0.0003756006368606827021 0.9999998991476242161 0.0002462293703849614606 0.002668276626439323399 -0.0006206644553691430472 -0.0002464624623008138679 0.9999997770159193555 0.0002441404703890701197
0.9999999112658604083 -3.469047329569784202e-05 0.0004198390672213545981 -0.006176004589730566159 3.448283865457769536e-05 0.9999998771132201369 0.0004945548285875574213 -0.01525425029795327014 -0.0004198561719697579595 -0.0004945403074608443464 0.9999997895753174326 -0.01711094850980970916
0.9999999692718953836 -7.796290515728259243e-06 0.0002477810044428654327 -0.006735488169950604349 7.846642408282933638e-06 0.999999979321870347 -0.0002032109475843036403 0.008249795353524717184 -0.0002477794150276359567 0.00020321288558895184 0.9999999486549410177 0.003316566313061959561
0.9999998057625086867 0.0005343383699609454297 0.0003208698353846497955 -0.0238154970743995921 -0.0005343638551838310238 0.9999998540798141766 7.934494717951967677e-05 -0.01229520816266190496 -0.0003208273915135148959 -7.951639301003815769e-05 0.9999999453734625954 0.009056620419073013739
0.9999999828088332876 -9.684395047617990653e-05 0.0001581252114326946298 -0.02717610441286130371 9.684115997084526248e-05 0.9999999951550453403 1.765500213102511257e-05 -0.01689761804593731612 -0.0001581269204467358356 -1.763968879863125224e-05 0.9999999873423591756 0.005747122742320975863
0.9999998142892941866 -0.0002082394432503504418 0.0005727632244692340037 -0.02259480488689530331 0.0002084256959018570383 0.9999999254206480837 -0.0003251421652291861799 0.001269748318008775577 -0.0005726954743294525784 0.0003252614834204641697 0.9999997831124070036 0.01608232561825591322
0.9999995659108510404 0.0006018652587662245241 -0.0007112920073955071457 0.004556892789660300577 -0.0006017499140311739379 0.9999998057672777607 0.0001623651679426980866 -8.665916495391612513e-05 0.0007113895911931375103 -0.0001619370775574619089 0.9999997338505808298 -0.0003603920983804801011
0.9999955491239291838 0.002580589607066158513 -0.001497427664735130181 0.06805278414220597427 -0.002580543453120104185 0.9999966698558048206 3.275342830506839639e-05 0.03995542253230490587 0.001497507201241765357 -2.888910536683023149e-05 0.9999988783181718022 0.003580509723843808192
0.9999987109429839816 0.001544363649897629188 -0.0004393782961686241648 -0.01674158718068270713 -0.001544510312750617528 0.9999987515809921623 -0.0003336530396354361536 0.02945422011552868008 0.0004388624660143085093 0.0003343312338472866356 0.9999998478111694622 0.00378695818996692803
0.9999981583315702416 0.001186902134713509974 -0.00150817664426393795 0.00609951281947809093 -0.001187422609284120162 0.9999992357583084024 -0.0003442533167117422122 0.06710364790734409113 0.001507766896655982113 0.0003460435257574636953 0.9999988034457159003 0.00189440587879026478
0.9999912514169425615 0.002691578837413874381 -0.003201951426731406477 0.03897195646281405995 -0.002689462491346145297 0.9999961622244470938 0.0006650773526659144045 0.09424583523009760766 0.003203729246488176436 -0.0006564600059201567122 0.9999946525752904103 0.007085527371951521117
0.9999873352488883871 0.004955953735776751079 -0.0008762787204876043394 0.04053478675992718688 -0.004956554161296827625 0.9999874820324888836 -0.0006843604084882159771 0.0533301442289955685 0.000872876092735978262 0.0006886950641724701996 0.9999993818930266176 0.01124700150527440171
0.9999835211263236046 0.005292315045085289361 -0.00222460721544916586 0.07082225107561623823 -0.005289978664853547952 0.9999854516351734945 0.001054819284753133642 0.05449849772251992575 0.002230157287022345967 -0.001043033777811981123 0.9999969692349139905 -0.0001920841259859873212
0.99997988043881747 0.005926571875091098812 -0.00226151793662722608 0.0911292318563994147 -0.005925238723888151017 0.9999822681630908816 0.0005957394271497363407 0.09531622206113894713 0.002265008528293835106 -0.0005823274074810130124 0.9999972653118394117 0.01029471195861822973
0.9999662774567215084 0.008147170923804392811 -0.001033225670115060042 0.1352123389259435871 -0.008147736958273690475 0.9999666582256258041 -0.000544811465792812929 0.08005321921333811985 0.001028752548404825422 0.0005532115443432155354 0.9999993178123579574 0.01266031652329206378
0.9999322100300486182 0.0113856607178600619 -0.002437637060857971751 0.1294624283359616934 -0.01138681054866745243 0.9999350631262297062 -0.000458340781416754009 0.1223572981102145213 0.002432260255697484778 0.0004860666219073435531 0.9999969239199126836 0.0267871078580003176
0.9998509467872869205 0.01622073617738303483 -0.005913706657399353181 0.1675323915848785095 -0.01623006269423856243 0.9998671093719778691 -0.001532534197425688971 0.1724993619848105286 0.005888061948308451719 0.001628285598084902933 0.9999813395321454079 0.0003816397895318579927
0.9998260086968315807 0.01788286132176319237 -0.005306185476402402491 0.287788996333243785 -0.0179024447422369351 0.9998330159776299686 -0.003666419687862871452 0.1878839444847231754 0.005239733353382684117 0.003760775455006762358 0.9999792006648751119 -0.01636052111279866911
0.999641450295294498 0.02566238515844441667 -0.007642829286328249594 0.2772817787106690024 -0.02567794267589179613 0.9996683762365349279 -0.00194443116187462974 0.1699667680233786504 0.007590396001126687407 0.002139986118951687014 0.9999689026904570177 0.01490369197321908361
0.9994456592957199348 0.03220541343411565532 -0.008437147650797281392 0.3214904405563490664 -0.03222476632339024011 0.9994782961877358707 -0.002167921830550235962 0.2798240553917238915 0.008362927139857508421 0.002438605174718751992 0.9999620566073771366 0.02681950793402886751
0.9991906727223635043 0.03936634816257916086 -0.008263787084215837297 0.415622577889469047 -0.0393861888284927214 0.9992215252995790831 -0.002252000787942936254 0.3401633419450966755 0.008168700887960548065 0.002575657260813373796 0.9999633184849721079 -0.004655033998657360193
0.9987639183379489749 0.04899927878181872809 -0.008349018211056529609 0.4734170286933153116 -0.04901975657138400028 0.9987952389244346696 -0.002265870155994069782 0.421894994530219225 0.008227933635439711041 0.002672336195761684189 0.9999625791635142757 0.002802391632981313194
0.9982631933831886961 0.0583030734474712653 -0.008446796018441806581 0.6394402739932112389 -0.05832307185555139772 0.9982954656154853224 -0.002140705699921666757 0.5165186779450589016 0.008307588442537440152 0.002629630799230155136 0.999962033787347937 0.03031886150582155035
0.9976979592588077761 0.06732537200076509076 -0.008128737649170192023 0.7755370529288240222 -0.0673532487340333802 0.9977240424012912001 -0.003205479589391786472 0.6447194414126059536 0.007894426881152992112 0.003745597333560204446 0.9999618235336952266 0.0350144164848283368
0.9968675029914919605 0.07853663796210388903 -0.009336914753669264128 0.9349581087716292149 -0.07856373221992804523 0.9969057783729176059 -0.002570802668971743955 0.8074325380025121346 0.009106122071623191233 0.003296292507769291603 0.9999531053987081863 -0.01387527332499834294
0.9959267536119024156 0.08969915804238975943 -0.009163104634533864729 1.125307119591785421 -0.08971692339563148988 0.9959661061361611001 -0.001545666327391247369 1.004421709874687041 0.008987496674793439208 0.002361456004168622537 0.9999568232824159741 -0.05604353617310427887
0.99504088967845572 0.09918079177455862983 -0.007536472044582439959 1.339723708796378254 -0.09918805961494868428 0.9950685271776824603 -0.0005958609393394056607 1.074872221269839834 0.007440208177767210912 0.001340434037649367721 0.9999714228611046307 -0.04197569174863685637
0.9937756243538409251 0.1112243366240377451 -0.006257426202235081072 1.530641347347705405 -0.1112212826638944163 0.9937953154562976232 0.0008350207876967245899 1.214867998256983883 0.006311475479773565045 -0.0001338643362544979644 0.9999800734802707369 -0.01530385946416200869
0.9925411319843168156 0.121747299171598225 -0.006300512972162855725 1.7488836702302899 -0.1217342647491071878 0.9925597924933785565 0.002413941071252046974 1.522072670580917109 0.006547526654036135707 -0.001628947489195483331 0.999977237953340703 -0.03162535983889012969
0.9912199334878439849 0.1321369507021190604 -0.004782229135026992879 1.978183155390821568 -0.1321224837103122385 0.9912281496724714147 0.003225615461752672376 1.706670838988201711 0.005166503128076193121 -0.00256545435246426437 0.9999833627062967301 0.0005800281398921983134
0.9892570882862841142 0.1461064555686312216 -0.004828759314224983015 2.277681795435007039 -0.1460703707684964381 0.9892484899952724842 0.007132448781954158976 1.812857697395100942 0.005818939671203795204 -0.00635048685100635113 0.9999629049409073378 -0.01666498340011745433
0.9881923035156919832 0.15315458902142981 -0.004432057538828484099 2.528729530316466079 -0.1531151011046923138 0.9881744451337085566 0.008187294937100695127 2.016525308448807952 0.005633567790521397389 -0.007412006905296360942 0.9999566615946839931 -0.04403564260217901483
0.9871827231015373183 0.1595881368228031782 -0.001377604899678434771 2.818343653366974344 -0.1595677138985039933 0.987139751468605664 0.009656901765288885067 2.236039960596001741 0.00290101551849380199 -0.009313305316884857785 0.9999524220946894859 -0.02135889546715939724
0.9859787439951901433 0.1668599957011011603 0.001912648502909086203 3.083609233493466828 -0.1668709267162795939 0.9859207345350571305 0.01069574825355618618 2.422805211364999156 -0.0001010273092870554598 -0.01086494585729302215 0.9999409696302081763 -0.06233765514535193064
0.9853934422548789041 0.1702762020942954757 0.002403947050855780119 3.343931334471601957 -0.1702914563287229177 0.9853486770757384772 0.009423613241993769596 2.620124236844704413 -0.0007641089734686571343 -0.00969533833523426869 0.9999527071577145598 -0.02028755986800119884
0.9851395671343188276 0.1717072054013948079 0.00408275392965695965 3.69413275383929296 -0.1717351374182546631 0.9851112279987582765 0.007931648423355600053 2.808619337762711776 -0.002660045552260357441 -0.008514933001600694107 0.9999602092451670421 -0.07851105854680284768
0.9850522981645760678 0.1722089899723425466 0.004004204464425940337 3.99944987460650081 -0.1722325940424104529 0.9850343391953980676 0.006579069486477307112 3.070449389630157011 -0.002811303987394956402 -0.007170382039423187255 0.9999703406558112517 -0.05321951835600228359
0.9850470872489622831 0.172268195600021129 0.002429956182352614388 4.297095588660773124 -0.1722845034121428809 0.9849881275786775969 0.01079066323642903849 3.321150326927079011 -0.0005345899050866141904 -0.01104795518471877146 0.9999388265788411445 -0.09054698176563580336
0.9856741804028605891 0.1686599432048772884 -0.0004833686755670782149 4.657416102439696282 -0.1686290805610570209 0.9855411556678411733 0.01651858571514412677 3.60546428893770976 0.003262403451673118269 -0.01620043342085619731 0.9998634420163060588 -0.07961221749448094132
0.985877271603324834 0.1674420284333584807 -0.003028605307146290358 4.981524553712292303 -0.1673631312422612927 0.9857346564166791225 0.01779801786371423139 3.854886882555359939 0.005965537425055038832 -0.01703978442392489051 0.9998370157730791519 -0.08367253410431182981
0.9861691346108962808 0.1656953149496064592 -0.003937073093892165879 5.364190874015898558 -0.165615242655999001 0.9860655250696734875 0.01569623104645236078 4.156881455166450579 0.006483003994330177426 -0.01482709927193325353 0.9998690553199403031 -0.08071367069559176599
0.9865760501279940975 0.1632845594276376155 -0.002418670371884530049 5.737504949261801102 -0.1632341748539444526 0.9864835792247625967 0.01430916069003915214 4.398188628749895024 0.00472244360447386137 -0.01372226557182733286 0.9998946934322527902 -0.08226367778564529221
0.9871903996960698091 0.1595092300837845367 -0.003452573821410438379 6.08447261998152289 -0.1594316603704324098 0.9870694978054270763 0.01659373899003091166 4.649562439634424393 0.006054784838546863578 -0.01583073024912191873 0.9998563534630053873 -0.1347412844387751163
0.9875728912272594417 0.1571305727039048472 -0.003125321547383150874 6.43825018492330603 -0.1570422140217176132 0.9874023660774302602 0.01934710520593372132 4.926363024793341872 0.006125971611809963822 -0.01861586920977109649 0.9998079424996463294 -0.1265093706394928574
0.9880493949040521917 0.1540328572443191157 -0.005680855471448941797 6.799480919982736182 -0.1538567788593669106 0.9878030059681996988 0.02394395537935881113 5.19985079120650262 0.009299721971981278826 -0.02278377250018235461 0.9996971615853992299 -0.1097533114506328566
0.988359023220804267 0.1518258298450037846 -0.009765173316110840884 7.16827028635715191 -0.1515137780394110179 0.9880797079812694284 0.02724088361036420408 5.506369747391719471 0.01378463935842398104 -0.02544421481447758926 0.999581200128450198 -0.1492810365762192448
0.9886673716972195214 0.1497145256392095614 -0.01106295412349074525 7.555208048559920009 -0.1494266887039187863 0.9884958361138659333 0.02340185224573530787 5.763870696914870528 0.01443928129423846518 -0.02148354715068120924 0.9996649260414862681 -0.1458673153165288006
0.98885798491896304 0.1479352291380555129 -0.01658474123642026191 8.014040613517082079 -0.1475745031315536526 0.9888236653398224663 0.02120200201381704924 6.032632987445456507 0.01953590764420910786 -0.01851828404010082835 0.9996376450838209138 -0.1490112881653123944
0.9894828331796834409 0.1432362397339176641 -0.02017678045661815481 8.317811853207347284 -0.1428930309441472923 0.9895827021138873247 0.0175401648958163521 6.31357000275791691 0.02247898018820845487 -0.01447257074141039546 0.9996425561898778511 -0.1620875141606678838
0.9896979439126579736 0.1412686460430305768 -0.02326261937586357464 8.762721646612501303 -0.1409202631418179086 0.9898916778246066306 0.0159983002105199279 6.677518998560060481 0.02528753153429888142 -0.01255531038063436439 0.9996013730133366249 -0.1659354979611429304
0.9901555187365368438 0.1380243023648454748 -0.02326672886929647896 9.189872649577052854 -0.1377301775524598926 0.9903735044905738194 0.01381013375848413362 7.02414477987288155 0.0249488858858971374 -0.01046964945721965551 0.9996339027530506405 -0.1719546551177285609
0.9904176381345456415 0.1362027434782115132 -0.02284107574079549674 9.590917755282573509 -0.1358644398216694582 0.9906019455376370297 0.01576830647191462126 7.335009701799574344 0.02477410066848455966 -0.01251391889284784141 0.9996147486757140932 -0.1534795745395899358
0.9905342046420041457 0.1351949769277805968 -0.02375516044418931813 9.999442659261269739 -0.1348023848234563837 0.9907193021163266389 0.01742358918384733293 7.718094327410526923 0.02589027771463798047 -0.01405640877449068106 0.9995659612512939329 -0.1535359669804391702
0.9910320347316516898 0.1311246647481394967 -0.02572602632219751079 10.48477930113704915 -0.1306865108600794856 0.9912596215780695719 0.01803880561790866671 8.065506857836959753 0.02786650345595407738 -0.01451498961730224128 0.9995062646434733633 -0.1575185232944482649
0.991597192730462873 0.1261156868185458191 -0.02880695935623718215 10.9282599636486637 -0.1256342871456934962 0.9919140750885380164 0.01795810498476114667 8.442551204628665928 0.03083882719006780446 -0.01418806468609227697 0.9994236666989652074 -0.1715647208194207851
0.9921187807251120594 0.1218254911623035674 -0.02930656301207477596 11.35937448804495276 -0.1214647316354233036 0.9924998556036550568 0.01379694152551905022 8.740207344464080208 0.03076757873560756473 -0.01012849099261536705 0.9994752472017307543 -0.1729995724570684568
0.9928335582996881126 0.1150313629605616006 -0.03239307100932829059 11.80333210859381232 -0.1147142807170332957 0.9933320904095276349 0.01148877548791642916 9.154748070111788039 0.03349864644360325133 -0.007690494007123426824 0.9994091739564795462 -0.1578570520958114676
0.9935236317131459494 0.1092208612560921915 -0.0313304435653007779 12.20955830496224337 -0.1089618269941870499 0.9939969885245382164 0.009864434207695112894 9.431696706200545677 0.03221976855301548343 -0.006386726127411184589 0.9994604025391718993 -0.1814532512445433121
0.9944169211772939665 0.1009927752635310649 -0.03058506532347661164 12.73058001098480396 -0.1006941593825309011 0.9948548886380345069 0.01115512524579305095 9.883541462658351762 0.03155428881335925473 -0.00801310785986135074 0.9994699179864841021 -0.1690214786724482388
0.9950704505553242818 0.09591029907742028293 -0.02521929742288146412 13.14603419260022044 -0.09559963573536789383 0.9953316616176712817 0.01325115197522952482 10.25768573989041421 0.02637248715781146183 -0.01077487411923937384 0.9995941146329472282 -0.1501579601758679383
0.9958938344683764265 0.08817924212724320698 -0.02049125974016893087 13.67464858506620473 -0.08768681116353645166 0.9958636705813437295 0.02380278900094141142 10.75387492299459247 0.02250541303429802464 -0.0219082375858500808 0.9995066460559617338 -0.1574163830004593478
0.9963822730381437509 0.0815522398016768485 -0.02390811909523396159 14.16406082427660529 -0.08092247510824325529 0.996375402898123097 0.02622230962288832692 11.15854821948275344 0.02595994987856963324 -0.02419274029399449966 0.9993701978343008108 -0.1678238037378282366
0.9965664503215907466 0.07605391372804382044 -0.03272785205404579734 14.60685770115514082 -0.0753610278972916825 0.9969155819821708953 0.02190976666724497521 11.62512532772827001 0.03429322918139769 -0.01936813382328723271 0.999224123920412266 -0.1694829307718524469
0.9968331027288592772 0.0696240724721322729 -0.03842204883072639771 15.10538898372624139 -0.06914806789083995098 0.9975139287796566112 0.01358332056376528388 12.0144056751833137 0.0392722549762455006 -0.01088349314188662327 0.9991692747308191791 -0.1572799081453838121
0.9968840566504008072 0.06473208723759760197 -0.04507698390647517372 15.57360062466802475 -0.06434865028089312156 0.997878295265581472 0.009907524659784606308 12.42644883502130249 0.0456226786068933271 -0.006976010301094743259 0.9989343854713437221 -0.167306036422009502
0.9970928232700919658 0.06172395917421170941 -0.04467722738865153448 16.11018631860000028 -0.06105813554063598686 0.9980040560526718396 0.01611856652176784505 12.92625668473671574 0.04558295588899817508 -0.01334379879478015535 0.9988714317499254314 -0.1875854323592024975
0.9977334664565749023 0.05708236292717070587 -0.03563051718958785974 16.58137896590275062 -0.05625404966221457526 0.9981319887050877915 0.0238330656909170116 13.4176580167555155 0.03692440668647018615 -0.0217746863646124042 0.9990808031508636722 -0.1615815128003014189
0.9980598032371681416 0.05356547033014065484 -0.03173908553339111621 17.09268232149950251 -0.05265728778526836823 0.9981975220286954942 0.02879091972951584866 13.88193925910228188 0.03322407568743669659 -0.0270637655192846327 0.999081434814316105 -0.1217934351320829195
0.9982947026075067454 0.0492988521876492683 -0.03126195641302786932 17.64563451233431479 -0.04847429158436946522 0.9984699776146838124 0.02660727076432899824 14.37523623866382572 0.0325258328284345824 -0.02504649626421024886 0.9991570163010935479 -0.1368174896071968627
0.9984178213241937661 0.04571994193687171915 -0.03273440043042358943 18.10978724876613555 -0.04497168785787197115 0.9987178737276509732 0.02324125616514575304 14.85503783462601568 0.03375501967803259257 -0.02173236310687068004 0.9991938265623575566 -0.1501173220982642553
0.9985908936777458944 0.04226641660122276711 -0.03209014009898789044 18.59952885409050083 -0.04156906740453800153 0.9988912758328829522 0.02209596569676156724 15.32357401874299185 0.03298847827647959779 -0.0207308729350060908 0.9992407073415068286 -0.1619317180717491089
0.9987838341734384118 0.03824890754398069942 -0.03111066803360851632 19.15435596194412682 -0.03750838296786513509 0.9990069089286287563 0.02404822488256414328 15.7766819223727488 0.03199959063709002099 -0.02285206740228176714 0.9992266055377529987 -0.1699131110632224329
0.9990848572004865646 0.03287644165686655351 -0.02736033071192638458 19.69944791977787091 -0.03217422915569803643 0.9991512479259444524 0.02572163964961325308 16.2625545948781749 0.02818274455974724424 -0.02481780312619502951 0.9992946560234721165 -0.1447553044888560958
0.9992805000549112027 0.02970617811802744521 -0.02358018642052299094 20.18423233877194178 -0.02905809977698321084 0.9992030291013593857 0.02736664890005337594 16.7734736320224691 0.02437435224487981972 -0.02666176318790510272 0.9993473076645349451 -0.1480192899004799112
0.9994510919504323576 0.02538328986117955113 -0.02128857428086432246 20.66997788540451708 -0.02479346987329064667 0.9993135458551835049 0.0275267310442461749 17.24912931841985753 0.02197267964383879321 -0.02698380377491980606 0.9993943544382797306 -0.1448420026712796682
0.9995165680906861194 0.02105917089616524823 -0.02287228526804657713 21.15198703321367546 -0.02042723228833664972 0.9994125203445999306 0.02751985391481751725 17.70748685550195844 0.02343839357240872293 -0.02703933245515996453 0.9993595530173933206 -0.1592490655885312745
0.9995715134511692357 0.01482311281670329293 -0.02524014309314135535 21.62347493735853377 -0.01417350267311307498 0.9995685895422766754 0.02572443629001253812 18.20426308186830511 0.02561057045272949889 -0.02535567247948561018 0.9993503832761554406 -0.1731912272469641467
0.9995965043123826721 0.01092291853986032332 -0.02622057240100328368 22.1058055689790649 -0.01027532133285235204 0.999641926509038492 0.02470701391922228499 18.69953899001793474 0.02648105620951152553 -0.02442761993870033385 0.9993508118004202911 -0.1813049651809180707
0.999643128314432361 0.006912041445138007896 -0.02580386980272733263 22.59929553527700108 -0.006345364485697556865 0.9997383047937077327 0.02197858680050377225 19.24628537058530497 0.02594903395656680822 -0.02180700830614609731 0.9994253859220590952 -0.1716731746157485472
0.9996855913280509043 0.003573773270978880534 -0.02481827221409172238 23.11263101752710725 -0.003001657530559111858 0.9997297769901781761 0.02305131343845385344 19.70257430907759399 0.024893945913702753 -0.02296956995192209194 0.9994261805221381634 -0.1788782221027123975
0.9997334701781933619 9.254173340930997495e-05 -0.02308636050777690754 23.62998506444446889 0.0004360247298809063901 0.9997379151658118968 0.02288909920356871699 20.20308423175048773 0.02308242811972769856 -0.02289306480014101017 0.9994714148469451276 -0.1822483338768582373
0.9997541580856073029 -0.003149742822718667144 -0.02194772222097982062 24.14281322469456015 0.003708653163319827837 0.9996686684701105996 0.02547153648506825935 20.70863848189883427 0.02186022145937129013 -0.02554667100321875162 0.9994345893145786253 -0.1839707722510361687
0.9997600880200794293 -0.005177493571290622473 -0.02128285606778896819 24.66010310241010828 0.005655241639268485457 0.9997319943336656634 0.02244900326591455289 21.25015074234071832 0.02116092257167586851 -0.02256397717493089858 0.9995214266287465454 -0.2031208729697858428
0.9997571501529008975 -0.009038422928254083791 -0.02009844842568743115 25.09762178866826332 0.009371783566451697897 0.9998190423086189549 0.01655452535893563518 21.74667660394734625 0.01994518465528942464 -0.01673886340365043912 0.9996609425505331714 -0.2058675270777739763
0.9998156866861062086 -0.01167862567378264403 -0.0152381875156294682 25.60468743441068895 0.01185100794107378681 0.9998662424006974359 0.01127168657700628948 22.24783848829716604 0.01510451148400460304 -0.01145019693635540049 0.9998203572257109428 -0.2050678029286126802
0.9998313433065789679 -0.01342060735251464701 -0.01253683532840459136 26.10423757068066664 0.01360500647105509185 0.9997987837046902193 0.01474095999399747947 22.72900204096455568 0.01233648007676633671 -0.01490903755819653412 0.9998127483976205765 -0.2017581054543410024
0.9998263196813275133 -0.01749924213757735394 -0.006411473863505004478 26.58238854341907142 0.0176756304189161044 0.9994354036181626322 0.02857352067726871489 23.29414951884263374 0.005907839011504822067 -0.02868188486154374731 0.9995711314954045523 -0.2368476890906611454
0.9997713840600577218 -0.02063392996888619921 -0.005605403524780990486 27.0657724172776355 0.02082778373204454553 0.9990958976219629362 0.03706198564264227835 23.80723374848037466 0.00483560124986623114 -0.03717026081430344076 0.9992972474051696752 -0.2394063620032493289
0.9996938283525416136 -0.0223056228059478022 -0.01071021685485187662 27.59155574741939176 0.02268215097524410584 0.9990789139140576758 0.03642586717489579295 24.37325921200264034 0.009887850169546701443 -0.03665764536281209546 0.9992789637811250181 -0.2454031158217996889
0.9995036373245694827 -0.02515173895699833115 -0.01897021355690041433 28.09505905396177283 0.02572275998003414541 0.9992042486176970773 0.03048293232865005239 24.91636639037020018 0.01818841922666589173 -0.03095576798889856582 0.9993552530678230239 -0.2458218361339539193
0.9993606429889941856 -0.02546250999510683496 -0.02509912009161232097 28.5950282773074953 0.02612291665478443797 0.9993115315698286594 0.02634494442982246096 25.46288278996635057 0.024411031728939242 -0.02698376282715834323 0.9993377697623643252 -0.2788206458221596518
0.9993739651432095306 -0.02812709597333686723 -0.0214602951062097258 29.06084306412617124 0.02868878794568026011 0.9992415354672412597 0.02633072811902194277 26.05591797657601916 0.02070341131665752801 -0.02692991402096855946 0.9994229077275927908 -0.3147512178642843383
0.9993156175221290516 -0.02920330845914077128 -0.02270381799182856486 29.58332077921114944 0.03019293415300407929 0.9985511489730216628 0.0445419982925168087 26.58136405905863597 0.02137014982629184198 -0.04519700941100514291 0.9987494916327633865 -0.3170793286595977589
0.9993090763428313927 -0.02940801102392091512 -0.02272749054458370749 30.10483536738808041 0.03078469641878723434 0.997550803313068446 0.062806825073831965 27.14572375667610871 0.02082480264589088928 -0.06346308924933267981 0.9977668885554835665 -0.2777886253306539044
0.9994233070253146778 -0.03290875415969722606 -0.008370619704666820704 30.62493058433426896 0.03329234193132384056 0.9981544131488228055 0.05078767055355896259 27.72071028216946686 0.006683812034412872638 -0.0510370591941349469 0.9986743940071273196 -0.3253625811226240616
0.9993264476832659504 -0.03551272344990944602 -0.00924648224543010884 31.19848099914309714 0.035864799243282737 0.9985071107500449461 0.0411978877715403341 28.24374955869457793 0.007769629076334894253 -0.04150176206822618619 0.9991082206694370527 -0.3277855754382936748
0.9990993889943434736 -0.03603005165508633284 -0.02241085203336303303 31.7025222265914941 0.03685510992970557342 0.9986144536638530411 0.03756160014847350487 28.85674484163665099 0.02102645436584111086 -0.03835372617329765865 0.9990429820109968384 -0.3802312877896165677
0.9989295724159437118 -0.03898411856761702793 -0.02489875202506752067 32.17094437053720668 0.03978302518288086981 0.9986816060849214027 0.03244010750506487462 29.41276530350669915 0.02360127666458093978 -0.03339593039799726437 0.9991634959167864372 -0.415400242611522863
0.9988989686432420134 -0.04095996448203566981 -0.02287207365102242318 32.67470537079454829 0.04173374068937382025 0.9985348287496733644 0.03444547375102570419 29.98482145140535948 0.02142767676486467474 -0.03536208539510747595 0.9991448231287441972 -0.4487882284038133829
0.9990603452309173571 -0.04012631855893505212 -0.01638002277126344997 33.20456480382052433 0.04073964779925016988 0.9984081279987007118 0.0390062949191931907 30.59655150770795728 0.01478876885590195076 -0.0396369588267930853 0.9991047011253073595 -0.4531767662070731451
0.9990972081205556909 -0.04121602230256948829 -0.01029602987880190966 33.73762615842917256 0.04160816589383013048 0.9982788840824876608 0.04132832111245970941 31.15151935322426979 0.008574920213191389654 -0.04171940915901333619 0.9990925691059663327 -0.4386988240190812793
0.9990925373918787544 -0.04115028755301012447 -0.01098888357213814553 34.25687890631237309 0.04158829573253912393 0.9982023472189928137 0.04315654833922948075 31.75666395261800545 0.009193225001069841446 -0.04357439432508457278 0.9990078862417862693 -0.4832607944668190769
0.9991667826106552797 -0.03919944524785744233 -0.01136415503817968589 34.80393001642545414 0.03964095173415328049 0.9983455130641881725 0.04165130838537454278 32.39491139659977392 0.009712645009578399491 -0.04206708971230679883 0.9990675775392046098 -0.4994715961480655775
0.9991810579965867412 -0.03912631595038441185 -0.0103123586522340157 35.36722293295456154 0.03947384366766851227 0.998572565121299327 0.03598121528198889446 32.96058913248629807 0.008889826034410228117 -0.03635881718674383728 0.9992992581833826105 -0.5225279186323743552
0.9990682328298817749 -0.04199388611710117708 -0.009958899485434330109 35.90857377855533628 0.0423180873019774681 0.9984926846991984961 0.03495050914206074277 33.56603496906266315 0.00847618058321437419 -0.03533938498291949032 0.999339422934845345 -0.5515525776316624329
0.9990859492054181556 -0.04161751258072852316 -0.009759546449586646577 36.45236182423601434 0.04195264408804923184 0.9984304515240527422 0.03710268350803922616 34.16823772595559916 0.008200106970656191249 -0.03747820854935786372 0.9992638000696315581 -0.5793954580812029631
0.9990523580227007594 -0.04259289196058226729 -0.008957202895738649098 36.98112477389286568 0.04291656927656017917 0.9982881589957149915 0.03973562243725860255 34.7614729037560366 0.007249414515081403776 -0.04008237971204211408 0.9991700800293252804 -0.5726554584583851693
0.9991108199978575577 -0.04170412661132232718 -0.006191541552420402016 37.52911494603529974 0.04193241089926653953 0.9981942097759202159 0.04301153898666260078 35.37010904924720478 0.004386602259565415898 -0.0432329202508102764 0.9990553900195942028 -0.6167219583480658684
0.9991012776029092324 -0.04190503718857382931 -0.006372201382463892234 38.08746243932256448 0.04214530541833222399 0.9981434533884863125 0.04397066850642687708 36.0202824986007144 0.004517778594611119962 -0.04419970945527616074 0.9990125001022955864 -0.6451686228606539064
0.9991168747134360206 -0.04107908676058721203 -0.008830588529221319871 38.61160259694212016 0.04143933355048824707 0.9981062663686194325 0.04546056170557000176 36.64539660540321364 0.00694638738825052466 -0.04578634803749592058 0.9989271034643326663 -0.6831699233024856044
0.999091098305330827 -0.04064540033771187055 -0.01284245764777330878 39.14074881551599105 0.04119283814576137071 0.9981051247245282809 0.04570897159345124056 37.21802550604726889 0.01096026334285934122 -0.04619644391098688685 0.9988722446826892032 -0.7028553558891407205
0.9991892544961593625 -0.03970620087959130656 -0.006652165896822470267 39.75368280862613091 0.03995809790123384941 0.9982588167807363577 0.04338991970077246685 37.84602420929034139 0.004917734389402929167 -0.04362054941462354535 0.9990360671953949501 -0.7705700591807614908
