1 0 0 -0 0 1 0 0 0 0 1 -0
0.9999999999894141345 -3.641679131726647973e-06 -2.81246323602587581e-06 -4.933140881718675396e-05 3.64116772262403753e-06 0.999999983464964104 -0.0001818153279717170791 0.0005213542808397193416 2.813125302607648621e-06 0.0001818153177291420347 0.9999999834676381871 0.004115464708364909366
0.9999997188681599702 0.0007244018713338407512 0.0001936634449013467261 -0.007395936675221006368 -0.000724334292697397116 0.9999996768420903459 -0.0003487915528909487782 0.005811991481251325108 -0.0001939160475710788084 0.0003486511777601612521 0.999999920419458177 0.01925764578837682595
0.9999995207573929568 -0.000730418366710451324 0.0006519002945781122993 -0.0101356813539742064 0.0007307324355253882108 0.9999996170138021334 -0.0004816662296263430113 0.01947906524693337679 -0.0006515482270485642522 0.0004821423634813261122 0.9999996715117706048 0.03186176855507641403
0.9999992622963931321 0.001160552738598994273 0.0003585024550373513497 -0.02385962727484543938 -0.001160387261775109105 0.9999992202862217905 -0.0004614416009089439036 -0.04304922793479267623 -0.0003590377028217201861 0.0004610252588196435582 0.9999998292738047079 0.02117048633843321079
0.9999989910488175093 0.001107659829679814856 0.0008893767754493688785 0.005254681515439453034 -0.001107774336007953837 0.9999993781916486357 0.0001282666617780628588 -0.01487954868070858784 -0.0008892341465987291726 -0.0001292517611301095002 0.9999995962782258774 -0.008326642432818128978
0.9999999294955428386 0.000281518422341351369 0.0002485081229559492821 0.01012835900461487443 -0.000281408484675995925 0.9999998625834319865 -0.0004423147994993241873 0.02841580842260635689 -0.0002486326085713867935 0.0004422448360198274792 0.9999998713006571505 0.0009002852281160735742
0.9999996019995426311 0.0008784895840282611751 0.0001557459693173288704 0.01794816965597337971 -0.0008784389655544147914 0.9999995614321227633 -0.0003247776867938185368 0.007723617570377603984 -0.0001560312148271337813 0.0003246407442039690207 0.9999999351313214602 0.003398629131826718178
0.9999996291871823262 -0.000791246214083882681 -0.0003399337092980107876 0.002287978033263119663 0.0007912646336916607419 0.9999996854891289866 5.405481052520474771e-05 -0.01884353320925312089 0.0003398908317209864893 -5.432376800293173247e-05 0.9999999407615736136 -0.0228907249020082644
0.9999999743084938553 0.000120712158722060037 -0.0001918634578829331641 0.007262099678803514424 -0.0001207358487807272911 0.9999999850894086828 -0.0001234667454157804519 -0.007532176708258777817 0.000191848551084789886 0.0001234899070411342415 0.9999999739721878722 -0.006310747281519123349
0.9999999477824965677 0.0001553556565358718436 -0.0002833718829788862774 -0.01013730005109558796 -0.0001553214976492630381 0.9999999806699699789 0.0001205623991001221202 -0.03041243138504451729 0.000283390607551981769 -0.0001205183790593591513 0.9999999525825408186 -0.001106459489798380632
0.9999999712326619328 -8.032139627722216968e-05 0.0002260158150883206062 -0.003093890551718597205 8.034388051409376594e-05 0.9999999918249427022 -9.947349134815929061e-05 -0.01820092877048623548 -0.0002260078233909116523 9.949164747421131746e-05 0.9999999695109375031 0.004793680001286670239
0.9999999497237775925 -3.94185743845889243e-05 -0.0003146404587750997067 -0.02049075145896998157 3.936490594570716292e-05 0.9999999846772770207 -0.0001705750562567680012 -0.008944059142210655441 0.0003146471777794999274 0.0001705626618888218793 0.9999999359527638187 -0.008699957505063133159
0.9999998677030725869 -0.0003797222563951447335 0.0003469940134232697032 -0.0002030755905519033753 0.0003798113282901775128 0.9999998949329704789 -0.0002566659366017107896 0.01200870007426584236 -0.0003468965151970531172 0.0002567976949027432187 0.9999999068588715234 0.001508837942052421817
0.9999999883769511433 9.955543524324093495e-05 -0.0001154764600487519048 -0.004542274888060283088 -9.954254124827494857e-05 0.9999999888117246938 0.0001116594508700770143 -0.02196232071918623185 0.0001154875750619849836 -0.0001116479547519815728 0.9999999870986769901 0.01567039239889599783
0.9999997527796875563 8.250854990190235102e-05 0.0006983071695310940318 -0.01928901297682400484 -8.218913951429338309e-05 0.9999998920045430895 -0.0004574230508613013777 -0.005654867638826871663 -0.0006983448354297057143 0.0004573655445116586314 0.9999996515655641405 -0.0004376876625213943256
0.9999997020345324783 0.0006983380867565980614 -0.0003290209154975549531 -0.02023096862532499512 -0.00069814080682243599 0.9999995767009468572 0.0005993307442608320238 0.003131348814887675511 0.0003294393117085955142 -0.0005991008627535591123 0.9999997662739207316 -0.0009273094498714098402
0.9999999917210555811 -0.000120004975460395345 4.644022575255006563e-05 -0.0008713315126306049943 0.0001200013338803224968 0.9999999897258391446 7.840919256419823051e-05 -0.001677348082837997693 -4.644963476865310883e-05 -7.840361902601221367e-05 0.999999995847651979 0.01472675542574583898
0.9999998746343965461 0.0003880680886746325632 0.000316440120211984382 -0.003414813089588183709 -0.0003880048039474513159 0.9999999047208405489 -0.0002000264529408677945 -0.0008770143434162256486 -0.0003165177139451400327 0.0001999036475775837606 0.9999999299275317277 0.00731251578544177272
0.9999999724433035198 0.0002292036115780204117 5.078480682482624224e-05 -0.002598763363021947166 -0.0002292091488020158146 0.999999967785183963 0.0001090541020645630082 -0.002329823969570736595 -5.075980959478028045e-05 -0.0001090657394017236593 0.9999999927640530473 0.004731334174850724411
0.9999999534428888337 -0.0001631240116864092515 0.0002578852011133891411 -0.008117201930694756609 0.00016324775258929426 0.9999998715320962406 -0.0004798811961561641557 -0.01568963229695997247 -0.0002578068878375935013 0.000479923272993776069 0.9999998516046193497 0.009324044200220125284
0.9999996699878412887 0.000805813203706408571 0.0001033890183796249389 -0.01247179203283828482 -0.000805859246020817566 0.9999995758084950781 0.0004460646874868666196 -0.009566924452502780993 -0.000103029529707981111 -0.0004461478572764982528 0.9999998951684971882 0.005726841888389851143
0.9999999257428409116 0.0003805232124969866567 -6.096226244235357849e-05 -0.005177970662969090705 -0.0003805316017673513688 0.9999999181224731304 -0.000137661712909005452 0.01259784120671279817 6.090987397369309459e-05 0.0001376849007540066258 0.9999999886664275861 0.006043999365076365392
0.9999998980615918409 -0.0004271496806477776548 0.0001463555809276927545 0.00882890571764080416 0.0004271506496298093118 0.9999999087494459982 -6.589544538452648227e-06 0.007329822237151509094 -0.0001463527528508183997 6.65205974822368394e-06 0.9999999892683109071 0.008957635399134912871
0.9999992984574873622 0.001148048046286077872 0.0002916679900499107177 0.04743213065685237401 -0.001147942717685683555 0.9999992759399614073 -0.0003610361057290362207 0.001998824190571531819 -0.0002920822656606228808 0.000360701034301677602 0.9999998922913511112 0.005824694515669235663
0.999999874191242033 0.0003856768704255726546 -0.0003207348620276654857 0.03155841453151610188 -0.0003854371274231371759 0.9999996465602557505 0.0007472065205123257746 0.002006758283273937273 0.000321022928939616219 -0.0007470828033833147759 0.9999996694057273761 -0.01722249369126733001
0.9999995831090968679 0.0007291514130329849151 -0.0005496542999244044374 0.005837045816558980929 -0.0007288393442920708789 0.9999995732314617136 0.0005677412303971953247 -0.007854508207904249001 0.0005500680346696122528 -0.0005673403840315076026 0.9999996877749741664 -0.009983272723190562623
0.9999997655399147645 -0.000631986032342896336 -0.0002636546422409498684 -0.02733931503660966961 0.000632073087381476652 0.9999997457147514757 0.0003302333183126030902 -0.0309901748373744429 0.000263445872352875872 -0.0003303998898897948203 0.9999999107160885137 -0.01039201985875674687
0.9999999897165831042 -0.0001419946098125419304 -2.010881323780669059e-05 -0.01947639775216825769 0.0001420005323858071879 0.9999999464550497486 0.0002948317256802556428 -0.01540186860267870987 2.006694764522839908e-05 -0.0002948345781105638722 0.9999999563349436515 0.006075386069441205718
0.9999999001458836911 0.0003090911836002210172 0.0003227551128059097775 0.01481811768956346233 -0.0003090144160140601481 0.9999999239631032211 -0.0002378736606561168265 -0.005529536358751778111 -0.0003228286129159409754 0.0002377739009207413719 0.9999999196226261322 0.01128999955736653162
0.9999999394972086675 -0.0003448460347192969884 -4.56814123520414946e-05 0.01160354210437070967 0.0003448360259454733663 0.9999999165796552569 -0.0002189264664710994699 0.02255866434615673086 4.575690446514774307e-05 0.0002189107006287404928 0.999999974992205054 0.007331301344466901321
0.9999998697316836438 0.0004576297280388507012 -0.0002260788529186817805 -0.01778615652734808622 -0.0004574935194634493119 0.9999997140470190393 0.0006021673852287355447 0.02031699735222998113 0.0002263543579675149592 -0.0006020638771752988803 0.9999997931413747709 -0.02092039292927225583
0.9999998611875630106 -0.0005239030501757804565 -5.612885766730068697e-05 -0.01089351885105295861 0.0005238984192246794571 0.9999998593630232691 -8.248866567009292751e-05 0.004920789107048825599 5.617206583707280341e-05 8.245924839982489722e-05 0.9999999950225856304 -0.001395458606437733175
0.9999998212541534315 -0.0005701877777918555471 -0.0001799376539579782051 -0.006838784752231750509 0.0005702123873168035836 0.9999998280792630201 0.0001367453026900649813 -0.01664985810899003577 0.0001798596525227022806 -0.0001368478809266383573 0.9999999744615810648 0.008146733579034779946
0.99999713626223663 0.002382124676120398604 -0.0002301072648622921033 -0.01340295790089570532 -0.002382111844943799947 0.9999971611984460607 5.601970464287391662e-05 -0.04988111406121444047 0.0002302400575542077829 -5.547140297590259068e-05 0.9999999719562192579 0.005875115664153469398
0.9999984193125507348 0.0001521092368228683803 -0.001771506471931149707 -0.02128186993669892169 -0.0001525856502237619625 0.9999999522323105294 -0.0002687991741128079514 -0.01411294228428652299 0.001771465500473146928 0.0002690690556922152523 0.9999983947546235985 0.01337667033532942938
0.9999989544340538439 0.001432744040412547342 -0.0001958961810131039296 -0.005571481112879974121 -0.001433006786928111989 0.9999980650187758613 -0.001347757490350488287 -0.04434667264683644222 0.0001939648104454996661 0.00134803680173807062 0.9999990725867866637 0.02412872113227386428
0.9999858889896280356 0.005174744843573496865 -0.001201597864193825003 0.003206468878040661958 -0.005175383624408301519 0.9999864676318899193 -0.0005291100407577776403 0.01980200559738883384 0.001198843594274103669 0.0005353213043899962336 0.9999991381021973158 0.02293254015069346591
0.9999788420645223663 0.006502282328549793995 -0.0001890709307929032336 0.01173697699896243847 -0.006502217071502416207 0.9999788012846316798 0.0003437360996642278019 0.02248363922556771352 0.0001913019918985836717 -0.0003424994466840858395 0.9999999230488354485 0.0006610040948999844389
0.9999623478605645932 0.008651378617644350094 -0.0006756546465447869259 0.0330392787319691017 -0.00865085794421743999 0.9999622843378878079 0.0007697782681939301054 0.105925637994801633 0.000682288807032219234 -0.0007639042920286272286 0.9999994754659706775 0.0009543598952825216222
0.999952102533859799 0.009745673847209443061 -0.0009024851117850369187 0.06893040882439474548 -0.009744867605826613641 0.9999521184724531331 0.0008934863165202558367 0.05967407760843742442 0.0009111495256470520223 -0.0008846489228590838881 0.999999193601087466 -0.01136725989940221872
0.9999540846525332149 0.009561587608224512286 -0.0006361046491036132736 0.09479135819911083116 -0.009561055840363484257 0.9999539444096537943 0.0008338289947894467809 0.04764051500187367616 0.0006440480819124315198 -0.000827708877171030497 0.999999450049890215 -0.002445200697922789244
0.9998954221372002849 0.0144314828210670449 -0.0009365322499433344867 0.1263825389815791678 -0.0144302964788072495 0.9998950822416839967 0.001261369267768614171 0.1193660988586652399 0.0009546374199979096482 -0.001247722918437738993 0.9999987659266961204 -0.007667071770685299562
0.9998570479079165185 0.01690805192264258419 3.910303633113276523e-05 0.135519322378497814 -0.01690805403810188498 0.999857047155957912 5.441702861112789584e-05 0.1474107712210939169 -3.817736049564532912e-05 -5.507040583438385948e-05 0.9999999977548698071 -0.001713052659692314078
0.9997711612745532328 0.02131828637096208276 -0.001776443057635200161 0.1513188900150693739 -0.0213162769516415454 0.9997721295431378774 0.001142508512067072534 0.1577769992973463986 0.001800394582385569757 -0.001104379909669994447 0.9999977694596937638 -0.01157522688679538114
0.9997301666107245577 0.02322899476982022773 8.815030663429122902e-05 0.1558397865563898033 -0.02322898655308537272 0.9997301663511640735 -9.311922655335366035e-05 0.1340887710562007895 -9.028958674198362842e-05 9.104645758938777677e-05 0.9999999917791665416 0.003653137518870391842
0.9995631544058877216 0.02955431601744865078 0.0002067822338959314857 0.1938957400585423763 -0.02955402035515036774 0.9995623252103168488 -0.001310687221347522609 0.1999285143925627339 -0.0002454281948649364789 0.001304003407059974029 0.9999991196696702556 0.02490434273641546625
0.9993531214551828468 0.03594743904710544224 -0.001058425121215855703 0.2769543629600545454 -0.03594889270825958605 0.9993526657531347501 -0.001388007620076480092 0.2977000062442044515 0.001007844647067535331 0.001425158958849323662 0.9999984765843943357 0.0247366637522985211
0.9990070271657119916 0.04447428321011076546 -0.002645336741020075464 0.3473845890468566511 -0.04448177640696609342 0.9990061460149131101 -0.002844607549543299186 0.2782023999129257796 0.002516195780778112019 0.002959452208957575638 0.9999924551722456645 -0.008042611261198651107
0.9985172342339416751 0.0543570629304010941 -0.00293983798531669482 0.3814276957097283982 -0.05436592522241372183 0.9985165015382664322 -0.003023628696122006819 0.2922289725127796278 0.002771121164874455322 0.003178972375077869332 0.999991107471525531 -0.002703978709010633301
0.9978332384035814018 0.06566543458692623847 -0.004108410584607071793 0.4062538789332995615 -0.06567213981226426023 0.997840098936470965 -0.001518883449223604231 0.3602757826470828206 0.003999798682435808973 0.001785400505214890026 0.9999904069317544497 0.003356336948388435187
0.9967367544605542085 0.08057903012775910478 -0.004781444458588583919 0.5106569515459127295 -0.08058393343328182357 0.9967474712738014775 -0.0008415353247693158501 0.404585935520837936 0.004698082572846142176 0.00122409679034031168 0.9999882147341470073 -0.03121480427432051993
0.9955036384569536656 0.09469882306598596811 -0.002153770852226747669 0.6317027393698683158 -0.09470362928461230345 0.9955029659828540378 -0.002251070781507609475 0.5003254242081223158 0.001930911517792147482 0.002444919069768248295 0.9999951469639504209 -0.01255574144133199746
0.9933666162934585708 0.1149878875016684399 -0.0007425372640212959648 0.7088093346727486477 -0.1149899536259480493 0.9933585446122871199 -0.004014026763897391055 0.5667120428600731508 0.0002760412779528680061 0.004072784509719479598 0.9999916680790646994 0.00178050829531676896
0.9909501994678994174 0.1342279598858232559 0.0007462971394133063527 0.8218875990914241703 -0.1342206036862285679 0.9909311665739156672 -0.006344498290889721663 0.6662498608902247543 -0.001591138157054822026 0.006186913394299557896 0.9999795949828259589 0.01280970968521765764
0.9881485399884561982 0.1534966217593755344 -0.001118046126786363453 0.9917506763198297159 -0.1535004702302909807 0.9881333148327023919 -0.005491607853340527493 0.7585782963854832417 0.0002618353718822449719 0.005598144888668444598 0.9999842959847137225 0.009983762919250911694
0.9842981654527324098 0.176502220707527524 -0.002021774393129608348 1.112502947338657622 -0.1765084686193104657 0.9842928906114919441 -0.003502284588592347644 0.8319412024997444588 0.00137185715414153914 0.003804152597469867732 0.9999918231820517089 0.0115122650583716641
0.9802131908966621454 0.1979444959941665805 -0.0002773045242029525026 1.256184421835419007 -0.1979445320727687141 0.9802096748603561505 -0.00263733438296637375 0.9550730690053850225 -0.0002502292476980829436 0.002640040865273963772 0.9999964837785947358 -0.01909140871502256961
0.9761659204654596911 0.217005159523507879 -0.002975980846497165364 1.405898577237232105 -0.2170092142400053825 0.9761689231322219218 -0.001111056170333836034 1.003868772800529108 0.002663955096704384053 0.001730390434294414503 0.9999949545333653989 -0.04563398693965830394
0.9704543941482035585 0.241284115318946224 -0.0004945434224587223673 1.657070305646247244 -0.2412844325970847636 0.9704490243517636117 -0.003242486856279245145 1.134881265337731815 -0.0003024313907259983006 0.003266011246726561578 0.9999946208384273838 -0.01305308904789703912
0.9653101462657365239 0.2611046986611842424 -0.0008110816694926506172 1.881667139783354425 -0.2611050578381561293 0.9652940010279602578 -0.005624975623533969189 1.296611235731878864 -0.0006857752952543451829 0.005641623568119124785 0.9999838507674811972 0.001497653171445114013
0.9596285530119492702 0.2812636463079939975 -0.001949746066577961274 2.101401150566649889 -0.2812703217020542934 0.9596105228465231507 -0.005886473634138393411 1.365077504815653819 0.0002153458041331979961 0.006197233879254915312 0.9999807737743913183 -0.02741030412963962534
0.9539383269115473407 0.2999817456888924649 -0.003552562827388089893 2.38255052497909503 -0.2999954728577333141 0.953930858315180652 -0.004316690738018618204 1.510035541237049195 0.002093970883959028056 0.005183609505679149208 0.9999843726171073754 -0.04974565902692082431
0.9495589431147475334 0.3135885271378122674 -0.0002218069911931108619 2.603326267651216774 -0.3135838639203638034 0.9495404579678918822 -0.006170816064419090696 1.576895774334144518 -0.001724482408881546297 0.00592910867362818339 0.9999809357336557625 -0.03943118253542034213
0.9448740542473579307 0.3274302062443735784 -0.001575325022912281046 2.912809812019809375 -0.3274332888229595229 0.9448710764086736269 -0.0024678607932188696 1.759808109776670015 0.0006804268815865874027 0.002847631486224086374 0.9999957139979038789 -0.01712346856102854933
0.9410935773744534272 0.3381457612674531599 0.0005681209449694366595 3.205512766826316362 -0.3381360853937848132 0.9410770115889047771 -0.006168145058558833008 1.908822462994501867 -0.002620377667547359093 0.00561269950656150679 0.9999808154285403372 -0.02688821240042078148
0.9377933743330775229 0.347193450282876237 -0.0005432657288994954727 3.494335382705398008 -0.3471926283069349251 0.9377846642808196354 -0.004147564228917867586 2.032472597537688497 -0.0009305408657165436907 0.004078176109785754469 0.9999912512483870586 -0.01794590244926003164
0.9366604327692750198 0.3502388095670830315 -9.978730942287954262e-05 3.815677699503371656 -0.3502354201292173785 0.9366500361258021101 -0.004675501304050970475 2.23624869455921127 -0.001544076223884318765 0.004414306125104978246 0.9999890648052350839 -0.07079491826403522259
0.9355010253127848951 0.3533219624821228311 0.001192672004237143061 4.167903515253120084 -0.3533150499186907267 0.9354960567001348037 -0.003950113852958303702 2.431369008712219948 -0.002511401935455540631 0.00327394659083105749 0.9999914870307841097 -0.03520891750050676033
0.9375969654053015745 0.3477225156722358324 -0.000991240304581198807 4.549225109454679838 -0.3477212641383993774 0.9375971310385916579 0.001241907482687016218 2.579565210709980239 0.001361223259857254585 -0.0008197333553075769868 0.9999987375534346024 -0.05232484706817761011
0.9390412782348649401 0.3438041737159650557 -0.0004097639729023844148 4.787548394101730942 -0.3438034566406970027 0.9390408041532357641 0.001245526857465454598 2.736140830031164928 0.0008130024226992332067 -0.001028722862019550068 0.9999991403777974686 -0.02984503445368380525
0.9418955018875426743 0.3359056950924012019 -0.0004769994811278700526 5.125482100174942879 -0.3359007526732963878 0.9418877066116052577 0.004269951691008191767 2.947179621898990742 0.001883581038113535389 -0.003861623806302099098 0.9999907699494288149 -0.01390448202541089834
0.9455069404352519635 0.3255998743931146633 -0.001160768692247722642 5.523174253889741259 -0.3255951685298891785 0.9455042561705986337 0.003080226172864033128 3.128599763354518615 0.002100432993936714784 -0.002534434546576641058 0.9999945823967083536 -0.04855825349800765162
0.9487544727852169624 0.3159974222031226021 -0.003252619102592548168 5.825168061059065039 -0.3159841882230325361 0.948755991226399753 0.004007730659983827284 3.26049376285623671 0.004352374418201424011 -0.002774576182646671177 0.9999866791932433552 -0.08406471070929838474
0.9525173070486130378 0.3044460410186564658 -0.004836101831529228054 6.16169129387274328 -0.3044426444528716136 0.9525295786792656871 0.001441519907252024422 3.360487528210035268 0.005045395068849020496 9.924297032146789193e-05 0.9999872669886512577 -0.07617740285704691083
0.9557534553585732562 0.2940177566080479088 -0.009428221959540400779 6.49942350935657398 -0.2939973589497694162 0.9557997784712741751 0.003512321856491259532 3.574435114897756449 0.01004417745303769205 -0.0005850413949758631171 0.9999493848319813694 -0.07974418231540202073
0.958820815648764424 0.2836833569637742802 -0.01365270890342831951 6.860612315191920274 -0.2836738570146372096 0.9589171102982272377 0.002668037431630247008 3.803952386245409656 0.01384869398452823717 0.001314746766956445718 0.9999032378764766138 -0.06775499061330023109
0.9616951842679724027 0.2734133343868294097 -0.01968555651401634674 7.296003872504646992 -0.2733879878505037775 0.9618954465607889581 0.004019699575006819778 4.081789595289883721 0.02003448663788333362 0.001516068961596224712 0.9997981400663136231 -0.06184675772328353943
0.9646824259386340694 0.2627365157049305067 -0.01890344943085284224 7.751194156843147276 -0.2627783158016933629 0.9648561950846965551 0.0002820480591823953335 4.355084277558602501 0.01831321461615956561 0.00469532979831862457 0.999821274052771658 -0.04062861742101630397
0.9672137791077953795 0.2534787948984998929 -0.01568457971451239774 8.237051587705062516 -0.2535429623324368387 0.9673215916627749822 -0.002214622922313663669 4.581689962571156904 0.01461067266450114498 0.00611872860974647069 0.9998745368317422111 -0.08953405684447152124
0.9701617929505378379 0.2418719088148857943 -0.01685453129699233249 8.726188788644813954 -0.241958505182707756 0.970281078274386255 -0.003272753037409615543 5.00097180391592655 0.01556204577641713029 0.007253197152833066805 0.9998525960671976742 -0.02012549178248778173
0.9729136592394550531 0.2305779807676366366 -0.01651685352641160676 9.051308429668340594 -0.2306107999884703663 0.973046068667106745 -8.473585904001251247e-05 5.158235529476714376 0.01605212116734919259 0.003891405479705589612 0.9998635838800317144 -0.09661017821356869539
0.9756517712637634565 0.2185347642687782144 -0.01860586025612430069 9.333245810084735083 -0.2185472914825926094 0.9758253792985421837 0.001382209274632323738 5.296963791569667457 0.01845813141961006112 0.002717705437627359645 0.9998259405824849733 -0.1150300676844032144
0.9781532828613649366 0.2067990369818116791 -0.02122059214371284711 9.746763874304891218 -0.206825095103321116 0.9783774389955770534 0.0009833107128981194867 5.585411404220936404 0.02096509630401666852 0.003427122386378152891 0.9997743343220569789 -0.04055672365821608866
0.9802167998662728587 0.1964388617193525421 -0.02422393168600722388 10.15840533891299913 -0.1965401306363838141 0.9804940366479709679 -0.001849634342416732946 5.898278631616049594 0.02338808049747654466 0.006574017354141178764 0.9997048464354221231 -0.05860225351704340807
0.9828435186704784776 0.1825903920822389837 -0.02606466049437749719 10.5244851216222024 -0.1827786104689017865 0.9831413268452893206 -0.00501108809954803943 6.128943027003812105 0.02471026836135917226 0.009689177887633548467 0.9996476991767506703 -0.07085853084689408554
0.9846642251483710417 0.1724752964054406257 -0.0262418719380566462 10.94773121503620494 -0.172716062215554661 0.9849454427978439064 -0.007185858648194343515 6.426856185150148448 0.0246074290755986004 0.01160805072415601463 0.9996297952705665013 -0.05391041030509084037
0.9862725441738058318 0.1630185229065482522 -0.0262950527342192715 11.35857429942820929 -0.1632717313383062196 0.9865505084949885983 -0.007774055188345316975 6.716449858534780049 0.02467408265204852277 0.01196057597470494976 0.9996239964444797454 -0.04720604592384156084
0.9883064327765264112 0.1502782482833591449 -0.0258233039215019014 11.87275822883782439 -0.150491220633928835 0.9885899716615017541 -0.006500803213545392617 7.111809489712576315 0.02455172997259747608 0.01031096616210898202 0.9996453853903175535 -0.03986673486695414825
0.9897074849051761269 0.1413819477484483111 -0.02214134534136508528 12.31168544871625414 -0.1414675404891663768 0.98994012818273458 -0.002340427631269833674 7.457261439522972601 0.02158771202829593006 0.005448620413110820231 0.999752110887982659 -0.01317394853676101714
0.9908789320696681502 0.1332261253314525884 -0.0202420727605176036 12.74979317764198861 -0.1331049105051444192 0.9910755967808980715 0.007228019424731854312 7.869615537987789011 0.02102438536298984265 -0.004467772885329806057 0.999768980427755416 -0.0317471693324423293
0.9918014547788081003 0.1257964166898867531 -0.02247522739872373845 13.16735875320721227 -0.1256218368300498767 0.9920371640200112973 0.009023265183819996482 8.209469091427751053 0.02343135527630192325 -0.006125908187166898521 0.9997066794009121793 -0.0272733195305839525
0.9924183889106953371 0.1189912037804366357 -0.03077068044067812411 13.58941000323717319 -0.1188846174090061186 0.9928940530530440123 0.005277040402834783095 8.596463861826723729 0.03117994700787624085 -0.001578871363193131523 0.9995125402263868031 -0.02500192587681787301
0.9930019569476307151 0.1129806166404366125 -0.03438740702237379904 14.02893275468359846 -0.1130964041511314938 0.9935829835829708134 -0.001434608812835958674 8.920258229625988022 0.03400465947866014582 0.005313661440912291825 0.9994075485685665061 -0.01529468370468171218
0.9933003959906624436 0.1081142330347209385 -0.04081220332336010781 14.4851100344658974 -0.1085476139329273476 0.994054480691758946 -0.008550141876344608677 9.312205520667580672 0.03964516154919015684 0.01292292660164568244 0.9991302513355239112 -0.02408478590895479082
0.9936706651468072415 0.1038425629560052743 -0.04284076733007550347 14.9377886778108131 -0.1041813395342629928 0.9945417172814119411 -0.005746397113550945866 9.682295987438394036 0.04201020970607258209 0.01017323476914282036 0.9990653870366962286 -0.0002024095453338953026
0.9941147944418378124 0.1007671927113118482 -0.03977119994347642906 15.37710610183082949 -0.1006172324486997033 0.9949085390185594679 0.005759472399443014978 10.10031140124788251 0.04014907229596929861 -0.001723908650989244406 0.999192213807101326 0.01790843040138789116
0.994674671600351834 0.0974769757219415417 -0.0334744212920263795 15.84714090143407716 -0.09713105130666077613 0.9952014924717494937 0.01181305439186663107 10.47948002100994813 0.03446529484561072776 -0.008498740265850419223 0.9993697588305835433 0.0469236320355776379
0.9946379391677839799 0.0981824803560211179 -0.03248954476755563925 16.38548291613069452 -0.09788484858054678772 0.9951409551794633268 0.01063182688293767136 10.93366622025224366 0.03337553574741390638 -0.007394584210410662904 0.9994155260640732452 0.04018804668260686497
0.9951374616589683253 0.09278806067769618249 -0.03304252106933807526 16.87734137720571681 -0.09266831075566206444 0.9956837643214653255 0.005140588325164825376 11.31872689502368168 0.03337688698242431001 -0.002053597406734337938 0.9994407266832053827 0.05563369985674583573
0.9951756343468134425 0.09235126118902685366 -0.0331164816853139754 17.40766827253792925 -0.0923108880773272078 0.9957264390918824093 0.002749260950708171808 11.7365012303363816 0.03322885409990486427 0.0003210143237619291043 0.9994477175945779557 0.06628296360064420134
0.9955036491685702593 0.0888764391002047488 -0.03276374619801393495 17.96283882034418156 -0.08880461951804609344 0.9960424004610632931 0.003643629511614167055 12.20352121698722314 0.03295791322755951824 -0.0007176744599297551564 0.9994564827440233223 0.06961059066681177243
0.9956080218909698631 0.0882522048919325286 -0.03124444075451409189 18.48054403053128425 -0.08809890863063112032 0.9960921106678946035 0.006252148692288309918 12.69676416391242846 0.0316741068452085911 -0.003472088260850241491 0.9994922188584897116 0.07667387921458504452
0.9957722229316400275 0.0872327022680048636 -0.02877734686870500602 18.97781972881183066 -0.08703870029853315315 0.9961733763126181529 0.007928995917576352886 13.17627594455696638 0.02935889453167937757 -0.00539073102096876422 0.9995543983850689873 0.06426840293499376522
0.9959168873244674813 0.08666035549993018894 -0.02528905547009788202 19.5542317503158074 -0.08652277580582463934 0.9962287543525210065 0.006486776401216168449 13.54523407156995951 0.02575583057870537568 -0.004272210885488651397 0.9996591346080677676 0.09076715679945961124
0.9961258866642059839 0.08501865461015213621 -0.02247323487460699265 20.05275177131115782 -0.08486663264853422373 0.9963630622326541397 0.007635632342312221807 14.02046869238223259 0.02304067230677824679 -0.00569882326870015804 0.9997182857350384033 0.07300698562906025868
0.9964928083226118893 0.08065416218217009992 -0.02229325198364909971 20.58054097775046642 -0.08049864399874682996 0.9967242846909086795 0.007789006468055104451 14.50645520575293013 0.02284844142774931572 -0.005967112374389102296 0.9997211322635097819 0.08651493410290754527
0.9963776264934389726 0.08176244052558857833 -0.02337795420050031367 21.12592196366133734 -0.081545219506246297 0.9966184626569061233 0.01010034984855876471 14.98370693965858358 0.02412473002914659881 -0.008157402201973591727 0.9996756745016536216 0.09032382593212817667
0.9966531166970208355 0.07815432068972874569 -0.02396804405122379689 21.65521955204802751 -0.07799710386816829932 0.996925920509048602 0.007427032069682768314 15.46701675400958287 0.02447481902471460719 -0.005532736638677892595 0.9996851364599728118 0.09731174903451542124
0.9964085908028434968 0.0810391190865567268 -0.02454753250260389985 22.16562072213027434 -0.08085554364111037506 0.9966905816795035289 0.008382449157215577512 15.89835873076907902 0.02514560074430540262 -0.006367540266671789344 0.9996635199876807709 0.0948679782694558521
0.9963357876867650065 0.08193680681649269382 -0.0245225990325292631 22.770716710890337 -0.08170609308895086798 0.996603568613070534 0.0102684653104809856 16.40378382579331173 0.02528067496593283323 -0.008227193714117439494 0.999646537910704347 0.1161011447372487654
0.9963347155812534162 0.08283740254598771779 -0.02133305573650601944 23.33237644611692474 -0.08263580653412908039 0.9965279635771221445 0.01016569167779232674 16.86458956681504873 0.02210108608364926355 -0.008365557259856236383 0.9997207407299576465 0.1076792591668985916
0.9963999388865905082 0.08320360099169314683 -0.01625800014804120244 23.88045550510906878 -0.08303295314502731617 0.9964871378966204674 0.01090470992815937776 17.35481410788217715 0.01710819916923714268 -0.009515502541469841521 0.9998083640041069975 0.1035547839434597245
0.99622482860360273 0.08575960322184414397 -0.0134677885695581312 24.44042211442642909 -0.08568886649983070702 0.9963053792271155951 0.005745387810026409033 17.85497791578759319 0.01391075237708770673 -0.00456965844951998882 0.9998927988489356711 0.1206633392980650671
0.9961968147738773371 0.0858693144195551844 -0.01477724857667266252 24.97618606510249251 -0.08589836059986198646 0.9963030026847016218 -0.001341077068442765542 18.29285514708888627 0.01460745975990624008 0.00260531813086179332 0.9998899111586233568 0.118201704044901254
0.9964666706425031606 0.08321708996764748401 -0.01136178841387028467 25.50941914997327942 -0.08329090034472454163 0.9965060837122677873 -0.006184742856728164123 18.70756047999908134 0.01080741497353818019 0.007109223709741437081 0.999916325859236399 0.1368952032786166784
0.9967099927230993472 0.08085442353371755098 -0.005634944627002894287 26.0561688009673027 -0.08087096337061608353 0.9967207260522756851 -0.002771559368442278685 19.20780331691126364 0.005392373264865820033 0.003218144318477542554 0.9999802827344735912 0.1221084806691641184
0.9968990943581438335 0.0785862124440758758 0.004050047111745976383 26.62647604305185212 -0.07861947840772233465 0.996865503015734622 0.008840051588316404085 19.74299981461749098 -0.00334264607915206154 -0.009131052013924062169 0.9999527241856529525 0.1105014424171440468
0.9973083641916464792 0.07283220160792744369 0.008455597100402001409 27.18182032996315911 -0.07297798699603535999 0.9971629248390643241 0.01844762153798928939 20.21820140937996513 -0.00708802704485597939 -0.01901503971451553796 0.999794072865641037 0.1539270808062832563
0.9976570650579469346 0.06840014836645472163 0.001341731497195758176 27.71982296470634211 -0.06841261598652081943 0.9975432395676030461 0.01507312730831333707 20.67187243490520387 -0.0003074310401074687154 -0.01512960331333134713 0.9998854937390264652 0.1437685222089550297
0.9981693496454211445 0.06030417362462687364 -0.004621263018671915163 28.27069654903213447 -0.0602859920596325663 0.9981732202319635316 0.003977634113123545111 21.17900403656158659 0.004852688927059675521 -0.003691755030174836711 0.9999814110047118287 0.1367039426954622383
0.9984633483882576765 0.05450526879545557896 -0.01000587821451915174 28.78140722028653542 -0.05449738481975316406 0.9985133516079356397 0.001059107404710656801 21.67898030785128682 0.01004872992553735613 -0.0005121857300939557404 0.9999493790650911818 0.1284128066993438233
0.9989159061631978087 0.04612705073947266643 -0.006269577675999773655 29.24468428208130533 -0.04606865497771345241 0.9988962807413416245 0.009159658817831902236 22.11827143398268092 0.006685165869421513807 -0.008860897877348668933 0.9999383946254416511 0.09274567916183357186
0.9992984505275639417 0.03744837052189591009 -0.0004757294029047236207 29.78235537991936965 -0.03743156033396599636 0.9991020354738350262 0.01984945850658341102 22.61934760083774876 0.00121863209159035063 -0.01981772583559250969 0.9998028669085374798 0.07014207346341193305
0.9995708930126868674 0.02927992073243453758 0.0008462173019516429622 30.25449367004713608 -0.02929211079820681976 0.9991074336366816411 0.03043531332037544349 23.13194367609036917 4.568156463555869825e-05 -0.03044704080573673241 0.9995363803380887813 0.08821032826361420442
0.9997557870008160208 0.02141990908285124062 0.005436345579651389801 30.78955992244132389 -0.02157277537251754695 0.9993224686972803639 0.02981977396795658722 23.63895699628061209 -0.004793925438083988452 -0.02992976865355807814 0.9995405080471919668 0.1058702045543857828
0.9998599342375931176 0.01548739523794111748 0.0063444854117448218 31.31640021218989745 -0.01562858958884312879 0.9996168550971951117 0.02284491613153288858 24.16907780672384476 -0.005988246309191716521 -0.02294087169959036637 0.9997188891442451153 0.08860781181865153011
0.9999587632571154128 0.009064563896509031382 -0.0005526903892592972085 31.79818918969572294 -0.009050251673654202342 0.9997181457694055418 0.02194816539087562912 24.68328393471834659 0.0007514851587316155037 -0.02194225833290221195 0.9997589572338466679 0.03092902608585446078
0.9999003936449707419 0.002684521292937399207 -0.01385626695977003504 32.24902539892207898 -0.002440179483443332461 0.9998417619563555458 0.01762091291900106868 25.14639564207648093 0.01390137808712615594 -0.0175853459857405782 0.9997487220766229088 0.04073835807332284314
0.9998289878266838349 -0.002054122174332337 -0.01837867469546921456 32.74480288796777216 0.002356909038190906948 0.9998616081772946362 0.01646843869041424158 25.65261466340773566 0.01834230305208858422 -0.0165089392514223901 0.9996954610497830185 0.04597775021133357343
0.99989389584436561 -0.004088860251822422007 -0.01398135454875238173 33.22029465197288545 0.004321804928013695674 0.9998516776455413924 0.01667167392797005293 26.12405107444241281 0.01391111265647175868 -0.01673032968107402568 0.9997632604839115089 0.02686734709724835843
0.9999265793406119096 -0.005132182782998375228 -0.01097709561154230039 33.69441055212021752 0.005385054806129038751 0.9997179114506474784 0.02313220070573737339 26.640107862190888 0.01085528041637030643 -0.02318961458578872384 0.9996721485879481728 0.02974442510037011642
0.9999496501972404694 -0.004513819409528665831 -0.008962282340703639147 34.19862283713248274 0.004768997219626932606 0.9995778926201656089 0.0286582143642573374 27.11590761141605554 0.008829141290947641399 -0.02869951252838098821 0.999549090462643397 -0.003026251164507018018
0.9999350008347904772 -0.007194654782425375338 -0.008844831716283769324 34.70279501740246531 0.00745992482524720623 0.9995119898754724064 0.03033367133690340056 27.66001208085400265 0.008622275055303911181 -0.03039768145328419768 0.9995006940143340568 -0.0350104859190353418
0.9999272793327658171 -0.003391064542644570828 -0.01157310362178476382 35.17488123847308401 0.003712358716408026456 0.9996050938027242205 0.02785452990821433647 28.18101490998217074 0.01147407682271903845 -0.02789546782032013839 0.9995449907013450597 -0.04212658188403260728
0.9999415418553884161 -0.001751827915793586869 -0.01066976901445860527 35.70588666968360059 0.001976836021490784891 0.9997751103627485758 0.0211144694107589237 28.71602015744927883 0.01063038057703444283 -0.02113432748178148413 0.9997201284412954303 -0.04189235345164667168
0.9999329090329356351 -0.0008700390747984176453 -0.01155077767681791066 36.26641978696992652 0.001128769633208499042 0.9997481864633654958 0.02241181702421901623 29.26228751355839819 0.01152836987809193262 -0.02242335156082272268 0.9996820944644021489 -0.03053590448164673551
0.9999600298249800012 0.002438982651553639729 -0.0086017507549657167 36.81791958616901184 -0.002260112673089376221 0.9997822785489877129 0.02074336978649482868 29.83416493062754782 0.008650470688354113674 -0.02072309974448190845 0.9997478294519325237 -0.06089426320264873516
0.9999671876005840065 0.004342669957269503639 -0.006838489586209758365 37.36280731534183275 -0.004181600621395182432 0.9997175760861767291 0.02339406507263334239 30.36416909917686624 0.006938150936785523852 -0.02336470162492311139 0.9997029322651588279 -0.07291967388552184071
0.9999575674599359143 0.0049459870431340534 -0.007771775329805325275 37.85232063224661658 -0.004760956563904360055 0.9997089913915442327 0.02364880173492976342 30.86679725248050232 0.00788648034324796951 -0.02361079717143305112 0.9996901188291925644 -0.09086990317193839595
0.999939894910449989 0.005431773742249464132 -0.009523780787647368254 38.40104420902220994 -0.005198963483297325792 0.9996911486557511495 0.02430181223785972747 31.44902113557815326 0.009652841300751443393 -0.02425083778672103979 0.9996593017230743783 -0.1247001117240863349
0.9999128698720521902 0.006325801796445733836 -0.01158606472744192449 38.97773754699692716 -0.006036798427194147582 0.9996739222274099168 0.02481141437354699927 32.0042726971201219 0.01173923885887906415 -0.02473930981451407177 0.9996250081009956379 -0.138682099978215817
0.9998864495207563374 0.008262079103110973183 -0.01260262328524910762 39.53660919653631112 -0.007956600016128707181 0.9996778930749495862 0.02409984675081722205 32.58663240241398285 0.01279767873324325587 -0.02399683616903428018 0.9996301172298267534 -0.1375601802334595336
0.9998998042358623328 0.01073352285692093233 -0.009228920639173915016 40.09596482439170728 -0.01051852259969551784 0.9996792649720186441 0.02303753171075595407 33.19873473610175552 0.009473234474238933361 -0.0229381488373483905 0.9996920021469171136 -0.1614680515798095073
