1 0 0 -0 0 1 0 0 0 0 1 -0
0.9999998297362977517 0.0003746514401990150853 -0.0004473965510307410798 -0.005339559837835849108 -0.0003745019812533081113 0.9999998740624665983 0.0003341007586558914617 -0.003234815890690175087 0.0004475216660171276112 -0.0003339331508758889471 0.9999998441064924526 -0.002498582199927766676
0.9999994632384220372 0.0008805289213986669961 0.0005460693055813016289 -0.02150595909887928828 -0.0008804874112254056171 0.9999996094636951494 -7.625205471048198194e-05 -0.02550414813581134907 -0.0005461362344608974373 7.577120663211687026e-05 0.9999998479969572918 0.006008624757674488857
0.9999997862600796816 0.0004437141907853104023 -0.0004802056975672558447 0.00659142332823428774 -0.0004434492042378885396 0.9999997494431951406 0.000551784695559677605 -0.0008945011792839439391 0.0004804504119481021454 -0.0005515716307868270092 0.9999997324680330868 0.006916462938639252218
0.9999997193407019758 0.0007273691544053003484 0.0001795901739554115785 -0.01449755178641575631 -0.0007273692289948168778 0.9999997354669061256 3.500179919591001427e-07 -0.005553876829360341813 -0.0001795898718555764134 -4.806462600755049321e-07 0.9999999838736233215 0.003466462213991561465
0.999999866647865443 -0.0004873402212441225838 -0.0001708910765321767014 0.01439240626688831869 0.0004873201092087657452 0.9999998743315956506 -0.0001177111038667427061 -0.007485972479938885968 0.0001709484204119863962 0.0001176278095116121524 0.9999999784701677497 -0.00128418692338045249
0.9999986626996870687 0.001633857552178188 7.147262972452722606e-05 -0.004533588195606997467 -0.001633850725272486225 0.999998660707546505 -9.547209504597912685e-05 -0.01252783771339101987 -7.162852180528334837e-05 9.535519176320654859e-05 0.9999999928883711586 -0.002015875000144290267
0.999999930341998966 -2.375514128744872941e-05 0.0003724938797033950353 0.0004688283277817682716 2.378003668736209129e-05 0.9999999974841238259 -6.683009996402712301e-05 -0.003408956680903572987 -0.00037249229120778015 6.683895322689826601e-05 0.9999999283910211423 -6.353516256733208068e-05
0.9999999694147304607 2.970020237115445484e-06 0.0002473089506643582811 -0.007987567427129417877 -2.909714209113793419e-06 0.9999999702646104049 -0.00024384895288423697 -0.001737900602187822949 -0.0002473096675468553851 0.0002438482258276829565 0.9999999396879837299 0.0046502728240711581
0.9999997605613241136 0.0001120862406821837343 -0.0006828718541204254703 -0.00851548944031913814 -0.0001120216108642562905 0.9999999892432718251 9.468165098935871606e-05 0.01017042682565147578 0.0006828824592852778853 -9.460513191380886221e-05 0.9999997623606796671 0.001968598393056509872
0.9999997368485404881 0.0006522449546909458301 -0.0003176151271456062594 0.003630592934571469886 -0.0006521762039433190179 0.9999997638937464517 0.0002165147808352002438 -0.01103136708546142986 0.0003177562728280844363 -0.0002163075828311120411 0.9999999261209876478 0.00372439798921721547
0.9999998803801952718 0.0004859727997655214292 -5.540788016568570296e-05 -0.006876369202662631699 -0.0004859654750341431385 0.9999998731891427406 0.0001321334767984127807 -0.005949032210068147704 5.547208641500860575e-05 -0.0001321065346758346385 0.9999999897353555323 -0.007453657353864633593
0.9999997748755073967 0.000593718420517460395 0.0003126457608256463122 -0.01395377558533384896 -0.0005936143934374818248 0.9999997684599160053 -0.0003327192002854630569 0.02411757646798209573 -0.0003128432299536714335 0.0003325335343585660041 0.9999998957752755935 -0.007975444815433012716
0.999999947098989983 0.0003150399699512960701 -8.094340286806022886e-05 -0.004441291147771725401 -0.000315028505535393515 0.9999999403520072327 0.000141608695946831458 0.01713107213416958929 8.098801043926913683e-05 -0.0001415831889763473773 0.9999999866975712859 -0.006040318902830511122
0.9999998620222324552 0.0005181023866544644078 8.67492542414584583e-05 0.002115685683466099216 -0.0005181236847254381325 0.999999835596838027 0.0002456708047128783345 -0.007073317586674550059 -8.662195734937034762e-05 -0.0002457157176590180157 0.9999999660602106877 0.00493155279584201519
0.9999999727928324811 5.333285459144402132e-05 -0.0002270901605281760072 0.002831536202756855958 -5.329401001067627671e-05 0.9999999839497661913 0.0001710561773957924696 -0.01546417442040476029 0.0002270992797975519644 -0.0001710440701965630238 0.9999999595849208278 0.007863410364466978664
0.9999999348351209516 0.0003180580866905438728 -0.0001707887798967316732 -0.0002977942686179676471 -0.0003180560227194639432 0.9999999493468322287 1.211195790704048237e-05 0.005766472044126710883 0.0001707926235518957871 -1.205763671772338612e-05 0.9999999853422464335 -0.003592121897415576082
0.9999999333684438385 0.0003232201602750728211 0.0001696815720097853263 0.005299180791937657502 -0.00032320303771651176 0.9999999426766991162 -0.0001009276719482521444 0.005826094568601262839 -0.000169714184141381676 0.0001008728236237647495 0.9999999805108843454 0.0003432577820532067229
0.999999886797209192 0.0001374144143302939334 -0.0004555467565214398181 0.01529933135478155071 -0.0001373489895988736582 0.9999999802505102897 0.0001436462117014159325 0.004178765403391726356 0.0004555664865846808273 -0.0001435836265535239047 0.9999998859214527247 -0.01335074019175426681
0.9999997822820683169 0.0006261851120614525881 0.0002081538408974677981 -0.009621930662869974948 -0.0006262384748889135563 0.9999997710431548503 0.0002563961983710624586 0.01301203452692655839 -0.0002079932417570098772 -0.0002565264964928799882 0.9999999454664825205 0.0063105104315118489
0.9999992525166000457 0.001107966410123933021 0.0005170847853283288545 -0.03068925063243833559 -0.001107858103797870883 0.9999993643389935016 -0.0002096950899319089019 0.004157935216176609355 -0.0005173167917537041353 0.0002091220766185386158 0.9999998443256349345 0.01090606382099663062
0.9999999065026430323 0.0003700550137998439649 -0.0002237274951128150123 -0.009999978316185195726 -0.0003699879947842960688 0.9999998866972212852 0.0002995236690202628528 -0.01092043564533637552 0.0002238383099993230803 -0.0002994408645283097733 0.999999930115787361 -0.0007486666468876479854
0.9999999489351453219 0.0002275742326631009706 -0.0002243650494003760127 -0.00821552377968627276 -0.0002276036846923409603 0.9999999654847955277 -0.0001312515542301594953 -0.01757694580437983364 0.0002243351721846171089 0.0001313026138398008455 0.999999966216676528 -0.004387023675952238938
0.9999999278669022829 0.0003748821828444457403 -6.106995341667595194e-05 -0.0003032967441707840137 -0.0003748794927966058767 0.9999999287622974853 4.40541242451792647e-05 -0.009638086380804961051 6.108646417244123765e-05 -4.403122719427333552e-05 0.9999999971648474428 -0.006316657501854745088
0.9999999269957959847 0.0001718180766232502935 -0.0003413018478456357301 0.01074544732819768256 -0.000171769047746268285 0.9999999749262058479 0.0001436766575516119264 0.02237212135136822447 0.0003413265255348590975 -0.0001436180219692147295 0.9999999314350309643 -0.006825457926926790583
0.9999999956008793767 7.558220052619450831e-05 5.554792750046873019e-05 -0.004277486866184930688 -7.557435740038018375e-05 0.9999999871777704996 -0.0001411841893640690849 -0.008674386262885571894 -5.555859779996978967e-05 0.0001411799907440422107 0.9999999884907261327 -0.001988163992182410706
0.9999999940713940605 -4.491611568950072583e-05 -9.919553644850672488e-05 -0.00206905586501737607 4.494019385400849529e-05 0.9999999695275082479 0.0002427454663468296909 -0.02669827527919601401 9.918463024231009969e-05 -0.000242749922774329797 0.999999965617441422 0.005131045854249220717
0.9999999648808394204 0.0002029086764653989039 -0.0001704886767524513313 0.005174879132367546895 -0.000202842816491014753 0.9999999048407032243 0.0003862296937691352171 0.0008356299126176336498 0.0001705670298848352699 -0.0003861950978017037318 0.9999999108801134184 -0.00919319260674434334
0.9999999328492835682 0.0003505470768018421109 0.0001068558621359663019 -0.01089409700712929557 -0.0003505282816970174535 0.9999999231015650469 -0.0001758601368029077201 -0.01828532069381536007 -0.0001069175011757832536 0.0001758226689920399451 0.9999999788275182322 -0.001297643897300248877
0.9999998538504220047 0.0005282922303066955655 0.0001149193372733342766 -0.01252806760281753584 -0.0005283356693146473281 0.9999997888774121435 0.0003782942660077699497 -0.00377481517239694345 -0.0001147194630897854962 -0.0003783549267051918756 0.9999999218434940662 0.007246919289017464579
0.9999991304843545148 0.0004402593316678453969 -0.001243061645969130782 -0.003751687332318098898 -0.0004420127755028789639 0.9999989073272889106 -0.001410662587017429918 0.001973120868095300587 0.001242439230341807824 0.001411210809552509212 0.9999982324128426914 -0.006171733990574261065
0.9999993961583274471 0.001098482885117250561 3.191131058807081917e-05 -0.002981182170328783819 -0.001098469424025995443 0.9999993089742683638 -0.0004188268261087011043 -0.02504313719982534381 -3.237136263682453255e-05 0.0004187915196046496807 0.9999999117828750617 -0.01873202544674640313
0.9999990534487971372 0.0005549174451497146561 -0.001259034605918555802 0.00759400204814307013 -0.0005568938041969018161 0.9999986125865730768 -0.001569934463540601129 0.01076707870309708687 0.00125816167509548737 0.001570634126088544342 0.9999979750667704614 0.008983193542966401435
0.9999972522390151441 0.001848551730451408054 -0.001441655617512835807 -0.02190620603672218877 -0.00185058387896659465 0.9999972942703778678 -0.001409535820840470636 0.005694225357661630155 0.001439046116901805108 0.00141219985241769941 0.9999979674168594235 0.002434476670272655609
0.9999985637330658372 0.000570445327310487027 -0.001595971157040008232 -0.04120233461569408617 -0.0005752208608335669573 0.9999953543703570258 -0.002993385819665927462 -0.03531595819038585438 0.001594256179795418412 0.002994299556267675331 0.9999942462421473888 0.001828839523772122101
0.9999932469766907861 0.0009309039761792972959 -0.003555196028670169154 -0.006360388270022715798 -0.000939377089031335176 0.9999967209168796334 -0.002382378259851183205 -0.006547250648892584748 0.003552966605492033532 0.002385701841291595904 0.9999908423855814465 -0.03477817185617518986
0.9999953992547635506 -0.0003739640443678186226 -0.003010252514237052399 0.03444746262221404232 0.0003626921002595943173 0.9999929247109995423 -0.003744193154959009427 0.0617251910215660532 0.003011631409445670801 0.003743084134073489111 0.9999884596321194641 -0.01631634125013763092
0.9999921260047015537 -0.0006159980669158572749 -0.003920264656715425657 0.05287757506896170745 0.00059680980192874098 0.9999878465884983747 -0.0048939241267361034 0.07450810756248489597 0.003923231659927560629 0.004891545939627255091 0.9999803403225800968 -0.01319725087881807625
0.99999172340744924 -0.001337796048582127074 -0.003842319394821990496 0.07594080729514242345 0.001318880646993499713 0.9999870209190890868 -0.004921234317138502116 0.07307219486452774804 0.003848853132871295733 0.004916126025397813022 0.9999805088272790687 -0.001386231649413508567
0.9999818693678489412 -0.001512899553218765344 -0.005828556470013001971 0.109326061902516633 0.0014849031874408186 0.9999873551338952504 -0.004804647212950564732 0.1145939387852212971 0.005835751717318692425 0.004795905259578841541 0.9999714712403724448 -0.002041074913283353384
0.9999755865411236178 -0.002641645359441079088 -0.006469005451435393302 0.1584007958671099225 0.002596336905204902224 0.9999721127501411955 -0.007002339372928554143 0.1584488285689306108 0.00648732274597375435 0.006985372704010705744 0.9999545585734261888 -0.02248672374196149931
0.9999750355632426313 -0.003050886209882820374 -0.006373409105501630888 0.2130976204624362713 0.002997422028037855478 0.9999603829436983782 -0.008381408251480218508 0.2191556785385181394 0.006398727332648086047 0.008362095217497473101 0.9999445642894889685 -0.02108842179008350859
0.9999632820842836445 -0.003801602484416514126 -0.00767999360532306205 0.2644654707116572689 0.003738668688730119923 0.9999594533407765162 -0.008192315353513980603 0.2509688056142929669 0.007710826133640541827 0.008163301597147449087 0.9999369498460244365 0.002953246484594180404
0.9999590582592997601 -0.004367160901596312504 -0.007925257777129537592 0.3324272592221957368 0.004300319757251955949 0.9999552077586332244 -0.008431472372846592761 0.3251587966276097696 0.007961724383559895535 0.00839704603109065785 0.9999330480401135146 0.003013658184319824383
0.9999564119065058598 -0.004024191903842417456 -0.008424972794458661374 0.408624036162224924 0.003957819514857459191 0.9999611201969781371 -0.007879959333179602579 0.4574585934611136717 0.008456355701727128263 0.007846271339037414611 0.9999334608234290434 0.0006051646820589607918
0.999937207402580519 -0.005079848748968223901 -0.00998881317356370077 0.5327736587314374495 0.005000878435104339978 0.9999561708519557612 -0.007915023055651346576 0.5874724033309587368 0.01002858249235963166 0.007864573210403090486 0.999918784712744646 -0.01339095548642266036
0.999923180963051883 -0.005700980896122296616 -0.01100595246010018999 0.6603950507221407751 0.005618622313800044309 0.99995609281994835 -0.007499567691389177199 0.6550463690061254507 0.01104822411190165173 0.007437153291744682398 0.9999113088143809502 -0.02139664228563600487
0.9999070818371493807 -0.005760138099940277125 -0.01235510020136950694 0.7419283032321696281 0.005676757605229189839 0.9999609486245288892 -0.006773156503722200031 0.7806343201359222661 0.01239363203454649058 0.006702390245431713925 0.999900732998026287 -0.01661298419609452681
0.9999034606839870554 -0.005300995635115415307 -0.01284401640698121932 0.9139248602368306162 0.005232580585518608988 0.9999719750089284265 -0.005354371780058885671 0.9487253364906258479 0.01287203995497097561 0.005286647521778290934 0.9999031762852731431 -0.01676935010106978333
0.9998946720125156951 -0.005387639473209203216 -0.01347658049693659446 1.078267734230137442 0.005328275047724062921 0.9999759607913696335 -0.004437040048620832788 1.134254895221792125 0.01350016170271655866 0.004364765776531667578 0.9998993421608579624 -0.0121406123032691271
0.9998883472498003577 -0.005512393133270325311 -0.01388908045937708828 1.231451843473591712 0.005477551658144711247 0.9999817586562486094 -0.002545345278831296666 1.270240552583167259 0.01390285804772286617 0.002468982928330369381 0.9999003023608926677 -0.02870150614044192708
0.9998561923555234765 -0.01037170605980056691 -0.01341723972072692006 1.390370939544330664 0.0103477393912756524 0.9999447411223219007 -0.001854451752659294498 1.409049795993282839 0.01343573212759908292 0.001715346968340554197 0.9999082651358440765 -0.0006685810546706099592
0.9998549902938446143 -0.01208518265590517206 -0.01199778082268477056 1.551570633567850965 0.01208217161758437692 0.999926955596692979 -0.000323419437158377072 1.610150137422390326 0.01200081303491609859 0.0001784132912709748017 0.9999279717335636253 0.004242653965883992455
0.9998133872529459953 -0.01604707783729805715 -0.01075555496821805831 1.739782863653842604 0.0160808624107014915 0.9998660059236631481 0.003062035661014255762 1.85152793609619315 0.01070497706297171212 -0.003234422845722665328 0.9999374690324072112 -0.002657986967706279027
0.9997339828524777205 -0.02014519742382886447 -0.01123096392464396215 1.990120800407720436 0.02023835934071115811 0.9997611934593181315 0.008244080542803931128 2.116440504019367008 0.01106220326688786906 -0.008469183759663491753 0.9999029455828836177 -0.01823573026752824816
0.9996521286916900673 -0.02430525507476104588 -0.01024090708499401231 2.18206335997057943 0.02438153811777585972 0.9996754039974209416 0.007391024394802283258 2.359504108546210066 0.01005794219431196436 -0.007638142335929728154 0.9999202451098146982 -0.01074626019784437683
0.9995798516622763641 -0.02734909917457135561 -0.009599318994648074754 2.407907059526075422 0.02737175669723001387 0.9996228204445819499 0.002236913437449158156 2.584077900725009425 0.009534520760331626973 -0.002498723825967400815 0.9999514234667163937 -0.01431291305014281007
0.9994775645273800135 -0.03072239453166292211 -0.0100365572114055699 2.638797003757538118 0.03071087305264600872 0.9995274643665335024 -0.001300097439616920833 2.819141311106043268 0.01007175668695536874 0.0009911867881915320273 0.9999487873216256206 -0.02913456682879415199
0.9993451469647968155 -0.03430970551701312266 -0.01149440495390777889 2.91278770790260122 0.03427381006951030207 0.9994070140401617452 -0.003305484933705018277 3.090130162896011612 0.01160099914781976584 0.002909363274611063803 0.9999284736540452467 -0.01965377307338974505
0.9992316293612336642 -0.03666693034891530673 -0.01384511115455233296 3.12030083508488687 0.03665567467591517026 0.9993273864319709432 -0.001065946105442708725 3.325488188562426561 0.01387488371654287643 0.000557625173419619446 0.9999035836799557986 -0.01289911105642632498
0.9990838728488229403 -0.03845333469958729655 -0.0187818014013137087 3.350014934422733237 0.03848291299260442333 0.9992585186850333479 0.001215830167628064199 3.63086213135244984 0.01872112232213956132 -0.001937494741771450145 0.9998228671585407401 -0.007096338953163561745
0.9987527985635231698 -0.04274828315271397144 -0.02579596187440555757 3.612800949425603481 0.04280111785946325714 0.9990824873308662424 0.001499272740314372149 3.957632250463098078 0.02570820241694719496 -0.002601498849683656165 0.999666104523017407 -0.02684633925711139152
0.9985419018652823553 -0.04620463675946578919 -0.02791418566232202123 3.911825303548635446 0.04625753643295030942 0.998928762669979764 0.001251971955568766202 4.280237296823565352 0.02782643603516333011 -0.002541387917866681518 0.9996095391726871338 -0.05340755014437673781
0.998596343827411248 -0.04821899906612479164 -0.02191506841394298688 4.174116924694454056 0.04826519693474694284 0.9988333007139297282 0.001583713915621319914 4.607140587715536029 0.02181313501945190622 -0.002639226018645451661 0.9997585816719182228 -0.05055150124632109415
0.9986249709076014947 -0.04937299914420087421 -0.01762028476781144978 4.461353231600805991 0.04946770440507778505 0.9987633093858204747 0.004979763606407596778 4.95719609577559428 0.01735262806274243813 -0.005844551325002927261 0.9998323497062522325 -0.04226319768803259158
0.9986434685327351124 -0.04921368348367117368 -0.01700694313735047827 4.778776398775263168 0.04935317928282515615 0.9987502875851413942 0.007882051971076291588 5.282743658309350998 0.01659778453846654997 -0.008710706433261366372 0.9998243031362301636 -0.03594146632796333535
0.9984259061911503474 -0.05304061175722152993 -0.0182319321740721102 5.056131098481715824 0.05320723187388832348 0.9985449070291686491 0.008778332553924964726 5.578963607611695075 0.01773979488885243233 -0.009734585277694664598 0.9997952478016549627 -0.04477988759906174898
0.998244996244918914 -0.05603943998988387271 -0.01914441531105455507 5.372594354552158613 0.05624669690665300842 0.9983620623608322475 0.01046429766955059987 5.928398439044414658 0.0185266445713476724 -0.01152274291330219504 0.9997619665883878959 -0.02958556858615099885
0.9981557150502747833 -0.05673741197540545234 -0.02158783441681523876 5.63425988277248635 0.05697092482021320209 0.9983220878945751053 0.01035965959604118192 6.326285609040746216 0.02096383165369180776 -0.01157043232335551453 0.9997132803250371458 -0.03470714966303713178
0.9981308885426898314 -0.05764006340286151331 -0.02030646271251137364 5.922026757648462869 0.05793620520829673159 0.9982177234255800169 0.01430988347661741981 6.655576714037793273 0.0194454483888297433 -0.0154596161002251882 0.9996913897833625828 -0.0576488785001881901
0.9981411812115403848 -0.05814310945906836503 -0.01826365768573472159 6.246383724405623283 0.05840999275753446657 0.9981883014712985558 0.01443563479409973836 7.011801307532640415 0.01739123675003227676 -0.01547558167807099559 0.9997289889045078981 -0.05067388829826894453
0.9981063257610105488 -0.05949012575603909725 -0.01564248744241548625 6.573687603489740461 0.05970115649977728034 0.9981265039034467046 0.01338858163032292069 7.389010865205904111 0.01481669289836882661 -0.01429710260903842116 0.9997880067637049395 -0.02201297053713738988
0.9979725975965408891 -0.06175669737770329154 -0.01538846241219080438 6.920230816345584124 0.06197208518641728059 0.9979805811994540976 0.01393629098602715104 7.752830947074262902 0.0144967273568924384 -0.01486169161968304599 0.9997844642812476756 -0.04098834893249977268
0.9980251985701109607 -0.06107633242914361354 -0.01467598841971113482 7.252570641491368875 0.06127817343465054301 0.9980264132362157703 0.01372093084915410391 8.149816137037797503 0.013808999949440336 -0.01459315249900174603 0.9997981553396351195 -0.0366352299412224941
0.9979383423597393277 -0.06276083138857239951 -0.01342173206821687705 7.515084520249938116 0.06294370602595235342 0.9979235014451641739 0.0136665699845297476 8.463559513240337395 0.0125361365665146475 -0.01448320775376591395 0.9998165241548806481 -0.05966737748688099446
0.9979330808581334811 -0.0631870748581403463 -0.01170297824768721032 7.893525669939393197 0.0633346998367737557 0.9979114694096320459 0.01270492098734758712 8.874069025332152805 0.01087574942612422151 -0.01341986555747649509 0.9998508015113252156 -0.06751577309628623014
0.9979912999189178846 -0.06277932133474597998 -0.008492473073097856276 8.165733559759079441 0.06288209503331433636 0.9979435488526924303 0.01243042346483987613 9.262573812761209169 0.007694635168077073109 -0.01293947897106855968 0.9998866748154949802 -0.06850792315567755253
0.9978733487865434348 -0.06486853575155591967 -0.006391623501005018644 8.526235584697101189 0.06494382067910321743 0.9978121954027379115 0.01237428224864207775 9.657994154767504114 0.005574938307279688442 -0.01276306291677995093 0.9999030074401478174 -0.07334408603505593316
0.9978626985020215834 -0.065119061759975852 -0.005435322783797691057 8.909670925780279305 0.0651843382631532714 0.997790513770837828 0.01284883940759775668 10.07225457441240479 0.004586609146028469003 -0.01317567548279310538 0.9999026775602282147 -0.1004301941076373716
0.9978947982606264366 -0.06471099599850756168 -0.004296347432981224498 9.274594867062486259 0.06475240532705649199 0.9978479607258937678 0.01032343351485727999 10.48567070331641737 0.003619061859699458129 -0.01057989943507175318 0.9999374821053561568 -0.08685719501695114697
0.9976055722144488991 -0.06913485694733970122 -0.001869182054501442904 9.617937546570912488 0.06914938872552578442 0.997562514513783305 0.00934835150302127868 10.93454772412865061 0.001218329006517670718 -0.009455220346918842902 0.9999545562087425177 -0.09636381952653219618
0.9975944789285613457 -0.06931286679906580039 0.0009910132930122908697 10.00030092464953846 0.0693069486625806086 0.9975823126118742445 0.005106508692551241235 11.37008354482005146 -0.001342564089487393491 -0.005025540770867085658 0.9999864706392911362 -0.1198061888723613438
0.9974707806498638307 -0.07106702238346726541 0.001232914960108992845 10.38105834027564711 0.07106291405466037825 0.997466999917148156 0.003105852917306161677 11.78370015533078075 -0.001450515705206843102 -0.00301038300416210311 0.9999944167835924658 -0.1091021018058455777
0.9973325566584410051 -0.07293258098565487402 -0.002934290358588503497 10.81127966560677045 0.07295107686597324115 0.9973124280324189295 0.006786845819388868072 12.24925359650155166 0.00243142205971629043 -0.006982801934194224 0.9999726639583280674 -0.1459554649900349499
0.9971024464083902972 -0.07592812031283503738 -0.004651011950398191604 11.1674571002849472 0.07596065791113727761 0.9970842990553573371 0.007271796682650003008 12.72169685836014175 0.004085317137050145306 -0.00760402018975954528 0.9999627438364108167 -0.1337563925533123976
0.9969510126245049175 -0.07801269457814304087 -0.001642532079326536158 11.55209680494386681 0.07802422154727764458 0.9969123245535422839 0.008833912224723836082 13.21118159426517025 0.0009483031770376801469 -0.008935135024730304909 0.9999596312267682308 -0.1284231597983402362
0.9968064361592272604 -0.07955553107676335833 0.006917102473895172729 11.92464551497721281 0.07951678404384486532 0.9968171881720541139 0.005707400466423705708 13.61224738068719908 -0.007349141913500256348 -0.005139147775043449717 0.9999597888281716029 -0.1554312384689924276
0.9966080453372586634 -0.08168721786633885429 0.009980100515819278345 12.35173692037180793 0.08166150315773909596 0.9966557319895745781 0.002958174157091507384 14.08717420638451223 -0.01018836940178030268 -0.002133150154679022085 0.9999458219320437324 -0.169905389375516136
0.9968191468561166113 -0.07953540776703445225 0.005070243818124316876 12.72097646391244297 0.07952778926657631808 0.9968312214305299346 0.001687221292195556412 14.55103164734382304 -0.005188371171639454167 -0.001278629207145892547 0.9999857228540495191 -0.1565055813546751551
0.996541576840201393 -0.08276709430334963646 0.00738198682099056383 13.1306303499566841 0.0827753128100509189 0.9965679026033441579 -0.0008143033647313739545 15.05527246783036155 -0.007289253599859836161 0.001422533427382856883 0.9999724212100076226 -0.1539254214919681951
0.9962685502900928691 -0.085812996882519324 0.009225251699403521494 13.54109872763884326 0.08581300213074459504 0.9963111822386931937 0.0003959942503020828157 15.49492260900321838 -0.009225202880448903076 0.0003971299260659128904 0.9999573680510766005 -0.1988948619303693988
0.9960872312686284147 -0.08652040861127900662 0.01801240120958944035 13.9390103058811885 0.08641559674556764659 0.996237843137257828 0.006519550623463719712 16.02215285765925756 -0.01850870991466831844 -0.004937488730294376481 0.9998165075964353665 -0.1916594887162627603
0.9958293033904577207 -0.08911689462567025377 0.01954936319046900184 14.34520849586242441 0.08873527900669203605 0.9958625656443358398 0.01959082968853859477 16.54868606853334256 -0.02121435288855635232 -0.01777440408446905387 0.9996169375270518298 -0.2106104950656864649
0.9954851584996750047 -0.09326006356573669775 0.01765955125680361559 14.74889265676767458 0.09290651703551681961 0.9954762923073601222 0.01988292097053179566 17.04900742066408625 -0.01943394708251897085 -0.01815246533410653715 0.9996463423146647598 -0.2161918775000132575
0.9953693560968521759 -0.09531923335631534155 0.01241324678326231716 15.15032356254192969 0.09514927106227863418 0.9953696843771993041 0.01363112758180542484 17.5535377939846633 -0.0136550781636319285 -0.01238689530103210916 0.9998300373889286163 -0.2285033845533029628
0.9952003437806236086 -0.09733131405904620059 0.01014352219240791456 15.53368959678543604 0.09726218524958935019 0.9952334673650692354 0.007100194150601758271 18.03287854538220358 -0.01078624398959708054 -0.006079534525026740986 0.9999233451622958624 -0.2573823376997531054
0.9952760498488157914 -0.09701582821968893211 0.003676094692115913169 15.92942776283879525 0.09699007073001157664 0.9952632307036821668 0.006635343929034315767 18.60003853834782817 -0.0043024152664456871 -0.006247454210879055045 0.9999712288554896134 -0.2961330243899836234
0.9948345583991148322 -0.1014151272619167876 0.004378741518663652188 16.30522128681819538 0.1013222846921822407 0.9946938027556827544 0.01783349052191494227 19.05913647064705785 -0.006164092763287942756 -0.01729770857333652948 0.9998313824033118191 -0.3123793213358780352
0.9948974283294919063 -0.1005772699961621497 0.007957377927596983452 16.74663283574981421 0.1003282870949281785 0.9945835453871757492 0.02716258554838372682 19.53722431094572087 -0.01064621585170872839 -0.02622563641162398845 0.9995993567839287497 -0.3013768266239019722
0.9949020517256403906 -0.1004508356570784355 0.008918356794038255833 17.15335823590233488 0.1000765269605327495 0.9943463317690951486 0.03549734143372543921 20.06491347115518664 -0.01243367297418225374 -0.03442385964907681423 0.9993299763657806922 -0.312088070200115919
0.9947171341220740759 -0.1013797695934880866 0.01612344259576747874 17.57996956156488366 0.1007263121587954335 0.9942191125025943155 0.03718287742285128483 20.61479425185337888 -0.01979982633400200961 -0.0353623903564953268 0.9991783965966328784 -0.3412380270777293223
0.9948380933052827224 -0.09989435287894789239 0.0178405821543404404 18.00316544576427447 0.09930756496849765802 0.994567371068749595 0.03120499872494557 21.11239329915170515 -0.02086086404579524933 -0.02927221666175064754 0.9993537720361945764 -0.3621515742554916595
0.9947151514427724495 -0.1013165255699597228 0.01663517768507576447 18.40825237232557043 0.1008600536742619153 0.9945527801272890933 0.02630621816044885139 21.6147128058769411 -0.01920981683950558419 -0.02448936886715987263 0.9995155095092226327 -0.3799546513795697966
0.995203512957945291 -0.09770225090825240821 0.004923206640571417374 18.77225325911895837 0.09755982968720258719 0.9949473048210984993 0.02370527917228743703 22.13407667830454528 -0.007214390311654872261 -0.02311126990654021468 0.9997068679246622347 -0.404686294082802489
0.9950435565272808258 -0.09942220140173654852 -0.001883210549169297672 19.17878056209019277 0.09943949688659210751 0.9947973979833550917 0.02213421388908022938 22.68154381984662393 -0.0003272193169808455555 -0.0222117724186668454 0.9997532346001887227 -0.4297503149711202064
0.9950432610351287455 -0.09944071047859011359 -0.0006736231065951900701 19.59475887143352679 0.09943273565286095406 0.9948205188121542752 0.02110133718285066642 23.19689964119548975 -0.001428197873124095784 -0.02106372355091327975 0.9997771150616551195 -0.4377921071483480975
0.9950702706228263805 -0.09891295138256724073 0.007168303244489455592 20.03650212065408098 0.09873050208788992921 0.9948611400140451311 0.02244103490099472881 23.70811384135424404 -0.009351175331915760267 -0.02162267649354241567 0.999722469178905393 -0.4527224046432735127
0.9950810855588776427 -0.09865678351419265857 0.008970631505048485416 20.51342936648108051 0.0983702862025226249 0.9947515040007559595 0.02815549823156691944 24.27890916197167215 -0.01170128007524947819 -0.027134560156149682 0.9995633024925099086 -0.4928466148464552554
0.9953749421614391801 -0.09581359888679684411 0.006962670857636424349 20.92868129508058672 0.09551549971467229727 0.9948153936810510967 0.03491592486920299526 24.854346360497658 -0.01027199257049048187 -0.03408939371088016285 0.9993659987237190068 -0.5188746140130958695
0.9954100482597181276 -0.09535982973224456372 0.008083235554082428623 21.35177137008105319 0.09503846480545535824 0.9949056017883805003 0.0336234105575647646 25.41812788062375361 -0.01124837903911836932 -0.03270086242804098181 0.9994018849118979642 -0.5467598508009923197
0.9953486826034996238 -0.09595221339665860327 0.008612362263629684198 21.79394962183760498 0.09566860654285265497 0.9949953492042249437 0.02884047128795745596 25.95112610851033352 -0.01133656745345577692 -0.02788239240532881802 0.999546924577395024 -0.5409966876164935545
0.9954897820955136423 -0.09448043716701791384 0.00857558955151962142 22.25036333912414932 0.09421223427958326513 0.995169369694283934 0.02760399489803516682 26.46312859746993951 -0.01114220155426513467 -0.02667156941409739787 0.9995821520663087378 -0.600443023346935667
0.995636412808478366 -0.09277942341950817795 0.01000560242108843034 22.6746589516312973 0.09249602977525944736 0.9953785225120479474 0.02580855279837736271 27.01030028682551531 -0.01235386440267138147 -0.02477045642849423635 0.999616829851640909 -0.6150420797281378471
0.9955831957656579023 -0.0932445118466355416 0.01093440988450127341 23.13954612733660454 0.09290769460208732344 0.995278903656788172 0.02807248153382673958 27.60071613993392958 -0.01350039231892575728 -0.0269326000643163449 0.9995460842107334321 -0.6366398812940855523
0.9955853981369752193 -0.09288846436454566147 0.01347027113450207855 23.60217663374222496 0.09246871637051402859 0.9952929850403043899 0.02900707538429025956 28.12792408370382802 -0.01610128905491417517 -0.02763344201428766939 0.9994884398397076986 -0.6487123680263059411
0.9956319769324680768 -0.09276531573160098909 0.01056232487483504609 24.07022966478282555 0.09239724844863224373 0.9952334540062808266 0.03119487948124971197 28.71173313327244614 -0.0134057819118059366 -0.03008268977243142364 0.9994575112466705935 -0.6864737318775232522
0.9954721946358209284 -0.0940784599175436137 0.01357766866901028227 24.51953533711616728 0.09368050881013481601 0.9952236944565751031 0.02745469470381981317 29.25124479533280919 -0.01609571297012141189 -0.02605842228049964557 0.9995308332674057716 -0.7158276738106637005
0.9955105481498498499 -0.09419948474111122794 0.009230687780152077929 24.96226315083367453 0.09389063567620943573 0.9951434970712089711 0.02956296279472065552 29.79189444278707199 -0.01197067478059632428 -0.02856356615329888604 0.9995202977598320881 -0.7748843127010609511
0.9955058149049607064 -0.09430947146172856399 0.008596283093269142112 25.41942217791272185 0.09400785339095975301 0.9951036308630385463 0.03051700090148889641 30.37394487457585512 -0.01143223474365516294 -0.0295717337301528993 0.9994972819237473161 -0.7825127589355918012
0.9954157288818681337 -0.09518515410904888896 0.009344149603668881754 25.91336588352616488 0.09486929159026218084 0.9950422831769064613 0.029844131805948311 30.99879253221132203 -0.01213854224118123513 -0.02882084536105108258 0.9995108877170540973 -0.7875623843315792127
0.9954876578954319211 -0.09328735746237391824 0.01737215920819146914 26.38117213372092351 0.09276087994823713212 0.9952665381396483824 0.02898167025463706248 31.5851437939047095 -0.01999355218804853285 -0.02723943826893363354 0.9994289724005886999 -0.8299935447005891698
0.9952984666401785141 -0.09359227564908111086 0.02492886364309396946 26.88655714236962879 0.09283334697054240747 0.9952284654456281521 0.03003783043075713283 32.16769642163811227 -0.02762122361439550006 -0.0275823767207695851 0.9992378498137853837 -0.8616335087476922894
0.9952603802919609555 -0.09426469853019817102 0.02389439331960838825 27.32866219782043871 0.09335483232852168078 0.9949563229514944984 0.03669864711069175528 32.76405261940720237 -0.02723326462278979204 -0.03429405239764376362 0.9990406734803807254 -0.891168216427530413
0.9954279876364935387 -0.09323932259893326358 0.02072559169849581828 27.77143891365778927 0.0925314160104263872 0.9951683304259180129 0.03283186209151287699 33.3216590684907743 -0.02368667306875563497 -0.03076398606459776475 0.999245975063372982 -0.8909515553973167412
0.9953346327136067817 -0.09502751918846601142 0.01669549393564907086 28.26712053699705862 0.09456363501852423081 0.9951615099539384834 0.02666998384477588246 33.91273414968793531 -0.01914909535599284771 -0.02496677197963314415 0.9995048636419755494 -0.9561189367451832233
0.9953177902324913395 -0.09512094131113371653 0.01716108885805671391 28.75049205370813254 0.094742570470836035 0.9952661661377716351 0.02165880610745286872 34.48700441918291659 -0.01914005713912399209 -0.01993150936345325017 0.9996181236588328467 -0.9781606082846979744
0.9952571377860447432 -0.09522795067404675462 0.01987126307890913629 29.21886827040388113 0.09481559441845049951 0.995278466397210404 0.02075517721179314864 35.0336905182062992 -0.02175391323430792001 -0.01877263264537922319 0.9995870925149823449 -1.00226086563455441
0.9952167648434678826 -0.09513322490811214338 0.02220946854573604273 29.69088276722456499 0.09457202102528625143 0.9952019440304494813 0.02508432652488348097 35.60080653587000654 -0.02448925914955988811 -0.02286394796610395283 0.9994386004501272236 -1.042351333071095176
0.9952287994924692294 -0.09428261506665462643 0.02510826869721364749 30.18462709589251958 0.0935338854509319001 0.9951792102388951067 0.02949155439682651231 36.21572229162384104 -0.02776776788347234265 -0.0270023703493241056 0.9992496300035780266 -1.050785128933053647
0.9948836957245319468 -0.09654126943865885824 0.02976936809321182459 30.65242607707052613 0.09565737650402170167 0.9949677891540817942 0.0298121597038258565 36.81085222874855134 -0.03249766609873241258 -0.02681197197169305976 0.9991121157593497726 -1.079564667250852983
0.9942216736006339595 -0.1018113815877097345 0.03402508371710941809 31.1043516546863259 0.1008403212294589762 0.9944759212057062703 0.02913540383110372473 37.39665045103978258 -0.03680344219083416663 -0.02553594958609774201 0.9989962071607890737 -1.124745533949354392
0.9939489179327631874 -0.1033346029786158249 0.03724927338272519817 31.59390862762554875 0.1023933246241328782 0.9943948324206378642 0.02635382946648427704 37.97537593981899562 -0.03976374746809085287 -0.02238028334010616627 0.9989584412301196759 -1.159687129918336224
0.9937190828479961491 -0.1048339812125220205 0.03914359164499378596 32.0459050632198128 0.103911125284143091 0.9942744573443752509 0.02491548744719230754 38.52749563218614526 -0.04153146308427580619 -0.02069154067924041523 0.9989229188072514809 -1.186331687634463394
0.993185664473917651 -0.1092268268695893996 0.04064155724751990217 32.51717990490403309 0.1083163291484526558 0.9938273354307434193 0.02397499093706854587 39.1493465306110906 -0.04300940273134189196 -0.019409473012660515 0.9988861114431735189 -1.182288832093335351
0.9933117885211824039 -0.1083191898288389798 0.03998304515258758324 32.97788184243183451 0.107241561466516741 0.9938334127147531172 0.02818501846673975367 39.75738194020190974 -0.04278946458035229328 -0.02370866690835009977 0.998802763729834564 -1.237217521185427715
0.9932884038276460492 -0.1089025805332661107 0.03896632873036078026 33.41616823096793354 0.107791093465244181 0.9937335111529101983 0.02957683183296951415 40.31511050500489546 -0.04194313997656879539 -0.02517810089947722027 0.9988027013599841686 -1.28371782293206893
0.9932061674507264293 -0.1092384854558844237 0.0401056384208510544 33.83643959434156301 0.1083692179994538152 0.9938387877128029846 0.02325030382022892986 40.87691467441889159 -0.04239836704433760928 -0.0187461284763180587 0.9989249026524080755 -1.304088265205599617
0.9937598378116372366 -0.1058130298547273612 0.03528437990883812048 34.2859686278253406 0.1050878529532873751 0.994223641667001945 0.02181498365970705247 41.4674127477476091 -0.03738887420419198526 -0.01797089489612611543 0.9991391890134104781 -1.351621977331019409
0.9940447472861072553 -0.1046764887606426581 0.03029642047572916191 34.77119271954350666 0.1039385555261892469 0.994269735129551635 0.02498940736673332941 42.03955603832232413 -0.0327386173811357456 -0.02169162294883265896 0.9992285306304145021 -1.390310320637148322
0.9944071974535738656 -0.10213557575215719 0.02688214683213248704 35.25341902157263263 0.1013627310439140644 0.9944355753886124916 0.02869639623434410911 42.61446315696893805 -0.02966348610409958939 -0.02581105513718297967 0.9992266344653034649 -1.420711791343183483
0.9945955258520687847 -0.1005894225290844407 0.02571979841118740909 35.7033813293338369 0.09974397831680503757 0.9944894276747282547 0.03227873963971045201 43.21686189712239212 -0.02882496738217630444 -0.02953889501076175164 0.9991479244521102032 -1.444105122455511925
0.9949254582722697471 -0.09750372401969820135 0.02482652380025438671 36.1286736600581051 0.09672691347600852196 0.9948350429641209525 0.03077566408674814805 43.79178705258883042 -0.02769903772911307127 -0.02821809867560406623 0.9992179453032331571 -1.47250373917093258
0.9953550459628767166 -0.09322722808156243268 0.02402116609300513142 36.59027563273179595 0.09251950851528162323 0.9952867128874758329 0.02906027690394289223 44.34538011977973326 -0.02661715650346843653 -0.02670286677252919905 0.9992889891747023245 -1.503443990731413882
0.9955583322099657018 -0.09162547989760477796 0.02164205629891303648 37.06633349641666086 0.09099871143122884032 0.9954470788130220793 0.02836102608293572178 44.89815988105331712 -0.02414211434749740509 -0.02626565659096763428 0.9993634341913244512 -1.552083300287119494
0.9957295813317301736 -0.08937896191613470265 0.02310848389080277787 37.56498708225846883 0.0887504541959135973 0.9956898250966471631 0.02692822086635351941 45.50569248097300346 -0.02541569871076520409 -0.02476233764817482863 0.9993702361453643546 -1.580331747850796997
