1 0 0 -0 0 1 0 0 0 0 1 -0
0.9999946920858199251 -0.003191288759112890627 -0.000656868511953365348 0.001675241200706933768 0.003191125461551490121 0.9999948772213453907 -0.000249498206366336741 0.004955723765189678533 0.0006576613677827755113 0.0002474007322178665763 0.9999997531371710435 -0.0009351121189226232555
0.9999994465837293012 -0.000962542444869394294 0.0004246696090642998857 0.004246535604934330126 0.0009632675504471442099 0.9999980730303419385 -0.001710570439648102662 0.03402587061279799957 -0.0004230222940857075579 0.00171097856344467193 0.9999984468010407745 0.02383167459675111094
0.9999998517667366693 -0.0003238159210666951659 0.0004377325143335623696 0.04516345243586394193 0.0003238969881556770796 0.99999993040703683 -0.000185139575762395894 0.00544924322920873911 -0.0004376725327282210269 0.0001852813285615326395 0.9999998870567853304 0.003642136142386469613
0.9999997437041813209 0.0002406505944575536521 0.0006742987935640350552 0.01247489635689339772 -0.0002400484182301839407 0.9999995724822670073 -0.0008929793054896781671 0.07390637335448349554 -0.0006745134012900513842 0.0008928172122640038594 0.9999993739543524551 -0.00824248462068377305
0.9999993665337079118 0.0004213584760447253272 0.001043738098143591562 0.01568512777226715657 -0.0004217344927624468924 0.9999998462463222104 0.0003600657571024570782 -0.00240521994921947483 -0.001043586220906321006 -0.0003605057093703657842 0.9999993904815307477 0.01191133501274283142
0.9999998132494446468 0.0002270238281375540541 0.0005674162997978925149 -0.02218450854885027287 -0.0002265752000878439357 0.9999996618155995165 -0.0007905898844002459246 -0.005916422633705562158 -0.0005675955906485840273 0.0007904611742954938429 0.9999995265030766634 0.02362326366203058858
0.9999989545821971193 -0.0008125562637609616166 0.001196071415540497351 -0.01148740986584755215 0.0008123675489473218807 0.9999996575069030058 0.0001582562544052284212 -0.004438358202185334334 -0.001196199598005091846 -0.0001572844393571033457 0.9999992721837985821 -0.01250251255823974297
0.9999995891791654268 0.000692969988818145405 0.0005843236217702163504 0.03982595835469570494 -0.0006932148067307252392 0.9999996719970926096 0.00041887819100130052 0.03927340942776696986 -0.0005840331600950125204 -0.0004192830807039776841 0.999999741553449617 -0.02541284929170865153
0.999994795312038498 0.002304904725436525068 0.002257601169580617049 0.03561485025554426975 -0.002306357700125044943 0.9999971347839717861 0.0006412004413535786571 0.02329437826219028437 -0.002256116795138342606 -0.0006464039399466001926 0.999997246045684407 -0.003834687675864126635
0.9999998207708913345 0.0002626217383478473178 -0.000538040897752001257 0.01887492667656010675 -0.0002630654221127532149 0.9999996253137279911 -0.0008247235823691665335 0.007732313073580917608 0.0005378241058145902774 0.000824864974510584447 0.9999995151713849673 0.02423673244946927818
0.9999991666758442088 0.000726838944698916258 0.001066936158175841665 -0.003073835758591570658 -0.0007272164663661759678 0.9999996730997989802 0.0003534918758830379675 0.03311939372379537477 -0.001066678877732165102 -0.0003542674748525221186 0.9999993683451645632 -0.007627212467032263091
0.999999639826966269 -4.190788182439405412e-05 -0.0008476966834337712692 -0.002110187466108765213 4.321377058683950384e-05 0.9999988124114469468 0.00154055453188480765 0.01232545813282954345 0.0008476311153416271485 -0.001540590609188613718 0.9999984540498385588 -0.03181660130148522558
0.9999984722239838586 0.001391504342018051255 -0.001057953384781704694 0.03485538159253273593 -0.001390591717332781982 0.9999986608463559135 0.0008628790010813207866 0.01334888094888522607 0.001059152667896191531 -0.0008614065015813055686 0.9999990680867983928 -0.02480628075181835063
0.9999984908529698791 0.001437330632169598471 0.0009758957098373306858 0.02763529608346826372 -0.001436557957869252214 0.9999986545185446385 -0.0007919989482673158278 0.005073042683827521347 -0.0009770327611367433333 0.0007905958222764354745 0.9999992101823028667 0.01135265440294429794
0.9999983863033057307 0.001568800025786445864 0.0008753612188929505962 -0.01796331426587208929 -0.001567264563393579255 0.999997237036860942 -0.001752027520488404514 -0.0538432481463086976 -0.0008781073811214882511 0.001750652770628847521 0.9999980820693127326 0.05714238614761835838
0.9999989793083196021 0.001333879211559843049 0.0005120044608101923444 -0.0001315319292415768047 -0.001333440713458738242 0.9999987447513271066 -0.0008558221976207734845 -0.01882074762830801204 -0.0005131453815554563999 0.0008551385964966680018 0.9999995027097754452 0.03285037292997056851
0.9999978381863589005 -0.001777564757737299913 -0.001078835548506192933 0.003193012152614937461 0.001777808329965039963 0.9999983944173052031 0.0002248562952799305827 -0.008001061267139864333 0.001078434119720458233 -0.0002267737720073322938 0.9999993927765684631 0.01464388539253062838
0.9999996397588953867 -0.0005749485748084951116 -0.0006244327151634260524 0.01292079019373468772 0.0005733451813176197254 0.9999965462476183564 -0.00256491094150580962 0.03747580283670016305 0.0006259052504177880193 0.002564552002031160721 0.9999965156517528486 0.05290758863293765213
0.9999998933366522902 -1.376650932767119133e-05 -0.0004616678105073423631 0.01944496892510088476 1.355256328116133834e-05 0.9999998925291945229 -0.0004634198177826199584 -0.002712523647817358455 0.000461674140564773659 0.0004634135115704954137 0.9999997860524297844 0.02163865350745627913
0.999995558377334115 -0.001283147467216641351 -0.002690122335729689795 0.03453731331381938718 0.001288047931394148719 0.9999975129695384268 0.001820710648138119687 -0.006930878380428794061 0.002687779405056802285 -0.001824167567738171382 0.9999947241133597675 -0.01580827236066174868
0.9999992287907804034 -0.0005547781445545519425 0.001111143129770066854 -0.02585365879983711826 0.0005573489892527210172 0.9999971657084399945 -0.002314721838823747928 -0.01324843253424589674 -0.001109855823379587254 0.002315339348189208828 0.9999967037064443343 0.02726080573926556103
0.9999907967338622639 0.00417221137816110605 0.0009995497942188356303 0.005966367576824791255 -0.004172925412210741307 0.9999910388808082029 0.0007133383389867682276 -0.05393813197008823224 -0.0009965646387995749991 -0.0007175028206812783223 0.9999992460240272329 0.003023276763419969256
0.9999963915588330199 -0.002358806498648807325 0.001285652058321972878 0.01267392928010008767 0.002359737668117970009 0.9999969542742567219 -0.0007232429383011263835 0.01501102872826630408 -0.001283942152435434223 0.000726274130111651873 0.9999989120086266725 0.02676749825345789424
0.9999911203227156431 -0.003850108579120080105 -0.001713458388441249603 0.01326489768045430173 0.003851776566871986749 0.9999921102339510703 0.0009712296990639831271 0.0348930192988632093 0.001709705529858747105 -0.0009778209337266306408 0.9999980603847302696 -0.01469318001915535452
0.9999997181090687359 -0.0003438125149322529594 -0.0006675138483551705136 0.0159423604870744702 0.000343849789567394668 0.9999999393309082496 5.572703232151130219e-05 0.03718691187046817281 0.0006674946482065819732 -5.595654110882570631e-05 0.9999997756598548726 0.01913104225913867668
0.999972173763578609 0.007449253438778344685 -0.0004004019832245911447 0.03485821969338672582 -0.007449108537393440803 0.999972189420370472 0.0003621709939744426673 0.04026483126933400047 0.0004030887513356415028 -0.0003591782782871132248 0.9999998542552008818 -0.005722483537559674288
0.9999989832374610588 -0.001425967264489045672 1.189137413898134037e-05 -0.002819294613827677022 0.001425979283584458829 0.9999983992606776839 -0.00108076785900672258 0.02550605482030572982 -1.035021551653624849e-05 0.001080783716975625662 0.9999994158995444415 -0.003810688742756754115
0.9999999331638467215 -0.0003601965398076698824 -6.269573178714766529e-05 -0.05798575543250231862 0.0003602705736914651471 0.9999992331489054864 0.001184865694809382562 -0.0325686768649684974 6.226889918544285438e-05 -0.001184888203044776782 0.9999992960810174525 -0.03136412295117897708
0.9999995349094695785 -0.0004715724525285709483 -0.0008413086630595163935 -0.07574850725335528778 0.0004720968073201721677 0.9999996943910748337 0.0006231712136470647211 0.001799195466871826533 0.0008410145355705229975 -0.0006235681029498254396 0.9999994519285357875 -0.02737114598508353508
0.9999993603028257683 0.001101429050796469584 -0.0002573868395347768943 -0.0141492510521131782 -0.001101290173331727004 0.9999992482721241638 0.0005390873219290512851 0.04405928066699318912 0.0002579804124872423269 -0.0005388035194792715815 0.9999998215684211544 -0.006584564438683446555
0.999998204110745359 0.001868176892918159155 0.0003188892921539977603 0.03239182072896370362 -0.001868152007990477948 0.9999982519357883959 -7.831629736353444473e-05 0.04560677430212056738 -0.0003190350434121151137 7.772042304466128093e-05 0.9999999460880869551 0.0005095213852534318877
0.9999999112011369595 -9.660453455215674235e-05 0.0004102015140052468517 0.04638823018131906645 9.675937750968384551e-05 0.9999999240743076001 -0.0003774771541527465889 0.04941803246762366264 -0.0004101650168556236547 0.0003775168114763620669 0.9999998446228458571 0.008195504581214858517
0.9999996460924653885 -0.0006945626467076947965 -0.0004747606488159190831 0.006026265887167247919 0.0006942036941659176803 0.9999994734103195837 -0.0007558176463547918366 0.009492657465786485602 0.000475285361516745563 0.000755487798268976744 0.9999996016709266078 0.01601069495178721047
0.9999992235723030864 -0.000742356873633345034 -0.001000880144286220557 -0.007722957974211068499 0.0007421072918199933966 0.9999996934606291132 -0.00024971066300085923 0.0005160968437642807346 0.001001065211904137017 0.0002489677086653191928 0.9999994679416193133 0.005746320626941143171
0.9999993451884705564 0.00101969858364622302 -0.0005194587844045809883 -0.02838692349970844617 -0.001019707880906475491 0.9999994799423145286 -1.763344106688482344e-05 -0.00822039030699099095 0.000519440533461168496 1.816312573653002576e-05 0.9999998649258073913 0.006143283966256494338
0.9999961510953033761 -0.00277107684236254509 0.0001375780250800963281 -0.07874093268118069477 0.002771115191207415996 0.9999961214376935636 -0.0002793388025679026669 -0.02183630935792498298 -0.0001368034221881861423 0.0002797189719747486601 0.9999999515210590273 -0.005471564621279113166
0.999999563710520456 0.0003248539557151250423 -0.0008758131515010236659 0.006261818510191933564 -0.0003251842474925330413 0.9999998760593897806 -0.0003770098279445947007 -0.06952579348613549537 0.0008756905698182632525 0.0003772944640997711154 0.9999995454073533629 0.002011514082673927437
0.9999799178539854339 0.006303512422675086602 0.0006554539447469397108 0.04582171163677709047 -0.006303422867468193996 0.9999801236265929427 -0.0001386069903880899734 -0.07630000282140236845 -0.000656314627585362657 0.0001344726034783850306 0.9999997755840890346 0.004584238350295645817
0.9999845039076273867 0.005541939605645515576 0.000528062518755093393 0.01174803362510782462 -0.005541900339497186218 0.9999846406800579901 -7.579315513945032896e-05 -0.03091788647624157255 -0.0005284744491622226292 7.286551078975237426e-05 0.9999998577026768531 0.01220910648110650268
0.9999965369074523824 0.001975867432326981581 0.001738424859529830472 0.004029329795852898237 -0.001973993923863483387 0.9999974698079452384 -0.00107876118590556451 0.01589314863304121597 -0.001740551950075543966 0.001075325809945949524 0.999997907074465564 0.009559148784380074731
0.9999963815031397418 -0.002670856639504142014 -0.0003217226105891270367 -0.01103106820703208743 0.002670885688953148016 0.9999964291376456371 8.989768826547180666e-05 0.02006905519878234706 0.0003214813579243903019 -9.075664728739745194e-05 0.9999999442064821942 -0.005580354411622408944
0.9999997418263855131 0.0006854199243926206546 -0.0002157468180778570341 0.01731269222724091811 -0.0006852793461450890555 0.999999553302103994 0.0006509898694255964423 -0.005128328625805369904 0.0002161929231313201708 -0.0006508418545187533762 0.9999997648327225708 -0.03089950992008752562
0.9999938920209350268 0.002823054476038811857 0.002060651413445418242 0.03193921398432188197 -0.002824060948653493632 0.9999958943897465646 0.0004856782978427685361 0.01439369762303718478 -0.002059271856921202938 -0.0004914947365154065861 0.9999977589136603839 -0.02458782733164796216
0.9999993955446891958 0.0006678753072498754559 -0.0008734144663739971297 0.04604499459739977429 -0.0006676784653842117445 0.9999997516453938973 0.0002256426760961550461 0.007487209674022820075 0.0008735649506291296275 -0.0002250593796746424755 0.9999995931161934637 0.00348946021981653802
0.9999999745780805416 -0.0001855670008028650517 0.0001280965512534287701 0.04269441217291040924 0.0001855401147739064863 0.9999999607649828759 0.0002098687652112337504 -0.0105835951109783475 -0.0001281354909448527023 -0.00020984499282716238 0.9999999697731870585 -0.006452786131282375014
0.9999990118948903772 0.001401272857674290811 -0.0001124438579796673546 0.04685955723651860638 -0.00140140584618045046 0.9999983082191290507 -0.001191478297719405057 -0.00567114169548868334 0.0001107740815501550771 0.001191634699893554796 0.9999992838676660112 0.03148223240314789589
0.9999980865309227029 0.001885942623785253963 0.0005197642860874739481 0.04816076959752153136 -0.00188563806781891761 0.9999980505909040751 -0.0005858186314823624887 0.02567507971767983566 -0.0005208680931811513403 0.0005848374232124008316 0.9999996933307618852 0.001188943702876833807
0.9999992722777572007 0.001034894801483543991 -0.0006200296008133607826 -0.007672424843726507668 -0.001035046991798599597 0.9999994342806266534 -0.0002451859526939704028 -0.004987904009633911326 0.0006197755083827604034 0.0002458275340398554721 0.9999997777235466456 -0.005325869726337726512
0.9999989892055651808 -0.001369346002896608752 -0.0003827262367250902218 -0.01965663795816835133 0.001369513089039265047 0.9999989668858016989 0.0004366477163113589377 0.01434861398368732915 0.0003821279195201504066 -0.0004371714235410135464 0.9999998314296855151 -0.0230142893785736935
0.9999960833175137731 0.001572739165914616762 0.002315133073500346902 0.07143537076432958377 -0.001568625317209687261 0.999997189625073446 -0.001777682921391420673 0.03796930903220107484 -0.002317922398663461656 0.001774044382420046379 0.9999957399920677004 0.01140383221271821894
0.99999746328191641 -0.001028560419013313607 -0.002003869555829298089 0.06242605915938508054 0.001029838312594542849 0.9999992669683500646 0.0006367855309673767922 0.007369869081277484989 0.002003213114536937008 -0.0006388475772640419105 0.9999977895030521813 0.01843837132597643882
0.9999963524236200607 0.002698005618219916947 -0.0001261155785834560154 0.06699154701732223938 -0.002698003202642435417 0.9999963601961061599 1.93198882226145073e-05 0.03558754905717185363 0.0001261672447144504452 -1.897955751692236381e-05 0.9999999918608013516 -0.001103822032343658097
0.9999976229332967481 -0.00214216117439446161 0.0004065381395023251812 -0.0009726875078182223343 0.002142173262480371026 0.9999977051149465668 -2.930109054532738632e-05 0.03574468727820012681 -0.0004064744388854913022 3.017189602730456171e-05 0.9999999169340901828 -0.008674347286780608596
0.9999994649880621367 0.00069790700247915902 0.0007635112345261088488 -0.02831374251951080528 -0.0006975155272560975119 0.9999996252149113696 -0.0005128763262869681476 0.008302058250008407386 -0.0007638688883530183292 0.0005123434909506740598 0.9999995770041448795 0.003008490378291502673
0.9999953883447066927 0.002768759234167241564 0.001247902889817140495 -0.005686051711773683522 -0.002767213675239844212 0.9999954042449691327 -0.001238554567363885257 -0.004596323493349590596 -0.001251326414156567852 0.001235095641635082812 0.9999984543592861375 0.03178163754950392994
0.9999941613282747888 -0.003414167925154336456 -0.0001441066938322332772 -0.004592844423603298712 0.003414107216861584672 0.9999940839544902982 -0.0004194376374608281446 -0.04928804862390872427 0.0001455378718188825749 0.000418943192798747633 0.9999999016526597284 -0.009594078313741392916
0.9999997471105138702 -0.0007094830534911200724 4.911929451936142906e-05 0.004301430201440788713 0.0007095063085220229722 0.999999635462957448 -0.0004750523659375413955 -0.02912921585923975917 -4.878223501045491175e-05 0.0004750870962511192846 0.999999885956265766 0.01196218145233892728
0.9999998595970702731 0.0004924396632102624304 0.000195726896075875599 -0.003694125472461616197 -0.000492403808364464215 0.9999998619891903306 -0.0001831941315420750787 0.0193994689932600016 -0.0001958170811198689997 0.0001830977291520742892 0.9999999640654455568 -0.01076845378886481276
0.9999991989377161605 0.0009237095419971744518 0.0008653811923106233999 0.001646158562074338891 -0.0009237830614352566909 0.9999995697371154568 8.456027112735201837e-05 0.04281721903317259326 -0.0008653027108399064448 -8.535962787639563129e-05 0.9999996219824048849 -0.02026674055770994257
0.9999989483320195216 0.0009926790799954408277 0.001057318825708642536 0.01713106632057172576 -0.0009928921805710982148 0.9999994868734346509 0.0002010422472224692933 0.03427236346271714251 -0.001057118712737253234 -0.0002020918393871853284 0.9999994208292900533 -0.01584185220615494036
0.999995059340567205 0.002919622686853538644 0.001164945415779142582 0.03416966954514092519 -0.002918740848493098228 0.9999954532126538176 -0.0007579616602559651655 0.03827916500031201125 -0.001167153081079128421 0.0007545577416542195845 0.9999990341976835451 0.0149824639639694248
0.9999984793779689296 0.001607870561713658619 0.0006752732829168067328 0.03229439517976656626 -0.001607649773208779179 0.999998654142238097 -0.0003273773345718066267 0.03638566718985458692 -0.0006757987544738442093 0.0003262912338144912977 0.9999997184149974627 0.01522770241182268974
0.9999998557734679494 -0.0002049654036014409916 -0.000496429478094245237 0.0377585025909658728 0.0002046319430723339159 0.9999997534888671602 -0.0006716754965722280483 0.03261781404905311071 0.0004965670259580949987 0.0006715738143701007216 0.9999996512048394681 0.01640004705340288721
0.9999999168426270124 -0.0003841209094772858558 -0.000136988561118709843 0.03294795814529090372 0.0003840820618616830394 0.9999998860553276359 -0.0002834965634662128678 0.03959874113019582614 0.0001370974424674289397 0.0002834439250423564385 0.9999999504319150301 0.01964623243684451154
0.9999999792391888187 0.0001850604836610824234 -8.528915163350950311e-05 -0.03448915307195853791 -0.0001851969182034897703 0.9999986989295843731 -0.00160244851398879274 0.01538706271976924937 8.499249076928765123e-05 0.001602464276008699895 0.9999987124414314588 0.05017172290800331336
0.9999994368363374075 2.803189829787289809e-05 0.001060915275011235521 -0.001660481770524303543 -2.784538726428672129e-05 0.9999999841566193926 -0.0001758163685295174752 0.02834871081656710479 -0.001060920186669312955 0.0001757867279194390948 0.9999994217735247437 0.006929229671998094614
0.9999998072537663596 -0.0006173622706410803905 6.600194542328046874e-05 0.01468220856602049651 0.0006173503905409457367 0.9999997932634603348 0.000179865315806687062 0.03854031097687300733 -6.611297383804529907e-05 -0.0001798245348115403818 0.9999999816461054847 -0.006645612670534224026
0.9999993873781104492 0.001097561326194286145 -0.0001435358455513599681 0.05798552133865646219 -0.001097583327399785516 0.9999993859061077073 -0.0001532913785268036312 0.09502529883045482406 0.000143367510718150589 0.0001534488271681234777 0.999999977949606933 -0.001180683712998859686
0.9999984758746507385 0.001691569172978748484 0.0004322523669879809057 0.06577368777160395863 -0.001691383042394214954 0.9999984768982148609 -0.0004306096310789037985 0.1064680392440535001 -0.0004329801146011309039 0.0004298778704523103329 0.9999998138666010838 0.000116312678007273311
0.9999997095055329632 -0.000761403053536234488 3.541524672938500248e-05 0.06724819250392868875 0.0007613906569927150324 0.999999649332174112 0.000348740299186095005 0.07785126843928659446 -3.568076623906714752e-05 -0.0003487132330409950911 0.9999999385629800841 0.009275482315805001765
0.9999964902942976019 -0.002536414232469184817 -0.0007655076277663620202 0.0193472412970731554 0.002536422844902994772 0.9999967832215629349 1.028000037192337985e-05 0.03646520394296078743 0.0007654790909586785307 -1.222161532715873167e-05 0.9999997069461538102 0.0123022978714681288
0.9999917960457331834 0.003918661863105170166 0.001025636598113172397 0.01071012716530419032 -0.003918065730176230332 0.999992154639808839 -0.0005825974310187178066 -0.01743616153010879577 -0.001027911553959116051 0.0005785741398093469275 0.9999993043246589997 -0.004009043166780705027
0.9999999609604444117 -0.0002372682957869408176 -0.0001475901943730582454 -0.0283907531652214315 0.0002373253546600565943 0.9999998970675231247 0.0003867061149010674547 -0.04032651826523775407 0.0001474984260803982616 -0.0003867411266994499387 0.9999999143377539257 -0.0017106536623721952
0.9999903616296941244 -0.004317160520259190337 0.0007992326044195684123 -0.07633635218501931552 0.004316936380919622618 0.9999906422367024206 0.0002819562208572522276 -0.07977508484907691599 -0.0008004423756551638271 -0.0002785032669519471333 0.9999996408639022505 0.01361252923205176837
0.9999999247777818789 0.0003633146176532583982 -0.0001358194356260039061 -0.01111343820829370499 -0.0003636712348091017768 0.9999964624306169059 -0.002634932538950059046 -0.08442429908528811811 0.0001348616456473918687 0.002634981734366454147 0.9999965193357405191 0.06341345394241926225
0.9999999335897239439 -0.0002714711515145939113 0.0002431541930156230259 -0.0008796509406337467245 0.0002715633907233993291 0.9999998911575643801 -0.0003793918609710188986 0.001060852052627668648 -0.0002430511726047599537 0.0003794578675526216836 0.9999998984689220105 0.01669938491766990649
0.9999998316554301603 0.0004874441139123133018 -0.0003147814277806751208 0.04338729984307059667 -0.0004870449113254359127 0.9999990787187719166 0.001267023623233260073 0.0296067280305573749 0.0003153987409857542459 -0.001266870097244141144 0.999999147781532316 -0.0126519524361463024
0.9999995535813941405 0.0007298354054856559785 -0.0006001477262009169856 0.08349157138255464128 -0.0007304002736517123742 0.9999992900130981743 -0.000941535309925688917 0.06214989528956472303 0.0005994601342992263724 0.0009419732376702362768 0.9999993766667891748 0.03426904138385558629
0.9999992736852546527 0.0009640040117344464985 0.0007234122120720944691 0.03235560964695892439 -0.0009636951414173855956 0.999999444399917059 -0.0004271902757317689952 0.03008369595020809334 -0.0007238236232837893386 0.0004264928166231557569 0.9999996470915576419 0.02751621289278291527
0.9999994514162017234 -0.0009586492875235186686 0.0004220886627812623151 0.03141699108634390253 0.0009592959892468789487 0.9999983623460756421 -0.00153461929217160644 0.02143200252241566142 -0.0004206168098550937522 0.001535023358265626093 0.9999987333915922871 0.01309869312001993996
0.9999984670696837608 0.001613410345555225944 -0.0006802685788882478161 0.02906220408772989053 -0.001613412459360491534 0.9999986984459978689 -2.558543993190336739e-06 0.01741166008581611704 0.0006802635655006083245 3.656093872005110395e-06 0.9999997686140303932 0.02404355135085485193
0.9999963195269070404 0.002668907344275205009 0.0004877153141660967852 -0.005754618709393167879 -0.002668615801451857186 0.9999962607653367641 -0.0005974487835070863484 -0.01649247740271445051 -0.0004893080259302161296 0.0005961450598189224582 0.9999997025943174744 0.007724471750089224355
0.9999930421639573463 -0.003610386382814485991 -0.0009384742087198652983 -0.0213363701780401871 0.003610333521191388083 0.9999934810418024123 -5.801520530308509215e-05 -0.02708958839849142167 0.0009386775481529528904 5.462659674826153859e-05 0.9999995579501000931 -0.01915124746992804758
0.9999965208499130842 -0.002632530573529079376 -0.00016754357238095568 -0.04279223058691237341 0.0026326084983475306 0.9999964258252216354 0.0004665932666554551051 -0.007609415469771080125 0.0001663146525110646375 -0.000467032719939947051 0.99999987710992988 -0.008794500705798674947
0.9999947804457637313 0.003190412329777205219 0.0005102454258778076198 -0.02604251717538855551 -0.003190500220710946674 0.9999948956296736968 0.0001715311620321265617 0.006392080417460797338 -0.0005096955662619033663 -0.0001731582048598179365 0.9999998551133224556 0.002264897683598969189
0.9999993063155845352 0.0009956107378511318273 0.0006293866922013563545 0.01789109836025621486 -0.0009956600456821561827 0.999999501285744663 7.803419271547968813e-05 0.04027766811373234557 -0.0006293086866370485154 -7.866079376712755713e-05 0.9999997988915080294 0.002442381542834032911
0.9999995970233001019 -0.0006405024139098887187 -0.0006290547632512605725 -0.006580203881745141058 0.0006403189476765701023 0.9999997524186879927 -0.0002918119395094517375 -0.03643578784213478278 0.0006292415137607052043 0.0002914090262320363604 0.9999997595679195328 0.006662361650692591279
0.999999607504609811 -0.0006277930428272483375 0.0006251931874497698065 -0.02191887027022570988 0.000628106216476237455 0.9999996773145216622 -0.0005008527062842978465 -0.06507131956034264975 -0.0006248785538645122402 0.0005012451974294656687 0.9999996791399710094 0.0184842542310902809
0.9999996985818909723 -0.00077292044211707035 7.368933012898029686e-05 -0.05435925052045272737 0.0007729684175616284656 0.9999994878855582581 -0.0006532598616178806683 -0.08514052559902267336 -7.318437449057874772e-05 0.0006533166242384262808 0.9999997839106945507 0.03531605224987507952
0.9999988098077037257 -0.001542739993419067496 1.834362750042184975e-05 -0.0760575546857293755 0.001542739776272648595 0.9999988099061196678 1.18459661728532496e-05 -0.05719523561605156792 -1.836188091555876288e-05 -1.181765263008923985e-05 0.999999999761592262 0.02007179684963373775
0.9999994558844369497 0.0009627668838823217083 0.000401635104543608104 -0.05055860219124173188 -0.0009626165638340358982 0.9999994666358744677 -0.0003742957622856671719 -0.01600131348424854022 -0.0004019952498905731753 0.0003739089380212504078 0.9999998492959512042 -0.00170290766523509122
0.9999990422973776827 0.001232569714384351353 0.0006294253144933893099 -0.008097137838143590033 -0.001232504817229637629 0.9999992351112911848 -0.0001034828877237267182 -0.01432170751754711924 -0.0006295523829264416601 0.0001027070188856750514 0.9999997965575120329 0.001961761578004164296
0.9999946266845646248 0.003146652222519422375 0.0009193376902717933889 -0.007532093295292242169 -0.003147561142077807527 0.9999945574535739068 0.0009888994326558288132 -0.02600040537776442118 -0.0009162209641361320758 -0.0009917877905775776288 0.9999990884476461783 -0.02497629542501923414
0.9999999928213796352 5.089400905841679498e-05 0.0001084759909238201792 0.01501150298287353899 -5.087058992858068887e-05 0.9999999754031159149 -0.0002158841140159273775 0.03047392314138851199 -0.000108486975463698468 0.0002158785942285282224 0.9999999708135038912 -0.01292617544115369672
0.9999949655474359433 -0.003135186673523127337 0.0004893713361220936465 0.0580751826832621651 0.003135478137654312131 0.9999949067899068789 -0.0005959623257834033034 0.1122211845139180209 -0.000487500390509365924 0.0005974937385649345184 0.9999997026722565741 0.01589081813129834125
0.9999974237801880772 -0.002254622730859819242 0.00026288653150789861 0.0397972490662004616 0.002254729577498679541 0.999997375330027638 -0.0004068508181812379256 0.1179400381921449775 -0.0002619685464147734639 0.000407442508082216158 0.9999998826815347241 0.01613966828322183425
0.9999955035371431711 0.002803623559037227847 0.001064237020003653026 0.02356467350046401524 -0.002804098005260359516 0.999995969683923569 0.0004445787741009846997 0.02977585674800174026 -0.00106298629926716349 -0.0004475609999739597607 0.9999993348744182775 -0.006058915113298898696
0.999999872176708049 0.0003664585450897538859 0.0003483600182149305187 0.03561283689522939944 -0.0003662854300855929472 0.9999998094742064136 -0.0004968767800529364604 0.03661590388563430026 -0.0003485420365852849567 0.0004967491173414028674 0.9999998158793645953 -0.009381486372810611887
0.9999995724683288234 0.0005762393269938605742 -0.0007231952693676697071 0.02145413935378570267 -0.0005768619667509725882 0.9999994629169979277 -0.0008610435453139423604 -0.01724283167159809671 0.0007226987137987125453 0.0008614603610359944852 0.9999993677961078742 0.006239534733506925911
0.9999867480507054207 0.005107553577270867312 -0.0006454606342199711811 0.02983589476165208684 -0.005107479573823018454 0.9999869499841890219 0.0001162485351823531484 0.009142185792592082832 0.0006460459565702143542 -0.0001129503176576633107 0.9999997849334006927 -0.004511122555901508208
0.9999984461912989619 0.0009991088033716021694 0.0014523761863829462 0.03517268129915002151 -0.0009982120716442467994 0.9999993108131558506 -0.0006180176966066456331 0.02748736169370146268 -0.001452992652345704971 0.000616566956883555172 0.9999987543279941216 -0.006592170853340392767
0.9999992345342816336 -0.0007696481949607494226 -0.000968799518367343738 0.0284207901126663047 0.0007697489929584039802 0.9999996983688770325 0.0001036756616166048176 0.03555368730343880929 0.0009687194323614344623 -0.0001044213147100629907 0.9999995253393125783 0.01349145246668763745
0.9999999923601086138 -6.876933417712055108e-05 -0.0001027159254898932944 0.03421312224220569159 6.870487633378537544e-05 0.9999998008201498312 -0.0006274068064544849549 0.02924752420001318007 0.0001027590513792777819 0.0006273997445762085788 0.9999997979050485597 0.0126168333290008431
0.9999933313431909054 0.00364156138317248048 0.0002762242564635005457 0.02905250405710193065 -0.003641563257252636732 0.9999933694668080575 6.281990542412283916e-06 0.00782937153194811393 -0.0002761995486952310993 -7.287836753065344082e-06 0.9999999618303476723 0.005128231527963347976
0.9999992426553619973 -0.0002280626670677072913 -0.001209411477647224587 0.04993569293120978664 0.0002254854334761223608 0.9999977046556963733 -0.002130689948808494293 0.02548305752116492712 0.001209894632463903502 0.002130415630470595088 0.9999969987376060576 0.03487901470752543392
0.999997884969408668 0.001727388726077804491 0.001116326519591195974 0.07788597829902949021 -0.001726636934646919681 0.9999982821795578847 -0.0006740644103334930302 0.1087183035590687658 -0.001117488973205723289 0.0006721354940668218796 0.9999991497257747497 0.04137329376740589426
0.9999966633660263282 0.002574683147209093359 0.0002103889390885594843 0.03746511964788268312 -0.002574392586986904395 0.9999957479902872315 -0.001369855523099443436 0.07635131984506980662 -0.0002139149884421508814 0.001369309328667797383 0.9999990396157089068 0.02656873972014029209
0.9999928895486588365 0.003765572400308960042 0.0002032649054853257007 0.01556907362233479752 -0.003765497226058731658 0.9999928424246045111 -0.0003689582640329895505 0.02786640058603524414 -0.0002046527896573549585 0.000368190247135442275 0.9999999112765848297 0.02147737437995660831
0.9999995411798577871 0.0003392292007707065115 -0.0008958591537557479773 0.02013592217640106791 -0.0003399415226445143268 0.9999996261321407731 -0.0007950945477462151257 -0.01690752766931029674 0.0008955890995348404597 0.0007953987226656181056 0.9999992826302610549 0.01291767099190676248
0.9999999692037704335 -4.01651068876877123e-05 -0.0002449065583846896988 -0.005668616022796555895 4.006797845360006481e-05 0.9999999205571046268 -0.0003965858565822651593 -0.0340880666144035005 0.0002449224678419165309 0.0003965760314582158531 0.9999998913702121683 0.007684558870502049971
0.9999999902366626392 -0.0001041753086067676612 9.313527672222427238e-05 -0.02010818152418193672 0.0001041879760211933474 0.9999999853222003576 -0.0001360164130536309921 -0.01061701025838803804 -9.312110580339888412e-05 0.0001360261153016340463 0.9999999864126777327 0.0001388866917000746977
0.9999986677408025937 0.0002130449592875636523 -0.001618372165211427955 0.02455057037985756974 -0.0002131323547278738025 0.9999999758384759962 -5.382979399352093091e-05 -0.005484968416350544107 0.001618360657942819912 5.417464974869224119e-05 0.9999986889860846828 -0.005694476906946480121
0.9999997616526379307 -0.0005954941637903903365 -0.0003494014426840625818 0.004698917622027988517 0.0005956639674700343889 0.9999997044543917912 0.0004860818520870778406 -0.01894603673666334087 0.0003491118805139382226 -0.0004862898620803540891 0.9999998208215163942 -0.009413869658217532618
0.9999991454958597759 -0.00130364154593817479 9.760261181729710655e-05 -0.008354795134638362888 0.001303654818491349144 0.9999991409874670056 -0.000136045736000763132 -0.006782740598050738048 -9.742517310182255874e-05 0.0001361728598643181451 0.9999999859826438353 0.01498015668218380565
0.9999991999631016037 -0.001231652369901371866 0.0002882804129479501652 0.006264698502520887717 0.001231679285310754253 0.9999992371390549195 -9.320647116558328953e-05 0.05684266209570442568 -0.0002881653950589765836 9.356146560996854357e-05 0.9999999541034775286 0.004807065266797552923
0.9999985624204212886 -0.001695623875148841034 4.094486352337353715e-06 -0.006201491004047656255 0.001695625222802321598 0.9999984993179089621 -0.0003552703671713606766 0.07972985775704002909 -3.4920752911103877e-06 0.0003552767991562693359 0.999999936883098739 0.0004667671302440591749
0.999998248610097451 -0.001796978203668484278 -0.000523111912637344318 0.01517247432870079925 0.001796586125843641687 0.9999981056234331644 -0.0007490179152353711482 0.07474049166789975551 0.0005244568905342433199 0.0007480767878084407414 0.9999995826629576312 0.0009807203673967183292
0.9999999754083066517 0.0002207167102057569486 -2.162220768190010344e-05 0.03815943283969158023 -0.0002207048115472130096 0.9999998250740238515 0.0005487634353037106841 0.04988311099906771184 2.174332515970126296e-05 -0.0005487586496834182762 0.9999998491955748303 -0.01614742641141161603
0.999997491280162798 0.001751124531588996733 -0.001396780675526517997 0.03990491630225701664 -0.001750480495871786779 0.9999983611047542631 0.000462175117397415681 0.02532065534966145351 0.001397587712535268032 -0.0004597289206000292733 0.999998917698367018 -0.000780119825584369873
0.9999998606282285429 0.000367378483445197088 -0.0003791788144783975211 0.03112255691270367219 -0.000367208320050508609 0.9999998318950822362 0.0004487403002750590389 0.023732120129583964 0.000379343608267516735 -0.0004486010001178931863 0.9999998274277699384 -0.009531130173428010305
0.9999981846432238752 0.00121338803604539424 -0.00146914932212092314 0.01734721663140284878 -0.001212369020103642959 0.9999990240528963126 0.0006943015295859596451 0.007225193317285347715 0.00146999034547829594 -0.000692519118056946761 0.9999986797719562226 -0.004714537368690926294
0.9999993915714010528 0.0006623010368323835112 -0.0008821644769868808257 -0.03237286443148968546 -0.0006616633061020101101 0.9999995197277746772 0.0007230116799230908858 -0.01648983246070328743 0.0008826429046930276291 -0.0007224275441577530238 0.999999349519761549 -0.008837275290028361041
0.9999997624274822305 -0.0002239035175616029374 0.0006519295928123147385 -0.01856409345167342462 0.0002244482088859521313 0.9999996257369287989 -0.0008355531125282479512 0.03318376198320411447 -0.000651742265538132466 0.0008356992384532225225 0.999999438419243325 0.00986690121816843381
0.9999997239288571649 -0.0007322792837988753101 -0.0001261319152368350525 -0.004568577203170234857 0.0007323133388978082066 0.9999996953648818687 0.0002701616500078040826 0.03434439165428777169 0.0001259340430330485507 -0.0002702539435079563093 0.9999999555517103955 -0.01534124027343671849
0.9999994784022006034 -0.0006098710894449995866 -0.000819300055460598373 0.01597699226372942261 0.0006105179105644260341 0.9999995020085714614 0.0007894621523345976251 0.01488581949432855704 0.0008188181773132652188 -0.000789961937910870003 0.9999993527482551325 -0.03968141020536979785
0.9999991284018939774 0.001066328134205409006 0.0007785497816305870936 0.003873904721490997651 -0.001066786416387509664 0.9999992578417546962 0.0005884578842573789286 -0.01592691298999233257 -0.0007779217146256546533 -0.0005892879176901450909 0.9999995237886646349 -0.02914044050538008163
0.9999994761473213201 -0.0009449009149804979803 -0.000393531884168669781 -0.005191492829508185906 0.0009447822887396695657 0.9999995082368824395 -0.0003015168653920344451 -0.02022995705063650868 0.0003938165942061828593 0.0003011449054874152341 0.9999998771101105133 0.01135729681550184077
0.9999954876314816055 -0.002810668992780884952 0.001060592517595438907 -0.001269928373988420556 0.00281133779176116717 0.9999958499662940925 -0.0006296268813135673641 -0.02425476380668084228 -0.001058818443348428281 0.0006326057240313997816 0.9999992393564617332 -0.003973611637880095256
0.9999940446156764251 0.003450146440447325602 8.498658692357960486e-05 -0.01093840783177927635 -0.003450216151108560433 0.9999937000063344739 0.0008342398646884397395 -0.01228389413271743086 -8.210780180898011023e-05 -0.0008345281185642593929 0.9999996484105022621 -0.01509424025938045297
0.9999987139591560714 0.001186940362219791314 -0.001078541890967483737 -0.1112930219271487942 -0.001186466188258238595 0.9999991992707538691 0.0004401770498203352866 0.03647344232553990928 0.001079063491254398169 -0.0004388968302484295568 0.9999993214955469334 -0.02565866124940748005
0.9999997238950716349 -0.0006172347045257006162 0.0004138007974223474215 -0.04133405068303191987 0.0006166136459459081037 0.9999986859202381062 0.001499314979739788936 -0.01273900865501393156 -0.0004147256828936374284 -0.001499059410553131057 0.9999987904110142489 -0.03128514803481933365
0.9999999447384456674 -0.0002422406534483840374 0.0002276896380050467104 -0.007819819815981969915 0.0002422756033460622866 0.9999999588727608302 -0.0001534829258264809419 -0.01913916262539045593 -0.0002276524488365341641 0.0001535380809892303701 0.9999999623002093774 0.01798182609315056302
0.9999919768275797871 0.003769581191912613986 0.001355189324984443569 0.007630447126146615994 -0.003768780587657391285 0.9999927223912646879 -0.0005928384173823057378 0.03815038428981044893 -0.001357414214994791648 0.0005877262497168406338 0.9999989060016537534 0.02021310732811363448
0.9999965951907358042 0.001974297989937838158 0.00170638635210429131 0.02188788617707319514 -0.001973075263408558769 0.9999977957615983071 -0.0007179456453504637131 0.02325712965555334216 -0.001707800029466455304 0.000714576372181349403 0.9999982863983656323 0.02455964211490214294
0.9999986984542326152 0.001504310115463819951 0.0005832160124770903323 0.005733240816675997352 -0.001504620244211535458 0.9999987267149330616 0.0005316826434515123509 0.001143076290813687616 -0.0005824154542981050753 -0.0005325594700613233562 0.9999996885862761919 -0.01605627868025674698
0.999997672959230699 0.002006243617135771307 0.0007931347125437603496 -0.007966739667299896355 -0.002005818711012974549 0.9999978446079341721 -0.0005361630205078700157 -0.01992315920044728308 -0.0007942086766651105774 0.0005345708883879198145 0.9999995417331666303 0.01173489257100465179
0.9999998814850016293 -0.0002519741271698918827 -0.0004165801505802433692 -0.0190036563864903682 0.0002514255274476776014 0.9999991018836575929 -0.001316441066846756438 -0.02179655589414165179 0.0004169114855315744794 0.001316336171944667037 0.9999990467214935341 0.03584062532098135356
0.9999982779576845893 0.001827108953216895638 0.0003251992289488193498 0.009184861842732259737 -0.001826694340766658615 0.9999975242361691663 -0.001270712130103503505 -0.01504397772954274397 -0.0003275201533422173773 0.001270115902292298865 0.9999991397677019389 0.0492138104171215493
0.9999980175290276163 0.00197287262720009576 -0.0002696509064158121669 0.006653910619684226535 -0.001973093541446018211 0.9999977160465276516 -0.000821464305396629583 -0.00620764440047514611 0.000268029646103349348 0.0008219947233293833054 0.9999996262423219706 0.01680629788553794982
