1 0 0 -0 0 1 0 0 0 0 1 -0
0.9999998511915999533 -5.25337371685357407e-05 -0.0005430073520827343597 -8.000260485395961304e-05 5.232828161002503752e-05 0.9999999270476753743 -0.0003783733536998376383 -0.002616485905701450895 0.0005430271898354053876 0.0003783448827530613173 0.9999997809882863464 0.004235462961646246742
0.9999992379810727083 0.0004825280634746637563 0.00113631155136699794 -0.07631240430681318632 -0.0004821529920662434056 0.99999982920568109 -0.0003303287770066532045 -0.04315445428445358056 -0.001136470750196524795 0.0003297806492754434176 0.9999992998392335242 0.03016493834780569275
0.9999998558087236367 -0.0004098889385837570644 0.0003469489731453491064 -0.01710321005430729541 0.0004102694514856239502 0.9999993137172510371 -0.001097380519291692126 0.04002330740293538053 -0.0003464989309040020921 0.001097522703623892955 0.9999993376909837028 0.06489342326753504142
0.9999995780383521549 0.0008963806138517274851 0.000201059475559252636 0.00460459201373394824 -0.0008962228402877748124 0.9999992915083124601 -0.0007834331456693357978 -0.008393154920723438356 -0.0002017615873943187134 0.0007832526209963406282 0.999999672903743253 0.007176497519848465054
0.9999994908505502877 0.0008864942332328825921 -0.0004821064349896132806 0.02372079173999187829 -0.0008864275357854596886 0.9999995975260906889 0.0001385419813406358691 0.01263371442473460414 0.000482229057621861093 -0.0001381145583829420428 0.9999998741897444532 0.002994792732236910456
0.9999989786709685413 0.001337561319134993737 0.00050357396428515281 0.004050748037350878315 -0.001337432730861959872 0.9999990729703459591 -0.0002556015243717830229 0.0009850191902602849128 -0.0005039153801692594246 0.0002549277670162949407 0.9999998405405489121 0.005379623400947879108
0.9999994873111374138 0.0001998312080483492781 -0.0009926957995776658321 0.002098224912983448053 -0.0002001649028477098051 0.9999999234981253871 -0.0003360621296446689513 0.02348057148003274835 0.0009926285679332277467 0.0003362606602076441517 0.9999994508084963929 -0.009472656702247140084
0.9999986769726103564 0.0008943470807430064454 0.001358748073827864295 -0.03236658116910917649 -0.000894239247879844378 0.9999995969706119148 -7.996737593670596154e-05 -0.08262851762298865921 -0.001358819044801683456 7.875222428207581562e-05 0.9999990737040163058 -0.0247557406027627408
0.9999995623202243555 -0.0008225465772634249495 -0.000445843568900462946 -0.05227510094087924747 0.0008226476665004093603 0.9999996359513206867 0.0002266010654363267345 -0.06558864718694336349 0.0004456570166609168061 -0.0002269677384292129695 0.9999998749377267959 0.006220258361459947254
0.9999999405573244404 -0.0001315110923741206225 0.0003187321450371723326 -0.05015832421999198015 0.0001316031454654497648 0.999999949635728691 -0.000288806426985167993 -0.02320484718443122443 -0.0003186941477357738183 0.0002888483559705767151 0.9999999075003295212 0.0182270531382495854
0.9999999653570742497 0.0002067639387975322789 0.0001628942108367892327 -0.01574011167387284749 -0.0002068025374693011238 0.9999999505379548737 0.000236974256281858106 0.01511763884009844662 -0.0001628452050490536136 -0.0002370079350085388988 0.9999999586543381058 0.0122936412519576016
0.9999995131111365509 0.0009816170214920103779 -0.0001010223391324873744 0.006173175413892566417 -0.0009816559450420744414 0.9999994436889031446 -0.0003859708406282402683 0.00240283000695211673 0.0001006434073856651379 0.0003860698218831313828 0.9999999204104954575 0.0115214012934010037
0.9999999823136199728 -0.0001482436550583042815 -0.0001157435893993527217 -0.03566245894103289849 0.0001482671107112384576 0.999999968470952183 0.000202669579653093259 0.003879582157776348319 0.0001157135412708158961 -0.0002026867370361826453 0.9999999727642311376 -0.00721419615330950656
0.9999984647094277701 0.0009283198760116934557 0.001486203551027821205 -0.03977075199300298541 -0.0009247501618517600837 0.9999966905183326205 -0.002400789353564178764 -0.02286680765265090842 -0.001488427332939440189 0.00239941130068056438 0.9999960136967970259 0.009067812430294690251
0.9999990857334876138 -0.001222890323956100141 0.0005771234221865551624 -0.06669022141787532554 0.001223064012693386325 0.9999992068469337747 -0.0003006990590674978839 0.01122447073227617401 -0.0005767552424695665363 0.0003014046430370157415 0.9999997882542932537 0.005098362862277422587
0.9999999325475190659 0.0003408007650104751506 -0.0001369664039487242994 -0.0177069240544798813 -0.0003407640080817309416 0.9999999059479368624 0.0002682983567160758791 0.01634061002849122521 0.0001370578273519766415 -0.0002682516653979012786 0.9999999546280969875 0.0005639698090620601798
0.999999790284519241 0.0003769553490190024453 -0.0005266266063079827519 -0.03071240485309624513 -0.0003766037267779712865 0.9999997062214392995 0.0006676276417533503951 -0.006513096182328473836 0.00052687811740709451 -0.0006674291721989374917 0.9999996384688093487 -0.01042757177753868628
0.9999995451241920907 0.0008940516302178558566 0.0003322997011503186159 -0.01944973358723838322 -0.0008938521439206152186 0.9999994205230577915 -0.000599984911138106607 -0.03050309152943467272 -0.0003328359260781752122 0.0005996876114192089971 0.9999997647974798731 -0.001167750676966901758
0.9999999228342619784 -0.0003726304330337748419 0.000124410732758631885 -0.01480254312641096984 0.0003726498082646905992 0.9999999184371554106 -0.0001557491663831104438 -0.02080069790754919198 -0.000124352685732024513 0.0001557955160003197514 0.9999999801320831327 0.0135016902086201665
0.999997071747475208 0.002264201487840644591 0.0008543348860934594537 0.005701266539952970329 -0.00226383482364667446 0.9999973451136507929 -0.0004299041071264598796 0.0009345299839238484533 -0.0008553060074503996855 0.0004279687751925130785 0.9999995426470759119 0.01526028537122329533
0.9999997996993134075 -0.0005980223807685043202 -0.0002072934276160130426 -0.009916564053631093598 0.0005981152109101429493 0.9999997207557099754 0.0004480476499258430442 -0.01887904383375391126 0.0002070254272082065587 -0.0004481715455337672237 0.9999998781413617088 0.0005094876703155413371
0.9999994347018261731 0.0008047392088925000393 -0.0006949754195879986971 0.01980711342377002027 -0.0008046129215344173654 0.9999996597414541055 0.0001819753351626276507 0.01149449339074797363 0.000695121625803924348 -0.0001814160460895739154 0.9999997419470384452 -0.01397394032696652744
0.9999997881044275783 0.0003367338337982372985 -0.0005571368099290629041 0.05697089513196262195 -0.0003369001927993448518 0.9999998986892179031 -0.0002985294190284512746 0.05177229178897239936 0.0005570362285293084439 0.0002987170552701025068 0.9999998002393605256 0.01074414403638258506
0.9999987299819479425 0.0005882002384458544101 -0.001481234272695359242 0.01935156634410040849 -0.0005891362867304447042 0.9999996270118516328 -0.0006315810266145159124 0.03828963436014697075 0.00148086222410208487 0.0006324528733543888443 0.9999987035243776967 -0.01925377637446449089
0.9999983078572566297 -0.001027487037025092732 -0.001525959701972180163 0.01264287751190648103 0.001026199998799154703 0.9999991173117519505 -0.0008439723214151577434 -0.02787639247421007035 0.001526825525645364575 0.0008424049534491539863 0.9999984795776984958 0.001021707479113703959
0.9999999198607671946 0.0001039139348693386055 -0.0003866268914683976851 -0.01816345148755054914 -0.0001041363380214069739 0.9999998291134144512 -0.0005752640828958747619 -0.03269040656572793496 0.0003865670474446012404 0.0005753042987033136092 0.9999997597954120021 -0.0229886139689294243
0.9999983704567514398 -0.001718671712288017371 -0.0005524955991511287367 -0.02892115375737670455 0.001718481462820644875 0.9999984640225071386 -0.0003446361680776258716 -0.0349373580498422015 0.000553087066963427491 0.0003436861530326575662 0.9999997879872397633 -0.02146928488689057654
0.9999997462265552972 5.922746086975373762e-05 -0.00070995699362147197 0.01131929582011322391 -5.987741691504143345e-05 0.9999995791369418185 -0.000915500209876490942 0.01528577626941738168 0.0007099024720739457919 0.0009155424879377463973 0.9999993289099913252 0.02257398135168886891
0.9999980538632593507 -0.001419002625868601673 -0.001370657229787086663 -0.01202628323207209637 0.001419364809018200087 0.9999989580367497632 0.0002633039189759431905 0.008938374893685738926 0.001370282172660188241 -0.0002652488691877403289 0.9999990259844279139 -0.02967278669930894716
0.9999954176350512869 -0.0001655859606304131552 -0.003022795095434864868 -0.05462030388621642168 0.0001640362781121771133 0.9999998550096816929 -0.0005129061464736058527 -0.02269888596130994682 0.003022879587215818523 0.0005124079480935114566 0.9999952998075021249 -0.03785570781035309251
0.9999997722910045628 -0.0003208225324536285636 -0.0005937093915257677431 -0.05221693790504559896 0.0003205847219285125273 0.9999998683716430081 -0.0004006022124226367833 0.008000659904622240207 0.0005938378355930811099 0.0004004117870417072907 0.9999997435134799773 0.01580605091171766868
0.9999983294756397134 0.001143930724271841103 -0.001425646670138560126 -0.01786111222807832549 -0.001142863008155298741 0.9999990660382522822 0.0007495243610515360012 0.01834066680523453383 0.001426502742584284276 -0.0007478937901108637966 0.9999987028715607851 -0.02105106063858161458
0.9999977404535149716 -0.002125632634660407257 -2.781666948779591277e-05 -0.02975289146837540796 0.002125595102674989259 0.9999969138949621472 -0.001286097201334362962 -0.000653588866584850622 3.055035382510097001e-05 0.001286035168361517045 0.999999172589768559 0.00396880737663467785
0.9999998467385314838 8.772601702544404964e-05 -0.0005466507656292559367 0.01150255388732692938 -8.85818742376058083e-05 0.9999987701945707297 -0.001565810524212757565 0.05456205017137599755 0.0005465127310344683942 0.001565858707583710858 0.9999986247042256249 0.01050415306829221782
0.9999984531821484168 0.001757086942312950911 -7.92388005350147317e-05 0.0166766605650023915 -0.001757196119192004722 0.9999974768722722507 -0.001399468073230773942 0.07154819996733807752 7.677961352768883569e-05 0.001399605146621368205 0.9999990176046796853 0.01607616477194936597
0.999998430692629281 0.001716047813491835151 -0.0004402183329675142705 0.0506557619635173359 -0.001716349008309297954 0.9999982926431488783 -0.0006847312384317856548 0.07923442556865840924 0.0004390425498132212662 0.0006854857321772125228 0.999999668675420339 -0.006199521133590462849
0.9999995840444156903 -6.13616801745428932e-05 -0.0009100251314204434996 0.0417068718403182867 6.045861987334297927e-05 0.999999505802061095 -0.0009923408632930819616 0.05455243598794252274 0.0009100855733905735588 0.0009922854316598657062 0.9999990935565248318 0.008115066209662720118
0.9999994981626357804 -0.0003579274106517749718 -0.0009357149380658111521 0.05377440656234393213 0.0003587892871146078962 0.9999995114379038874 0.0009210831672020696305 0.0559477159914846256 0.0009353847999979370779 -0.0009214184294636828436 0.999999138021305356 -0.00793475271996320515
0.999999402659652703 -0.0006377843565435467122 -0.0008876437642557715411 0.05371304171829763968 0.0006367067364689352194 0.9999990606748867528 -0.00121377669933866463 0.0104198411402651233 0.0008884170582608709151 0.001213210805536580738 0.9999988694166968006 0.01334561432486570595
0.999999182286450794 0.001229518862088471547 -0.0003517240360736173283 0.08297567612823981975 -0.001229474639872643951 0.9999992362680333313 0.0001259184658990561607 0.02897972234686746473 0.0003518785865796291833 -0.0001254859271512524148 0.999999930217368771 0.03479487368348373882
0.9999987117985456031 0.001442230497996127916 -0.0007045370394970953531 0.1135590874903205372 -0.00144313982849269217 0.9999981241959575717 -0.001291879251907329315 0.05200390251689405996 0.0007026725302668190582 0.001292894333168955693 0.9999989173371931495 0.008044290850192798922
0.999996343023559553 0.001313324663247835171 -0.002364131518400890575 0.04960987190569202121 -0.001311685650715325091 0.999998898435590422 0.0006947001939380785139 0.1044257277699978809 0.002365041281056010514 -0.000691596656046752239 0.9999969641322938863 -0.04381628984334294541
0.9999996016511676356 -0.0006594636564796508031 -0.000601502445316137984 0.002998536459073454594 0.0006592951205032475262 0.9999997433677374481 -0.0002803469337412598243 0.05077216289531139709 0.0006016871695652258479 0.0002799502544381896486 0.99999977980017829 0.005262390720798402338
0.9999993519728433977 0.0006090076005004955257 -0.0009618542695599309597 -0.007514159065647767026 -0.000608568655751707036 0.9999997105896702987 0.0004565794202047693978 0.03363417899280908563 0.0009621320515265041834 -0.0004559937699690555513 0.9999994331856379981 0.008842093369594596769
0.9999999079458377071 -0.0003792609219323106831 -0.0002006725424415881944 -0.00849595183783359402 0.0003791736488830481605 0.9999998336045502478 -0.0004347622521280839229 0.04150288164455256945 0.0002008373973831372892 0.0004346861223662683684 0.9999998853561508083 0.02278138689671959857
0.9999992561779778022 0.000228172103326341715 -0.00119815732790176958 0.08965434334737289179 -0.0002294191284600766894 0.999999432101402852 -0.001040751524330467415 0.0597385035185551555 0.001197919177005566651 0.001041025630406478431 0.999998740626848126 0.03251960019098027593
0.999997689966198533 -0.001213776231554538525 -0.001773924893136005765 0.09129867685851510151 0.001213950187956315107 0.9999992584587079625 9.698956346573391302e-05 0.03274192700946775003 0.001773805854070606381 -9.914279587397886967e-05 0.999998421890503808 0.01611501731617974789
0.9999973115116701505 0.0007438570606591362461 -0.002196280060690611498 0.08262593531477865905 -0.0007436526127752330359 0.9999997190814295944 9.390342593502055588e-05 0.07021265923966715783 0.002196349294441158739 -9.226990407123396645e-05 0.9999975837651017274 -0.0004467388734993335379
0.99999985416642867 0.0001156283837547770994 -0.0005275388121693434188 0.0589516175759706787 -0.0001158153980146833063 0.9999999304630392549 -0.0003544865444725244061 0.07379367456077835785 0.0005274977867797022964 0.0003545475898939781526 0.9999997980210253434 0.02029727253759614977
0.999999307268497839 0.0003216586741564127173 -0.001132253603113855681 0.09488354891927611168 -0.0003222392909033150433 0.999999816674678188 -0.0005126523671046555363 0.06661069880604258975 0.001132088496462400548 0.0005130168685723857092 0.9999992275943661024 0.002325025633805241024
0.9999984814397838706 0.001299635183664300938 -0.001161062666573454668 0.07885163593389077352 -0.001299602981818159071 0.9999991551098810216 2.848883488816056125e-05 0.08148158060366109123 0.00116109871069524132 -2.697987112263540164e-05 0.999999325560707919 -0.02410894924072919457
0.9999967014327768577 0.0002282893230895942859 -0.002558321236815871719 0.04478334127258079556 -0.0002264931018938082523 0.9999997276836378735 0.0007023770532460806276 0.07279295739234577234 0.002558480885325180049 -0.0007017952942955812436 0.9999964808232698621 -0.01403988738330098386
0.9999955955489894244 0.001397443541249433676 -0.002618402981010064558 0.08556931115874451266 -0.001393404697880964386 0.9999978377456179013 0.001543673358191490754 0.04301431031060490295 0.002620554515720939677 -0.001540018064143138053 0.9999953805085263214 -0.05168780525397854986
0.9999988628378468913 -0.0002905606323018515395 -0.001479830237578892444 0.03847652581894213386 0.0002913884898422245177 0.9999998011702693201 0.0005592424965176441077 0.03930558590203190455 0.00147966744949124332 -0.0005596730660664023553 0.9999987486743661114 -0.01422373878628258384
0.9999975489698446074 0.001426107913472594683 -0.001693596918518110433 0.08026464131116091416 -0.001425565458875348692 0.9999989322122972979 0.0003214613316395308778 0.02668732456069405207 0.001694053548665068942 -0.0003190462104598423918 0.9999985141949411238 0.003648880246284584052
0.9999985546024930949 0.0004631318127084876738 -0.001635940661757202645 0.05924925672965505874 -0.0004638136443414167965 0.9999998057323666867 -0.0004164278236386019039 0.06761921349934658931 0.001635747482974061464 0.0004171859933351059944 0.9999985751419944169 0.01344814143050424883
0.9999946692861125808 0.003149726260607169353 -0.0008605950508649360927 0.08272332588555444954 -0.00314992463189143904 0.9999950126979458842 -0.000229246697781548749 0.1149029584331266313 0.0008598686944733053205 0.0002319562852818181202 0.9999996034109763787 0.001081843320207100936
0.9999987947912257757 0.0008581085977938616169 -0.001293856920343646258 0.0850824315673589654 -0.0008579111834162006772 0.9999996202704188875 0.0001531255020636944873 0.107798135754600316 0.001293987827337763534 -0.0001520153031937804668 0.9999991512430649321 -0.01280336922611042226
0.9999991085163399962 -0.0007480820596455807492 -0.001106046905582698308 0.1314299722923734093 0.0007462785181925373412 0.999998392864742236 -0.001630133830661851125 0.09119944787523845409 0.001107264601889262554 0.001629306958378425301 0.9999980596600859251 0.04380764712320690812
0.9999969951413526514 0.001570978625343295377 -0.001881949633823894576 0.1061360473746792155 -0.001573012691126205028 0.9999981797900410196 -0.001079836875836731082 0.06897905013867340618 0.001880249807629639017 0.001082793961737609553 0.9999976461061782507 0.003553195611093050172
0.9999919999709738772 0.003556944180085487139 -0.001829792925888446865 0.06863567109757287565 -0.003559395579185025381 0.9999927699270926285 -0.001338206505612726588 0.09316592058407183186 0.001825019770510314396 0.001344708756773044418 0.9999974305272972819 -0.00403868188615938515
0.9999975464026392702 0.001816619427146035559 -0.001267707599669069471 0.07329665574558254237 -0.001816295119283090455 0.9999983175289439696 0.0002569266843088822234 0.0980088570121052105 0.00126817220479378428 -0.0002546235227883349118 0.9999991634527104489 -0.01563344891739977885
0.999997574394980826 0.0001323076507273224418 -0.002198567451877846135 0.07360311974115728295 -0.0001322937436509012091 0.9999999912282461212 6.47094461783086279e-06 0.09152074139645181849 0.002198568288748033867 -6.180072202997101865e-06 0.9999975831267226001 -0.009071873634386728308
0.9999932567573931452 0.003160485118199660767 -0.001870233557596714035 0.05278407813054059039 -0.00315970743548498129 0.9999949204860697494 0.0004186298856193195307 0.1168968106170902299 0.001871547131242841562 -0.0004127176718183945886 0.9999981634860430901 -0.0128912137229766962
0.9999947780096390959 0.002387231783262772425 -0.002178319964031794672 0.1232670032545142985 -0.002385694436893124812 0.9999969035415947616 0.0007080743437869941497 0.1490944805013132146 0.002180003556533024328 -0.0007028738404096628858 0.9999973767729883889 -0.03875940382076227542
0.9999954025658894796 0.003031733283026838508 5.865479720519662971e-05 0.1360304576169533708 -0.003031622030648366967 0.9999937629855973897 -0.001811976205145042094 0.1849839225386165353 -6.414785994361968467e-05 0.001811790055528416906 0.9999983566495730392 0.0292527253255177519
0.9999962522520726704 0.002711430085125344624 -0.0003789837758490171389 0.1603711694898119211 -0.002711927871701840746 0.9999954525773880887 -0.001319193603451970223 0.1477914765924447371 0.0003754051512250947175 0.001320216436111532228 0.9999990580493234305 0.03687480600611734577
0.9999916319357571304 0.003863080010807443121 -0.00134635481632748512 0.1616449751863816842 -0.003862174373313456439 0.9999923142250766173 0.0006746109144283250194 0.2029448452473596176 0.001348950544485993854 -0.0006694054121718600973 0.9999988661137685364 0.02056098688350194506
0.9999747623924061246 0.006994490233825597682 -0.001245666335696699479 0.1671356612082738891 -0.006995250010928442778 0.9999753489363932824 -0.0006066274170255672813 0.24095398864272638 0.001241392579152674619 0.0006153258546492452628 0.999999040158817909 -0.00164769637063351751
0.9999739345203426666 0.006927571572861800087 -0.00203446111007152524 0.1908670643161197444 -0.006924786323436212324 0.9999750809248003636 0.001372903424809999865 0.2219102886098245908 0.002043921299920122784 -0.001358779430953134353 0.9999969880475529926 -0.01703891756301408739
0.9999650447778564155 0.008321040083090440811 -0.0008182385685867369328 0.242844927369931407 -0.008319764022353598465 0.999964187707455765 0.001550751166481413677 0.2537040779741273622 0.0008311131282029574421 -0.001543889407825259786 0.9999984628270508491 -0.005666763891529939291
0.9999241331918428122 0.01222671536584601579 -0.001495089263015757187 0.2491615466228190301 -0.01222361937257503833 0.9999231613092932625 0.002062669790248436181 0.2523377762289583659 0.001520194058733382409 -0.002044237899996048137 0.9999967550454511578 0.00445193243818397047
0.9999331298440088389 0.0114048819744180744 -0.001914290342193345406 0.2443687092006704975 -0.01139791874716348033 0.9999285257527540383 0.003609824671228257197 0.2102738638813387018 0.001955323144055811681 -0.003587764355910600701 0.9999916522943222974 -0.0339655988720094712
0.9998883546133006117 0.01476216901385379171 -0.002314449116481594008 0.3174924612727120232 -0.01475558432683617832 0.9998871064030591116 0.002836755204675286968 0.2085531300395328802 0.002356064489778238961 -0.002802287444935078024 0.9999932980501399227 -0.01439330207475616845
0.9998380375663336039 0.01775454228919040936 -0.002945312140378541534 0.3769601436770992908 -0.01774555854875678462 0.9998378869040459582 0.003048780583253149837 0.3384161449470639571 0.002998964370504733027 -0.002996020586298731199 0.9999910149963102679 -0.007234971570896574569
0.9997711199755856537 0.02124728943811092854 -0.002502070002265209189 0.3511044796282840053 -0.02123540823683438619 0.999763535266222414 0.00468305338425980492 0.308614882578181593 0.002600980541657707534 -0.004628849048951652612 0.9999859042290065725 -0.03035066198865598447
0.9996767804689709047 0.02532941527673619048 -0.002180668001225173798 0.3964105772499830205 -0.0253217366869782981 0.9996732975923707798 0.00347961663842845121 0.3697889198993888349 0.00226809222657754295 -0.003423273657441665025 0.9999915684420134232 -0.05079737949140069458
0.9995591221752604394 0.02952857883615435039 -0.003102306906101577437 0.4259783860043279691 -0.0295154187897647205 0.9995554782569732177 0.004205465507918325699 0.4583880635859198804 0.003225109283021574368 -0.004112045523885205119 0.9999863447826286 -0.01982406600951963291
0.9994117623983067578 0.0341817275361607012 -0.00278184876550087402 0.4618395925602072349 -0.03417084517081090539 0.9994085144224417183 0.003869708030407343225 0.4750818087024142322 0.00291247664761700234 -0.003772373599181746626 0.9999886432741150744 0.02617904969776178523
0.9993007769332130641 0.03688317911004529437 -0.006130931365866147328 0.5012323725253640117 -0.03685977407831943914 0.9993128853326590511 0.003887706651880154778 0.5239182267664035386 0.006270109693768816973 -0.00365900353267673787 0.9999736483615835336 -0.01493110197554215271
0.9991008009414823476 0.04223503150509339693 -0.003713714024040476978 0.5163090498628537528 -0.04221424449223329378 0.9990933980120729752 0.005508140397579897735 0.5789811437008276496 0.003942983646749951068 -0.005346415851135132187 0.999977934115302447 -0.04074050988952825081
0.998830741026065394 0.04804639304457750809 -0.005356761776208606753 0.6325070378310398977 -0.0480225610923620469 0.9988361493633353128 0.004492254573747939128 0.6305476984836320131 0.005566363934511497219 -0.004229756545119181012 0.9999755620774527509 -0.006942970604192812666
0.9985505863503466584 0.05373915361231807603 -0.002971509449837077526 0.660262683772446235 -0.05372192610173064792 0.9985402221893617813 0.005601725264617093969 0.6459548050152510434 0.003268203680767365997 -0.005433970836482207925 0.9999798952007231678 -0.02773817814731930828
0.9983247173035515454 0.05783837236916759827 -0.001575278537090250581 0.7894170162555333992 -0.05782526506527580629 0.9982994491018946093 0.007378932374284908995 0.8139709548659115335 0.001999385134110027561 -0.007275479677601124143 0.9999715345221313889 -0.006620119023565469718
0.9979807643542435436 0.06350144433368967722 0.001400195148916422291 0.8542160315574747198 -0.06350831579628400669 0.9979657068642178164 0.005580479165955277467 0.844810959858849575 -0.001042978254424003094 -0.005658134899196787769 0.9999834487159391383 0.02941522765550074262
0.9976741473940714533 0.06814858835597964459 0.001437194002194717426 0.9129562009695229019 -0.06815490348653326091 0.9976625521901022475 0.004933668845075496988 0.8392688946109599923 -0.001097612069014124257 -0.005020145677046393071 0.9999867966053987978 0.02534038002314501978
0.9970339317478615904 0.07695962392573532651 0.0007451366383226884103 0.9157179684545539988 -0.07696255732639509239 0.9970189857531507327 0.005468712603518374737 0.8633786869970536682 -0.0003220453100632957553 -0.005509839649927916923 0.9999847688609313501 -0.009898087388550707091
0.9966506978696224595 0.08176261512331836623 0.001503730092336290087 0.9502140019576064134 -0.08176676000467671124 0.9966471567540214904 0.002939709588115436544 0.8423334607371889549 -0.001258329977425016013 -0.003052818750101141468 0.9999945484368136794 -0.02054217018020841265
0.9959415877314408139 0.08997242543402542148 0.002305751178129366707 1.071786856561613988 -0.08997479511595958546 0.9959435941459983122 0.000945263662631049429 0.9355423693038447119 -0.002211350451150964624 -0.001148886882826178919 0.9999968949892358294 0.02918142725629556747
0.9955671696583944241 0.09404067065632738809 0.001537192532416348364 1.175945861891168009 -0.09404456905572906866 0.9955643310793387268 0.002698465058322587797 0.9974335007980856815 -0.00127660859144791217 -0.002831067829803074823 0.9999951776510961343 0.0406848219868451294
0.9948991960679638424 0.1008699238609197107 -0.0009209362689351142158 1.296811685489691612 -0.1008673597952854661 0.99489673903963316 0.00250087509334087502 1.073938829115031801 0.001168499571077836422 -0.002395226209844024835 0.9999964487437723593 -0.04700467923162190281
0.994056439262414604 0.1088575313113985532 -0.001354044946582322502 1.304347842367418187 -0.1088453221195907761 0.9940333134618678512 0.007104053821757921189 1.100333918895274765 0.002119295546167399274 -0.006914448988010069713 0.9999738491488565639 -0.02227186475186749073
0.9933714348449524945 0.114920333958276305 -0.002551328477204681429 1.366502070426953264 -0.1149002025136755256 0.9933524841925531756 0.006984669698688787155 1.156060888823741584 0.003337049055184039548 -0.006645223201794818284 0.9999723521738996812 -0.009223339016690059594
0.9922995317347726996 0.1238320414286904342 -0.002695335703358549013 1.440938472153096006 -0.1238069303285210115 0.992273632985331 0.008054891974528462922 1.190940514128114192 0.003671964267180096841 -0.007659164294861084757 0.9999639262897060954 -0.0028713683017641046
0.9914087239194429024 0.130775672061621967 -0.002542780614388416571 1.554200633195699233 -0.1307555712218264055 0.9913905923380936791 0.006904637425502221058 1.269559113718371268 0.003423847379146231166 -0.006512835047417442173 0.9999729297579856846 -0.01707489188739740038
0.9906536724296799434 0.1363998199247072607 -0.0006248408564261500372 1.671508756732959178 -0.1363926344412747238 0.9906321873727995664 0.00670213482043175747 1.331211550156349066 0.001533157446979334457 -0.006554270782465048545 0.9999773452247570082 0.007571972534114203984
0.9891928198119052107 0.1466203544272576265 -0.00019209423986080729 1.776401141265022909 -0.1466157034504530499 0.9891703190781558908 0.006776087111904951533 1.443708208550680938 0.00118352621451366536 -0.006674692685410396273 0.9999770236076701568 0.01596985024533112765
0.9877367359105058142 0.1561250781450148617 -0.001049050557802123007 1.875941121164499625 -0.1561126744457867477 0.9877096484043038638 0.007647439207364630474 1.539506955449527981 0.002230114401464124586 -0.007389886552549032595 0.999970207639456099 0.005362020833169144247
0.9866151550159717454 0.1630424196354982314 -0.002775840811741047548 1.975775802421061655 -0.1630099611317766817 0.9865793321315246001 0.009432602118791466247 1.645957215815156527 0.004276501447057604738 -0.008853858498805516897 0.9999516591941114418 -0.03160251967878550949
0.985313800438915921 0.1707500688257259092 -0.001062384407876036316 2.125291996331646338 -0.1707344939644888648 0.985278306266182069 0.008740238665705529764 1.734504944760431044 0.002539140663718189844 -0.008430492112174996222 0.9999612390325118838 -0.01352110976719031639
0.9838725112910983173 0.1788685037808971923 -0.0009694745642580632422 2.2057174640374968 -0.1788564723112076593 0.9838468188848574769 0.007469891735279345427 1.782584161706409542 0.002289942824129783186 -0.007176024340103268062 0.9999716300158382198 -0.03132498696815697731
0.9824534319860803722 0.1865052478742112163 -0.00102298296719470147 2.314007812465973313 -0.1864921576524781466 0.9824265312556963448 0.007667191077809127481 1.818258292396014664 0.002434976980460480753 -0.007341879887292758304 0.9999700833959109803 -0.0246685989742222618
0.9813874346305403451 0.1920372712643187429 -0.0006241751689359199742 2.412015930577975809 -0.1920271821036111104 0.9813604592848206298 0.007563748120647478465 1.895411022646292798 0.00206506238008089156 -0.007303108765483990426 0.9999711996451327023 -0.02277601165390422816
0.9799067571174693292 0.1994540561103297638 -0.0009093165907924056308 2.52205278973793412 -0.1994381301262175832 0.9798693935920055331 0.008966814004606830577 1.919742584757385906 0.002679478920008648152 -0.008605289232369403574 0.999959383870137275 -0.02042699979970163601
0.9789358982216069816 0.2041584546714674819 0.001957692318464343464 2.686043977540268468 -0.2041673954022549531 0.9788687332784209438 0.01147508886932631714 2.086151364205729664 0.000426412610855332933 -0.01163307337112659025 0.9999322425925805113 -0.05480578336085431546
0.9769572154757487636 0.2134300806897085623 0.001483167777397823061 2.779539599191888755 -0.2134323011367185441 0.9768837730579573719 0.0120310750780808582 2.141421141557600105 0.001118910790236370351 -0.0120704015191634012 0.9999265240235453156 0.005770211106238091157
0.9761007251980167165 0.2173090028866979662 0.002042432935210351276 2.949624652535727254 -0.2173169955137624343 0.9760142811941172614 0.01301715660203589184 2.244665875123053489 0.0008353016084618993453 -0.0131499113882816536 0.9999131872826276801 0.01595420291150538225
0.9749037193473087948 0.222625182456429288 0.0008752936795567346382 3.11602053372377874 -0.2226133684473382002 0.9747935620059619 0.01485932906488589451 2.288763781464905556 0.002454830200553924889 -0.01468126724674961685 0.9998892109632526726 -0.02860213693920050232
0.9734531365024361449 0.2288065878140553844 0.006044535255775791358 3.231999502353700038 -0.2288691712338985496 0.9733644770479410457 0.01343492761040128609 2.412194821493335528 -0.002809535954171283809 -0.01446168019551179879 0.9998914772682307994 -0.0103916841241922242
0.9723218098128130205 0.233617812477585951 0.003607749370911112093 3.395344151318810955 -0.2336456476687302497 0.9722122413435373423 0.01459688690217901194 2.55904314372889452 -9.740531502943745271e-05 -0.0150358064287526242 0.9998869511285971567 -0.03395369214188907747
0.9721694042063648844 0.2342722560761270612 0.001777514568998559428 3.502094199162816945 -0.2342699879190439927 0.9720374836693739251 0.01614630304814437811 2.638577407992623858 0.002054820053542623631 -0.01611336013105514955 0.9998680599658309465 -0.08299329931384988313
0.9699473358435206638 0.2432417265433673426 0.005968932757065064862 3.659821255454968281 -0.2433083890932377646 0.9698094532006729107 0.01645151298408455837 2.729747326265601792 -0.001787032990821505168 -0.01740939260323526305 0.9998468480533786451 -0.06845117894498005395
0.9684773153729204775 0.2489705910678350897 0.008082969218893364116 3.825729684998703917 -0.2490634407868630995 0.9683875737062310751 0.01388918841284766947 2.773575521424996637 -0.004369447501627078678 -0.01546453603221527306 0.9998708696896009274 -0.0594068764492320725
0.9670390026518427273 0.254523746960923225 0.007295860682690764529 4.025410451246049348 -0.254611702437806231 0.9669060500680414227 0.01629635921119454781 2.91182190536644292 -0.002906601426292865567 -0.01761682646761869586 0.9998405868404015573 -0.04078678560474927745
0.9653241237998566593 0.2609168581373630391 0.008469306333228314096 4.227637929038002618 -0.2610121520874270074 0.9652430887752950772 0.01335799514214497385 3.034693347214988179 -0.004689613281366840879 -0.01510538682903743608 0.9998749095842021095 -0.06862639637964602912
0.9649850568614307678 0.2622237356059453628 0.006523229185342844551 4.407422040087390691 -0.2622940482745599877 0.9648726443080122284 0.01492020461679184791 3.176306324703037198 -0.002381653602868716822 -0.01610877869136539964 0.9998674086973675657 -0.05135865214098723347
0.9641620034161403341 0.2652170531033765655 0.007179548156763635933 4.544110651910781229 -0.2652952892143933816 0.9640633721836042724 0.01415005069349797168 3.257317884518155182 -0.003168704660571204992 -0.01554764152976022447 0.9998741071523135071 -0.08163059579703579871
0.962697759576300327 0.2703840386208308799 0.01027109370325194303 4.666259965598068327 -0.2705106977752612663 0.9626140841607961907 0.0140743512963475946 3.328844857213504316 -0.006081619514010805187 -0.01632778718506540036 0.9998481971128047041 -0.05002555974062929817
0.9618252947938873421 0.2735809107310693267 0.006751857389668710491 4.879584664640072234 -0.2736545199736333256 0.9617061201526795333 0.01531476930548377954 3.410290905077117074 -0.002303474039812017631 -0.01657780879484753445 0.9998599253209968785 -0.06002593584496238033
0.9608148372387750324 0.2770913804405834013 0.007430708402179907711 5.071733677689396202 -0.2771733032328663748 0.9607111172865993032 0.01446060499825779257 3.454919175727793057 -0.003131855170315932593 -0.01595355783096769411 0.9998678290032768645 -0.04868647254658995532
0.9601784339226573373 0.2793283341278136045 0.005749502866653043685 5.280832781265378806 -0.2793863041486765453 0.9600311945166645211 0.01683444709663780084 3.612967110748995125 -0.0008173640414832649597 -0.01777040540580992686 0.9998417597838854531 -0.06784597379221164737
0.9598590386391020468 0.28043252537551 0.005312688051504898742 5.492900894359623365 -0.2804828200761342871 0.9596946270734756368 0.01776542733630120594 3.677317254549810954 -0.0001165545260526306239 -0.01854242373090577573 0.9998280676882530527 -0.08338774243712865353
0.9593412483011086733 0.2822091856715811531 0.004727031907399616845 5.698664454311285432 -0.2822467538072852 0.9591365044232658121 0.01984781720916165698 3.833931056588793851 0.001067367471995393346 -0.02037501914849637261 0.9997918379949789491 -0.1201281965745378683
0.9591766442508820045 0.2827582491901730055 0.00528560673197449489 5.879460510424618036 -0.2828076226353141709 0.9590167599295369438 0.01751293104008223855 3.884646315197637811 -0.0001170597232780428912 -0.01829280430007810751 0.9998326658035634473 -0.1069763843802205155
0.958486313083044994 0.285119944354549848 0.003256526328693669543 6.003015584673779159 -0.2851275360109895018 0.9582864684404753808 0.01973151317521368991 4.054581874395805308 0.002505162823640708601 -0.01984091064291543596 0.9998000112142862994 -0.1321695294203910631
0.9582591813554717231 0.2858761252725127155 0.003765945713338605776 6.158969114238820985 -0.2858973567887383438 0.9580982236937831686 0.01762087216996798336 4.165815807437204477 0.00142924076139576417 -0.01796203646561632047 0.9998376480793538246 -0.147145704433477742
0.9590310310505695268 0.2832509087365201461 0.005329557394122941272 6.356160476719913355 -0.2833003826390468882 0.9588997218477653961 0.01588132981988333095 4.200947374474311324 -0.0006121099993698451286 -0.0167405537606686583 0.999859679745680574 -0.09666076920534580341
0.9585611596580743132 0.2848260228299181462 0.005885568269824669428 6.535850000594622955 -0.2848866379487386968 0.9583796365539350992 0.01865678849672522052 4.33454692434893385 -0.0003266699130467292322 -0.01956039257372447007 0.9998086238521498581 -0.1144875787962273128
0.959448904390382884 0.2818285350556598012 0.005520569941106555009 6.748458801026426812 -0.281882594103138151 0.9592610572099345978 0.01898492196886782113 4.434163780939088362 5.482498852476804598e-05 -0.01977121515889406628 0.9998045289182088124 -0.1216640674753410867
0.9594613456805299867 0.2818369559125129542 0.001362507568734194069 6.928105517862567453 -0.2817936536453806151 0.9592036082203735381 0.02282048952593763308 4.512403690239789711 0.005124735124266234509 -0.0222793235755576538 0.9997386502636185224 -0.1715517302527699572
0.9588886368699069962 0.2837783678294412137 0.001555645791935871946 7.183789275012868458 -0.2837411043589432302 0.9586401347773165771 0.02236241693770131891 4.630280813339578749 0.004854665687655159573 -0.02188446814950416666 0.9997487195665091253 -0.1294085518310018057
0.9593995952332188271 0.282048198283265994 0.001109284228358878776 7.3704065125188718 -0.2819769407239400283 0.9590526298280852568 0.02659056448820107041 4.795240288073113533 0.006435958848797704301 -0.02582376938010886441 0.999645792953033685 -0.1380331976096822455
0.9603689375441669673 0.2787304462527382953 0.0009176775235551340231 7.555316451044919113 -0.2786549188787577624 0.9600208989103602431 0.02667039257335560021 4.900956192046919568 0.006552860822633893058 -0.02586913193544247702 0.9996438605963354762 -0.138012637232905494
0.9601394453627932757 0.2795208443429521572 -0.0005856929491695220215 7.842023372660372971 -0.2793860489314293205 0.9597374296668347293 0.02911188346676260585 5.080643472746214862 0.008699489692653064599 -0.02778783320628824827 0.9995759877091821011 -0.1418901599824047843
0.960734530526418995 0.2774691897310191391 0.000102976661975606314 8.105998911400009277 -0.2773289173116244566 0.9602369060134887668 0.0321520753980894039 5.186602204745321743 0.008822328317591460883 -0.03091816746920750605 0.9994829830684475169 -0.159038650858146835
0.9605337444104279365 0.278161578750672378 -0.001030512404647215829 8.153850010707330398 -0.2779677675561012529 0.9599902615120979865 0.03395022830277996673 5.23555921207313979 0.01043293097647578042 -0.0323238906826994743 0.9994229935529664877 -0.2109498189359911013
0.9605218645291939694 0.2781522430998004669 -0.005392348274207954886 8.392351117534980531 -0.2777720165362260185 0.9599288479379195493 0.03713911315550048886 5.43397047134369604 0.01550659829748023133 -0.03417508676108966387 0.9992955563065977209 -0.1898476760276021635
0.9611324077883391936 0.276042568869334537 -0.00499948707452186128 8.653717885949117061 -0.2756973300230357582 0.9605783632870409372 0.03577974570841516849 5.521375754851954198 0.01467913203016140561 -0.03301072790485320291 0.9993471943854311812 -0.1758444777614083521
0.9617077090861123612 0.2739569803724809516 -0.008115121042441041446 9.001027521669362486 -0.2735077917911985512 0.9611966376860057171 0.03597932087491239467 5.675256617301288387 0.01765701316315285152 -0.03238204141664979829 0.9993195851577445499 -0.1864522806607662453
0.9618676531310506039 0.2733774965498486642 -0.008681142799330420629 9.16584291235879256 -0.2728951915143872919 0.9613394555032022115 0.03680578407169986244 5.77894416753735829 0.01840739819992945336 -0.03303325101990713109 0.9992847302038418977 -0.184581048221219457
0.9622226497326630268 0.2721337532547863924 -0.008413838655214755588 9.319039512038019168 -0.2716677602603913 0.9617013297307948072 0.03643048763225204684 5.950992641081104928 0.01800556515512721084 -0.03276847163790407719 0.9993007689829725981 -0.2070274427233996795
0.9621675131136635528 0.2721963395295056154 -0.0119511277880446215 9.463558440689711304 -0.2715901973713161222 0.9616770721563162594 0.03762942439986093068 6.125024771855313688 0.021735717160417143 -0.03296000053994795065 0.9992202945116401835 -0.1847199879998001615
0.9617692829412680666 0.2734579536618835238 -0.01485240619207436018 9.654217620461860605 -0.272810056757558872 0.9614151443942141606 0.03543434860964608801 6.210890377877412938 0.02396913270389031125 -0.03002778227754411555 0.9992616338922032382 -0.1652727200152236953
