1 0 0 -0 0 1 0 0 0 0 1 -0
0.9999999728307201741 8.249388022923039032e-05 -0.0002180213719342685588 -0.005562537039165458413 -8.249191549449400918e-05 0.9999999965568560079 9.020638333930866031e-06 0.0007301284353267757394 0.0002180221153310473998 -9.002653088268782489e-06 0.9999999761926544606 -0.005505974610972285202
0.9999998475228091266 0.0005287867514230152298 -0.0001591820658865451702 -0.02737633335686155689 -0.0005287532447531873058 0.999999838063013291 0.0002104612873828541435 0.004910445414323652037 0.0001592933292495015449 -0.0002103770872584907249 0.9999999651835576042 -0.01929139038533799616
0.999999918252671649 -9.420942003549770849e-05 0.0003932165244277347968 -0.00517292596420036721 9.437216838655399203e-05 0.999999909893700023 -0.0004138918766656036617 0.0330703340530140652 -0.0003931774964827871536 0.0004139289515271075254 0.9999998370371263601 -0.001611250392710175628
0.99999963804002856 0.000778360002164291717 0.000343621185225266774 0.01070763579813762204 -0.0007782526583589157798 0.9999996483603293962 -0.0003124132156332475236 0.01719955143826007449 -0.0003438642343456119665 0.0003121456784513108656 0.9999998921612260894 0.008757760126502795936
0.9999999451688412755 -0.0002982201414408130287 0.000143968960783187643 0.01088927260908253113 0.0002982222801027707899 0.9999999554217142705 -1.483378234334251574e-05 0.002190670099365485488 -0.0001439645306326321327 1.487671628171394574e-05 0.9999999895264485295 4.142796791249750828e-05
0.9999999971067834448 -5.186560389647096894e-05 5.564523607208472533e-05 0.01180913379121963265 5.187253593379112786e-05 0.9999999908943616456 -0.000124581365190574604 0.001424831214652956752 -5.563877407762693976e-05 0.0001245842512896559522 0.9999999906915454373 -0.007543845562408218498
0.9999999124270230189 -0.0003566597691697287248 -0.0002189514912495592856 -0.01346284940134036268 0.0003566590399161963807 0.9999999363914852113 -3.369699033138959452e-06 -0.01692792219915463525 0.0002189526791584589505 3.291607709420647017e-06 0.9999999760244445701 -0.009367364375868792239
0.9999999675459870785 -9.20609052367098472e-05 -0.0002375559186278086395 0.0106084903712744677 9.201892226643463473e-05 0.9999999801488638207 -0.0001767336693722649089 0.03705023544572055155 0.0002375721841736283286 0.0001767118039969563551 0.9999999561661968572 -0.01617726730730144682
0.9999999764282364589 -0.0001274542425426435652 0.0001757809506237376334 0.02189543816524464406 0.0001275138651782534724 0.999999934335801588 -0.0003392176388935171398 0.0312686892726928567 -0.0001757377043539777594 0.000339240045406009503 0.999999927016222756 -0.00629590612154521008
0.9999997988380294744 -0.0006198270921024389432 -0.0001346784189407981499 0.01384539891970999921 0.0006198433301740458945 0.9999998006296320074 0.0001205609479387271859 0.02559896833201091154 0.000134603665148119836 -0.0001206444032061597773 0.9999999836633904904 -0.005462978245002632176
0.9999993173067618368 -0.001151297948355840383 -0.0001997474512916052789 0.01425609276803363641 0.001151214646767703426 0.9999992505537286247 -0.0004166495146668209356 -0.009014526085866574404 0.0002002269893230465168 0.0004164192780314310608 0.9999998932520630657 -0.01327883005124361367
0.9999980201509617306 -0.00146221827885233786 -0.001349671019812986959 -0.008217608184573760299 0.001460667707756139197 0.9999982729818457372 -0.001149122784340345527 0.01968300005060214658 0.001351348957246553554 0.001147149088375956812 0.9999984289512482416 -0.0239937490258436345
0.999996978997816921 -0.0009024456401913366664 -0.002286391721965908529 -0.04446361284359279936 0.0008982406767125003999 0.9999979047247686825 -0.00183948627590152557 -0.06662871760803572296 0.002288046967715840797 0.001837426988761905328 0.9999956943422979583 -0.02468943043780749344
0.9999919682206196425 -0.003674902630750248762 -0.001599557721937651085 0.02289154915475733951 0.003670643903078746242 0.9999897325573551266 -0.002657283049709516318 -0.07315485959222925438 0.001609306555040491884 0.002651390300198667137 0.9999951901193765424 0.0148837743020171949
0.999998735684571316 -0.0008624662214697210267 -0.001335957063558332455 0.003267878997117913947 0.0008586768507265013462 0.9999956143368232686 -0.0028344278409324292 -0.07033690763208898244 0.001338395802770644483 0.002833277101917529902 0.9999950906067183176 0.02755459864755413837
0.9999960937496660263 -0.002580318629888542648 -0.001074449243681747197 0.03788523115682330272 0.002578286050719268141 0.9999948923342860674 -0.001888847897605387943 -0.007041461627830608409 0.001079317585173430539 0.001886070281795449713 0.9999976389034338498 -0.02372264468764107709
0.9999967156805951163 -0.0004025522791291203479 -0.002531122218619070129 0.0008106048328060721847 0.0003975883617281820103 0.9999979975124136944 -0.001961350212825993533 -0.02315007261816225473 0.002531906696076589598 0.001960337426389196884 0.9999948732496867221 0.00650615278872986643
0.9999992920438306454 -0.000488411355481209908 -0.001085065060419511049 -0.01647846399765339268 0.0004861361321494330205 0.9999976849538698698 -0.002096129423929711608 -0.01689512498616906402 0.001086086321857051423 0.002095600450630348988 0.9999972144337466728 -0.004824196685249694007
0.9999973710401409699 0.001350173028891833021 -0.0018533606229628474 0.02560845387903135442 -0.001352635218511501246 0.9999982035413798043 -0.001327890047666554271 0.005221185325807074611 0.001851564412149500063 0.001330393477548124986 0.9999974008778336199 0.002193892587389804135
0.9999960443481545891 0.001776526895188278816 -0.002180651332557240023 0.006389578086802821799 -0.001780880019823241015 0.9999964223507431527 -0.001995933883940835107 0.006449541343621884026 0.00217709770072574936 0.001999809467109671651 0.999995630494302068 -0.0237224371811280213
0.9999959931841849725 -0.0002784138477181409424 -0.002817108678226749961 0.003290765914398033603 0.0002691697181291365982 0.9999945803868981464 -0.003281271780029578356 -0.01983843926931456655 0.002818006962089335786 0.003280500352229058416 0.9999906485333753814 -0.01047366644937860157
0.9999994726190262195 -0.0003420319355554031319 -0.0009683882612100466877 0.01466009795725290756 0.0003398818803404501628 0.9999974790678306524 -0.002219535602546787983 -0.05047052366096767967 0.0009691449720271126797 0.002219205294382815569 0.9999970679386437356 -0.01026990275883726302
0.999995810545754038 0.002522146464921521704 -0.001420446461461992004 0.0008887518175217898634 -0.002525373877778549093 0.9999942235965381121 -0.002274919852287403225 0.007036148723604349932 0.001414700575326721015 0.002278497480003319631 0.999996403529290645 -0.009936784999978073157
0.9999943889351619042 0.002738822025183848628 -0.001928976958557029973 0.05259221887850468874 -0.002742190724718273059 0.9999947161124207451 -0.001745891539673961618 0.01491945492063266078 0.001924185079857225998 0.001751171366087250509 0.999996615449584958 -0.02843305032039490296
0.9999968417119502462 0.002087179710639223886 -0.001400088204427921059 0.06402774951811122939 -0.002090260634692384621 0.9999953894964811463 -0.00220267933665417321 0.004790974772426058806 0.001395484361695832143 0.002205598929217151595 0.9999965939725793396 0.0007680481281693912407
0.9999904498154317256 0.004004635817616947549 -0.001750191389170887256 0.05451747637667599122 -0.004007105409474819024 0.9999909777166879898 -0.001409819655034858909 0.03875775757590570192 0.001744529784161371125 0.001416819392380132877 0.9999974746161319761 0.0002186276022673652036
0.9999888654840013436 0.004329974892779054133 -0.001876226384988907226 0.0396982891177427924 -0.004333341300601766671 0.999989001961359758 -0.001793908998822282136 0.04137470231330629689 0.001868438169253804808 0.001802019353797177292 0.9999966308268524173 -0.009211028583399390873
0.9999833929602544025 0.005388796752481695394 -0.002043201717380834555 0.05746835846754293209 -0.005392210986295036673 0.9999840687703249742 -0.001669211258439932521 0.05776163145990297759 0.002034174126456327752 0.001680200912529882353 0.9999965195242015437 -0.0144236520082922301
0.9999695636592580428 0.007386615304792631259 -0.002511905542003180225 0.07496049887645871157 -0.007391094164474850368 0.9999711039703700344 -0.001778468816514309353 0.06801938302648777301 0.002498696092927035761 0.001796980416824641965 0.9999952636783919768 -0.007004585799832535077
0.9999537122893190633 0.008813174340256347411 -0.003860212022404474128 0.1020083940252401178 -0.008817689235137747897 0.9999604573723519518 -0.001154143937868846873 0.1048684568689012414 0.003849887707739642687 0.001188128665183467436 0.999991883324516162 -0.02669614113987282475
0.999909323467190192 0.01291028197496182396 -0.003830073460515882183 0.1071361557927562741 -0.01291534891855406625 0.9999157468168990981 -0.001301164830067900536 0.1568948152757414505 0.003812952359783244958 0.001350513580078747857 0.9999918187202193609 -0.03182072458585911284
0.99990344057924474 0.01357712700657926104 -0.002961611054117570946 0.177986898159571999 -0.0135797600943448199 0.9999074116408505075 -0.0008707821051555834175 0.1569728928033242155 0.002949514124172874976 0.0009109159905475892535 0.9999952352878934692 -0.01126633421954160649
0.9998627426257014061 0.01636498612686836107 -0.002585176604781206679 0.2191940415652438856 -0.01636668769832692188 0.9998658529770084735 -0.000638423327166643545 0.1689720229114301531 0.00257438202214361686 0.0006806464769925402213 0.9999964546325038617 -0.01552159226519752785
0.9998053152114053654 0.01946798346509505395 -0.00321392203159276196 0.2437233982497665208 -0.01947312579015435252 0.9998091377174797012 -0.001576549583958781293 0.2054993346799497134 0.003182616373865563598 0.001638827761737262061 0.9999935925777645451 0.01285930870883482749
0.9997571764745889489 0.02186158348784851199 -0.002767535900658505028 0.3320587409202592766 -0.02186584423224943036 0.9997597602536646422 -0.001518760529525556725 0.2564899545112265811 0.00273366851842148182 0.001578906247650484467 0.9999950170433313801 -0.0001621681429497913505
0.9996400529958003878 0.02655144072643993158 -0.003845184248358269902 0.3571807141978525224 -0.02655664637352145308 0.9996464528576419761 -0.001309130446546240886 0.2839211165419542326 0.003809065495000777714 0.001410774427288570901 0.999991750333756535 -0.01106097713556781353
0.9994858408371258829 0.0315869883677145219 -0.005506008714237490068 0.402281742889380789 -0.03159731187809552283 0.99949906282310641 -0.001798137316888175205 0.3068315642567696067 0.005446452807264127137 0.001971187862657868429 0.9999832251444162878 -0.02353303996371522086
0.999309913938758676 0.03666546646803826859 -0.00594470120291169541 0.4147195000192727132 -0.03668656612316441995 0.9993207621806956542 -0.003479962741802054751 0.3915468570647848701 0.005813068879810656849 0.003695651941783358214 0.9999762749120220118 -0.03390788548524036744
0.9990370988315552259 0.04348507436296812634 -0.005824385450544129414 0.498598140742114726 -0.04351055996574153262 0.999043614907137667 -0.004322809820751402111 0.5186456875582090564 0.00563083738861180471 0.004572069654533525256 0.9999736945787010001 -0.02339575148178978797
0.9986558917782656364 0.05168590223896420838 -0.003870055077291482525 0.5711784694816649521 -0.05170590510823837999 0.9986485005529511794 -0.005260391647036519527 0.5621339070121708081 0.003592936611587081892 0.005453425811964283595 0.9999786752493368125 -0.03156938190901483615
0.9983539880734495497 0.05716777697570307043 -0.004599975379820009716 0.6979329421411313294 -0.05719977206919064222 0.9983371231923551248 -0.007153637623277273559 0.5943669728212161996 0.004183368627232666656 0.007404980193680725346 0.9999638321935748753 0.002180523907258129484
0.9978178437850950822 0.06586271674211252591 -0.004653296402749739283 0.7575210281893353104 -0.06589178086253022482 0.9978062758341589289 -0.006396023821931932918 0.6835665475020589188 0.004221828848720506587 0.006688680685656605077 0.99996871836665846 -0.05773131346579134932
0.9972272659976184617 0.0742385573190542658 -0.005139704086855469145 0.84255372041016241 -0.07427017497055161954 0.9972185009015840373 -0.006261195528091218973 0.701801949973403949 0.004660585881473743898 0.006625561620182541037 0.9999671898979778373 -0.04079910816421208897
0.9964189579141695674 0.08441993874173500667 -0.004747025603686720607 0.9250363454335887026 -0.08445369243192671349 0.9963997253411155386 -0.007427056938194821767 0.8462704116586998726 0.004102943315946909648 0.007801364175025524324 0.9999611515319756228 0.01386810163812593304
0.9958192457799914798 0.09106261716623569036 -0.007185366309687713296 1.037621702495972631 -0.0911015668335123513 0.9958275400787055531 -0.005292914251439115314 0.954457558819793217 0.006673399032568204207 0.005925384006931557444 0.999960176991925298 -0.02124222119820280349
0.995103378861555421 0.09867401338602370398 -0.005718781392095894853 1.185675097777432851 -0.09870125157211950828 0.995106040713336859 -0.004693684472145050537 1.094715687982125152 0.005227649224359439892 0.005235152158408766868 0.9999726320582306149 -0.02971918347977369618
0.9944040983299002878 0.1054353971504231879 -0.0066231603053577906 1.407002720045414934 -0.105459800352025318 0.9944175850544555439 -0.003449209210188741801 1.21785890755426407 0.006222518333351273467 0.004128384938111419843 0.9999721179629929013 -0.04157173883303294515
0.9935183588647092945 0.1136078071593322886 -0.003812709171021929321 1.55305709346068932 -0.113619027924203822 0.9935202535290477144 -0.002867459003344855362 1.32598461162899417 0.003462238052736941411 0.003282069472884221236 0.9999886203990729916 -0.003780550744809837646
0.9926547805922764089 0.1209005161252165034 -0.004421738114811652083 1.733126546783237965 -0.1209176052674708346 0.9926551754707132469 -0.003825617281924254681 1.413451896364189775 0.003926742120361714078 0.004332183267581464665 0.9999829062961307358 -0.0313329064556832973
0.9918488091764812165 0.1274118789510610417 -0.001467255041357003317 1.887872986735760428 -0.1274170324193575621 0.9918402110091429913 -0.004230327975831800653 1.533873733928461824 0.0009162885138437907792 0.004382799048426777068 0.9999899756936868611 -0.0340049396968951298
0.9909953350290807705 0.1338955734001316678 0.0004705044631886742173 2.053385489247217421 -0.1338936991414843847 0.9909915459589997422 -0.002869349752362756936 1.712353669284409019 -0.0008504591757340909317 0.002780514636119430123 0.9999957727198394153 -0.02445718660576442355
0.9897945246748782733 0.1424998194303734311 -0.0007748457541417578566 2.270654977064289426 -0.1425007381566459896 0.9897938434683046793 -0.001298867603793476579 1.868895074771333098 0.0005818491580825357282 0.001396028134435105521 0.999998856277848458 -0.05785110076661760525
0.9890267072731449005 0.1477356155964713869 -0.0006001539573251156359 2.554358405912021901 -0.1477321109421989853 0.9890194089962444091 0.003978947760540246271 2.029249131363429104 0.001181396209010060266 -0.003846623591013019743 0.9999919038621994938 -0.0429704372200307369
0.9876920411906524588 0.1563938312738548664 0.002324071454887782859 2.782376789156905783 -0.1563993634448669345 0.987690918554615549 0.002426627037737541601 2.242241488840132746 -0.001915954770560176091 -0.002760243508256254256 0.9999943550706135165 -0.003342209104058165795
0.9862897244386310547 0.1650059469550828883 0.002370007642494965146 2.949095248070917386 -0.1650127762297116107 0.9862867069113359086 0.00305212236905501701 2.364991352878115904 -0.001833888691342341545 -0.003401358471101983971 0.9999925337785371404 -0.01627955359301597182
0.9851081697890258226 0.1719290254469470203 0.001517901109656620692 3.231323157323682693 -0.1719342882754184287 0.9850976447853145856 0.004607684196152384178 2.518350794848433161 -0.0007030861547279705723 -0.004800046592398773786 0.9999882325420483831 -0.05237374960305315325
0.9833213762172234862 0.1818610792007203381 0.002370431651620467321 3.457535260199210647 -0.1818706173782207725 0.9833109732951337278 0.004754821956872922264 2.703367905195008802 -0.00146615440200032073 -0.005106629938233244251 0.9999858862613728583 -0.07142748232586695889
0.9826057786773200187 0.1856591244546562658 0.004071021575490435009 3.690183776098002522 -0.1856759182156260402 0.9826019404145589498 0.004228485346753144136 2.898204831660370573 -0.003215136812298905172 -0.00491082480587682127 0.9999827731991207669 -0.09495518710276178165
0.981490256883600698 0.1914410557437123406 0.005215152758674687986 4.016954340510356936 -0.1914623256947576846 0.9814920692792044044 0.003936468160684232671 3.066435784015340893 -0.004365029452135872449 -0.004862110422273368399 0.9999786529722139994 -0.07312420833068791759
0.9803999616138372453 0.1969633101670147102 0.00462273897583983899 4.283967295900562355 -0.196982525915513268 0.9803982176225990441 0.004149622437650732874 3.246546978419994733 -0.003714801681184891693 -0.004978888478693721704 0.9999807052728498791 -0.06348749515072472926
0.9793706873990664086 0.2020263589312914221 0.004290333372261207444 4.570755804912601583 -0.2020482980466232203 0.9793600696844225739 0.005508099870717902101 3.471999434752588876 -0.003088999828916084035 -0.006261326112565707841 0.9999756266406542027 -0.05906641904943190496
0.978525285437621184 0.2061020921432687725 0.003192706279872641138 4.837349610814840162 -0.2061212240018192587 0.9784954670955969824 0.007788574282970681974 3.725826169817338052 -0.001518807168089505695 -0.008279401399681645887 0.9999645717410438062 -0.0565167948103896256
0.9777334413102002353 0.2098397015703748203 0.002148810966400679662 5.113913690992642813 -0.2098505491268721213 0.9776938812363870079 0.00879895585168479627 3.882832100742568571 -0.0002545090637351542381 -0.00905396254607332765 0.9999589796523409291 -0.08206875094499353762
0.9768876198923145404 0.2137335920769259656 0.002920568270552593906 5.419166952594654418 -0.2137515443984552566 0.9768464051644460966 0.009020974701983430766 4.04690345079796554 -0.0009248612890366450078 -0.009436754484081117528 0.9999550451377318128 -0.09428351149634882356
0.9765806691822048746 0.2151331448971232352 0.002815412280709216931 5.726950628345421457 -0.2151504769759647884 0.9765337527285055108 0.009596980722961674648 4.254147650011951498 -0.0006847164755110836691 -0.009977963151637209149 0.9999499844565691298 -0.08385351516408791339
0.976042516535642779 0.2175469721266488354 0.003784287686823782203 6.077050755706008722 -0.2175724711634229591 0.9760051973951812121 0.008722066809813539684 4.462702501128306132 -0.001796025225617328127 -0.009336464862057976266 0.9999548013371747368 -0.0990469266394338882
0.9759841448702182287 0.2178089786670308892 0.003767993361684491248 6.394520169812271781 -0.2178366857748765262 0.9759320708803891353 0.0101868227496503972 4.66692901620237155 -0.001458524105568874494 -0.0107629846761931134 0.9999410136944546501 -0.1057020168422412726
0.9751653531665442909 0.221477451788410884 0.0005218552301281184896 6.786834119465552817 -0.2214695382686900083 0.9751044187067359204 0.01107322164737991298 4.957857569521373797 0.001943605572726821423 -0.01091379713531822997 0.9999385538269173201 -0.1312455502888605074
0.9746112127697358352 0.2239028143898809109 -0.0007166950504476734315 7.138326454362236007 -0.2238603308994200625 0.9744794929822551133 0.01662137198456443976 5.182675288576610306 0.00441997659574823714 -0.01603893591662606741 0.9998615985933030359 -0.1119436967627796681
0.9741493433871801777 0.225877488873060861 -0.00352374782382867827 7.508451985621375613 -0.2257412707540513153 0.9739187118642935737 0.02287403241541157567 5.311158142582123709 0.008598572943911990743 -0.02148726834652235282 0.9997321450480287641 -0.1228602695495937813
0.9741334167104378494 0.2259087754930883263 -0.005414019141241576544 7.733946558488594469 -0.225695046109704367 0.9738424882220151346 0.02631642633589492686 5.562938509054847991 0.01121751352068441066 -0.02441379300247252873 0.9996390018910055186 -0.1524111408093845876
0.9738824717162402056 0.2269931180748936128 -0.005201502715944110629 8.147147291680656878 -0.2267783962805852982 0.9735763684117840766 0.02684425172225769762 5.82288445715655989 0.01115752052529550217 -0.02496355777447435004 0.9996260953571430852 -0.131860344752898373
0.9735108885476313478 0.2283891641772130277 -0.01072098715768862731 8.49471753283517117 -0.2279724517209407442 0.9731803696029347472 0.03079820572434049941 6.048805869542006164 0.01746743070816771104 -0.02753829889316847246 0.9994681240332409233 -0.1215441984714899781
0.9746439557816409804 0.2234531671015498877 -0.01174059498498511607 8.865670585605395004 -0.2230189886064160854 0.9743427519115015478 0.03031060076101286735 6.26470038308731958 0.0182123633635477393 -0.02692366820864266 0.9994715733380840073 -0.1567990657598386517
0.9743738400547906631 0.2242558227693973727 -0.01746269655299184653 9.185095204084039011 -0.2237276832698815165 0.9742521207392074167 0.02790571579171997885 6.506043410294964247 0.02327108840541868701 -0.0232837108120099931 0.9994580157541635979 -0.1940875610689114517
0.9739611565159692619 0.2259058803449274788 -0.01913632210376360956 9.676820717281712447 -0.2253880664016599533 0.9739242434011886607 0.02591886647103372812 6.815395809698971519 0.02449255237407090696 -0.02093087052670437181 0.9994808720216699083 -0.1989240487057814255
0.9745153924890438413 0.2229434549903737961 -0.0248186558636850664 10.12172652648075655 -0.2222697316086708619 0.9746042654252239368 0.02725238018171942042 7.00588010056938959 0.03026410766129192589 -0.02104142799133969927 0.999320440146978628 -0.2165861503996429349
0.9746279673753510675 0.2223953763717290144 -0.02531050727007612064 10.50843033940619975 -0.2216542984789868775 0.9746912331442072475 0.02909247321237501405 7.304418719904883339 0.03113996107222650328 -0.02274415529980289286 0.9992562265125589649 -0.1968434046647636604
0.975383710532799264 0.2187185442593845841 -0.02808586164468066318 10.93403850503227659 -0.2178370504732621282 0.9754808835981649828 0.03136981312747514489 7.485149684425437933 0.03425838099469919601 -0.02447946346631986805 0.9991131663630617998 -0.1984055790475834358
0.9753193667732998895 0.2192288134859070592 -0.02628421835418996363 11.31861698015285889 -0.2184673624356662514 0.9754123468270872177 0.02903041866176488822 7.827279613136138181 0.03200225534759387758 -0.02257168568883331089 0.9992328931024198058 -0.2254129577268567663
0.9775313410168565698 0.2093818922945052952 -0.02432489483961380525 11.63067415667125104 -0.2087260757200158079 0.9776023071229147376 0.02696580097969445561 8.133171158641873788 0.02942622375209419036 -0.02128267575109973192 0.999340354968498823 -0.1697647408818807879
0.9787472044901722734 0.2033736559749574901 -0.02632614210347692524 11.9847577472652933 -0.2027352098346201503 0.9789138244672642708 0.02502316846817292939 8.380608855498770993 0.03086007770543287843 -0.01915412024222645088 0.9993401699530350957 -0.1925372339497962715
0.9802495818552999785 0.1954705726912427388 -0.03003352267495722899 12.40635847512255552 -0.1948619324272982956 0.9805831157117018693 0.02203589053862452588 8.645215844679531969 0.03375773338375407523 -0.01574828222025461896 0.9993059626780491644 -0.1948047517821928365
0.9813749688867227094 0.1890044233286601039 -0.03435838187087262435 12.86130802189824074 -0.188372926417490566 0.9818772724603468394 0.0208005389050541778 8.915483573146991247 0.03766710813819855452 -0.013940939280788699 0.9991930940396228644 -0.1971072812393630524
0.9822381941003335282 0.1838150443301854453 -0.03768500402557544565 13.26435831373761332 -0.1831296516579221934 0.9828660157210032944 0.02092667733704099697 9.24767321748318416 0.04088594788143898318 -0.01365374009612450867 0.9990705253620605353 -0.214472559200118873
0.9833807728039253293 0.1778182632770868576 -0.03664588550813394768 13.66351423436261925 -0.1771465116837652454 0.9839635284558779782 0.02085397005206402962 9.563653816337803093 0.03976643154506400574 -0.01401570240050007896 0.9991107000770196311 -0.193821965565504517
0.9839457901910264592 0.1749937475134982212 -0.03504098024511582976 14.17957035810883859 -0.1743814640618263356 0.9844780568497520923 0.01985095899422039886 9.865296385440254667 0.03797086984795759734 -0.01342177009631300919 0.9991887054658249445 -0.1747886659416514887
0.9846264295132383104 0.1722576833316335487 -0.02894969494192868587 14.64039464144664571 -0.1716747414463359878 0.9849177343788029226 0.0215601404322799152 10.23808807348985717 0.03222696779633110742 -0.01625875269953388699 0.9993483254137716099 -0.1933572472446161705
0.9855828098620129651 0.1677624129104933748 -0.0219612777166608257 15.05171703685494755 -0.167099300556593694 0.985507949012162987 0.02918743200997928749 10.55969349956782111 0.02653956778088801746 -0.02509691710726872499 0.9993326753857868505 -0.1923391882617820625
0.986253608470437193 0.1637898809215259655 -0.02183333888240437254 15.4762400636451094 -0.1631449542536165254 0.9861866181790852615 0.028630019666155377 10.83040615787311189 0.02622105414789683425 -0.02467446113315175521 0.9993516034345277799 -0.1884598191295365488
0.9862653596121241373 0.1622161070591875698 -0.03108978995955986174 15.96231603698279677 -0.1614595285075842157 0.9865501661321118831 0.02548706257713795678 11.20416272534188984 0.03480604952125347651 -0.02011726410982730279 0.9991915905378004892 -0.1757513471369750724
0.9865043444654406635 0.1597294341156610398 -0.03599564179038573786 16.40820629482167803 -0.1590811728104804257 0.9870583280933935555 0.0202246730187815478 11.53948249121014769 0.03876027358073109302 -0.01422549888634046765 0.9991472746164008489 -0.1635424149932928894
0.9866670609656829072 0.1569742006010322044 -0.04297919439691984256 16.87567927328793971 -0.1565459971359049185 0.9875827946692871118 0.01317476580156022765 11.88380523605863281 0.04451361124495039484 -0.006270886609372907858 0.9989890962343211944 -0.1791507970514199521
0.986678149053171194 0.1562333063930935462 -0.04535839673632635627 17.32291387342635147 -0.1558024448928175543 0.987703923806342754 0.01290569885651042005 12.22361624225809607 0.046816966437700544 -0.005666821952041300667 0.9988874104635292461 -0.2048339650542560231
0.9872802347900936359 0.1542236277601170269 -0.03863690765740223493 17.84293091101781314 -0.153547951253936138 0.9879407566776046146 0.01990195872272411057 12.64876243361210584 0.04124032806048730238 -0.01371619246697219907 0.9990551042888837774 -0.2091895739786359398
0.9878850453447034496 0.1517521658451392308 -0.03247179307649209618 18.31988839870558294 -0.1510014011452593674 0.9882309608570164494 0.02445700013874146581 12.99184026149382731 0.03580103401386089401 -0.01925741843880677401 0.999173377246717398 -0.1584992508374407361
0.9880375987166392093 0.1511409471267874671 -0.03062870587986017343 18.80804602053375874 -0.1503348914344439791 0.9882632092262231271 0.02711548832826508187 13.37021693754943996 0.03436748375501604003 -0.02218655880266179325 0.9991629660214818021 -0.1405028031323787008
0.9886148970235191236 0.14647826234373168 -0.03441952997845328099 19.29198541245057896 -0.145675678179763235 0.9890219077111054302 0.02478432678834870118 13.70085715118816161 0.0376720343231259705 -0.01948806630342071397 0.9991001116513352764 -0.1466835893326970119
0.9888902880383619864 0.1440535411537775257 -0.03666845380517842756 19.81530656041274696 -0.1432917228748875338 0.9894216731872805815 0.02263260441991932909 14.04079940086428024 0.03954086972933215649 -0.01712687678297009422 0.9990711634877211811 -0.1700752275495460708
0.9890790095849866237 0.1437640298261555483 -0.03247485991542047035 20.28239624413698294 -0.1432471559706308684 0.9895281115501569635 0.01773044721110749247 14.43725362171339199 0.03468378734665065327 -0.01288488184363244075 0.9993152729320051719 -0.1553531604121968501
0.9900832328708762953 0.1374736197170662033 -0.02891705154129055669 20.71806890757867947 -0.1369577098590901432 0.9903921103325193931 0.01913252469623285407 14.83396437807262203 0.03126943712489028276 -0.01498237874925567766 0.9993986945303192648 -0.1580082191458837826
0.9908517357716540852 0.132179789321238278 -0.02722757817532143326 21.24460566490156666 -0.1316530364971477685 0.9910876800528828356 0.02031473427035807369 15.24375861086201134 0.02967011458321069592 -0.0165442963702796611 0.9994228187099949423 -0.1483311109704877617
0.9915271441914499384 0.1270822759036907001 -0.02690757296163790238 21.77743108719179332 -0.1265082232445524923 0.9917201262648848159 0.02206491814323016665 15.6971556060020081 0.02948884167026746481 -0.01847393602617514868 0.9993943775630552695 -0.1549607322060361225
0.9920213324096238683 0.1235610064938105351 -0.02502705972484384894 22.29787724630640966 -0.1230074788216940912 0.9921490323933259692 0.02257116910834218795 16.10283498844776773 0.0276194894624225834 -0.01931256573382753722 0.9994319329532210805 -0.1523539795810353037
0.9931872113966758731 0.1142245586431420573 -0.0230632461044448199 22.84449724235880907 -0.1137117007594597301 0.9932601799983981072 0.02244691381773929184 16.47301277849026135 0.02547179280078012281 -0.01967142679953159945 0.9994819771957795806 -0.1596769079569033412
0.9935716736051446452 0.1108801601672947251 -0.02282366076568387303 23.36855019823359925 -0.1104021585676534523 0.9936600579278858092 0.02123800043208451047 16.90102180049755276 0.02503383296809846489 -0.01858169421838562485 0.9995138957747909947 -0.1511076355335240484
0.9942231607918828873 0.1047506621688781558 -0.0234009683598655864 23.87375941020849623 -0.1043161413778745661 0.9943611689886556748 0.01907900038118871822 17.33756960660855029 0.02526755217723228308 -0.0165276853399280825 0.9995440892848475034 -0.1325255569013402412
0.9951633695945286684 0.09557257764925686239 -0.02271013471427220723 24.38205173899200062 -0.09517741889476655226 0.9952995718378406798 0.01788913726095114204 17.83549212602655487 0.02431309831744526972 -0.01564112211089032159 0.9995820269239130695 -0.1508519827902914945
0.9959389427374238934 0.08717988309262950097 -0.02247866372846768837 24.8893374652028001 -0.08681907494262271208 0.9960864800630524485 0.01655815393410266581 18.31904468627964633 0.02383423095401523972 -0.01453933353196185108 0.9996101926327467524 -0.1756764955664275041
0.9966448439544104421 0.07869348154075146706 -0.02250313271711892188 25.45375881857725275 -0.07829663677214671047 0.9967675061331527919 0.01800487120935849103 18.81366915260272776 0.02384725747878327015 -0.01618254244828264826 0.999584630549434805 -0.1699204426864545092
0.9972825598853974904 0.07088713308244161404 -0.02006265465437772136 25.9973984886513847 -0.07048116638292800662 0.9973072009393606496 0.02026702098976769506 19.24737255832737048 0.02144530097085678433 -0.01879790727314818027 0.9995932861661384061 -0.1457178422642990967
0.9977853690938570663 0.06429806581749231142 -0.01703279056304821126 26.52903122821599524 -0.06395746966034886183 0.9977554068615147598 0.01983910666483565052 19.71061067175237724 0.01827017506431701313 -0.0187057961803981862 0.9996580884944494816 -0.15673273053510689
0.9979815260976764302 0.06105977088878389303 -0.01745216166444671022 27.02852056999647345 -0.06071634966773931108 0.9979631221142477582 0.01957375239977902567 20.1863829420998222 0.0186117825792581279 -0.01847461174131305797 0.9996560859966941992 -0.1629431537978840439
0.9983361076651324773 0.05462376818623985997 -0.01847322606284280272 27.53455160588680073 -0.05436461920285433347 0.9984194433738318164 0.01425143052526483926 20.65610294276352832 0.01922249492031683632 -0.01322342777889827167 0.9997277812718893264 -0.1539522984790712978
0.9984048081347476344 0.05403518070265366652 -0.01637187649139506748 28.05767738811762513 -0.05386331765988937315 0.9984903117711302345 0.01076291363252257147 21.12091170440775301 0.01692873604519189515 -0.009863901136105093781 0.9998080422512560794 -0.1636533623969292361
0.9984466373360472158 0.05411839764403542086 -0.01324807264404335647 28.58359380474718492 -0.05389982434354043117 0.9984127385653308595 0.01633439335303519049 21.57476500169463307 0.01411103568400544697 -0.01559495132785784256 0.9997788136207960141 -0.2159701959050096542
0.9984602634195102189 0.05532069417072815742 -0.004089397108513657085 29.13766772607933575 -0.05519502843850083301 0.9981310376568325315 0.02622861989827014739 22.09059111677714426 0.005532739639224037477 -0.02596252034305629106 0.9996476060740209224 -0.186133973205694081
0.9985804691807407263 0.05326379865743407355 -0.0001196802077359766472 29.63432467211646326 -0.05322637377245425377 0.9979581624190336786 0.03530522902150012854 22.65368002922481594 0.001999926450345916769 -0.03524874201735297974 0.9993765689070297498 -0.2207602265588475277
0.9987387241501743951 0.05000919421889433308 -0.004476759593579195638 30.1704094230317601 -0.04983672944801675192 0.9982218576262552601 0.03270203900544070563 23.1901916862577977 0.006104201897625770659 -0.03243768565673406379 0.9994551191866636319 -0.2114353989812501888
0.9986156701910776645 0.05148100706792573672 -0.01079116120243904693 30.75069140324912809 -0.05122566014668265832 0.9984282717835346599 0.022735827363017512 23.65079361556169246 0.01194466371905938094 -0.02215156912312417001 0.9996832663369044081 -0.2344033603555871481
0.9983667068670132316 0.05325203069988367066 -0.02069154044178477328 31.2679709134290249 -0.05280491751163549075 0.9983715251186158213 0.02158560906990139236 24.12754763845047279 0.02180732230478422615 -0.02045773835661910539 0.9995528608509043345 -0.2066041255175227742
0.9984182395817231548 0.05376763616370584115 -0.01643350759576999581 31.86784305252672667 -0.05329468204951985644 0.998186832333637919 0.02797721610486536559 24.66034089962535703 0.0179079796675522436 -0.02705714428954215586 0.9994734689861064503 -0.2600081014040434568
0.9984392097642951214 0.05254736963887945284 -0.01891873011818896722 32.44209541757199844 -0.05156302365217678429 0.9974561579190172056 0.0492185698824910145 25.21673413492319327 0.02145691024110782733 -0.04816624309064974213 0.9986088393507427385 -0.2962940977819495392
0.9987694241735938228 0.04878128396677656325 -0.008945595033335904112 32.96075862964796244 -0.04814750857233587866 0.9969767556396814667 0.06098496644626138358 25.75433665805173433 0.01189347527952110302 -0.06047921170722623391 0.9980985974326623822 -0.2867022383547003783
0.9988380473739026932 0.04818647285127717478 0.0007867353065096010069 33.51931368730647165 -0.04816280233241864578 0.9975045272755010961 0.05162424368809181985 26.24681442923341379 0.001702818186933136762 -0.05160215013962350661 0.998666269837521825 -0.3134923505806433974
0.9988518244246662459 0.04790628291242400583 -0.0001445718869383383343 34.05551624288707302 -0.04786282863594661097 0.9980655375671489971 0.03967785724763612382 26.71937103204883357 0.002045110872718256326 -0.03962538048161270282 0.9992125133039546636 -0.3166019626815583798
0.9987087756409792627 0.04688807912233183134 -0.01955222478169867106 34.62082750034675627 -0.04614302025765189968 0.9982509023361147982 0.03695886452036266367 27.18896294184690632 0.02125095619491151888 -0.03600894363002816317 0.9991254940393881068 -0.3854797827262551047
0.9986538188931579629 0.04657417956528674824 -0.02283409310509290288 35.1246989046210345 -0.04583208583126033991 0.998436116420219677 0.03201158128030408279 27.68187911865502926 0.02428929637654434273 -0.03092195377931277606 0.9992266323792627913 -0.3914041785651865557
0.9987996473257269026 0.04513572316932557005 -0.01902711212942097968 35.70992804781459995 -0.04445712298409285751 0.9984086582752098593 0.0346946004022579968 28.25368261628591071 0.02056279937121389609 -0.03380706398191249407 0.9992168201681465023 -0.3961671762985924938
0.9989471479897669148 0.0450836191074740697 -0.008488981757721300245 36.27160019470498753 -0.04471054567066308494 0.9982012501656863934 0.03994034643680775126 28.78508144390283618 0.01027436756896872236 -0.03951874815619632608 0.9991660051839358347 -0.4272145493042028841
0.9989662299134584034 0.04525946159168480615 -0.004248838538031118363 36.84301712596993639 -0.04502004799669383217 0.9979506597232746801 0.04547170588680720521 29.34018687968246653 0.006298156148178156444 -0.04523341568256503825 0.9989565913165704414 -0.3940171532342225391
0.9990206335514054681 0.04394428504449982009 -0.005164644273918861037 37.44736824117683227 -0.04364409355616521297 0.9978770920049915283 0.04833738045573457431 29.87797156669374132 0.00727783183434956623 -0.04806463422922806206 0.9988177131490016958 -0.4456369353046726323
0.9990384224017659909 0.04362971648099718547 -0.004321852007927593636 37.98686488459301813 -0.04339383321207309491 0.9980598762848433836 0.0446481644577442216 30.42657346046271627 0.006261453837041954136 -0.04441769005780010771 0.9989934249061781513 -0.4527685074698545864
0.9991067482455721072 0.04166201582209318188 -0.007069798285575982534 38.52693025859947085 -0.04133850981516016404 0.9983041133414919388 0.04098810671060046373 30.87606521806062787 0.008765455859279777662 -0.04065923908655105778 0.9991346220907779685 -0.4690586840654479284
0.9990986867713916864 0.0417493539178500489 -0.007668476975424955676 39.05062959583498383 -0.04139398582017537326 0.9982689004025766533 0.04178205867294707693 31.32337596020665416 0.009399576032973195119 -0.04142697112356357597 0.9990973196010125568 -0.5198452190721816191
0.9991399876671174241 0.04106885730864944656 -0.005712617956270590186 39.55984880580912488 -0.04080725489957157809 0.9983601166359320489 0.04014779518541057579 31.84212734529540967 0.007352074000845315246 -0.03988015132932767881 0.9991774219515952016 -0.5266173557319803189
0.9991578455047315233 0.04102482611282616543 -0.000750605592527181292 40.09239081987234243 -0.04095845202209218855 0.9983000026990630493 0.04146697262888385249 32.42369785827435891 0.002450504906571084746 -0.04140130738833022045 0.9991395932362203691 -0.5064009791180228426
0.9991616360174766509 0.04090361993065463886 -0.001708504447782755115 40.66482962662391998 -0.04079552936334235325 0.998279968367921211 0.04210498235728103722 32.94861455323504629 0.003427811961618178541 -0.04199998371322099383 0.9991117312259150118 -0.5531055125312860365
0.999168075006479639 0.04060575509400366628 -0.003785570114480275774 41.2684198392848387 -0.04041079343726357992 0.9982957603284468018 0.04210157579021341079 33.48687533785270176 0.005488684871320792177 -0.04191357254510839903 0.9991061639159720675 -0.5736882641642275793
0.999205957762298258 0.03939252552174438149 -0.005973516999796936108 41.78816014594674044 -0.03911014009602629266 0.9983648813945990019 0.04168885390146188918 33.99632814974791728 0.00760597883229647935 -0.04142212610389470195 0.9991127847020253583 -0.5898519234179501192
0.99915481157465591 0.04039278928252299644 -0.00762135691275082211 42.32758209460180865 -0.04005556622788416371 0.9983901793893186216 0.04015720748667434004 34.55601833127722244 0.009231149515495090316 -0.03981798931314743661 0.9991643076119566258 -0.6089651523015534584
0.9992781922417960372 0.03734956327496054274 -0.006935750365877334581 42.83237484331208833 -0.03702606528602759434 0.9984296620300185943 0.04203903505145600156 35.05571765711797383 0.008494998493400166342 -0.04175188740395388565 0.9990918951221677835 -0.6509965409006708281
0.9993763041578737072 0.03519134707730748463 0.002927760002714568759 43.41601396638105825 -0.03527799090149949524 0.9986372761289060707 0.03845847219784695459 35.49757466370385117 -0.00157036483109257918 -0.03853777129938016494 0.9992559102339969579 -0.6490760876869791085
0.9994246327828831822 0.03252957181651505714 0.009603663063288645288 43.95822580345044628 -0.0328736682318779283 0.9987307903431520417 0.03815927616613323109 36.07745266591820155 -0.008350169086875129654 -0.03845302820295162793 0.99922551973928464 -0.6725502218255401399
0.9994650665488601371 0.03109647418204134622 0.01012867424336611963 44.48192637568497076 -0.0314700150641861881 0.9987401963478749201 0.03908527025451255521 36.59061359983412132 -0.00890050000519559785 -0.03938311176702553179 0.999184543318802243 -0.7000959427678469238
